2 0.6875 0.09490740740740741 0.052083333333333336 0.10833333333333334
1 0.7861979166666667 0.5148148148148148 0.10572916666666667 0.14074074074074075
1 0.84296875 0.8560185185185185 0.1703125 0.22314814814814815
1 0.5557291666666667 0.5162037037037037 0.11354166666666667 0.16944444444444445
1 0.35520833333333335 0.4351851851851852 0.07916666666666666 0.1
1 0.5708333333333333 0.899074074074074 0.17083333333333334 0.2
1 0.2046875 0.4634259259259259 0.08645833333333333 0.1175925925925926
1 0.971875 0.7263888888888889 0.05520833333333333 0.18425925925925926
1 0.7252604166666666 0.6976851851851852 0.14114583333333333 0.21944444444444444
1 0.5466145833333333 0.30787037037037035 0.06510416666666667 0.08796296296296297
1 0.87421875 0.6092592592592593 0.1234375 0.17222222222222222
1 0.48880208333333336 0.399537037037037 0.0734375 0.10277777777777777
1 0.6833333333333333 0.412962962962963 0.08645833333333333 0.13703703703703704
1 0.33697916666666666 0.3699074074074074 0.06770833333333333 0.09166666666666666
1 0.11380208333333333 0.4027777777777778 0.07864583333333333 0.12777777777777777
1 0.6520833333333333 0.28935185185185186 0.06041666666666667 0.09537037037037037
1 0.17916666666666667 0.32407407407407407 0.065625 0.08333333333333333
1 0.43776041666666665 0.33287037037037037 0.0640625 0.09166666666666666
1 0.3106770833333333 0.33935185185185185 0.0578125 0.08796296296296297
1 0.4861979166666667 0.25277777777777777 0.05260416666666667 0.08333333333333333
1 0.5901041666666667 0.35138888888888886 0.06666666666666667 0.09907407407407408
1 0.41119791666666666 0.1884259259259259 0.04010416666666667 0.05092592592592592
1 0.5403645833333334 0.2152777777777778 0.0484375 0.075
1 0.51953125 0.2916666666666667 0.0484375 0.07777777777777778
1 0.4471354166666667 0.2263888888888889 0.0421875 0.062037037037037036
1 0.296875 0.8578703703703704 0.16145833333333334 0.21203703703703702
1 0.5770833333333333 0.16296296296296298 0.034375 0.040740740740740744
1 0.8755208333333333 0.22314814814814815 0.05 0.05740740740740741
1 0.9338541666666667 0.3337962962962963 0.07708333333333334 0.06018518518518518
1 0.171875 0.2222222222222222 0.03958333333333333 0.05740740740740741
1 0.8697916666666666 0.16944444444444445 0.03958333333333333 0.05
1 0.2640625 0.23055555555555557 0.0375 0.06296296296296296
1 0.8432291666666667 0.16064814814814815 0.03229166666666667 0.04722222222222222
1 0.3497395833333333 0.22175925925925927 0.0359375 0.058333333333333334
1 0.8338541666666667 0.2791666666666667 0.07604166666666666 0.0787037037037037
1 0.6359375 0.1648148148148148 0.034375 0.053703703703703705
1 0.9182291666666667 0.24212962962962964 0.053125 0.0787037037037037
1 0.38229166666666664 0.1699074074074074 0.036458333333333336 0.049074074074074076
1 0.74296875 0.1763888888888889 0.034895833333333334 0.05648148148148148
1 0.4158854166666667 0.31296296296296294 0.04739583333333333 0.07777777777777778
1 0.39817708333333335 0.2791666666666667 0.05260416666666667 0.08981481481481482
1 0.47291666666666665 0.16342592592592592 0.03958333333333333 0.06018518518518518
1 0.1765625 0.2796296296296296 0.06041666666666667 0.06666666666666667
1 0.4856770833333333 0.17824074074074073 0.0359375 0.06018518518518518
1 0.7872395833333333 0.1550925925925926 0.0359375 0.030555555555555555
1 0.3802083333333333 0.1037037037037037 0.026041666666666668 0.03518518518518519
1 0.18203125 0.14722222222222223 0.03802083333333333 0.04814814814814815
1 0.47890625 0.09490740740740741 0.025520833333333333 0.03611111111111111
1 0.6484375 0.13518518518518519 0.03125 0.037037037037037035
1 0.6505208333333333 0.1935185185185185 0.036458333333333336 0.037037037037037035
1 0.4546875 0.1 0.026041666666666668 0.025925925925925925
1 0.7778645833333333 0.2490740740740741 0.05260416666666667 0.05185185185185185
1 0.34765625 0.08194444444444444 0.0296875 0.03611111111111111
1 0.33697916666666666 0.11898148148148148 0.023958333333333335 0.03981481481481482
1 0.81328125 0.22777777777777777 0.0453125 0.04259259259259259
1 0.97890625 0.31157407407407406 0.04114583333333333 0.09722222222222222
1 0.5247395833333334 0.11574074074074074 0.021354166666666667 0.03518518518518519
1 0.30625 0.15092592592592594 0.034375 0.053703703703703705
1 0.7130208333333333 0.23425925925925925 0.04895833333333333 0.05555555555555555
1 0.7489583333333333 0.12638888888888888 0.035416666666666666 0.05277777777777778
1 0.3723958333333333 0.09166666666666666 0.023958333333333335 0.025925925925925925
1 0.33098958333333334 0.18935185185185185 0.0359375 0.04351851851851852
1 0.3567708333333333 0.13564814814814816 0.029166666666666667 0.04351851851851852
1 0.51015625 0.19768518518518519 0.04114583333333333 0.06759259259259259
1 0.6953125 0.17962962962962964 0.0375 0.053703703703703705
1 0.28411458333333334 0.11990740740740741 0.024479166666666666 0.03981481481481482
1 0.17890625 0.20046296296296295 0.0390625 0.05277777777777778
1 0.3455729166666667 0.20462962962962963 0.0390625 0.05925925925925926
1 0.67734375 0.20601851851851852 0.0390625 0.04351851851851852
1 0.6955729166666667 0.1486111111111111 0.034895833333333334 0.041666666666666664
1 0.28489583333333335 0.25324074074074077 0.04895833333333333 0.0712962962962963
1 0.5809895833333333 0.13657407407407407 0.033854166666666664 0.05648148148148148
1 0.55859375 0.1037037037037037 0.027604166666666666 0.044444444444444446
1 0.315625 0.10185185185185185 0.022916666666666665 0.03333333333333333
1 0.7583333333333333 0.17916666666666667 0.028125 0.03981481481481482
1 0.1609375 0.11944444444444445 0.03958333333333333 0.05555555555555555
1 0.7239583333333334 0.11388888888888889 0.028125 0.044444444444444446
1 0.6643229166666667 0.1675925925925926 0.0328125 0.03333333333333333
1 0.5861979166666667 0.10601851851851851 0.028645833333333332 0.03425925925925926
1 0.9419270833333333 0.2791666666666667 0.0578125 0.05277777777777778
1 0.19348958333333333 0.10416666666666667 0.021354166666666667 0.030555555555555555
1 0.4934895833333333 0.11574074074074074 0.028645833333333332 0.03148148148148148
1 0.23411458333333332 0.13796296296296295 0.034895833333333334 0.04814814814814815
1 0.3763020833333333 0.14907407407407408 0.03697916666666667 0.05740740740740741
1 0.22942708333333334 0.1175925925925926 0.033854166666666664 0.03333333333333333
1 0.17109375 0.17685185185185184 0.04010416666666667 0.06481481481481481
1 0.59921875 0.09259259259259259 0.021354166666666667 0.044444444444444446
1 0.25364583333333335 0.20185185185185187 0.04375 0.04814814814814815
1 0.2520833333333333 0.1726851851851852 0.05 0.04722222222222222
1 0.653125 0.1087962962962963 0.022916666666666665 0.03611111111111111
1 0.5979166666666667 0.26064814814814813 0.053125 0.075
1 0.3768229166666667 0.23425925925925925 0.0453125 0.07962962962962963
1 0.7559895833333333 0.21944444444444444 0.033854166666666664 0.06666666666666667
1 0.803125 0.19444444444444445 0.034375 0.053703703703703705
1 0.2921875 0.28564814814814815 0.05416666666666667 0.0787037037037037