3 0.8356770833333333 0.2324074074074074 0.0609375 0.09074074074074075
2 0.8841145833333334 0.12314814814814815 0.07135416666666666 0.15185185185185185
2 0.8322916666666667 0.15925925925925927 0.07708333333333334 0.16111111111111112
1 0.7997395833333333 0.5504629629629629 0.1140625 0.14351851851851852
1 0.4901041666666667 0.7217592592592592 0.13125 0.1787037037037037
1 0.41171875 0.5685185185185185 0.10260416666666666 0.14444444444444443
1 0.61640625 0.937962962962963 0.18489583333333334 0.12222222222222222
1 0.58046875 0.525 0.0984375 0.13333333333333333
1 0.5763020833333333 0.34814814814814815 0.07447916666666667 0.09074074074074075
1 0.7203125 0.2 0.04375 0.05740740740740741
1 0.9033854166666667 0.45787037037037037 0.09739583333333333 0.1398148148148148
1 0.021614583333333333 0.4837962962962963 0.043229166666666666 0.11388888888888889
1 0.6484375 0.4074074074074074 0.08125 0.11296296296296296
1 0.9403645833333333 0.18888888888888888 0.04635416666666667 0.05740740740740741
1 0.1875 0.4041666666666667 0.071875 0.10462962962962963
1 0.6916666666666667 0.6240740740740741 0.11770833333333333 0.19444444444444445
1 0.9403645833333333 0.28379629629629627 0.07135416666666666 0.10277777777777777
1 0.265625 0.9259259259259259 0.17395833333333333 0.14629629629629629
1 0.48359375 0.2569444444444444 0.044270833333333336 0.0712962962962963
1 0.42916666666666664 0.13842592592592592 0.027083333333333334 0.04351851851851852
1 0.6479166666666667 0.1685185185185185 0.03854166666666667 0.05185185185185185
1 0.43255208333333334 0.325 0.05260416666666667 0.08148148148148149
1 0.7408854166666666 0.1699074074074074 0.0390625 0.05462962962962963
1 0.3453125 0.2074074074074074 0.046875 0.06296296296296296
1 0.4578125 0.15555555555555556 0.042708333333333334 0.06851851851851852
1 0.5333333333333333 0.45601851851851855 0.084375 0.11944444444444445
1 0.46822916666666664 0.3592592592592593 0.07083333333333333 0.11851851851851852
1 0.32760416666666664 0.37546296296296294 0.08645833333333333 0.1398148148148148
1 0.4075520833333333 0.19953703703703704 0.0359375 0.05277777777777778
1 0.6880208333333333 0.12777777777777777 0.03125 0.044444444444444446
1 0.5026041666666666 0.18425925925925926 0.040625 0.06111111111111111
1 0.1765625 0.18888888888888888 0.03958333333333333 0.05925925925925926
1 0.39088541666666665 0.16712962962962963 0.0359375 0.05462962962962963
1 0.728125 0.10277777777777777 0.03333333333333333 0.02962962962962963
1 0.7041666666666667 0.15925925925925927 0.03854166666666667 0.05185185185185185
1 0.4630208333333333 0.2351851851851852 0.04375 0.07592592592592592
1 0.40625 0.11527777777777778 0.027083333333333334 0.03981481481481482
1 0.5463541666666667 0.2898148148148148 0.0625 0.09814814814814815
1 0.30859375 0.16342592592592592 0.033854166666666664 0.041666666666666664
1 0.6466145833333333 0.12962962962962962 0.03177083333333333 0.04259259259259259
1 0.38307291666666665 0.2550925925925926 0.043229166666666666 0.08425925925925926
1 0.40546875 0.28379629629629627 0.0578125 0.09166666666666666
1 0.30390625 0.13518518518518519 0.0359375 0.05185185185185185
1 0.43854166666666666 0.21064814814814814 0.040625 0.06018518518518518
1 0.5799479166666667 0.1300925925925926 0.03697916666666667 0.06018518518518518
1 0.17526041666666667 0.1259259259259259 0.03802083333333333 0.03888888888888889
1 0.25416666666666665 0.07175925925925926 0.030208333333333334 0.026851851851851852
1 0.15520833333333334 0.10185185185185185 0.027083333333333334 0.044444444444444446
1 0.353125 0.13287037037037036 0.022916666666666665 0.041666666666666664
1 0.3541666666666667 0.08425925925925926 0.025 0.02962962962962963
1 0.6265625 0.09166666666666666 0.01875 0.027777777777777776
1 0.5197916666666667 0.2773148148148148 0.04479166666666667 0.0824074074074074
1 0.240625 0.15092592592592594 0.03958333333333333 0.040740740740740744
1 0.2760416666666667 0.11481481481481481 0.030208333333333334 0.044444444444444446
1 0.27239583333333334 0.2865740740740741 0.027083333333333334 0.06574074074074074
1 0.6122395833333333 0.14722222222222223 0.03697916666666667 0.053703703703703705
1 0.534375 0.20833333333333334 0.04479166666666667 0.06296296296296296
1 0.28463541666666664 0.12268518518518519 0.0203125 0.041666666666666664
1 0.8455729166666667 0.4027777777777778 0.09322916666666667 0.1425925925925926
1 0.49375 0.08101851851851852 0.01875 0.032407407407407406
1 0.23359375 0.11944444444444445 0.0328125 0.05555555555555555
1 0.9833333333333333 0.9476851851851852 0.03229166666666667 0.10277777777777777
1 0.17708333333333334 0.3384259259259259 0.06458333333333334 0.11018518518518519
1 0.5119791666666667 0.07916666666666666 0.020833333333333332 0.028703703703703703
1 0.6403645833333333 0.09583333333333334 0.024479166666666666 0.026851851851851852
1 0.5572916666666666 0.12638888888888888 0.01875 0.05092592592592592
1 0.5247395833333334 0.10324074074074074 0.021354166666666667 0.026851851851851852
1 0.5015625 0.11944444444444445 0.034375 0.03888888888888889
1 0.5942708333333333 0.07546296296296297 0.021875 0.030555555555555555
1 0.28359375 0.24074074074074073 0.0515625 0.06666666666666667
1 0.17265625 0.2916666666666667 0.0609375 0.05925925925925926
1 0.5697916666666667 0.07037037037037037 0.028125 0.03333333333333333
1 0.7322916666666667 0.13425925925925927 0.034375 0.037037037037037035
1 0.5627604166666667 0.08564814814814815 0.022395833333333334 0.030555555555555555
1 0.27786458333333336 0.17314814814814813 0.025520833333333333 0.044444444444444446
1 0.17135416666666667 0.07962962962962963 0.023958333333333335 0.022222222222222223
1 0.3033854166666667 0.08703703703703704 0.0265625 0.037037037037037035
1 0.40078125 0.06435185185185185 0.019270833333333334 0.025
1 0.27005208333333336 0.2361111111111111 0.04635416666666667 0.08518518518518518
1 0.16640625 0.26296296296296295 0.058854166666666666 0.06481481481481481
1 0.32369791666666664 0.3050925925925926 0.0671875 0.0787037037037037
1 0.475 0.0837962962962963 0.020833333333333332 0.021296296296296296
1 0.4666666666666667 0.06712962962962964 0.020833333333333332 0.030555555555555555
1 0.5268229166666667 0.13240740740740742 0.028645833333333332 0.03518518518518519
1 0.62421875 0.12222222222222222 0.0265625 0.03333333333333333
1 0.5927083333333333 0.09814814814814815 0.023958333333333335 0.03518518518518519
1 0.44609375 0.07824074074074074 0.0203125 0.03611111111111111
1 0.425 0.0824074074074074 0.023958333333333335 0.025925925925925925
1 0.24791666666666667 0.1865740740740741 0.04479166666666667 0.075
1 0.30182291666666666 0.29907407407407405 0.05260416666666667 0.09814814814814815
1 0.15572916666666667 0.23703703703703705 0.04479166666666667 0.040740740740740744
1 0.47682291666666665 0.1162037037037037 0.0203125 0.04722222222222222
1 0.36796875 0.15138888888888888 0.0296875 0.04537037037037037
1 0.17526041666666667 0.1685185185185185 0.044270833333333336 0.053703703703703705
1 0.9927083333333333 0.23981481481481481 0.013541666666666667 0.06481481481481481