2 0.9557291666666666 0.1763888888888889 0.0875 0.1638888888888889
2 0.54296875 0.2689814814814815 0.08385416666666666 0.15648148148148147
1 0.7354166666666667 0.4986111111111111 0.09791666666666667 0.12685185185185185
1 0.4861979166666667 0.42453703703703705 0.0796875 0.09907407407407408
1 0.6151041666666667 0.5694444444444444 0.109375 0.14444444444444443
1 0.19817708333333334 0.4125 0.0703125 0.09537037037037037
1 0.4192708333333333 0.3055555555555556 0.06041666666666667 0.08148148148148149
1 0.03697916666666667 0.4861111111111111 0.07395833333333333 0.11666666666666667
1 0.9604166666666667 0.3416666666666667 0.07291666666666667 0.07222222222222222
1 0.8247395833333333 0.28194444444444444 0.0640625 0.05648148148148148
1 0.3067708333333333 0.31342592592592594 0.059375 0.08055555555555556
1 0.5309895833333333 0.4685185185185185 0.08177083333333333 0.11481481481481481
1 0.8997395833333334 0.274537037037037 0.0578125 0.08055555555555556
1 0.7111979166666667 0.2023148148148148 0.044270833333333336 0.058333333333333334
1 0.6924479166666667 0.6824074074074075 0.1328125 0.21296296296296297
1 0.48333333333333334 0.2652777777777778 0.046875 0.06759259259259259
1 0.44947916666666665 0.22546296296296298 0.04375 0.062037037037037036
1 0.36041666666666666 0.44351851851851853 0.08229166666666667 0.13333333333333333
1 0.19375 0.36944444444444446 0.06770833333333333 0.08148148148148149
1 0.5966145833333333 0.35324074074074074 0.08072916666666667 0.13055555555555556
1 0.4200520833333333 0.2050925925925926 0.0421875 0.05648148148148148
1 0.4591145833333333 0.8481481481481481 0.1578125 0.2851851851851852
1 0.6328125 0.16342592592592592 0.036458333333333336 0.05462962962962963
1 0.5973958333333333 0.15092592592592594 0.034375 0.040740740740740744
1 0.27005208333333336 0.22916666666666666 0.050520833333333334 0.06018518518518518
1 0.25026041666666665 0.175 0.034895833333333334 0.046296296296296294
1 0.3893229166666667 0.27546296296296297 0.04635416666666667 0.075
1 0.49453125 0.287962962962963 0.030729166666666665 0.07222222222222222
1 0.334375 0.41574074074074074 0.06770833333333333 0.1037037037037037
1 0.87578125 0.2439814814814815 0.0734375 0.08425925925925926
1 0.2015625 0.1388888888888889 0.03125 0.03888888888888889
1 0.6958333333333333 0.1875 0.03958333333333333 0.058333333333333334
1 0.3971354166666667 0.11805555555555555 0.0390625 0.049074074074074076
1 0.45286458333333335 0.08333333333333333 0.0265625 0.03518518518518519
1 0.17317708333333334 0.3194444444444444 0.05260416666666667 0.08703703703703704
1 0.1671875 0.11990740740740741 0.029166666666666667 0.03611111111111111
1 0.6658854166666667 0.17314814814814813 0.03802083333333333 0.06666666666666667
1 0.375 0.2375 0.053125 0.09166666666666666
1 0.25364583333333335 0.08611111111111111 0.020833333333333332 0.037037037037037035
1 0.3411458333333333 0.12175925925925926 0.030208333333333334 0.04722222222222222
1 0.91328125 0.6263888888888889 0.13489583333333333 0.20833333333333334
1 0.29453125 0.27870370370370373 0.0640625 0.1
1 0.28020833333333334 0.11805555555555555 0.03333333333333333 0.041666666666666664
1 0.32083333333333336 0.1935185185185185 0.03854166666666667 0.044444444444444446
1 0.8513020833333333 0.1925925925925926 0.043229166666666666 0.05740740740740741
1 0.34791666666666665 0.2101851851851852 0.046875 0.06296296296296296
1 0.1828125 0.2791666666666667 0.04895833333333333 0.09351851851851851
1 0.18541666666666667 0.2111111111111111 0.040625 0.05925925925925926
1 0.34921875 0.07824074074074074 0.022395833333333334 0.03611111111111111
1 0.321875 0.11435185185185186 0.020833333333333332 0.03425925925925926
1 0.36223958333333334 0.1398148148148148 0.0359375 0.04814814814814815
1 0.4002604166666667 0.18101851851851852 0.0390625 0.04351851851851852
1 0.3059895833333333 0.15138888888888888 0.0328125 0.04722222222222222
1 0.2942708333333333 0.1361111111111111 0.029166666666666667 0.05
1 0.23645833333333333 0.13703703703703704 0.03854166666666667 0.03148148148148148
1 0.7484375 0.17083333333333334 0.04479166666666667 0.0712962962962963
1 0.5127604166666667 0.11018518518518519 0.027604166666666666 0.04259259259259259
1 0.8359375 0.18009259259259258 0.03854166666666667 0.06574074074074074
1 0.21484375 0.10046296296296296 0.03177083333333333 0.03611111111111111
1 0.34401041666666665 0.23333333333333334 0.0265625 0.06481481481481481
1 0.49661458333333336 0.10925925925925926 0.015104166666666667 0.02962962962962963
1 0.46848958333333335 0.06481481481481481 0.018229166666666668 0.022222222222222223
1 0.89296875 0.18194444444444444 0.04635416666666667 0.06388888888888888
1 0.8036458333333333 0.4125 0.08541666666666667 0.11018518518518519
1 0.4986979166666667 0.09212962962962963 0.024479166666666666 0.03981481481481482
1 0.478125 0.09212962962962963 0.021875 0.041666666666666664
1 0.40625 0.0699074074074074 0.025 0.025
1 0.6893229166666667 0.1398148148148148 0.04010416666666667 0.04259259259259259
1 0.31875 0.16944444444444445 0.04375 0.03888888888888889
1 0.7096354166666666 0.12453703703703704 0.028645833333333332 0.030555555555555555
1 0.9317708333333333 0.462037037037037 0.13541666666666666 0.15185185185185185
1 0.50546875 0.18981481481481483 0.06197916666666667 0.06481481481481481
1 0.18020833333333333 0.17407407407407408 0.03854166666666667 0.044444444444444446
1 0.39166666666666666 0.1537037037037037 0.03333333333333333 0.06111111111111111
1 0.22708333333333333 0.11851851851851852 0.030208333333333334 0.02962962962962963
1 0.23723958333333334 0.16111111111111112 0.04114583333333333 0.044444444444444446
1 0.16848958333333333 0.15046296296296297 0.03697916666666667 0.04351851851851852
1 0.9916666666666667 0.30277777777777776 0.015625 0.07222222222222222