2 0.8703125 0.15 0.07916666666666666 0.13703703703703704
2 0.7989583333333333 0.09537037037037037 0.059375 0.09074074074074075
1 0.9479166666666666 0.7074074074074074 0.103125 0.17407407407407408
1 0.8489583333333334 0.8486111111111111 0.16458333333333333 0.21574074074074073
1 0.64921875 0.638425925925926 0.11197916666666667 0.15648148148148147
1 0.5434895833333333 0.31296296296296294 0.06302083333333333 0.07962962962962963
1 0.4661458333333333 0.3685185185185185 0.07083333333333333 0.09814814814814815
1 0.6083333333333333 0.5555555555555556 0.1 0.12962962962962962
1 0.34010416666666665 0.37824074074074077 0.07291666666666667 0.09722222222222222
1 0.4125 0.5916666666666667 0.109375 0.17407407407407408
1 0.8130208333333333 0.2722222222222222 0.05416666666666667 0.06666666666666667
1 0.20208333333333334 0.5078703703703704 0.084375 0.11203703703703703
1 0.7119791666666667 0.4439814814814815 0.10104166666666667 0.16574074074074074
1 0.6466145833333333 0.17222222222222222 0.0390625 0.05185185185185185
1 0.38671875 0.5342592592592592 0.09635416666666667 0.13333333333333333
1 0.2734375 0.2657407407407407 0.052083333333333336 0.06851851851851852
1 0.8385416666666666 0.2439814814814815 0.053125 0.06574074074074074
1 0.48776041666666664 0.2625 0.050520833333333334 0.07314814814814814
1 0.5645833333333333 0.3476851851851852 0.034375 0.08611111111111111
1 0.25833333333333336 0.19675925925925927 0.036458333333333336 0.05092592592592592
1 0.18802083333333333 0.24305555555555555 0.046875 0.06944444444444445
1 0.54375 0.22083333333333333 0.051041666666666666 0.07314814814814814
1 0.45807291666666666 0.23472222222222222 0.0515625 0.062037037037037036
1 0.5768229166666666 0.24351851851851852 0.0484375 0.06296296296296296
1 0.6309895833333333 0.15925925925925927 0.033854166666666664 0.05185185185185185
1 0.5833333333333334 0.1412037037037037 0.034375 0.05092592592592592
1 0.19192708333333333 0.4564814814814815 0.0828125 0.10185185185185185
1 0.9875 0.5643518518518519 0.023958333333333335 0.12314814814814815
1 0.35104166666666664 0.24259259259259258 0.028125 0.06111111111111111
1 0.41067708333333336 0.27824074074074073 0.0609375 0.10092592592592593
1 0.32395833333333335 0.33287037037037037 0.07604166666666666 0.11944444444444445
1 0.78203125 0.22685185185185186 0.04739583333333333 0.06481481481481481
1 0.18541666666666667 0.19907407407407407 0.040625 0.05185185185185185
1 0.23307291666666666 0.1337962962962963 0.030729166666666665 0.03981481481481482
1 0.9614583333333333 0.19398148148148148 0.04583333333333333 0.06944444444444445
1 0.37864583333333335 0.15462962962962962 0.034375 0.05185185185185185
1 0.8955729166666667 0.22592592592592592 0.0578125 0.08148148148148149
1 0.9533854166666667 0.2953703703703704 0.06927083333333334 0.10555555555555556
1 0.44635416666666666 0.33101851851851855 0.058333333333333334 0.08796296296296297
1 0.27395833333333336 0.10694444444444444 0.030208333333333334 0.041666666666666664
1 0.8072916666666666 0.16944444444444445 0.041666666666666664 0.06666666666666667
1 0.7135416666666666 0.14212962962962963 0.019791666666666666 0.04351851851851852
1 0.2518229166666667 0.17685185185185184 0.044270833333333336 0.046296296296296294
1 0.6236979166666666 0.3537037037037037 0.09427083333333333 0.14074074074074075
1 0.34088541666666666 0.21944444444444444 0.04739583333333333 0.04814814814814815
1 0.3528645833333333 0.13287037037037036 0.034895833333333334 0.04537037037037037
1 0.259375 0.09490740740740741 0.021875 0.03611111111111111
1 0.3645833333333333 0.09074074074074075 0.025 0.044444444444444446
1 0.33515625 0.12361111111111112 0.021354166666666667 0.03425925925925926
1 0.7036458333333333 0.23194444444444445 0.051041666666666666 0.06018518518518518
1 0.7703125 0.20787037037037037 0.06458333333333334 0.0787037037037037
1 0.21614583333333334 0.10416666666666667 0.03333333333333333 0.028703703703703703
1 0.6427083333333333 0.12222222222222222 0.029166666666666667 0.03888888888888889
1 0.3255208333333333 0.1865740740740741 0.034375 0.05092592592592592
1 0.6200520833333333 0.10277777777777777 0.0234375 0.022222222222222223
1 0.515625 0.10925925925925926 0.035416666666666666 0.046296296296296294
1 0.16796875 0.13333333333333333 0.034895833333333334 0.04259259259259259
1 0.17942708333333332 0.3861111111111111 0.0640625 0.10555555555555556
1 0.325 0.16435185185185186 0.034375 0.03981481481481482
1 0.940625 0.18194444444444444 0.0375 0.06759259259259259
1 0.43645833333333334 0.19907407407407407 0.0375 0.03518518518518519
1 0.76171875 0.14953703703703702 0.0359375 0.04351851851851852
1 0.28854166666666664 0.1300925925925926 0.030208333333333334 0.04537037037037037
1 0.5546875 0.12824074074074074 0.020833333333333332 0.03796296296296296
1 0.37734375 0.2449074074074074 0.0421875 0.07685185185185185
1 0.43255208333333334 0.07731481481481481 0.0203125 0.026851851851851852
1 0.30625 0.09027777777777778 0.034375 0.03425925925925926
1 0.6635416666666667 0.10601851851851851 0.025 0.023148148148148147
1 0.38229166666666664 0.1726851851851852 0.023958333333333335 0.05092592592592592
1 0.45755208333333336 0.0824074074074074 0.018229166666666668 0.03333333333333333
1 0.40729166666666666 0.17685185185185184 0.03854166666666667 0.06296296296296296
1 0.6138020833333333 0.14629629629629629 0.0328125 0.06481481481481481
1 0.6044270833333333 0.08564814814814815 0.028645833333333332 0.028703703703703703
1 0.4158854166666667 0.20925925925925926 0.04010416666666667 0.03888888888888889
1 0.4234375 0.1361111111111111 0.03229166666666667 0.05
1 0.3770833333333333 0.2652777777777778 0.03333333333333333 0.0712962962962963
1 0.3067708333333333 0.1527777777777778 0.03125 0.053703703703703705
1 0.7947916666666667 0.18796296296296297 0.017708333333333333 0.03518518518518519
1 0.40963541666666664 0.06944444444444445 0.019270833333333334 0.025925925925925925
1 0.4856770833333333 0.09814814814814815 0.024479166666666666 0.03888888888888889
1 0.24427083333333333 0.1587962962962963 0.03854166666666667 0.049074074074074076
1 0.4075520833333333 0.12407407407407407 0.024479166666666666 0.037037037037037035
1 0.6869791666666667 0.1486111111111111 0.040625 0.06574074074074074
1 0.17161458333333332 0.16944444444444445 0.0453125 0.044444444444444446
1 0.18411458333333333 0.33425925925925926 0.07552083333333333 0.11296296296296296
1 0.9877604166666667 0.2037037037037037 0.0234375 0.07962962962962963