3 0.9072916666666667 0.26157407407407407 0.06666666666666667 0.09907407407407408
2 0.8859375 0.17546296296296296 0.08541666666666667 0.17314814814814813
1 0.49765625 0.8 0.14739583333333334 0.2
1 0.7158854166666667 0.48055555555555557 0.0984375 0.12222222222222222
1 0.22786458333333334 0.7662037037037037 0.1390625 0.1824074074074074
1 0.43671875 0.6055555555555555 0.1109375 0.1537037037037037
1 0.08697916666666666 0.4305555555555556 0.08229166666666667 0.10740740740740741
1 0.18828125 0.36574074074074076 0.06614583333333333 0.09444444444444444
1 0.6080729166666666 0.5333333333333333 0.10260416666666666 0.1648148148148148
1 0.5278645833333333 0.462037037037037 0.0859375 0.12037037037037036
1 0.93359375 0.9472222222222222 0.13177083333333334 0.1037037037037037
1 0.6010416666666667 0.36666666666666664 0.07291666666666667 0.1
1 0.68515625 0.1865740740740741 0.04114583333333333 0.05648148148148148
1 0.8109375 0.3990740740740741 0.084375 0.12407407407407407
1 0.5364583333333334 0.31712962962962965 0.06458333333333334 0.0824074074074074
1 0.3734375 0.49212962962962964 0.0875 0.125
1 0.30026041666666664 0.9787037037037037 0.14739583333333334 0.040740740740740744
1 0.4890625 0.4041666666666667 0.07395833333333333 0.10277777777777777
1 0.46119791666666665 0.23935185185185184 0.04010416666666667 0.06388888888888888
1 0.9817708333333334 0.2050925925925926 0.035416666666666666 0.06018518518518518
1 0.5078125 0.19166666666666668 0.041666666666666664 0.05740740740740741
1 0.41171875 0.29953703703703705 0.04739583333333333 0.075
1 0.41484375 0.13055555555555556 0.022395833333333334 0.040740740740740744
1 0.3885416666666667 0.262037037037037 0.053125 0.08518518518518518
1 0.3966145833333333 0.18703703703703703 0.034895833333333334 0.046296296296296294
1 0.946875 0.4740740740740741 0.10520833333333333 0.15925925925925927
1 0.17604166666666668 0.17824074074074073 0.041666666666666664 0.05648148148148148
1 0.3145833333333333 0.3425925925925926 0.08020833333333334 0.13148148148148148
1 0.4434895833333333 0.32592592592592595 0.06302083333333333 0.10740740740740741
1 0.37942708333333336 0.15787037037037038 0.033854166666666664 0.05277777777777778
1 0.3333333333333333 0.19768518518518519 0.04583333333333333 0.058333333333333334
1 0.48125 0.17314814814814813 0.0375 0.05740740740740741
1 0.76875 0.22083333333333333 0.046875 0.062037037037037036
1 0.44114583333333335 0.1449074074074074 0.040625 0.06388888888888888
1 0.640625 0.16435185185185186 0.0375 0.058333333333333334
1 0.42265625 0.2 0.0390625 0.05740740740740741
1 0.44583333333333336 0.2212962962962963 0.03958333333333333 0.06851851851851852
1 0.22760416666666666 0.17824074074074073 0.046875 0.07314814814814814
1 0.7114583333333333 0.1388888888888889 0.03125 0.04259259259259259
1 0.8401041666666667 0.8171296296296297 0.16666666666666666 0.25833333333333336
1 0.6770833333333334 0.1486111111111111 0.036458333333333336 0.05277777777777778
1 0.7359375 0.17314814814814813 0.040625 0.05555555555555555
1 0.39453125 0.10972222222222222 0.0265625 0.03796296296296296
1 0.16588541666666667 0.2791666666666667 0.050520833333333334 0.0712962962962963
1 0.18385416666666668 0.30462962962962964 0.059375 0.08703703703703704
1 0.7572916666666667 0.11296296296296296 0.035416666666666666 0.02962962962962963
1 0.5596354166666667 0.10648148148148148 0.028645833333333332 0.03888888888888889
1 0.26796875 0.16805555555555557 0.03697916666666667 0.041666666666666664
1 0.15520833333333334 0.1 0.025 0.04259259259259259
1 0.26197916666666665 0.22083333333333333 0.04479166666666667 0.08055555555555556
1 0.7752604166666667 0.18472222222222223 0.044270833333333336 0.062037037037037036
1 0.36770833333333336 0.23796296296296296 0.03854166666666667 0.07592592592592592
1 0.7700520833333333 0.35648148148148145 0.08072916666666667 0.13148148148148148
1 0.5505208333333333 0.11574074074074074 0.0125 0.02962962962962963
1 0.6041666666666666 0.1449074074074074 0.040625 0.062037037037037036
1 0.15651041666666668 0.24166666666666667 0.043229166666666666 0.07407407407407407
1 0.4348958333333333 0.09074074074074075 0.020833333333333332 0.027777777777777776
1 0.23098958333333333 0.11574074074074074 0.03177083333333333 0.05
1 0.7723958333333333 0.15138888888888888 0.03854166666666667 0.05277777777777778
1 0.3502604166666667 0.08055555555555556 0.022395833333333334 0.027777777777777776
1 0.2716145833333333 0.11342592592592593 0.028645833333333332 0.041666666666666664
1 0.5213541666666667 0.1287037037037037 0.030208333333333334 0.037037037037037035
1 0.36015625 0.13796296296296295 0.033854166666666664 0.053703703703703705
1 0.55390625 0.14953703703703702 0.028645833333333332 0.032407407407407406
1 0.2716145833333333 0.2638888888888889 0.03697916666666667 0.06851851851851852
1 0.6513020833333333 0.1310185185185185 0.03177083333333333 0.028703703703703703
1 0.17473958333333334 0.12175925925925926 0.033854166666666664 0.03611111111111111
1 0.2375 0.13703703703703704 0.03125 0.03148148148148148
1 0.3140625 0.28194444444444444 0.065625 0.075
1 0.33098958333333334 0.17083333333333334 0.030729166666666665 0.025
1 0.17083333333333334 0.08148148148148149 0.022916666666666665 0.022222222222222223
1 0.47734375 0.07453703703703704 0.022395833333333334 0.03425925925925926
1 0.5135416666666667 0.2662037037037037 0.057291666666666664 0.08981481481481482
1 0.58046875 0.09583333333333334 0.0234375 0.032407407407407406
1 0.27630208333333334 0.22685185185185186 0.0484375 0.06666666666666667
1 0.9359375 0.6518518518518519 0.12708333333333333 0.21296296296296297
1 0.5783854166666667 0.1398148148148148 0.019270833333333334 0.05
1 0.7408854166666666 0.1398148148148148 0.03177083333333333 0.024074074074074074
1 0.4549479166666667 0.08425925925925926 0.022395833333333334 0.040740740740740744
1 0.6578125 0.10601851851851851 0.03333333333333333 0.030555555555555555
1 0.6078125 0.07916666666666666 0.022916666666666665 0.025
1 0.4908854166666667 0.11481481481481481 0.022395833333333334 0.02962962962962963
1 0.21796875 0.09259259259259259 0.028645833333333332 0.044444444444444446
1 0.4049479166666667 0.06805555555555555 0.0203125 0.023148148148148147
1 0.29739583333333336 0.12777777777777777 0.03229166666666667 0.04259259259259259
1 0.2796875 0.11851851851851852 0.016666666666666666 0.037037037037037035
1 0.17447916666666666 0.2351851851851852 0.04895833333333333 0.04259259259259259
1 0.28958333333333336 0.2763888888888889 0.04895833333333333 0.09537037037037037
1 0.49192708333333335 0.25601851851851853 0.0390625 0.075