3 0.9739583333333334 0.28935185185185186 0.051041666666666666 0.11018518518518519
2 0.9447916666666667 0.1912037037037037 0.09375 0.18796296296296297
1 0.20598958333333334 0.6351851851851852 0.1171875 0.15185185185185185
1 0.6544270833333333 0.425462962962963 0.0859375 0.11018518518518519
1 0.78046875 0.8106481481481481 0.14739583333333334 0.19907407407407407
1 0.42864583333333334 0.6620370370370371 0.12395833333333334 0.1648148148148148
1 0.40390625 0.5212962962962963 0.09635416666666667 0.12962962962962962
1 0.1390625 0.3888888888888889 0.06666666666666667 0.09074074074074075
1 0.625 0.9407407407407408 0.18958333333333333 0.11666666666666667
1 0.24270833333333333 0.8560185185185185 0.16666666666666666 0.2175925925925926
1 0.5067708333333333 0.28935185185185186 0.059375 0.07685185185185185
1 0.4901041666666667 0.41064814814814815 0.07708333333333334 0.10648148148148148
1 0.5638020833333334 0.33194444444444443 0.06614583333333333 0.09166666666666666
1 0.7231770833333333 0.20277777777777778 0.044270833333333336 0.06111111111111111
1 0.8182291666666667 0.549074074074074 0.11666666666666667 0.18518518518518517
1 0.9791666666666666 0.7324074074074074 0.040625 0.17592592592592593
1 0.35104166666666664 0.43333333333333335 0.07916666666666666 0.1111111111111111
1 0.40182291666666664 0.12222222222222222 0.021354166666666667 0.03888888888888889
1 0.18802083333333333 0.33055555555555555 0.058333333333333334 0.08518518518518518
1 0.48515625 0.17592592592592593 0.0390625 0.053703703703703705
1 0.4578125 0.36527777777777776 0.06875 0.09537037037037037
1 0.4434895833333333 0.22037037037037038 0.0359375 0.05555555555555555
1 0.42421875 0.2986111111111111 0.058854166666666666 0.09907407407407408
1 0.9291666666666667 0.4699074074074074 0.10416666666666667 0.15648148148148147
1 0.3229166666666667 0.1837962962962963 0.04479166666666667 0.05648148148148148
1 0.39036458333333335 0.2759259259259259 0.043229166666666666 0.07037037037037037
1 0.3033854166666667 0.3143518518518518 0.07135416666666666 0.11944444444444445
1 0.8200520833333333 0.19953703703703704 0.0453125 0.05648148148148148
1 0.5763020833333333 0.16157407407407406 0.03697916666666667 0.03611111111111111
1 0.54921875 0.46435185185185185 0.09010416666666667 0.14166666666666666
1 0.9296875 0.9166666666666666 0.13958333333333334 0.1648148148148148
1 0.6734375 0.17824074074074073 0.03958333333333333 0.062037037037037036
1 0.42630208333333336 0.1337962962962963 0.03802083333333333 0.06018518518518518
1 0.36744791666666665 0.1486111111111111 0.0328125 0.05092592592592592
1 0.84609375 0.4027777777777778 0.09322916666666667 0.12222222222222222
1 0.40598958333333335 0.18564814814814815 0.03697916666666667 0.05462962962962963
1 0.8893229166666666 0.1699074074074074 0.030729166666666665 0.062037037037037036
1 0.271875 0.15925925925925927 0.034375 0.05925925925925926
1 0.7583333333333333 0.18472222222222223 0.028125 0.058333333333333334
1 0.5752604166666667 0.1111111111111111 0.03177083333333333 0.040740740740740744
1 0.46484375 0.15925925925925927 0.0359375 0.05555555555555555
1 0.3848958333333333 0.17546296296296296 0.03229166666666667 0.04537037037037037
1 0.7388020833333333 0.14583333333333334 0.028645833333333332 0.04351851851851852
1 0.56171875 0.125 0.027604166666666666 0.037037037037037035
1 0.7385416666666667 0.35185185185185186 0.07395833333333333 0.10925925925925926
1 0.48333333333333334 0.24351851851851852 0.06041666666666667 0.08518518518518518
1 0.596875 0.09953703703703703 0.023958333333333335 0.032407407407407406
1 0.38359375 0.10277777777777777 0.024479166666666666 0.03518518518518519
1 0.6315104166666666 0.15694444444444444 0.044270833333333336 0.06759259259259259
1 0.70859375 0.16064814814814815 0.03697916666666667 0.06018518518518518
1 0.15625 0.09583333333333334 0.026041666666666668 0.03981481481481482
1 0.16354166666666667 0.2587962962962963 0.042708333333333334 0.06388888888888888
1 0.1828125 0.2675925925925926 0.05625 0.05555555555555555
1 0.6346354166666667 0.10648148148148148 0.0265625 0.03148148148148148
1 0.8203125 0.24259259259259258 0.05 0.06666666666666667
1 0.6809895833333334 0.12731481481481483 0.030729166666666665 0.03981481481481482
1 0.37552083333333336 0.24212962962962964 0.051041666666666666 0.08055555555555556
1 0.6838541666666667 0.14027777777777778 0.03229166666666667 0.030555555555555555
1 0.7885416666666667 0.12037037037037036 0.0375 0.03148148148148148
1 0.43072916666666666 0.20462962962962963 0.0375 0.06481481481481481
1 0.20885416666666667 0.1675925925925926 0.042708333333333334 0.06851851851851852
1 0.67109375 0.1087962962962963 0.025520833333333333 0.03425925925925926
1 0.5057291666666667 0.12361111111111112 0.026041666666666668 0.030555555555555555
1 0.6028645833333334 0.14583333333333334 0.0234375 0.04722222222222222
1 0.5255208333333333 0.13148148148148148 0.019791666666666666 0.03148148148148148
1 0.2677083333333333 0.10694444444444444 0.022916666666666665 0.03796296296296296
1 0.7111979166666667 0.6652777777777777 0.13177083333333334 0.21388888888888888
1 0.35572916666666665 0.22083333333333333 0.03854166666666667 0.0712962962962963
1 0.2955729166666667 0.14305555555555555 0.025520833333333333 0.03796296296296296
1 0.7119791666666667 0.31666666666666665 0.07083333333333333 0.11851851851851852
1 0.17421875 0.10972222222222222 0.024479166666666666 0.023148148148148147
1 0.80859375 0.1625 0.04010416666666667 0.06018518518518518
1 0.65859375 0.10462962962962963 0.0203125 0.03333333333333333
1 0.6205729166666667 0.0875 0.024479166666666666 0.03611111111111111
1 0.28984375 0.11712962962962963 0.030729166666666665 0.03611111111111111
1 0.4453125 0.09537037037037037 0.023958333333333335 0.025925925925925925
1 0.178125 0.2212962962962963 0.04479166666666667 0.04259259259259259
1 0.17057291666666666 0.08472222222222223 0.024479166666666666 0.030555555555555555
1 0.27109375 0.20324074074074075 0.044270833333333336 0.04537037037037037
1 0.54296875 0.09537037037037037 0.022395833333333334 0.037037037037037035
1 0.48854166666666665 0.07962962962962963 0.023958333333333335 0.037037037037037035
1 0.16380208333333332 0.20925925925925926 0.033854166666666664 0.03888888888888889
1 0.49921875 0.09398148148148149 0.0203125 0.021296296296296296
1 0.6151041666666667 0.11574074074074074 0.023958333333333335 0.020370370370370372
1 0.3028645833333333 0.2601851851851852 0.06197916666666667 0.07407407407407407
1 0.17317708333333334 0.16435185185185186 0.0359375 0.05092592592592592
1 0.31223958333333335 0.09027777777777778 0.0265625 0.03981481481481482
1 0.34921875 0.1287037037037037 0.033854166666666664 0.05185185185185185
1 0.4109375 0.06759259259259259 0.01875 0.024074074074074074
1 0.3296875 0.06944444444444445 0.016666666666666666 0.022222222222222223
1 0.3458333333333333 0.07962962962962963 0.021875 0.03333333333333333
1 0.23020833333333332 0.11898148148148148 0.035416666666666666 0.032407407407407406
1 0.4669270833333333 0.08518518518518518 0.0203125 0.03518518518518519
1 0.25677083333333334 0.2050925925925926 0.040625 0.07314814814814814
1 0.27447916666666666 0.2569444444444444 0.042708333333333334 0.08425925925925926
1 0.5526041666666667 0.1388888888888889 0.021875 0.040740740740740744
1 0.43697916666666664 0.07685185185185185 0.020833333333333332 0.027777777777777776
1 0.5200520833333333 0.08518518518518518 0.021354166666666667 0.022222222222222223
1 0.23984375 0.16157407407407406 0.03177083333333333 0.049074074074074076