1 0.5838541666666667 0.9069444444444444 0.16041666666666668 0.18425925925925926
1 0.45546875 0.687962962962963 0.1234375 0.16666666666666666
1 0.20651041666666667 0.5324074074074074 0.1078125 0.14074074074074075
1 0.5479166666666667 0.3263888888888889 0.06666666666666667 0.08611111111111111
1 0.6239583333333333 0.5805555555555556 0.10729166666666666 0.15555555555555556
1 0.42916666666666664 0.5986111111111111 0.115625 0.15092592592592594
1 0.8213541666666667 0.8152777777777778 0.15104166666666666 0.2064814814814815
1 0.35390625 0.45231481481481484 0.08385416666666666 0.11388888888888889
1 0.7825520833333334 0.5254629629629629 0.1109375 0.14537037037037037
1 0.41770833333333335 0.31805555555555554 0.04895833333333333 0.08425925925925926
1 0.31354166666666666 0.33194444444444443 0.06041666666666667 0.08611111111111111
1 0.73671875 0.4828703703703704 0.0859375 0.12314814814814815
1 0.6395833333333333 0.3851851851851852 0.08333333333333333 0.12962962962962962
1 0.18880208333333334 0.43842592592592594 0.08385416666666666 0.10833333333333334
1 0.7213541666666666 0.33564814814814814 0.075 0.11388888888888889
1 0.8625 0.2601851851851852 0.057291666666666664 0.07407407407407407
1 0.4890625 0.26296296296296295 0.05416666666666667 0.07222222222222222
1 0.18567708333333333 0.30416666666666664 0.05572916666666667 0.0824074074074074
1 0.6078125 0.2662037037037037 0.05520833333333333 0.08425925925925926
1 0.4044270833333333 0.2875 0.049479166666666664 0.07685185185185185
1 0.4359375 0.14444444444444443 0.034375 0.04814814814814815
1 0.4635416666666667 0.3458333333333333 0.06770833333333333 0.10833333333333334
1 0.5619791666666667 0.5180555555555556 0.09479166666666666 0.12685185185185185
1 0.37864583333333335 0.24444444444444444 0.05 0.08333333333333333
1 0.98046875 0.26064814814814813 0.03802083333333333 0.075
1 0.9752604166666666 0.5300925925925926 0.0484375 0.16574074074074074
1 0.37083333333333335 0.10601851851851851 0.014583333333333334 0.03425925925925926
1 0.8697916666666666 0.624537037037037 0.12604166666666666 0.17314814814814813
1 0.7005208333333334 0.13333333333333333 0.030208333333333334 0.046296296296296294
1 0.45026041666666666 0.23564814814814813 0.0484375 0.06388888888888888
1 0.4049479166666667 0.18425925925925926 0.03177083333333333 0.046296296296296294
1 0.2794270833333333 0.25555555555555554 0.0609375 0.09814814814814815
1 0.3463541666666667 0.22685185185185186 0.0375 0.05925925925925926
1 0.8760416666666667 0.22824074074074074 0.05 0.06759259259259259
1 0.48359375 0.11203703703703703 0.0265625 0.03333333333333333
1 0.6731770833333334 0.29583333333333334 0.0640625 0.09537037037037037
1 0.34453125 0.3800925925925926 0.06510416666666667 0.09351851851851851
1 0.68125 0.15555555555555556 0.035416666666666666 0.04814814814814815
1 0.6635416666666667 0.20277777777777778 0.04375 0.04259259259259259
1 0.012239583333333333 0.48518518518518516 0.024479166666666666 0.13518518518518519
1 0.8546875 0.20185185185185187 0.06354166666666666 0.07407407407407407
1 0.42552083333333335 0.1337962962962963 0.029166666666666667 0.05092592592592592
1 0.6177083333333333 0.17546296296296296 0.041666666666666664 0.04722222222222222
1 0.39036458333333335 0.11342592592592593 0.0328125 0.05277777777777778
1 0.30416666666666664 0.15648148148148147 0.03333333333333333 0.044444444444444446
1 0.62890625 0.15787037037037038 0.03177083333333333 0.049074074074074076
1 0.23802083333333332 0.1449074074074074 0.030208333333333334 0.04351851851851852
1 0.18385416666666668 0.26296296296296295 0.051041666666666666 0.053703703703703705
1 0.940625 0.19583333333333333 0.051041666666666666 0.0712962962962963
1 0.43463541666666666 0.2037037037037037 0.044270833333333336 0.07222222222222222
1 0.32864583333333336 0.18611111111111112 0.03229166666666667 0.06111111111111111
1 0.8140625 0.17407407407407408 0.036458333333333336 0.04814814814814815
1 0.5908854166666667 0.16342592592592592 0.028645833333333332 0.03796296296296296
1 0.65078125 0.11851851851851852 0.027604166666666666 0.040740740740740744
1 0.5901041666666667 0.24351851851851852 0.05520833333333333 0.09259259259259259
1 0.34739583333333335 0.12916666666666668 0.030208333333333334 0.04537037037037037
1 0.5322916666666667 0.4462962962962963 0.09270833333333334 0.14629629629629629
1 0.36171875 0.09027777777777778 0.0203125 0.032407407407407406
1 0.73671875 0.14814814814814814 0.033854166666666664 0.025925925925925925
1 0.6640625 0.10324074074074074 0.025 0.04537037037037037
1 0.35052083333333334 0.14814814814814814 0.025 0.037037037037037035
1 0.3463541666666667 0.19814814814814816 0.040625 0.05925925925925926
1 0.7244791666666667 0.12407407407407407 0.023958333333333335 0.03518518518518519
1 0.7377604166666667 0.19907407407407407 0.05260416666666667 0.07962962962962963
1 0.3268229166666667 0.11064814814814815 0.028645833333333332 0.04351851851851852
1 0.25807291666666665 0.1787037037037037 0.043229166666666666 0.053703703703703705
1 0.559375 0.10185185185185185 0.023958333333333335 0.025925925925925925
1 0.39010416666666664 0.16296296296296298 0.03229166666666667 0.03518518518518519
1 0.5361979166666667 0.09305555555555556 0.0265625 0.041666666666666664
1 0.3692708333333333 0.15462962962962962 0.03125 0.04259259259259259
1 0.5856770833333333 0.10555555555555556 0.0265625 0.03148148148148148
1 0.4640625 0.08935185185185185 0.023958333333333335 0.030555555555555555
1 0.5640625 0.15092592592592594 0.030208333333333334 0.03148148148148148
1 0.27630208333333334 0.1111111111111111 0.0328125 0.046296296296296294
1 0.7958333333333333 0.2273148148148148 0.04791666666666667 0.075
1 0.5971354166666667 0.1375 0.03177083333333333 0.028703703703703703
1 0.5018229166666667 0.10462962962962963 0.025520833333333333 0.037037037037037035
1 0.17630208333333333 0.1476851851851852 0.04010416666666667 0.06018518518518518
1 0.4005208333333333 0.07453703703703704 0.021875 0.025
1 0.6309895833333333 0.13333333333333333 0.0328125 0.04259259259259259
1 0.7026041666666667 0.19074074074074074 0.036458333333333336 0.06666666666666667
1 0.8463541666666666 0.43657407407407406 0.08854166666666667 0.11944444444444445
1 0.6364583333333333 0.09212962962962963 0.029166666666666667 0.03611111111111111
1 0.28671875 0.12685185185185185 0.033854166666666664 0.037037037037037035
1 0.8833333333333333 0.1648148148148148 0.04895833333333333 0.07037037037037037
1 0.17317708333333334 0.2439814814814815 0.04114583333333333 0.0712962962962963
1 0.5234375 0.13425925925925927 0.025 0.027777777777777776
1 0.7065104166666667 0.10833333333333334 0.019270833333333334 0.014814814814814815
1 0.16015625 0.0875 0.024479166666666666 0.03611111111111111
1 0.7783854166666667 0.1865740740740741 0.0359375 0.05092592592592592
1 0.9942708333333333 0.33564814814814814 0.010416666666666666 0.06759259259259259
1 0.27291666666666664 0.2175925925925926 0.059375 0.07037037037037037