2 0.7203125 0.10555555555555556 0.058333333333333334 0.12222222222222222
2 0.6552083333333333 0.09212962962962963 0.05 0.09907407407407408
1 0.8309895833333333 0.5638888888888889 0.11510416666666666 0.14629629629629629
1 0.3416666666666667 0.6208333333333333 0.11979166666666667 0.15648148148148147
1 0.43776041666666665 0.6833333333333333 0.1296875 0.1685185185185185
1 0.49713541666666666 0.42824074074074076 0.0953125 0.14166666666666666
1 0.6765625 0.6513888888888889 0.13020833333333334 0.16944444444444445
1 0.821875 0.8523148148148149 0.19791666666666666 0.2935185185185185
1 0.6817708333333333 0.4324074074074074 0.08854166666666667 0.11851851851851852
1 0.20729166666666668 0.3939814814814815 0.06666666666666667 0.10277777777777777
1 0.6140625 0.5532407407407407 0.1125 0.1712962962962963
1 0.3328125 0.37546296296296294 0.06666666666666667 0.08611111111111111
1 0.4471354166666667 0.34629629629629627 0.06510416666666667 0.08888888888888889
1 0.50703125 0.27314814814814814 0.058854166666666666 0.07777777777777778
1 0.73828125 0.49212962962962964 0.09947916666666666 0.1398148148148148
1 0.4265625 0.2074074074074074 0.03854166666666667 0.05740740740740741
1 0.5065104166666666 0.1935185185185185 0.043229166666666666 0.06666666666666667
1 0.3958333333333333 0.17407407407407408 0.0375 0.05185185185185185
1 0.3151041666666667 0.325 0.06041666666666667 0.08148148148148149
1 0.61953125 0.18101851851851852 0.03802083333333333 0.04351851851851852
1 0.5450520833333333 0.3087962962962963 0.058854166666666666 0.08796296296296297
1 0.6015625 0.2537037037037037 0.053125 0.08703703703703704
1 0.8888020833333333 0.17777777777777778 0.03697916666666667 0.05
1 0.9216145833333333 0.18796296296296297 0.0421875 0.05185185185185185
1 0.8614583333333333 0.2935185185185185 0.06041666666666667 0.06666666666666667
1 0.5578125 0.2310185185185185 0.04583333333333333 0.06574074074074074
1 0.7908854166666667 0.26342592592592595 0.0515625 0.05277777777777778
1 0.40651041666666665 0.2962962962962963 0.05677083333333333 0.08333333333333333
1 0.46067708333333335 0.22916666666666666 0.049479166666666664 0.0787037037037037
1 0.6752604166666667 0.1824074074074074 0.0390625 0.05740740740740741
1 0.8411458333333334 0.1865740740740741 0.03958333333333333 0.05648148148148148
1 0.4828125 0.26064814814814813 0.041666666666666664 0.06944444444444445
1 0.17604166666666668 0.34120370370370373 0.06458333333333334 0.11203703703703703
1 0.19557291666666668 0.13703703703703704 0.0265625 0.046296296296296294
1 0.621875 0.35462962962962963 0.075 0.11666666666666667
1 0.90625 0.2777777777777778 0.05416666666666667 0.07222222222222222
1 0.3567708333333333 0.21435185185185185 0.040625 0.0712962962962963
1 0.2625 0.2111111111111111 0.040625 0.05740740740740741
1 0.96484375 0.25555555555555554 0.058854166666666666 0.06296296296296296
1 0.49583333333333335 0.10046296296296296 0.025 0.03425925925925926
1 0.7348958333333333 0.23472222222222222 0.04895833333333333 0.05092592592592592
1 0.8294270833333334 0.19722222222222222 0.04114583333333333 0.03888888888888889
1 0.36953125 0.15648148148148147 0.03697916666666667 0.04259259259259259
1 0.29296875 0.30092592592592593 0.050520833333333334 0.07777777777777778
1 0.6872395833333333 0.15092592592592594 0.033854166666666664 0.04259259259259259
1 0.8361979166666667 0.25 0.050520833333333334 0.07037037037037037
1 0.17421875 0.25277777777777777 0.05677083333333333 0.05740740740740741
1 0.1734375 0.20416666666666666 0.03854166666666667 0.05462962962962963
1 0.7424479166666667 0.16527777777777777 0.0359375 0.041666666666666664
1 0.7049479166666667 0.21805555555555556 0.04114583333333333 0.04722222222222222
1 0.4825520833333333 0.175 0.03697916666666667 0.05555555555555555
1 0.7770833333333333 0.1375 0.036458333333333336 0.05648148148148148
1 0.5151041666666667 0.12916666666666668 0.030208333333333334 0.03611111111111111
1 0.70703125 0.1925925925925926 0.0453125 0.05
1 0.8002604166666667 0.17962962962962964 0.027604166666666666 0.025925925925925925
1 0.9127604166666666 0.3138888888888889 0.043229166666666666 0.05740740740740741
1 0.29713541666666665 0.13935185185185187 0.030729166666666665 0.05092592592592592
1 0.390625 0.27824074074074073 0.042708333333333334 0.0712962962962963
1 0.5546875 0.12685185185185185 0.020833333333333332 0.037037037037037035
1 0.45208333333333334 0.15046296296296297 0.035416666666666666 0.06018518518518518
1 0.9583333333333334 0.3449074074074074 0.08125 0.11574074074074074
1 0.37942708333333336 0.2518518518518518 0.0484375 0.08148148148148149
1 0.33880208333333334 0.07592592592592592 0.0265625 0.03333333333333333
1 0.3171875 0.1638888888888889 0.03854166666666667 0.05925925925925926
1 0.7463541666666667 0.2050925925925926 0.040625 0.062037037037037036
1 0.3377604166666667 0.1125 0.03697916666666667 0.03796296296296296
1 0.4625 0.16203703703703703 0.029166666666666667 0.05185185185185185
1 0.2825520833333333 0.25787037037037036 0.05364583333333333 0.0712962962962963
1 0.25494791666666666 0.08425925925925926 0.025520833333333333 0.03518518518518519
1 0.40859375 0.06851851851851852 0.0203125 0.022222222222222223
1 0.3059895833333333 0.09444444444444444 0.022395833333333334 0.03148148148148148
1 0.5609375 0.10787037037037037 0.020833333333333332 0.032407407407407406
1 0.6109375 0.15046296296296297 0.035416666666666666 0.06018518518518518
1 0.23125 0.12777777777777777 0.03125 0.046296296296296294
1 0.5828125 0.1125 0.03125 0.049074074074074076
1 0.17708333333333334 0.2851851851851852 0.057291666666666664 0.06666666666666667
1 0.43463541666666666 0.07037037037037037 0.018229166666666668 0.02962962962962963
1 0.15677083333333333 0.12453703703703704 0.03125 0.03796296296296296
1 0.4513020833333333 0.07916666666666666 0.0203125 0.03425925925925926
1 0.5286458333333334 0.08888888888888889 0.027083333333333334 0.04259259259259259
1 0.3614583333333333 0.13703703703703704 0.0375 0.05
1 0.47265625 0.10925925925925926 0.0265625 0.027777777777777776
1 0.5606770833333333 0.0875 0.022395833333333334 0.025
1 0.15520833333333334 0.10092592592592593 0.03333333333333333 0.024074074074074074
1 0.36822916666666666 0.0962962962962963 0.026041666666666668 0.03333333333333333
1 0.27760416666666665 0.2212962962962963 0.04479166666666667 0.046296296296296294
1 0.8052083333333333 0.2175925925925926 0.03854166666666667 0.05740740740740741
1 0.3338541666666667 0.1884259259259259 0.034375 0.05648148148148148
1 0.24713541666666666 0.175 0.0453125 0.07222222222222222
1 0.16744791666666667 0.1648148148148148 0.043229166666666666 0.06111111111111111
1 0.4791666666666667 0.06712962962962964 0.020833333333333332 0.025
1 0.2908854166666667 0.13148148148148148 0.0265625 0.04259259259259259
1 0.31614583333333335 0.10833333333333334 0.017708333333333333 0.03333333333333333
1 0.9942708333333333 0.7976851851851852 0.010416666666666666 0.1287037037037037
1 0.009375 0.5342592592592592 0.01875 0.11296296296296296