1 0.22083333333333333 0.6342592592592593 0.11666666666666667 0.15925925925925927
1 0.40729166666666666 0.5768518518518518 0.103125 0.13148148148148148
1 0.5830729166666667 0.5180555555555556 0.09427083333333333 0.13240740740740742
1 0.9809895833333333 0.7388888888888889 0.03697916666666667 0.19074074074074074
1 0.5033854166666667 0.4148148148148148 0.07760416666666667 0.11296296296296296
1 0.19296875 0.39166666666666666 0.07760416666666667 0.10555555555555556
1 0.46484375 0.3814814814814815 0.058854166666666666 0.09444444444444444
1 0.48125 0.262037037037037 0.05520833333333333 0.06851851851851852
1 0.6963541666666667 0.43796296296296294 0.084375 0.12222222222222222
1 0.8309895833333333 0.5504629629629629 0.1140625 0.1824074074074074
1 0.5955729166666667 0.35833333333333334 0.059895833333333336 0.09074074074074075
1 0.6278645833333333 0.38101851851851853 0.08072916666666667 0.10648148148148148
1 0.27708333333333335 0.26805555555555555 0.04583333333333333 0.0712962962962963
1 0.53828125 0.30185185185185187 0.06614583333333333 0.0962962962962963
1 0.17057291666666666 0.25555555555555554 0.0453125 0.06296296296296296
1 0.7145833333333333 0.7597222222222222 0.16354166666666667 0.2490740740740741
1 0.77890625 0.262037037037037 0.059895833333333336 0.05
1 0.6072916666666667 0.2574074074074074 0.05625 0.08888888888888889
1 0.76875 0.36435185185185187 0.075 0.11944444444444445
1 0.4356770833333333 0.21805555555555556 0.0453125 0.062037037037037036
1 0.31744791666666666 0.3458333333333333 0.0640625 0.08425925925925926
1 0.3734375 0.2569444444444444 0.041666666666666664 0.06759259259259259
1 0.34609375 0.42268518518518516 0.07447916666666667 0.10833333333333334
1 0.5299479166666666 0.2111111111111111 0.04114583333333333 0.06666666666666667
1 0.6768229166666667 0.3212962962962963 0.0671875 0.08888888888888889
1 0.15390625 0.3597222222222222 0.058854166666666666 0.10648148148148148
1 0.40911458333333334 0.27546296296296297 0.05260416666666667 0.08796296296296297
1 0.4432291666666667 0.3351851851851852 0.06979166666666667 0.10555555555555556
1 0.18177083333333333 0.2273148148148148 0.041666666666666664 0.06018518518518518
1 0.6317708333333333 0.1912037037037037 0.03854166666666667 0.04537037037037037
1 0.18880208333333334 0.3199074074074074 0.0546875 0.05092592592592592
1 0.79609375 0.14629629629629629 0.028645833333333332 0.04259259259259259
1 0.56796875 0.2337962962962963 0.0484375 0.0787037037037037
1 0.7127604166666667 0.22037037037037038 0.0546875 0.06666666666666667
1 0.7677083333333333 0.14027777777777778 0.029166666666666667 0.04537037037037037
1 0.9669270833333333 0.2967592592592593 0.06510416666666667 0.09351851851851851
1 0.9486979166666667 0.22453703703703703 0.043229166666666666 0.062037037037037036
1 0.4088541666666667 0.1962962962962963 0.040625 0.05555555555555555
1 0.6380208333333334 0.1300925925925926 0.03125 0.04351851851851852
1 0.58125 0.1625 0.03333333333333333 0.032407407407407406
1 0.9796875 0.2300925925925926 0.03958333333333333 0.06018518518518518
1 0.40390625 0.11944444444444445 0.030729166666666665 0.04259259259259259
1 0.25677083333333334 0.2152777777777778 0.053125 0.08425925925925926
1 0.7140625 0.1837962962962963 0.036458333333333336 0.030555555555555555
1 0.5255208333333333 0.13796296296296295 0.03125 0.03888888888888889
1 0.39479166666666665 0.10833333333333334 0.026041666666666668 0.040740740740740744
1 0.5903645833333333 0.1337962962962963 0.028645833333333332 0.028703703703703703
1 0.67734375 0.20277777777777778 0.0390625 0.04259259259259259
1 0.36354166666666665 0.23564814814814813 0.041666666666666664 0.06574074074074074
1 0.6036458333333333 0.17314814814814813 0.03125 0.03518518518518519
1 0.515625 0.19537037037037036 0.04479166666666667 0.07592592592592592
1 0.3684895833333333 0.4708333333333333 0.08177083333333333 0.1175925925925926
1 0.34921875 0.20462962962962963 0.0421875 0.07037037037037037
1 0.3765625 0.1550925925925926 0.028125 0.041666666666666664
1 0.26119791666666664 0.17916666666666667 0.0515625 0.05277777777777778
1 0.4973958333333333 0.10277777777777777 0.026041666666666668 0.03333333333333333
1 0.6330729166666667 0.15416666666666667 0.0328125 0.04351851851851852
1 0.21875 0.08333333333333333 0.028125 0.02962962962962963
1 0.165625 0.09722222222222222 0.0375 0.05185185185185185
1 0.6760416666666667 0.17916666666666667 0.040625 0.049074074074074076
1 0.8307291666666666 0.24212962962962964 0.052083333333333336 0.0824074074074074
1 0.7052083333333333 0.1111111111111111 0.03229166666666667 0.040740740740740744
1 0.32473958333333336 0.1912037037037037 0.033854166666666664 0.05277777777777778
1 0.36770833333333336 0.09259259259259259 0.029166666666666667 0.040740740740740744
1 0.6796875 0.10416666666666667 0.028125 0.04351851851851852
1 0.32916666666666666 0.11388888888888889 0.025 0.040740740740740744
1 0.603125 0.1162037037037037 0.028125 0.032407407407407406
1 0.6072916666666667 0.10277777777777777 0.030208333333333334 0.03888888888888889
1 0.2640625 0.09675925925925925 0.03125 0.03796296296296296
1 0.34817708333333336 0.13055555555555556 0.0265625 0.03888888888888889
1 0.9161458333333333 0.20046296296296295 0.0375 0.04351851851851852
1 0.5661458333333333 0.08611111111111111 0.01875 0.044444444444444446
1 0.884375 0.25462962962962965 0.06770833333333333 0.10740740740740741
1 0.77109375 0.17962962962962964 0.0453125 0.07777777777777778
1 0.2786458333333333 0.11342592592592593 0.034375 0.03611111111111111
1 0.45598958333333334 0.08657407407407407 0.024479166666666666 0.03611111111111111
1 0.21666666666666667 0.11018518518518519 0.0375 0.037037037037037035
1 0.30833333333333335 0.29907407407407405 0.05625 0.07962962962962963
1 0.30833333333333335 0.09351851851851851 0.026041666666666668 0.037037037037037035
1 0.325 0.16203703703703703 0.036458333333333336 0.04259259259259259
1 0.5427083333333333 0.06712962962962964 0.025 0.028703703703703703
1 0.8096354166666667 0.19814814814814816 0.0421875 0.06111111111111111
1 0.6802083333333333 0.14305555555555555 0.025 0.026851851851851852
1 0.7114583333333333 0.14166666666666666 0.030208333333333334 0.046296296296296294
1 0.5244791666666667 0.09212962962962963 0.026041666666666668 0.041666666666666664
1 0.16901041666666666 0.20046296296296295 0.0390625 0.06574074074074074
1 0.69609375 0.1527777777777778 0.034895833333333334 0.037037037037037035
1 0.34140625 0.07731481481481481 0.018229166666666668 0.030555555555555555
1 0.3065104166666667 0.15694444444444444 0.027604166666666666 0.05462962962962963
1 0.43307291666666664 0.08657407407407407 0.019270833333333334 0.026851851851851852
1 0.240625 0.1550925925925926 0.0375 0.062037037037037036
1 0.9872395833333333 0.18101851851851852 0.024479166666666666 0.041666666666666664
1 0.23671875 0.13333333333333333 0.03697916666666667 0.03333333333333333
1 0.8942708333333333 0.23425925925925925 0.06458333333333334 0.07222222222222222
1 0.3692708333333333 0.1449074074074074 0.028125 0.049074074074074076
1 0.40286458333333336 0.1712962962962963 0.0390625 0.06296296296296296
1 0.17682291666666666 0.1685185185185185 0.0453125 0.06481481481481481
1 0.16901041666666666 0.13055555555555556 0.04114583333333333 0.05740740740740741