2 0.9520833333333333 0.17546296296296296 0.09479166666666666 0.16203703703703703
2 0.9388020833333334 0.4638888888888889 0.12135416666666667 0.2111111111111111
1 0.7463541666666667 0.5101851851851852 0.1 0.12777777777777777
1 0.5361979166666667 0.475 0.0828125 0.11666666666666667
1 0.48984375 0.4305555555555556 0.0765625 0.1
1 0.9489583333333333 0.33240740740740743 0.07083333333333333 0.06481481481481481
1 0.30807291666666664 0.31712962962962965 0.059895833333333336 0.0824074074074074
1 0.19791666666666666 0.4185185185185185 0.07083333333333333 0.09444444444444444
1 0.6247395833333333 0.5814814814814815 0.11197916666666667 0.14814814814814814
1 0.42161458333333335 0.30925925925925923 0.0609375 0.08333333333333333
1 0.8908854166666667 0.2708333333333333 0.05677083333333333 0.08055555555555556
1 0.48671875 0.2671296296296296 0.0484375 0.06944444444444445
1 0.031510416666666666 0.4935185185185185 0.06302083333333333 0.11666666666666667
1 0.45234375 0.22685185185185186 0.044270833333333336 0.06296296296296296
1 0.8158854166666667 0.42083333333333334 0.08697916666666666 0.11018518518518519
1 0.42291666666666666 0.2064814814814815 0.042708333333333334 0.05740740740740741
1 0.815625 0.2773148148148148 0.0625 0.05648148148148148
1 0.70625 0.2 0.04479166666666667 0.05925925925925926
1 0.25026041666666665 0.17592592592592593 0.03697916666666667 0.046296296296296294
1 0.19375 0.37453703703703706 0.06875 0.08425925925925926
1 0.9854166666666667 0.2972222222222222 0.028125 0.07407407407407407
1 0.4984375 0.29074074074074074 0.030208333333333334 0.07407407407407407
1 0.3921875 0.27870370370370373 0.046875 0.07777777777777778
1 0.3346354166666667 0.4222222222222222 0.06510416666666667 0.10555555555555556
1 0.27109375 0.23055555555555557 0.05260416666666667 0.06296296296296296
1 0.20052083333333334 0.1398148148148148 0.03125 0.03888888888888889
1 0.36276041666666664 0.45185185185185184 0.08385416666666666 0.13703703703703704
1 0.6283854166666667 0.16111111111111112 0.034895833333333334 0.053703703703703705
1 0.93203125 0.6449074074074074 0.13489583333333333 0.21574074074074073
1 0.7075520833333333 0.7037037037037037 0.1359375 0.2222222222222222
1 0.459375 0.8648148148148148 0.1625 0.26851851851851855
1 0.3776041666666667 0.23981481481481481 0.05416666666666667 0.09074074074074075
1 0.1859375 0.21064814814814814 0.040625 0.06018518518518518
1 0.6036458333333333 0.3574074074074074 0.08229166666666667 0.13333333333333333
1 0.49947916666666664 0.19074074074074074 0.04479166666666667 0.06481481481481481
1 0.5947916666666667 0.14953703703703702 0.036458333333333336 0.03981481481481482
1 0.17395833333333333 0.32222222222222224 0.05520833333333333 0.09074074074074075
1 0.1671875 0.12037037037037036 0.03125 0.037037037037037035
1 0.45026041666666666 0.0824074074074074 0.0265625 0.03333333333333333
1 0.23854166666666668 0.16018518518518518 0.041666666666666664 0.046296296296296294
1 0.6903645833333333 0.18564814814814815 0.0390625 0.05648148148148148
1 0.39869791666666665 0.11944444444444445 0.04010416666666667 0.05
1 0.8677083333333333 0.24027777777777778 0.071875 0.0824074074074074
1 0.25364583333333335 0.08657407407407407 0.021875 0.03796296296296296
1 0.6614583333333334 0.17083333333333334 0.03958333333333333 0.06388888888888888
1 0.18411458333333333 0.2824074074074074 0.049479166666666664 0.09444444444444444
1 0.7447916666666666 0.17083333333333334 0.042708333333333334 0.0712962962962963
1 0.6567708333333333 0.11712962962962963 0.027083333333333334 0.030555555555555555
1 0.2796875 0.11851851851851852 0.03125 0.04259259259259259
1 0.18255208333333334 0.17962962962962964 0.0359375 0.046296296296296294
1 0.35052083333333334 0.08009259259259259 0.022916666666666665 0.03611111111111111
1 0.2682291666666667 0.09953703703703703 0.029166666666666667 0.03981481481481482
1 0.29635416666666664 0.28194444444444444 0.06354166666666666 0.10277777777777777
1 0.34140625 0.12361111111111112 0.028645833333333332 0.04722222222222222
1 0.2950520833333333 0.13796296296296295 0.0296875 0.05185185185185185
1 0.36822916666666666 0.09583333333333334 0.029166666666666667 0.041666666666666664
1 0.215625 0.10231481481481482 0.030208333333333334 0.03796296296296296
1 0.3455729166666667 0.23333333333333334 0.027604166666666666 0.06296296296296296
1 0.5421875 0.12037037037037036 0.058333333333333334 0.053703703703703705
1 0.3223958333333333 0.18425925925925926 0.040625 0.06481481481481481
1 0.496875 0.09444444444444444 0.026041666666666668 0.044444444444444446
1 0.8315104166666667 0.17685185185185184 0.04010416666666667 0.06666666666666667
1 0.3497395833333333 0.21157407407407408 0.049479166666666664 0.06759259259259259
1 0.8864583333333333 0.17777777777777778 0.04375 0.05555555555555555
1 0.40286458333333336 0.18333333333333332 0.0390625 0.046296296296296294
1 0.47630208333333335 0.09074074074074075 0.0234375 0.04259259259259259
1 0.8458333333333333 0.18935185185185185 0.041666666666666664 0.05648148148148148
1 0.6322916666666667 0.09675925925925925 0.03333333333333333 0.03796296296296296
1 0.23567708333333334 0.13240740740740742 0.0328125 0.024074074074074074
1 0.70546875 0.12129629629629629 0.028645833333333332 0.02962962962962963
1 0.6859375 0.1398148148148148 0.03958333333333333 0.040740740740740744
1 0.30052083333333335 0.08287037037037037 0.029166666666666667 0.032407407407407406
1 0.52265625 0.2050925925925926 0.03697916666666667 0.04537037037037037
1 0.51015625 0.10972222222222222 0.0234375 0.041666666666666664
1 0.22760416666666666 0.11805555555555555 0.030208333333333334 0.030555555555555555
1 0.17317708333333334 0.1685185185185185 0.0328125 0.04814814814814815
1 0.30703125 0.15231481481481482 0.03177083333333333 0.04722222222222222
1 0.3625 0.14027777777777778 0.034375 0.04722222222222222