3 0.9489583333333333 0.6347222222222222 0.10104166666666667 0.3509259259259259
2 0.8424479166666666 0.1398148148148148 0.0703125 0.15185185185185185
1 0.7872395833333333 0.5356481481481481 0.10572916666666667 0.1287037037037037
1 0.22239583333333332 0.8740740740740741 0.15416666666666667 0.18333333333333332
1 0.7640625 0.3875 0.07708333333333334 0.10462962962962963
1 0.69765625 0.6837962962962963 0.13177083333333334 0.17685185185185184
1 0.30494791666666665 0.9597222222222223 0.1453125 0.0787037037037037
1 0.8705729166666667 0.6277777777777778 0.0734375 0.1574074074074074
1 0.6588541666666666 0.4152777777777778 0.07916666666666666 0.10833333333333334
1 0.5765625 0.350462962962963 0.071875 0.09351851851851851
1 0.18567708333333333 0.3490740740740741 0.0640625 0.09074074074074075
1 0.9255208333333333 0.3277777777777778 0.07291666666666667 0.06851851851851852
1 0.8682291666666667 0.26666666666666666 0.059375 0.07222222222222222
1 0.41380208333333335 0.5902777777777778 0.14114583333333333 0.2064814814814815
1 0.7171875 0.33425925925925926 0.07083333333333333 0.10185185185185185
1 0.7796875 0.25972222222222224 0.057291666666666664 0.05648148148148148
1 0.409375 0.29074074074074074 0.06458333333333334 0.09814814814814815
1 0.6473958333333333 0.5898148148148148 0.10208333333333333 0.15
1 0.49921875 0.1865740740740741 0.04010416666666667 0.06388888888888888
1 0.2864583333333333 0.2689814814814815 0.04791666666666667 0.06388888888888888
1 0.19635416666666666 0.27685185185185185 0.04895833333333333 0.07037037037037037
1 0.7270833333333333 0.2 0.04583333333333333 0.07592592592592592
1 0.4510416666666667 0.35462962962962963 0.06770833333333333 0.11481481481481481
1 0.6455729166666667 0.16898148148148148 0.03802083333333333 0.04722222222222222
1 0.5151041666666667 0.3 0.05 0.08333333333333333
1 0.33880208333333334 0.4023148148148148 0.0734375 0.10092592592592593
1 0.60234375 0.17407407407407408 0.0390625 0.03888888888888889
1 0.9817708333333334 0.3726851851851852 0.035416666666666666 0.09537037037037037
1 0.471875 0.39490740740740743 0.06666666666666667 0.10462962962962963
1 0.46953125 0.17037037037037037 0.030729166666666665 0.046296296296296294
1 0.37421875 0.1638888888888889 0.03177083333333333 0.046296296296296294
1 0.37786458333333334 0.25277777777777777 0.0421875 0.06851851851851852
1 0.43463541666666666 0.14722222222222223 0.03802083333333333 0.05
1 0.54296875 0.31851851851851853 0.0609375 0.09074074074074075
1 0.5552083333333333 0.15 0.030208333333333334 0.037037037037037035
1 0.8877604166666667 0.16805555555555557 0.030729166666666665 0.06574074074074074
1 0.4747395833333333 0.2513888888888889 0.05260416666666667 0.08611111111111111
1 0.22890625 0.6902777777777778 0.1078125 0.17685185185185184
1 0.3606770833333333 0.22407407407407406 0.0421875 0.06666666666666667
1 0.23411458333333332 0.14305555555555555 0.0390625 0.062037037037037036
1 0.4518229166666667 0.22916666666666666 0.04010416666666667 0.06759259259259259
1 0.17213541666666668 0.1638888888888889 0.033854166666666664 0.03888888888888889
1 0.3578125 0.13935185185185187 0.03229166666666667 0.04351851851851852
1 0.4671875 0.08842592592592592 0.028125 0.041666666666666664
1 0.4283854166666667 0.2064814814814815 0.049479166666666664 0.06296296296296296
1 0.26067708333333334 0.20324074074074075 0.049479166666666664 0.05648148148148148
1 0.8255208333333334 0.23981481481481481 0.04791666666666667 0.06666666666666667
1 0.7026041666666667 0.16064814814814815 0.0375 0.062037037037037036
1 0.9536458333333333 0.2912037037037037 0.06354166666666666 0.08425925925925926
1 0.2765625 0.24259259259259258 0.046875 0.06296296296296296
1 0.5049479166666667 0.4462962962962963 0.1015625 0.15925925925925927
1 0.4005208333333333 0.17916666666666667 0.03958333333333333 0.06388888888888888
1 0.2794270833333333 0.11574074074074074 0.028645833333333332 0.046296296296296294
1 0.3065104166666667 0.15648148148148147 0.03177083333333333 0.05740740740740741
1 0.48541666666666666 0.10046296296296296 0.025 0.032407407407407406
1 0.98671875 0.26296296296296295 0.025520833333333333 0.06851851851851852
1 0.5859375 0.11064814814814815 0.03333333333333333 0.05092592592592592
1 0.9286458333333333 0.2375 0.057291666666666664 0.08425925925925926
1 0.33880208333333334 0.19722222222222222 0.03802083333333333 0.06666666666666667
1 0.24869791666666666 0.1675925925925926 0.0359375 0.05185185185185185
1 0.8143229166666667 0.2037037037037037 0.04635416666666667 0.05925925925925926
1 0.5138020833333333 0.10694444444444444 0.030729166666666665 0.041666666666666664
1 0.31875 0.16898148148148148 0.03333333333333333 0.058333333333333334
1 0.178125 0.19166666666666668 0.04375 0.03333333333333333
1 0.46822916666666664 0.7 0.12916666666666668 0.17592592592592593
1 0.34348958333333335 0.07731481481481481 0.0234375 0.032407407407407406
1 0.16640625 0.09305555555555556 0.028645833333333332 0.030555555555555555
1 0.16901041666666666 0.12129629629629629 0.030729166666666665 0.022222222222222223
1 0.5447916666666667 0.12222222222222222 0.034375 0.037037037037037035
1 0.39765625 0.06712962962962964 0.018229166666666668 0.021296296296296296
1 0.6421875 0.13472222222222222 0.026041666666666668 0.028703703703703703
1 0.3450520833333333 0.21574074074074073 0.025520833333333333 0.05740740740740741
1 0.75078125 0.14814814814814814 0.0390625 0.05
1 0.33541666666666664 0.3578703703703704 0.07291666666666667 0.08796296296296297
1 0.34036458333333336 0.12638888888888888 0.024479166666666666 0.03611111111111111
1 0.5528645833333333 0.11851851851851852 0.018229166666666668 0.02962962962962963
1 0.5229166666666667 0.11296296296296296 0.020833333333333332 0.046296296296296294
1 0.67734375 0.1425925925925926 0.033854166666666664 0.05555555555555555
1 0.18463541666666666 0.2564814814814815 0.04635416666666667 0.06111111111111111
1 0.6111979166666667 0.12638888888888888 0.027604166666666666 0.021296296296296296
1 0.56171875 0.10046296296296296 0.024479166666666666 0.03981481481481482
1 0.5848958333333333 0.08194444444444444 0.023958333333333335 0.01574074074074074
1 0.16953125 0.14166666666666666 0.030729166666666665 0.03148148148148148
1 0.6197916666666666 0.1087962962962963 0.023958333333333335 0.032407407407407406
1 0.6036458333333333 0.14537037037037037 0.023958333333333335 0.025925925925925925
1 0.17604166666666668 0.20972222222222223 0.04895833333333333 0.06944444444444445
1 0.6971354166666667 0.11296296296296296 0.018229166666666668 0.03518518518518519
1 0.4234375 0.12916666666666668 0.03125 0.03981481481481482
1 0.40651041666666665 0.11944444444444445 0.0296875 0.053703703703703705
1 0.62734375 0.15185185185185185 0.028645833333333332 0.04259259259259259
1 0.8002604166666667 0.1425925925925926 0.019270833333333334 0.05740740740740741
1 0.24010416666666667 0.1111111111111111 0.025 0.025925925925925925
1 0.646875 0.10925925925925926 0.020833333333333332 0.027777777777777776
1 0.20963541666666666 0.11666666666666667 0.027604166666666666 0.040740740740740744