2 0.8341145833333333 0.14351851851851852 0.07552083333333333 0.13703703703703704
2 0.6848958333333334 0.37962962962962965 0.11354166666666667 0.21481481481481482
2 0.984375 0.18009259259259258 0.030208333333333334 0.18425925925925926
2 0.7692708333333333 0.08981481481481482 0.05625 0.08888888888888889
1 0.709375 0.6810185185185185 0.125 0.15833333333333333
1 0.58984375 0.3509259259259259 0.06927083333333334 0.09074074074074075
1 0.20911458333333333 0.586574074074074 0.09635416666666667 0.13055555555555556
1 0.49947916666666664 0.41944444444444445 0.08020833333333334 0.1111111111111111
1 0.3619791666666667 0.43148148148148147 0.08125 0.10925925925925926
1 0.7848958333333333 0.8222222222222222 0.14479166666666668 0.20185185185185187
1 0.28359375 0.29398148148148145 0.05677083333333333 0.075
1 0.5166666666666667 0.29212962962962963 0.05416666666666667 0.07685185185185185
1 0.60546875 0.2722222222222222 0.05364583333333333 0.07222222222222222
1 0.421875 0.6435185185185185 0.10208333333333333 0.1574074074074074
1 0.6533854166666667 0.2 0.04635416666666667 0.040740740740740744
1 0.4830729166666667 0.25925925925925924 0.0546875 0.06851851851851852
1 0.18958333333333333 0.524074074074074 0.096875 0.11481481481481481
1 0.19114583333333332 0.26435185185185184 0.04791666666666667 0.07314814814814814
1 0.6145833333333334 0.3958333333333333 0.042708333333333334 0.10092592592592593
1 0.74453125 0.2388888888888889 0.049479166666666664 0.05925925925925926
1 0.26484375 0.21203703703703702 0.0390625 0.053703703703703705
1 0.7942708333333334 0.524537037037037 0.11666666666666667 0.19537037037037036
1 0.6153645833333333 0.15787037037037038 0.0359375 0.049074074074074076
1 0.8786458333333333 0.26481481481481484 0.06145833333333333 0.09444444444444444
1 0.5734375 0.24444444444444444 0.053125 0.07777777777777778
1 0.42630208333333336 0.30972222222222223 0.0671875 0.11388888888888889
1 0.4786458333333333 0.7231481481481481 0.13645833333333332 0.22777777777777777
1 0.34270833333333334 0.3768518518518518 0.08541666666666667 0.13333333333333333
1 0.6859375 0.1310185185185185 0.020833333333333332 0.041666666666666664
1 0.365625 0.26435185185185184 0.03333333333333333 0.06388888888888888
1 0.5625 0.13194444444444445 0.03229166666666667 0.04537037037037037
1 0.18411458333333333 0.4375 0.07135416666666666 0.11018518518518519
1 0.9872395833333333 0.27175925925925926 0.024479166666666666 0.08055555555555556
1 0.45078125 0.2324074074074074 0.0453125 0.06666666666666667
1 0.35572916666666665 0.1425925925925926 0.042708333333333334 0.05185185185185185
1 0.38984375 0.16620370370370371 0.03697916666666667 0.05648148148148148
1 0.5989583333333334 0.1476851851851852 0.03333333333333333 0.049074074074074076
1 0.9208333333333333 0.1824074074074074 0.040625 0.06666666666666667
1 0.35572916666666665 0.2263888888888889 0.051041666666666666 0.07685185185185185
1 0.18776041666666668 0.21342592592592594 0.04010416666666667 0.049074074074074076
1 0.5028645833333333 0.1037037037037037 0.03177083333333333 0.04814814814814815
1 0.24739583333333334 0.1685185185185185 0.0375 0.05
1 0.5260416666666666 0.12083333333333333 0.019791666666666666 0.032407407407407406
1 0.7127604166666667 0.1884259259259259 0.0421875 0.0712962962962963
1 0.2635416666666667 0.09953703703703703 0.026041666666666668 0.03796296296296296
1 0.23359375 0.14166666666666666 0.0265625 0.040740740740740744
1 0.7223958333333333 0.13518518518518519 0.03125 0.03518518518518519
1 0.32760416666666664 0.11481481481481481 0.036458333333333336 0.03518518518518519
1 0.33541666666666664 0.20185185185185187 0.03229166666666667 0.05555555555555555
1 0.7317708333333334 0.2050925925925926 0.04583333333333333 0.06018518518518518
1 0.47994791666666664 0.09814814814814815 0.0234375 0.03518518518518519
1 0.25859375 0.19074074074074074 0.044270833333333336 0.044444444444444446
1 0.40130208333333334 0.18472222222222223 0.030729166666666665 0.058333333333333334
1 0.18776041666666668 0.37777777777777777 0.07760416666666667 0.12222222222222222
1 0.27760416666666665 0.11388888888888889 0.029166666666666667 0.044444444444444446
1 0.9005208333333333 0.17175925925925925 0.03854166666666667 0.06759259259259259
1 0.775 0.22037037037037038 0.040625 0.05925925925925926
1 0.8078125 0.1865740740740741 0.03958333333333333 0.06759259259259259
1 0.8315104166666667 0.2074074074074074 0.04739583333333333 0.07407407407407407
1 0.31744791666666666 0.16157407407407406 0.033854166666666664 0.05648148148148148
1 0.41875 0.0699074074074074 0.017708333333333333 0.028703703703703703
1 0.3302083333333333 0.18009259259259258 0.042708333333333334 0.05092592592592592
1 0.65703125 0.13703703703703704 0.0421875 0.06296296296296296
1 0.3723958333333333 0.09861111111111111 0.026041666666666668 0.04722222222222222
1 0.42630208333333336 0.19305555555555556 0.04114583333333333 0.06759259259259259
1 0.22786458333333334 0.13148148148148148 0.03697916666666667 0.03888888888888889
1 0.16875 0.0837962962962963 0.027083333333333334 0.028703703703703703
1 0.5901041666666667 0.13564814814814816 0.03125 0.06018518518518518
1 0.9520833333333333 0.1884259259259259 0.042708333333333334 0.07685185185185185
1 0.3963541666666667 0.2791666666666667 0.04791666666666667 0.10462962962962963
1 0.61953125 0.1175925925925926 0.0328125 0.040740740740740744
1 0.3958333333333333 0.11481481481481481 0.034375 0.046296296296296294
1 0.29322916666666665 0.1361111111111111 0.034375 0.05
1 0.43984375 0.1476851851851852 0.030729166666666665 0.05277777777777778
1 0.7671875 0.1527777777777778 0.03854166666666667 0.05740740740740741
1 0.5776041666666667 0.10462962962962963 0.023958333333333335 0.037037037037037035
1 0.15989583333333332 0.1814814814814815 0.01875 0.040740740740740744
1 0.58984375 0.08148148148148149 0.028645833333333332 0.027777777777777776
1 0.7377604166666667 0.14212962962962963 0.027604166666666666 0.026851851851851852
1 0.16822916666666668 0.13703703703703704 0.03333333333333333 0.04814814814814815
1 0.44505208333333335 0.07777777777777778 0.018229166666666668 0.03333333333333333
1 0.3890625 0.29305555555555557 0.03125 0.07685185185185185
1 0.6411458333333333 0.10092592592592593 0.022916666666666665 0.024074074074074074
1 0.5466145833333333 0.06666666666666667 0.025520833333333333 0.03333333333333333
1 0.484375 0.3768518518518518 0.06666666666666667 0.1
1 0.18046875 0.20416666666666666 0.0390625 0.05092592592592592