1 0.22942708333333334 0.6782407407407407 0.12447916666666667 0.1712962962962963
1 0.4192708333333333 0.6101851851851852 0.109375 0.1388888888888889
1 0.7622395833333333 0.8240740740740741 0.17864583333333334 0.2740740740740741
1 0.6067708333333334 0.5476851851851852 0.1 0.13796296296296295
1 0.19583333333333333 0.4078703703703704 0.08020833333333334 0.10833333333333334
1 0.8643229166666667 0.5847222222222223 0.1203125 0.1935185185185185
1 0.5174479166666667 0.43333333333333335 0.08177083333333333 0.11851851851851852
1 0.621875 0.26805555555555555 0.058333333333333334 0.09166666666666666
1 0.6447916666666667 0.3972222222222222 0.08333333333333333 0.1111111111111111
1 0.6119791666666666 0.3726851851851852 0.06145833333333333 0.09537037037037037
1 0.7203125 0.45740740740740743 0.0875 0.1259259259259259
1 0.48828125 0.27037037037037037 0.05572916666666667 0.07037037037037037
1 0.14166666666666666 0.37546296296296294 0.06354166666666666 0.11018518518518519
1 0.4747395833333333 0.3976851851851852 0.06197916666666667 0.09907407407407408
1 0.32317708333333334 0.3578703703703704 0.06614583333333333 0.08796296296296297
1 0.35234375 0.4425925925925926 0.07552083333333333 0.11296296296296296
1 0.54921875 0.3101851851851852 0.06822916666666666 0.1037037037037037
1 0.18958333333333333 0.3333333333333333 0.057291666666666664 0.05555555555555555
1 0.75625 0.2523148148148148 0.05416666666666667 0.049074074074074076
1 0.28125 0.2777777777777778 0.04583333333333333 0.07222222222222222
1 0.37864583333333335 0.2657407407407407 0.040625 0.07037037037037037
1 0.37395833333333334 0.4930555555555556 0.08541666666666667 0.1175925925925926
1 0.5393229166666667 0.21805555555555556 0.044270833333333336 0.06944444444444445
1 0.79453125 0.3824074074074074 0.0796875 0.12407407407407407
1 0.9372395833333333 0.2851851851851852 0.06302083333333333 0.09074074074074075
1 0.5192708333333333 0.13472222222222222 0.03229166666666667 0.03611111111111111
1 0.41510416666666666 0.28425925925925927 0.05416666666666667 0.09074074074074075
1 0.44114583333333335 0.22546296296296298 0.046875 0.062037037037037036
1 0.17135416666666667 0.262037037037037 0.04583333333333333 0.06666666666666667
1 0.7536458333333333 0.18472222222222223 0.03854166666666667 0.05462962962962963
1 0.70078125 0.18055555555555555 0.0359375 0.03148148148148148
1 0.5809895833333333 0.24166666666666667 0.049479166666666664 0.08148148148148149
1 0.69765625 0.3351851851851852 0.06927083333333334 0.09259259259259259
1 0.6989583333333333 0.2199074074074074 0.053125 0.07314814814814814
1 0.4515625 0.34953703703703703 0.07291666666666667 0.11018518518518519
1 0.36796875 0.24351851851851852 0.0421875 0.06666666666666667
1 0.6223958333333334 0.18564814814814815 0.03854166666666667 0.041666666666666664
1 0.4083333333333333 0.12361111111111112 0.030208333333333334 0.04351851851851852
1 0.98828125 0.27546296296296297 0.022395833333333334 0.0787037037037037
1 0.6645833333333333 0.1962962962962963 0.036458333333333336 0.040740740740740744
1 0.78359375 0.1439814814814815 0.0265625 0.041666666666666664
1 0.9692708333333333 0.22685185185185186 0.05520833333333333 0.06111111111111111
1 0.32734375 0.19583333333333333 0.0328125 0.05462962962962963
1 0.37994791666666666 0.15925925925925927 0.0296875 0.04259259259259259
1 0.5994791666666667 0.09768518518518518 0.026041666666666668 0.032407407407407406
1 0.29609375 0.13472222222222222 0.028645833333333332 0.04722222222222222
1 0.41458333333333336 0.20277777777777778 0.042708333333333334 0.06111111111111111
1 0.5244791666666667 0.2023148148148148 0.046875 0.0787037037037037
1 0.28411458333333334 0.12638888888888888 0.025520833333333333 0.041666666666666664
1 0.37109375 0.09444444444444444 0.030729166666666665 0.040740740740740744
1 0.6638020833333333 0.1726851851851852 0.0390625 0.04351851851851852
1 0.4940104166666667 0.10185185185185185 0.0265625 0.03148148148148148
1 0.8018229166666667 0.18009259259259258 0.030729166666666665 0.030555555555555555
1 0.7005208333333334 0.1388888888888889 0.030208333333333334 0.046296296296296294
1 0.21875 0.1125 0.034375 0.03981481481481482
1 0.3294270833333333 0.16712962962962963 0.03802083333333333 0.04351851851851852
1 0.17057291666666666 0.12777777777777777 0.04010416666666667 0.044444444444444446
1 0.3125 0.3087962962962963 0.05625 0.0824074074074074
1 0.5841145833333333 0.13055555555555556 0.0265625 0.025925925925925925
1 0.5953125 0.16805555555555557 0.030208333333333334 0.03611111111111111
1 0.35234375 0.2111111111111111 0.043229166666666666 0.07407407407407407
1 0.18203125 0.23287037037037037 0.0421875 0.062037037037037036
1 0.2604166666666667 0.22175925925925927 0.053125 0.08611111111111111
1 0.9291666666666667 0.225 0.03958333333333333 0.04814814814814815
1 0.4080729166666667 0.17731481481481481 0.04010416666666667 0.06388888888888888
1 0.7010416666666667 0.10601851851851851 0.027083333333333334 0.03425925925925926
1 0.75703125 0.13703703703703704 0.028645833333333332 0.040740740740740744
1 0.6294270833333333 0.1287037037037037 0.0296875 0.044444444444444446
1 0.34375 0.08009259259259259 0.019791666666666666 0.032407407407407406
1 0.5609375 0.08657407407407407 0.019791666666666666 0.04351851851851852
1 0.5731770833333333 0.1574074074074074 0.0296875 0.03333333333333333
1 0.90078125 0.2023148148148148 0.0359375 0.05462962962962963
1 0.35052083333333334 0.13287037037037036 0.029166666666666667 0.03796296296296296
1 0.5200520833333333 0.09027777777777778 0.0265625 0.041666666666666664
1 0.6861979166666666 0.15046296296296297 0.033854166666666664 0.03611111111111111
1 0.2799479166666667 0.11574074074074074 0.034895833333333334 0.03333333333333333
1 0.81015625 0.23472222222222222 0.0484375 0.08055555555555556
1 0.596875 0.11296296296296296 0.027083333333333334 0.02962962962962963
1 0.17838541666666666 0.17546296296296296 0.044270833333333336 0.06018518518518518
1 0.453125 0.08981481481481482 0.027083333333333334 0.040740740740740744
1 0.5377604166666666 0.07083333333333333 0.021354166666666667 0.032407407407407406
1 0.33177083333333335 0.11712962962962963 0.025 0.041666666666666664
1 0.6739583333333333 0.10462962962962963 0.029166666666666667 0.044444444444444446
1 0.4783854166666667 0.09166666666666666 0.0234375 0.04259259259259259
1 0.43046875 0.08657407407407407 0.018229166666666668 0.025
1 0.890625 0.22824074074074074 0.025 0.06944444444444445
1 0.21848958333333332 0.0837962962962963 0.025520833333333333 0.028703703703703703
1 0.6721354166666667 0.13842592592592592 0.028645833333333332 0.025
1 0.4002604166666667 0.11435185185185186 0.0265625 0.04351851851851852
1 0.3723958333333333 0.14953703703703702 0.030208333333333334 0.049074074074074076
1 0.8708333333333333 0.22824074074074074 0.06458333333333334 0.06944444444444445
1 0.3528645833333333 0.09444444444444444 0.011979166666666667 0.03148148148148148
1 0.40390625 0.06666666666666667 0.018229166666666668 0.022222222222222223
1 0.16927083333333334 0.20324074074074075 0.03854166666666667 0.062037037037037036
1 0.24244791666666668 0.16111111111111112 0.03802083333333333 0.06111111111111111
1 0.31015625 0.16157407407407406 0.028645833333333332 0.05648148148148148
1 0.6036458333333333 0.14074074074074075 0.025 0.027777777777777776
1 0.2375 0.13518518518518519 0.036458333333333336 0.03148148148148148
1 0.26458333333333334 0.09953703703703703 0.028125 0.041666666666666664
1 0.31015625 0.09583333333333334 0.0265625 0.03796296296296296
1 0.62578125 0.1486111111111111 0.03177083333333333 0.03796296296296296