2 0.896875 0.16018518518518518 0.08645833333333333 0.14629629629629629
2 0.5924479166666666 0.30324074074074076 0.0859375 0.17685185185185184
2 0.8184895833333333 0.09953703703703703 0.06197916666666667 0.09351851851851851
1 0.7356770833333334 0.7203703703703703 0.13802083333333334 0.1814814814814815
1 0.5955729166666667 0.5615740740740741 0.09947916666666666 0.1398148148148148
1 0.8619791666666666 0.6134259259259259 0.11979166666666667 0.1527777777777778
1 0.8572916666666667 0.29259259259259257 0.06145833333333333 0.06666666666666667
1 0.8953125 0.2611111111111111 0.057291666666666664 0.07037037037037037
1 0.55546875 0.49675925925925923 0.0859375 0.11574074074074074
1 0.8953125 0.8930555555555556 0.18333333333333332 0.21203703703703702
1 0.2 0.4675925925925926 0.078125 0.1037037037037037
1 0.5158854166666667 0.29305555555555557 0.05572916666666667 0.07685185185185185
1 0.44635416666666666 0.34120370370370373 0.06666666666666667 0.09351851851851851
1 0.32760416666666664 0.350462962962963 0.06770833333333333 0.09166666666666666
1 0.6666666666666666 0.4046296296296296 0.09270833333333334 0.15185185185185185
1 0.9348958333333334 0.5023148148148148 0.10625 0.13425925925925927
1 0.42109375 0.30972222222222223 0.0515625 0.0824074074074074
1 0.38828125 0.5263888888888889 0.09635416666666667 0.15462962962962962
1 0.6671875 0.1824074074074074 0.040625 0.05555555555555555
1 0.8203125 0.24074074074074073 0.051041666666666666 0.07037037037037037
1 0.5364583333333334 0.32175925925925924 0.035416666666666666 0.08055555555555556
1 0.35911458333333335 0.4837962962962963 0.07447916666666667 0.1175925925925926
1 0.3106770833333333 0.31157407407407406 0.06822916666666666 0.11388888888888889
1 0.9859375 0.31851851851851853 0.027083333333333334 0.1037037037037037
1 0.3328125 0.19814814814814816 0.04479166666666667 0.07037037037037037
1 0.18645833333333334 0.22962962962962963 0.042708333333333334 0.06481481481481481
1 0.25416666666666665 0.18703703703703703 0.035416666666666666 0.05
1 0.5552083333333333 0.2300925925925926 0.042708333333333334 0.06574074074074074
1 0.44427083333333334 0.22268518518518518 0.04583333333333333 0.06018518518518518
1 0.5236979166666667 0.20879629629629629 0.043229166666666666 0.06944444444444445
1 0.18359375 0.18935185185185185 0.0390625 0.04722222222222222
1 0.56484375 0.13518518518518519 0.03177083333333333 0.03888888888888889
1 0.26927083333333335 0.25046296296296294 0.05 0.06574074074074074
1 0.9380208333333333 0.24027777777777778 0.052083333333333336 0.08425925925925926
1 0.6002604166666666 0.14722222222222223 0.034895833333333334 0.05
1 0.4390625 0.07685185185185185 0.022916666666666665 0.03333333333333333
1 0.74140625 0.24166666666666667 0.05572916666666667 0.05185185185185185
1 0.39739583333333334 0.25972222222222224 0.057291666666666664 0.09907407407407408
1 0.31796875 0.17731481481481481 0.03177083333333333 0.05092592592592592
1 0.40963541666666664 0.12731481481481483 0.0421875 0.049074074074074076
1 0.1890625 0.31157407407407406 0.05416666666666667 0.10277777777777777
1 0.19244791666666666 0.42268518518518516 0.07760416666666667 0.09537037037037037
1 0.6536458333333334 0.16898148148148148 0.036458333333333336 0.05462962962962963
1 0.215625 0.11296296296296296 0.03125 0.05185185185185185
1 0.17526041666666667 0.3578703703703704 0.0609375 0.09907407407407408
1 0.50390625 0.10787037037037037 0.015104166666666667 0.03796296296296296
1 0.28411458333333334 0.12546296296296297 0.0296875 0.04537037037037037
1 0.37135416666666665 0.14814814814814814 0.034375 0.05
1 0.4239583333333333 0.1935185185185185 0.0375 0.040740740740740744
1 0.6299479166666667 0.15601851851851853 0.034895833333333334 0.06018518518518518
1 0.35833333333333334 0.08564814814814815 0.022916666666666665 0.03611111111111111
1 0.25677083333333334 0.09212962962962963 0.021875 0.03796296296296296
1 0.36223958333333334 0.2513888888888889 0.033854166666666664 0.06944444444444445
1 0.3296875 0.11944444444444445 0.019791666666666666 0.03333333333333333
1 0.9716145833333333 0.1675925925925926 0.03697916666666667 0.027777777777777776
1 0.23072916666666668 0.12824074074074074 0.03125 0.03796296296296296
1 0.7330729166666666 0.14907407407407408 0.019270833333333334 0.044444444444444446
1 0.61484375 0.0875 0.030729166666666665 0.030555555555555555
1 0.3958333333333333 0.16064814814814815 0.035416666666666666 0.04351851851851852
1 0.4817708333333333 0.09212962962962963 0.021875 0.041666666666666664
1 0.3580729166666667 0.22546296296296298 0.05364583333333333 0.06759259259259259
1 0.5864583333333333 0.11203703703703703 0.022916666666666665 0.037037037037037035
1 0.30104166666666665 0.14629629629629629 0.030208333333333334 0.05
1 0.31875 0.10555555555555556 0.03229166666666667 0.03148148148148148
1 0.34869791666666666 0.12777777777777777 0.03177083333333333 0.044444444444444446
1 0.46484375 0.0837962962962963 0.019270833333333334 0.03796296296296296
1 0.63203125 0.10462962962962963 0.0234375 0.020370370370370372
1 0.4153645833333333 0.07083333333333333 0.021354166666666667 0.028703703703703703
1 0.39401041666666664 0.19537037037037036 0.034895833333333334 0.03333333333333333
1 0.5208333333333334 0.11296296296296296 0.026041666666666668 0.04814814814814815
1 0.8010416666666667 0.1638888888888889 0.029166666666666667 0.03518518518518519
1 0.17578125 0.18055555555555555 0.034895833333333334 0.046296296296296294
1 0.9674479166666666 0.22361111111111112 0.0546875 0.08611111111111111
1 0.2703125 0.10277777777777777 0.029166666666666667 0.03888888888888889
1 0.82578125 0.19490740740740742 0.021354166666666667 0.028703703703703703
1 0.471875 0.24722222222222223 0.04583333333333333 0.06666666666666667
1 0.6778645833333333 0.11203703703703703 0.027604166666666666 0.025925925925925925
1 0.31354166666666666 0.1587962962962963 0.041666666666666664 0.04722222222222222
1 0.16901041666666666 0.1597222222222222 0.0421875 0.04722222222222222
1 0.2453125 0.1699074074074074 0.041666666666666664 0.04537037037037037
1 0.3796875 0.10138888888888889 0.03229166666666667 0.03981481481481482
1 0.8338541666666667 0.17685185185185184 0.042708333333333334 0.06666666666666667
1 0.6572916666666667 0.12685185185185185 0.03333333333333333 0.03888888888888889
1 0.52734375 0.07824074074074074 0.024479166666666666 0.030555555555555555
1 0.8 0.21712962962962962 0.03958333333333333 0.07314814814814814