3 0.9708333333333333 0.28888888888888886 0.057291666666666664 0.10925925925925926
2 0.9401041666666666 0.18935185185185185 0.09166666666666666 0.18611111111111112
1 0.24583333333333332 0.8680555555555556 0.16875 0.2212962962962963
1 0.43203125 0.6685185185185185 0.12447916666666667 0.16666666666666666
1 0.65859375 0.42916666666666664 0.08697916666666666 0.11203703703703703
1 0.20677083333333332 0.6430555555555556 0.11875 0.1527777777777778
1 0.13645833333333332 0.39166666666666666 0.06770833333333333 0.09259259259259259
1 0.78984375 0.8208333333333333 0.1484375 0.20277777777777778
1 0.40572916666666664 0.5263888888888889 0.096875 0.13240740740740742
1 0.6346354166666667 0.9486111111111111 0.19427083333333334 0.10092592592592593
1 0.3515625 0.43703703703703706 0.07916666666666666 0.11296296296296296
1 0.50859375 0.2912037037037037 0.058854166666666666 0.07685185185185185
1 0.8252604166666667 0.5527777777777778 0.11822916666666666 0.18518518518518517
1 0.49192708333333335 0.41388888888888886 0.0765625 0.10555555555555556
1 0.9848958333333333 0.7449074074074075 0.029166666666666667 0.17314814814814813
1 0.5661458333333333 0.33287037037037037 0.06666666666666667 0.09351851851851851
1 0.8171875 0.24027777777777778 0.05 0.06574074074074074
1 0.5528645833333333 0.4675925925925926 0.09010416666666667 0.14444444444444443
1 0.4596354166666667 0.3662037037037037 0.0671875 0.09351851851851851
1 0.18828125 0.33240740740740743 0.059895833333333336 0.08518518518518518
1 0.9369791666666667 0.475 0.10416666666666667 0.15925925925925927
1 0.7432291666666667 0.35462962962962963 0.075 0.1111111111111111
1 0.48671875 0.17685185185185184 0.03802083333333333 0.053703703703703705
1 0.40286458333333336 0.12222222222222222 0.022395833333333334 0.03888888888888889
1 0.4453125 0.2212962962962963 0.036458333333333336 0.05740740740740741
1 0.7197916666666667 0.20046296296296295 0.04375 0.06018518518518518
1 0.8158854166666667 0.19907407407407407 0.04635416666666667 0.05740740740740741
1 0.3033854166666667 0.31574074074074077 0.07135416666666666 0.12037037037037036
1 0.425 0.3 0.06041666666666667 0.1
1 0.8861979166666667 0.1699074074074074 0.027604166666666666 0.062037037037037036
1 0.42734375 0.13425925925925927 0.03802083333333333 0.06111111111111111
1 0.6713541666666667 0.17685185185185184 0.03854166666666667 0.06296296296296296
1 0.8520833333333333 0.4083333333333333 0.09375 0.12777777777777777
1 0.9364583333333333 0.924074074074074 0.12604166666666666 0.15
1 0.3859375 0.175 0.03333333333333333 0.044444444444444446
1 0.5747395833333333 0.15925925925925927 0.0359375 0.03518518518518519
1 0.40703125 0.18564814814814815 0.03697916666666667 0.05462962962962963
1 0.3684895833333333 0.14953703703703702 0.033854166666666664 0.05092592592592592
1 0.37604166666666666 0.24351851851851852 0.052083333333333336 0.08148148148148149
1 0.7377604166666667 0.1439814814814815 0.0296875 0.041666666666666664
1 0.384375 0.10277777777777777 0.025 0.03518518518518519
1 0.4661458333333333 0.16018518518518518 0.035416666666666666 0.05740740740740741
1 0.71796875 0.6736111111111112 0.1328125 0.21574074074074073
1 0.5604166666666667 0.12453703703703704 0.029166666666666667 0.03981481481481482
1 0.20989583333333334 0.16805555555555557 0.042708333333333334 0.06944444444444445
1 0.4322916666666667 0.2050925925925926 0.0375 0.06574074074074074
1 0.32369791666666664 0.18472222222222223 0.044270833333333336 0.058333333333333334
1 0.5739583333333333 0.11064814814814815 0.03229166666666667 0.03981481481481482
1 0.484375 0.2439814814814815 0.059375 0.08425925925925926
1 0.39166666666666666 0.2777777777777778 0.04375 0.07037037037037037
1 0.2716145833333333 0.15787037037037038 0.033854166666666664 0.058333333333333334
1 0.7158854166666667 0.31851851851851853 0.07239583333333334 0.12037037037037036
1 0.35651041666666666 0.2212962962962963 0.0390625 0.07222222222222222
1 0.16328125 0.2601851851851852 0.0421875 0.06481481481481481
1 0.6703125 0.1087962962962963 0.027083333333333334 0.03425925925925926
1 0.7067708333333333 0.1587962962962963 0.036458333333333336 0.058333333333333334
1 0.80703125 0.1625 0.04010416666666667 0.06018518518518518
1 0.5255208333333333 0.1310185185185185 0.020833333333333332 0.032407407407407406
1 0.6325520833333333 0.10555555555555556 0.027604166666666666 0.03148148148148148
1 0.15625 0.0962962962962963 0.026041666666666668 0.040740740740740744
1 0.6794270833333333 0.12453703703703704 0.030729166666666665 0.03796296296296296
1 0.5958333333333333 0.09768518518518518 0.023958333333333335 0.03425925925925926
1 0.2682291666666667 0.1050925925925926 0.022916666666666665 0.03981481481481482
1 0.5052083333333334 0.12314814814814815 0.026041666666666668 0.03148148148148148
1 0.784375 0.12129629629629629 0.03958333333333333 0.03518518518518519
1 0.7583333333333333 0.18287037037037038 0.030208333333333334 0.058333333333333334
1 0.6299479166666667 0.15601851851851853 0.043229166666666666 0.06759259259259259
1 0.6830729166666667 0.14212962962962963 0.03177083333333333 0.03425925925925926
1 0.6583333333333333 0.1037037037037037 0.021875 0.03333333333333333
1 0.24114583333333334 0.16574074074074074 0.030208333333333334 0.05555555555555555
1 0.26223958333333336 0.24675925925925926 0.028645833333333332 0.06388888888888888
1 0.6200520833333333 0.08657407407407407 0.025520833333333333 0.03611111111111111
1 0.3299479166666667 0.06898148148148148 0.016145833333333335 0.021296296296296296
1 0.34921875 0.1361111111111111 0.030729166666666665 0.040740740740740744
1 0.6018229166666667 0.14351851851851852 0.025520833333333333 0.04814814814814815
1 0.48776041666666664 0.07916666666666666 0.024479166666666666 0.03611111111111111
1 0.44375 0.09537037037037037 0.026041666666666668 0.027777777777777776
1 0.4981770833333333 0.09351851851851851 0.021354166666666667 0.022222222222222223
1 0.5197916666666667 0.08657407407407407 0.021875 0.025
1 0.6138020833333333 0.11388888888888889 0.0234375 0.018518518518518517
1 0.17734375 0.22175925925925927 0.0453125 0.04351851851851852
1 0.3458333333333333 0.07916666666666666 0.021875 0.032407407407407406
1 0.3033854166666667 0.2611111111111111 0.0609375 0.07222222222222222
1 0.25677083333333334 0.2064814814814815 0.040625 0.07592592592592592
1 0.17395833333333333 0.11157407407407408 0.026041666666666668 0.026851851851851852
1 0.27057291666666666 0.20925925925925926 0.04635416666666667 0.05925925925925926
1 0.34479166666666666 0.11990740740740741 0.035416666666666666 0.03981481481481482
1 0.17395833333333333 0.1648148148148148 0.035416666666666666 0.05185185185185185
1 0.43671875 0.0763888888888889 0.0203125 0.026851851851851852
1 0.27786458333333336 0.2587962962962963 0.04635416666666667 0.08425925925925926
1 0.18333333333333332 0.287962962962963 0.05625 0.09444444444444444
1 0.7640625 0.15555555555555556 0.03958333333333333 0.04259259259259259
1 0.2911458333333333 0.1175925925925926 0.03125 0.037037037037037035