2 0.6151041666666667 0.08935185185185185 0.09479166666666666 0.08981481481481482
1 0.23046875 0.6837962962962963 0.12552083333333333 0.1712962962962963
1 0.4203125 0.6138888888888889 0.109375 0.14074074074074075
1 0.7671875 0.8324074074074074 0.18020833333333333 0.2759259259259259
1 0.6078125 0.55 0.09895833333333333 0.14074074074074075
1 0.375 0.49444444444444446 0.08541666666666667 0.12037037037037036
1 0.86796875 0.5884259259259259 0.12135416666666667 0.1935185185185185
1 0.51875 0.4351851851851852 0.08125 0.11851851851851852
1 0.19635416666666666 0.40925925925925927 0.08020833333333334 0.10925925925925926
1 0.62265625 0.2689814814814815 0.0578125 0.09166666666666666
1 0.7229166666666667 0.4601851851851852 0.0875 0.12777777777777777
1 0.48932291666666666 0.2708333333333333 0.05572916666666667 0.06944444444444445
1 0.7549479166666667 0.2513888888888889 0.0546875 0.049074074074074076
1 0.47552083333333334 0.39861111111111114 0.0625 0.10092592592592593
1 0.14010416666666667 0.3763888888888889 0.06354166666666666 0.11018518518518519
1 0.6463541666666667 0.3990740740740741 0.084375 0.11296296296296296
1 0.5497395833333333 0.3106481481481482 0.06822916666666666 0.10277777777777777
1 0.93515625 0.28425925925925927 0.06197916666666667 0.09074074074074075
1 0.9869791666666666 0.2740740740740741 0.025 0.08148148148148149
1 0.6135416666666667 0.37407407407407406 0.0625 0.0962962962962963
1 0.32395833333333335 0.3587962962962963 0.06666666666666667 0.08796296296296297
1 0.3541666666666667 0.44583333333333336 0.078125 0.11388888888888889
1 0.5192708333333333 0.13240740740740742 0.030208333333333334 0.03333333333333333
1 0.28151041666666665 0.2777777777777778 0.0453125 0.07222222222222222
1 0.37994791666666666 0.2657407407407407 0.04114583333333333 0.07037037037037037
1 0.69765625 0.21898148148148147 0.05260416666666667 0.075
1 0.17135416666666667 0.262037037037037 0.04583333333333333 0.06666666666666667
1 0.4421875 0.22546296296296298 0.04583333333333333 0.062037037037037036
1 0.18958333333333333 0.33425925925925926 0.057291666666666664 0.05740740740740741
1 0.40859375 0.12453703703703704 0.0296875 0.04351851851851852
1 0.4161458333333333 0.28425925925925927 0.05520833333333333 0.09074074074074075
1 0.53984375 0.21898148148148147 0.044270833333333336 0.0712962962962963
1 0.7526041666666666 0.1837962962962963 0.03958333333333333 0.05648148148148148
1 0.7966145833333333 0.38425925925925924 0.0796875 0.12222222222222222
1 0.69921875 0.17962962962962964 0.0359375 0.02962962962962963
1 0.3809895833333333 0.1597222222222222 0.028645833333333332 0.041666666666666664
1 0.5825520833333333 0.24259259259259258 0.0484375 0.07962962962962963
1 0.4518229166666667 0.35 0.0703125 0.1111111111111111
1 0.3690104166666667 0.2439814814814815 0.0421875 0.06574074074074074
1 0.6994791666666667 0.3365740740740741 0.06875 0.09166666666666666
1 0.6205729166666667 0.18425925925925926 0.03802083333333333 0.03888888888888889
1 0.66328125 0.19583333333333333 0.0359375 0.03981481481481482
1 0.4153645833333333 0.20277777777777778 0.0421875 0.05925925925925926
1 0.328125 0.19583333333333333 0.034375 0.05462962962962963
1 0.29583333333333334 0.1361111111111111 0.029166666666666667 0.046296296296296294
1 0.96796875 0.22592592592592592 0.0546875 0.05925925925925926
1 0.8013020833333333 0.17916666666666667 0.0296875 0.032407407407407406
1 0.37135416666666665 0.09537037037037037 0.030208333333333334 0.04259259259259259
1 0.4078125 0.17731481481481481 0.03958333333333333 0.06388888888888888
1 0.8875 0.22824074074074074 0.027083333333333334 0.06759259259259259
1 0.6619791666666667 0.17175925925925925 0.040625 0.04537037037037037
1 0.69921875 0.13796296296296295 0.030729166666666665 0.046296296296296294
1 0.7828125 0.14351851851851852 0.027083333333333334 0.04259259259259259
1 0.7 0.10648148148148148 0.028125 0.03333333333333333
1 0.49375 0.10138888888888889 0.027083333333333334 0.032407407407407406
1 0.5984375 0.09722222222222222 0.027083333333333334 0.03148148148148148
1 0.31197916666666664 0.30972222222222223 0.05625 0.0824074074074074
1 0.1828125 0.23333333333333334 0.041666666666666664 0.06296296296296296
1 0.353125 0.21064814814814814 0.04375 0.0712962962962963
1 0.6286458333333333 0.12777777777777777 0.029166666666666667 0.044444444444444446
1 0.9276041666666667 0.22546296296296298 0.03958333333333333 0.04722222222222222
1 0.5947916666666667 0.16712962962962963 0.03125 0.03611111111111111
1 0.2604166666666667 0.2222222222222222 0.05416666666666667 0.08703703703703704
1 0.6859375 0.15092592592592594 0.03229166666666667 0.037037037037037035
1 0.28411458333333334 0.12638888888888888 0.0265625 0.041666666666666664
1 0.5252604166666667 0.20324074074074075 0.04739583333333333 0.0787037037037037
1 0.3294270833333333 0.16712962962962963 0.0390625 0.04351851851851852
1 0.58359375 0.1300925925925926 0.0265625 0.026851851851851852
1 0.45260416666666664 0.09027777777777778 0.027083333333333334 0.03981481481481482
1 0.35104166666666664 0.1337962962962963 0.028125 0.03796296296296296
1 0.5731770833333333 0.1574074074074074 0.027604166666666666 0.03148148148148148
1 0.7559895833333333 0.1375 0.028645833333333332 0.041666666666666664
1 0.5598958333333334 0.08611111111111111 0.021875 0.044444444444444446
1 0.28046875 0.11666666666666667 0.034895833333333334 0.03333333333333333
1 0.5380208333333333 0.0712962962962963 0.021875 0.03333333333333333
1 0.23307291666666666 0.13148148148148148 0.028645833333333332 0.037037037037037035
1 0.34453125 0.08009259259259259 0.0203125 0.030555555555555555
1 0.9002604166666667 0.20185185185185187 0.03802083333333333 0.053703703703703705
1 0.8091145833333333 0.23472222222222222 0.04739583333333333 0.0787037037037037
1 0.5200520833333333 0.08842592592592592 0.025520833333333333 0.041666666666666664
1 0.40130208333333334 0.10555555555555556 0.024479166666666666 0.025925925925925925
1 0.4783854166666667 0.09259259259259259 0.024479166666666666 0.04259259259259259
1 0.6731770833333334 0.1050925925925926 0.027604166666666666 0.04351851851851852
1 0.21953125 0.1125 0.034895833333333334 0.03981481481481482
1 0.67265625 0.13842592592592592 0.025520833333333333 0.025
1 0.21796875 0.08333333333333333 0.025520833333333333 0.027777777777777776
1 0.26458333333333334 0.10046296296296296 0.029166666666666667 0.04351851851851852
1 0.31015625 0.16111111111111112 0.0296875 0.05555555555555555
1 0.5963541666666666 0.11203703703703703 0.027083333333333334 0.02962962962962963
1 0.33151041666666664 0.11712962962962963 0.024479166666666666 0.041666666666666664
1 0.97734375 0.17592592592592593 0.044270833333333336 0.04259259259259259
1 0.85859375 0.2462962962962963 0.0640625 0.09814814814814815
1 0.353125 0.09490740740740741 0.0125 0.030555555555555555
1 0.7578125 0.12685185185185185 0.023958333333333335 0.020370370370370372
1 0.42942708333333335 0.08657407407407407 0.019270833333333334 0.025
1 0.7807291666666667 0.2101851851851852 0.0375 0.037037037037037035
1 0.60234375 0.13935185185185187 0.024479166666666666 0.026851851851851852
1 0.18151041666666667 0.18611111111111112 0.03697916666666667 0.040740740740740744
1 0.625 0.1476851851851852 0.03229166666666667 0.03611111111111111
1 0.334375 0.12731481481481483 0.020833333333333332 0.032407407407407406
1 0.2421875 0.16018518518518518 0.03854166666666667 0.06296296296296296
1 0.3104166666666667 0.0962962962962963 0.027083333333333334 0.03888888888888889
1 0.1703125 0.1337962962962963 0.040625 0.06018518518518518
1 0.16953125 0.2037037037037037 0.03697916666666667 0.06296296296296296
1 0.3734375 0.15 0.030208333333333334 0.05
1 0.7640625 0.1486111111111111 0.03333333333333333 0.028703703703703703