2 0.6380208333333334 0.09212962962962963 0.10104166666666667 0.10092592592592593
1 0.9026041666666667 0.6152777777777778 0.12604166666666666 0.1675925925925926
1 0.21119791666666668 0.5430555555555555 0.1015625 0.1398148148148148
1 0.37994791666666666 0.5032407407407408 0.09114583333333333 0.11574074074074074
1 0.8828125 0.8791666666666667 0.18125 0.23981481481481481
1 0.5333333333333333 0.4583333333333333 0.08333333333333333 0.11666666666666667
1 0.7565104166666666 0.47824074074074074 0.09947916666666666 0.16018518518518518
1 0.62421875 0.6259259259259259 0.13697916666666668 0.2074074074074074
1 0.35494791666666664 0.41898148148148145 0.0765625 0.10277777777777777
1 0.4705729166666667 0.37407407407407406 0.07135416666666666 0.10185185185185185
1 0.5575520833333333 0.32407407407407407 0.0546875 0.08518518518518518
1 0.5752604166666667 0.23703703703703705 0.0515625 0.08148148148148149
1 0.6421875 0.39351851851851855 0.075 0.1111111111111111
1 0.030208333333333334 0.46944444444444444 0.06041666666666667 0.14629629629629629
1 0.5869791666666667 0.3453703703703704 0.071875 0.09814814814814815
1 0.18489583333333334 0.3578703703703704 0.07083333333333333 0.09351851851851851
1 0.33203125 0.38055555555555554 0.07552083333333333 0.09814814814814815
1 0.44140625 0.34675925925925927 0.05364583333333333 0.08425925925925926
1 0.4244791666666667 0.2023148148148148 0.04375 0.05277777777777778
1 0.6372395833333333 0.2916666666666667 0.059895833333333336 0.07962962962962963
1 0.709375 0.32546296296296295 0.06770833333333333 0.10462962962962963
1 0.8309895833333333 0.15648148148148147 0.0328125 0.046296296296296294
1 0.17083333333333334 0.23935185185185184 0.042708333333333334 0.062037037037037036
1 0.9828125 0.7675925925925926 0.03333333333333333 0.20555555555555555
1 0.3609375 0.23981481481481481 0.0375 0.06481481481481481
1 0.84296875 0.2902777777777778 0.0671875 0.05462962962962963
1 0.26927083333333335 0.25046296296296294 0.042708333333333334 0.06759259259259259
1 0.5388020833333333 0.21712962962962962 0.0453125 0.07685185185185185
1 0.6666666666666666 0.20694444444444443 0.040625 0.04351851851851852
1 0.509375 0.1962962962962963 0.03854166666666667 0.06481481481481481
1 0.8138020833333334 0.20601851851851852 0.044270833333333336 0.06018518518518518
1 0.3966145833333333 0.2550925925925926 0.050520833333333334 0.08425925925925926
1 0.30390625 0.31527777777777777 0.059895833333333336 0.0824074074074074
1 0.5119791666666667 0.2773148148148148 0.059375 0.08981481481481482
1 0.18229166666666666 0.21481481481481482 0.03854166666666667 0.05740740740740741
1 0.39453125 0.1824074074074074 0.03697916666666667 0.053703703703703705
1 0.18776041666666668 0.2986111111111111 0.0515625 0.058333333333333334
1 0.35703125 0.08888888888888889 0.03177083333333333 0.040740740740740744
1 0.8973958333333333 0.2712962962962963 0.05520833333333333 0.08703703703703704
1 0.39296875 0.11388888888888889 0.028645833333333332 0.037037037037037035
1 0.75390625 0.2013888888888889 0.03697916666666667 0.032407407407407406
1 0.6622395833333333 0.1375 0.0328125 0.03981481481481482
1 0.63359375 0.1865740740740741 0.034895833333333334 0.03981481481481482
1 0.959375 0.2152777777777778 0.053125 0.04351851851851852
1 0.72734375 0.16666666666666666 0.034895833333333334 0.04259259259259259
1 0.2911458333333333 0.12824074074074074 0.027083333333333334 0.03981481481481482
1 0.4640625 0.24583333333333332 0.052083333333333336 0.06574074074074074
1 0.8526041666666667 0.21851851851851853 0.04895833333333333 0.07222222222222222
1 0.25546875 0.20277777777777778 0.050520833333333334 0.08148148148148149
1 0.7091145833333333 0.1648148148148148 0.0359375 0.05185185185185185
1 0.7611979166666667 0.2439814814814815 0.0578125 0.06388888888888888
1 0.7247395833333333 0.11712962962962963 0.033854166666666664 0.04351851851851852
1 0.5111979166666667 0.10833333333333334 0.0265625 0.03518518518518519
1 0.3229166666666667 0.10648148148148148 0.025 0.037037037037037035
1 0.8575520833333333 0.24768518518518517 0.04739583333333333 0.05462962962962963
1 0.35260416666666666 0.2212962962962963 0.03854166666666667 0.06111111111111111
1 0.421875 0.30833333333333335 0.0625 0.09814814814814815
1 0.49635416666666665 0.1814814814814815 0.040625 0.07222222222222222
1 0.31796875 0.17916666666666667 0.027604166666666666 0.049074074074074076
1 0.36692708333333335 0.14722222222222223 0.0265625 0.040740740740740744
1 0.3841145833333333 0.10324074074074074 0.0265625 0.03611111111111111
1 0.7432291666666667 0.15185185185185185 0.03229166666666667 0.05
1 0.340625 0.1935185185185185 0.03958333333333333 0.06851851851851852
1 0.3419270833333333 0.12638888888888888 0.025520833333333333 0.03611111111111111
1 0.56015625 0.125 0.030729166666666665 0.05185185185185185
1 0.6598958333333333 0.16435185185185186 0.03333333333333333 0.04351851851851852
1 0.6986979166666667 0.1087962962962963 0.028645833333333332 0.04351851851851852
1 0.7984375 0.17685185185185184 0.029166666666666667 0.05
1 0.14869791666666668 0.12685185185185185 0.013020833333333334 0.044444444444444446
1 0.71875 0.2273148148148148 0.04791666666666667 0.058333333333333334
1 0.2591145833333333 0.09398148148148149 0.028645833333333332 0.03796296296296296
1 0.44296875 0.09398148148148149 0.024479166666666666 0.028703703703703703
1 0.6119791666666666 0.17083333333333334 0.03229166666666667 0.041666666666666664
1 0.33645833333333336 0.07453703703703704 0.019791666666666666 0.028703703703703703
1 0.6294270833333333 0.10694444444444444 0.025520833333333333 0.03981481481481482
1 0.6221354166666667 0.12361111111111112 0.030729166666666665 0.032407407407407406
1 0.17786458333333333 0.1425925925925926 0.0328125 0.025925925925925925
1 0.55859375 0.0699074074074074 0.018229166666666668 0.023148148148148147
1 0.4661458333333333 0.09166666666666666 0.025 0.03888888888888889
1 0.5541666666666667 0.14583333333333334 0.019791666666666666 0.03425925925925926
1 0.95859375 0.2884259259259259 0.0765625 0.11018518518518519
1 0.16744791666666667 0.3300925925925926 0.05260416666666667 0.09907407407407408
1 0.30182291666666666 0.15 0.027604166666666666 0.05
1 0.23671875 0.15462962962962962 0.0359375 0.04259259259259259
1 0.17239583333333333 0.17222222222222222 0.03958333333333333 0.03333333333333333
1 0.21510416666666668 0.07777777777777778 0.022916666666666665 0.024074074074074074
1 0.20130208333333333 0.10694444444444444 0.022395833333333334 0.03425925925925926
1 0.16848958333333333 0.09027777777777778 0.0328125 0.03796296296296296
1 0.2953125 0.27546296296296297 0.052083333333333336 0.07314814814814814
1 0.8020833333333334 0.14907407407407408 0.029166666666666667 0.04259259259259259
1 0.23229166666666667 0.1259259259259259 0.034375 0.03148148148148148
1 0.9721354166666667 0.2462962962962963 0.0546875 0.053703703703703705
1 0.3143229166666667 0.16296296296296298 0.034895833333333334 0.05925925925925926
1 0.26328125 0.1537037037037037 0.022395833333333334 0.018518518518518517
1 0.7151041666666667 0.19583333333333333 0.041666666666666664 0.05648148148148148
1 0.58125 0.08981481481481482 0.017708333333333333 0.04259259259259259
1 0.39140625 0.16111111111111112 0.03802083333333333 0.05925925925925926
1 0.61015625 0.15185185185185185 0.0328125 0.05