2 0.9583333333333334 0.17824074074074073 0.08229166666666667 0.1638888888888889
2 0.5390625 0.26666666666666666 0.08229166666666667 0.15555555555555556
2 0.7270833333333333 0.8402777777777778 0.33645833333333336 0.3175925925925926
2 0.97265625 0.7407407407407407 0.05364583333333333 0.5148148148148148
2 0.8580729166666666 0.1125 0.0703125 0.11018518518518519
2 0.9234375 0.43148148148148147 0.14270833333333333 0.17777777777777778
1 0.04088541666666667 0.48055555555555557 0.08177083333333333 0.11296296296296296
1 0.8919270833333334 0.6143518518518518 0.11927083333333334 0.2064814814814815
1 0.48072916666666665 0.41805555555555557 0.07708333333333334 0.09907407407407408
1 0.19817708333333334 0.4078703703703704 0.06927083333333334 0.09351851851851851
1 0.6080729166666666 0.5601851851851852 0.1078125 0.14074074074074075
1 0.728125 0.4925925925925926 0.096875 0.12407407407407407
1 0.52734375 0.4597222222222222 0.08177083333333333 0.11574074074074074
1 0.7151041666666667 0.2037037037037037 0.04375 0.05740740740740741
1 0.3067708333333333 0.3101851851851852 0.06041666666666667 0.08148148148148149
1 0.9065104166666667 0.2777777777777778 0.0578125 0.07962962962962963
1 0.83203125 0.28194444444444444 0.0640625 0.05277777777777778
1 0.48020833333333335 0.26342592592592595 0.046875 0.06759259259259259
1 0.44583333333333336 0.22407407407407406 0.03958333333333333 0.06296296296296296
1 0.7958333333333333 0.40694444444444444 0.08541666666666667 0.10833333333333334
1 0.6809895833333334 0.6648148148148149 0.1296875 0.2037037037037037
1 0.4166666666666667 0.3023148148148148 0.058333333333333334 0.0824074074074074
1 0.19322916666666667 0.36574074074074076 0.06666666666666667 0.08333333333333333
1 0.35885416666666664 0.43796296296296294 0.08125 0.13148148148148148
1 0.5916666666666667 0.3490740740740741 0.08020833333333334 0.12962962962962962
1 0.41875 0.2037037037037037 0.042708333333333334 0.05740740740740741
1 0.9661458333333334 0.3388888888888889 0.06666666666666667 0.05925925925925926
1 0.49114583333333334 0.28564814814814815 0.029166666666666667 0.0712962962962963
1 0.6005208333333333 0.15185185185185185 0.035416666666666666 0.03888888888888889
1 0.27057291666666666 0.2273148148148148 0.04739583333333333 0.06018518518518518
1 0.6354166666666666 0.1638888888888889 0.036458333333333336 0.053703703703703705
1 0.20286458333333332 0.13796296296296295 0.030729166666666665 0.03888888888888889
1 0.4591145833333333 0.8263888888888888 0.15364583333333334 0.27870370370370373
1 0.3966145833333333 0.1175925925925926 0.0390625 0.04814814814814815
1 0.24869791666666666 0.17314814814814813 0.03697916666666667 0.04814814814814815
1 0.38671875 0.27361111111111114 0.044270833333333336 0.07314814814814814
1 0.453125 0.08472222222222223 0.026041666666666668 0.03611111111111111
1 0.3619791666666667 0.14166666666666666 0.035416666666666666 0.05185185185185185
1 0.18619791666666666 0.2101851851851852 0.04010416666666667 0.05740740740740741
1 0.5026041666666666 0.18935185185185185 0.0625 0.06574074074074074
1 0.37447916666666664 0.23564814814814813 0.05625 0.08981481481481482
1 0.6684895833333333 0.1736111111111111 0.0390625 0.06759259259259259
1 0.29453125 0.27685185185185185 0.06302083333333333 0.1
1 0.1671875 0.12037037037037036 0.030208333333333334 0.03518518518518519
1 0.33697916666666666 0.4115740740740741 0.075 0.10277777777777777
1 0.25364583333333335 0.08425925925925926 0.021875 0.03518518518518519
1 0.17291666666666666 0.31666666666666665 0.052083333333333336 0.08518518518518518
1 0.5020833333333333 0.10555555555555556 0.023958333333333335 0.037037037037037035
1 0.6989583333333333 0.1884259259259259 0.0375 0.058333333333333334
1 0.8817708333333333 0.2462962962962963 0.07291666666666667 0.08333333333333333
1 0.39921875 0.17777777777777778 0.03802083333333333 0.03888888888888889
1 0.85625 0.1925925925925926 0.04375 0.05740740740740741
1 0.2677083333333333 0.09722222222222222 0.030208333333333334 0.03888888888888889
1 0.3484375 0.0787037037037037 0.022916666666666665 0.03333333333333333
1 0.3046875 0.15138888888888888 0.03229166666666667 0.04537037037037037
1 0.3424479166666667 0.23148148148148148 0.025520833333333333 0.06296296296296296
1 0.6927083333333334 0.1412037037037037 0.03958333333333333 0.041666666666666664
1 0.6625 0.1162037037037037 0.026041666666666668 0.025
1 0.21458333333333332 0.1 0.03125 0.037037037037037035
1 0.33932291666666664 0.12314814814814815 0.027604166666666666 0.046296296296296294
1 0.5135416666666667 0.11018518518518519 0.026041666666666668 0.040740740740740744
1 0.2942708333333333 0.13657407407407407 0.029166666666666667 0.049074074074074076
1 0.2791666666666667 0.11898148148148148 0.030208333333333334 0.041666666666666664
1 0.2359375 0.13518518518518519 0.03333333333333333 0.027777777777777776
1 0.346875 0.20416666666666666 0.04583333333333333 0.06759259259259259
1 0.1828125 0.2759259259259259 0.04895833333333333 0.09074074074074075
1 0.23671875 0.16064814814814815 0.04010416666666667 0.041666666666666664
1 0.83984375 0.18009259259259258 0.03802083333333333 0.06574074074074074
1 0.7130208333333333 0.12314814814814815 0.028125 0.027777777777777776
1 0.36640625 0.09398148148148149 0.030729166666666665 0.041666666666666664
1 0.7489583333333333 0.1712962962962963 0.04583333333333333 0.07222222222222222
1 0.90625 0.22314814814814815 0.026041666666666668 0.03518518518518519
1 0.39140625 0.1527777777777778 0.0328125 0.06111111111111111
1 0.29973958333333334 0.08194444444444444 0.0296875 0.032407407407407406
1 0.8989583333333333 0.1814814814814815 0.04375 0.05925925925925926
1 0.18125 0.1736111111111111 0.0375 0.041666666666666664
1 0.5 0.09166666666666666 0.026041666666666668 0.03888888888888889
1 0.5440104166666667 0.12361111111111112 0.05677083333333333 0.05648148148148148
1 0.7236979166666667 0.15555555555555556 0.025520833333333333 0.03888888888888889
1 0.3190104166666667 0.18194444444444444 0.03802083333333333 0.062037037037037036