2 0.76328125 0.12222222222222222 0.06510416666666667 0.12222222222222222
2 0.8794270833333333 0.1486111111111111 0.07447916666666667 0.15833333333333333
2 0.8763020833333334 0.5402777777777777 0.1609375 0.30648148148148147
1 0.18411458333333333 0.7481481481481481 0.13385416666666666 0.16111111111111112
1 0.25703125 0.8662037037037037 0.1421875 0.19166666666666668
1 0.7200520833333334 0.4703703703703704 0.09322916666666667 0.11481481481481481
1 0.6239583333333333 0.5884259259259259 0.115625 0.1527777777777778
1 0.70390625 0.35138888888888886 0.06927083333333334 0.09537037037037037
1 0.38671875 0.5152777777777777 0.12552083333333333 0.1787037037037037
1 0.4265625 0.6018518518518519 0.11041666666666666 0.15
1 0.7791666666666667 0.5476851851851852 0.051041666666666666 0.1398148148148148
1 0.61484375 0.37407407407407406 0.0703125 0.1
1 0.5463541666666667 0.32037037037037036 0.06458333333333334 0.08518518518518518
1 0.3453125 0.32685185185185184 0.065625 0.08333333333333333
1 0.3223958333333333 0.36666666666666664 0.06979166666666667 0.09444444444444444
1 0.1921875 0.325 0.06041666666666667 0.08148148148148149
1 0.9174479166666667 0.2898148148148148 0.06510416666666667 0.07962962962962963
1 0.84609375 0.2884259259259259 0.06302083333333333 0.06759259259259259
1 0.5903645833333333 0.5148148148148148 0.08802083333333334 0.13333333333333333
1 0.6734375 0.18055555555555555 0.03958333333333333 0.05
1 0.6294270833333333 0.18796296296296297 0.04010416666666667 0.04259259259259259
1 0.5611979166666666 0.13055555555555556 0.03177083333333333 0.04259259259259259
1 0.27786458333333336 0.2518518518518518 0.0453125 0.06296296296296296
1 0.42578125 0.3277777777777778 0.058854166666666666 0.10555555555555556
1 0.39453125 0.26990740740740743 0.0609375 0.09166666666666666
1 0.4700520833333333 0.4013888888888889 0.09114583333333333 0.14166666666666666
1 0.49453125 0.2791666666666667 0.04739583333333333 0.07685185185185185
1 0.51796875 0.2953703703703704 0.05260416666666667 0.08703703703703704
1 0.5791666666666667 0.16203703703703703 0.034375 0.03888888888888889
1 0.19557291666666668 0.5097222222222222 0.09427083333333333 0.1675925925925926
1 0.6651041666666667 0.30277777777777776 0.065625 0.09074074074074075
1 0.9822916666666667 0.3787037037037037 0.034375 0.09259259259259259
1 0.41692708333333334 0.1935185185185185 0.044270833333333336 0.06111111111111111
1 0.21145833333333333 0.5995370370370371 0.10104166666666667 0.15648148148148147
1 0.9796875 0.25787037037037036 0.03958333333333333 0.09351851851851851
1 0.2578125 0.1925925925925926 0.046875 0.053703703703703705
1 0.365625 0.2375 0.03958333333333333 0.06388888888888888
1 0.1921875 0.2587962962962963 0.046875 0.07314814814814814
1 0.44296875 0.36157407407407405 0.059895833333333336 0.09722222222222222
1 0.8557291666666667 0.2199074074074074 0.051041666666666666 0.06574074074074074
1 0.45286458333333335 0.16018518518518518 0.028645833333333332 0.044444444444444446
1 0.43671875 0.2162037037037037 0.03802083333333333 0.06388888888888888
1 0.7317708333333334 0.17083333333333334 0.03854166666666667 0.062037037037037036
1 0.3375 0.07546296296296297 0.022916666666666665 0.030555555555555555
1 0.35130208333333335 0.13240740740740742 0.028645833333333332 0.03888888888888889
1 0.5223958333333333 0.11203703703703703 0.025 0.044444444444444446
1 0.7572916666666667 0.21342592592592594 0.046875 0.08055555555555556
1 0.3854166666666667 0.1675925925925926 0.03958333333333333 0.05740740740740741
1 0.41302083333333334 0.1287037037037037 0.03125 0.05185185185185185
1 0.24427083333333333 0.16064814814814815 0.034375 0.04722222222222222
1 0.17135416666666667 0.1587962962962963 0.034375 0.04351851851851852
1 0.47578125 0.0912037037037037 0.0296875 0.04351851851851852
1 0.4591145833333333 0.23333333333333334 0.0484375 0.08148148148148149
1 0.23385416666666667 0.13842592592592592 0.0375 0.058333333333333334
1 0.3078125 0.1587962962962963 0.03854166666666667 0.06018518518518518
1 0.27369791666666665 0.11157407407407408 0.028645833333333332 0.04351851851851852
1 0.4791666666666667 0.17592592592592593 0.03854166666666667 0.06111111111111111
1 0.3658854166666667 0.15462962962962962 0.0296875 0.04259259259259259
1 0.35442708333333334 0.21157407407407408 0.04114583333333333 0.06388888888888888
1 0.49557291666666664 0.1037037037037037 0.0265625 0.03148148148148148
1 0.6651041666666667 0.14212962962962963 0.029166666666666667 0.030555555555555555
1 0.665625 0.11481481481481481 0.023958333333333335 0.02962962962962963
1 0.921875 0.17824074074074073 0.021875 0.06759259259259259
1 0.27057291666666666 0.22916666666666666 0.0453125 0.06018518518518518
1 0.18098958333333334 0.23425925925925925 0.044270833333333336 0.07222222222222222
1 0.3966145833333333 0.11296296296296296 0.027604166666666666 0.05
1 0.8361979166666667 0.15925925925925927 0.019270833333333334 0.05740740740740741
1 0.33203125 0.18611111111111112 0.03697916666666667 0.06296296296296296
1 0.7046875 0.15231481481481482 0.036458333333333336 0.058333333333333334
1 0.60390625 0.11712962962962963 0.0359375 0.05648148148148148
1 0.40234375 0.06759259259259259 0.0234375 0.024074074074074074
1 0.29140625 0.12777777777777777 0.03177083333333333 0.05
1 0.42473958333333334 0.13796296296296295 0.033854166666666664 0.04814814814814815
1 0.16640625 0.09074074074074075 0.028645833333333332 0.03148148148148148
1 0.6479166666666667 0.10833333333333334 0.025 0.03518518518518519
1 0.57578125 0.10555555555555556 0.027604166666666666 0.04259259259259259
1 0.16822916666666668 0.12824074074074074 0.03229166666666667 0.04351851851851852
1 0.6333333333333333 0.14675925925925926 0.034375 0.04537037037037037
1 0.6994791666666667 0.12916666666666668 0.0375 0.04722222222222222
1 0.6471354166666666 0.9814814814814815 0.13177083333333334 0.03518518518518519
1 0.334375 0.12129629629629629 0.025 0.03518518518518519
1 0.65 0.1638888888888889 0.03229166666666667 0.044444444444444446
1 0.5333333333333333 0.08518518518518518 0.023958333333333335 0.024074074074074074
1 0.8736979166666666 0.25601851851851853 0.049479166666666664 0.06944444444444445
1 0.8294270833333334 0.15 0.0328125 0.06111111111111111
1 0.3265625 0.10925925925925926 0.028125 0.040740740740740744
1 0.7234375 0.11990740740740741 0.016666666666666666 0.03611111111111111
1 0.5981770833333333 0.09027777777777778 0.021354166666666667 0.023148148148148147
1 0.17708333333333334 0.20046296296296295 0.04895833333333333 0.06574074074074074