2 0.7846354166666667 0.12222222222222222 0.06927083333333334 0.13703703703703704
2 0.6958333333333333 0.10231481481481482 0.05520833333333333 0.11203703703703703
1 0.94375 0.6953703703703704 0.11145833333333334 0.1648148148148148
1 0.8994791666666667 0.47453703703703703 0.09479166666666666 0.12685185185185185
1 0.6088541666666667 0.9162037037037037 0.17604166666666668 0.16574074074074074
1 0.1421875 0.4 0.07395833333333333 0.11481481481481481
1 0.6510416666666666 0.41388888888888886 0.08333333333333333 0.10555555555555556
1 0.91796875 0.9097222222222222 0.16302083333333334 0.1787037037037037
1 0.34921875 0.4356481481481482 0.08697916666666666 0.11203703703703703
1 0.8111979166666666 0.7935185185185185 0.14010416666666667 0.19814814814814816
1 0.3 0.30324074074074076 0.053125 0.075
1 0.8278645833333333 0.3990740740740741 0.08385416666666666 0.12222222222222222
1 0.43802083333333336 0.33240740740740743 0.07395833333333333 0.11296296296296296
1 0.19947916666666668 0.31574074074074077 0.05416666666666667 0.08333333333333333
1 0.5927083333333333 0.5537037037037037 0.12395833333333334 0.19444444444444445
1 0.25078125 0.9032407407407408 0.15052083333333333 0.19166666666666668
1 0.565625 0.3416666666666667 0.06145833333333333 0.0962962962962963
1 0.60703125 0.3736111111111111 0.07447916666666667 0.10833333333333334
1 0.5072916666666667 0.7842592592592592 0.18541666666666667 0.2759259259259259
1 0.5010416666666667 0.41435185185185186 0.08229166666666667 0.13425925925925927
1 0.67578125 0.17592592592592593 0.0421875 0.06666666666666667
1 0.40208333333333335 0.2847222222222222 0.053125 0.075
1 0.37213541666666666 0.48333333333333334 0.08802083333333334 0.11851851851851852
1 0.5359375 0.4685185185185185 0.09270833333333334 0.12222222222222222
1 0.49973958333333335 0.1912037037037037 0.03697916666666667 0.05462962962962963
1 0.39036458333333335 0.17824074074074073 0.0359375 0.049074074074074076
1 0.52109375 0.2861111111111111 0.0609375 0.0962962962962963
1 0.9466145833333334 0.34814814814814815 0.07135416666666666 0.09074074074074075
1 0.8177083333333334 0.2726851851851852 0.05625 0.06018518518518518
1 0.534375 0.20972222222222223 0.04583333333333333 0.0712962962962963
1 0.37057291666666664 0.2462962962962963 0.05260416666666667 0.07222222222222222
1 0.4622395833333333 0.16296296296296298 0.03802083333333333 0.05740740740740741
1 0.8684895833333334 0.2986111111111111 0.0609375 0.06944444444444445
1 0.7018229166666666 0.22916666666666666 0.049479166666666664 0.06574074074074074
1 0.5619791666666667 0.15185185185185185 0.03229166666666667 0.037037037037037035
1 0.37265625 0.15138888888888888 0.033854166666666664 0.04722222222222222
1 0.9549479166666667 0.21435185185185185 0.05364583333333333 0.05462962962962963
1 0.4546875 0.22824074074074074 0.051041666666666666 0.06759259259259259
1 0.6013020833333333 0.1476851851851852 0.034895833333333334 0.04351851851851852
1 0.9859375 0.32175925925925924 0.027083333333333334 0.08796296296296297
1 0.20182291666666666 0.12361111111111112 0.028645833333333332 0.04351851851851852
1 0.4239583333333333 0.19583333333333333 0.041666666666666664 0.06944444444444445
1 0.7541666666666667 0.21296296296296297 0.036458333333333336 0.06481481481481481
1 0.16979166666666667 0.17916666666666667 0.035416666666666666 0.049074074074074076
1 0.48880208333333336 0.25462962962962965 0.04635416666666667 0.07407407407407407
1 0.9875 0.20185185185185187 0.023958333333333335 0.053703703703703705
1 0.33229166666666665 0.18425925925925926 0.036458333333333336 0.06296296296296296
1 0.7947916666666667 0.23055555555555557 0.053125 0.06666666666666667
1 0.5221354166666666 0.1111111111111111 0.028645833333333332 0.03888888888888889
1 0.35885416666666664 0.21435185185185185 0.04479166666666667 0.07314814814814814
1 0.265625 0.22083333333333333 0.046875 0.06574074074074074
1 0.95703125 0.25416666666666665 0.049479166666666664 0.07314814814814814
1 0.6591145833333333 0.1412037037037037 0.034895833333333334 0.05462962962962963
1 0.2125 0.75 0.13229166666666667 0.24259259259259258
1 0.23802083333333332 0.1527777777777778 0.041666666666666664 0.06666666666666667
1 0.51328125 0.12685185185185185 0.0296875 0.03148148148148148
1 0.43359375 0.22037037037037038 0.025520833333333333 0.05925925925925926
1 0.42473958333333334 0.12916666666666668 0.0328125 0.05648148148148148
1 0.76875 0.513425925925926 0.096875 0.1361111111111111
1 0.45078125 0.07916666666666666 0.025520833333333333 0.03796296296296296
1 0.2526041666666667 0.1814814814814815 0.03125 0.05555555555555555
1 0.4700520833333333 0.08935185185185185 0.024479166666666666 0.030555555555555555
1 0.2903645833333333 0.26990740740740743 0.05260416666666667 0.06944444444444445
1 0.28541666666666665 0.12407407407407407 0.027083333333333334 0.04814814814814815
1 0.83359375 0.15138888888888888 0.04010416666666667 0.058333333333333334
1 0.7286458333333333 0.11712962962962963 0.01875 0.05462962962962963
1 0.4432291666666667 0.14351851851851852 0.03333333333333333 0.046296296296296294
1 0.6322916666666667 0.12685185185185185 0.03125 0.05740740740740741
1 0.7505208333333333 0.1814814814814815 0.040625 0.05555555555555555
1 0.35520833333333335 0.0837962962962963 0.023958333333333335 0.032407407407407406
1 0.2734375 0.25092592592592594 0.04479166666666667 0.06666666666666667
1 0.834375 0.2037037037037037 0.04895833333333333 0.05925925925925926
1 0.34921875 0.13564814814814816 0.0328125 0.03796296296296296
1 0.5830729166666667 0.13333333333333333 0.022395833333333334 0.03888888888888889
1 0.3151041666666667 0.1699074074074074 0.03125 0.06018518518518518
1 0.18802083333333333 0.07916666666666666 0.014583333333333334 0.026851851851851852
1 0.9111979166666667 0.2689814814814815 0.05677083333333333 0.0712962962962963
1 0.8536458333333333 0.23981481481481481 0.05 0.06666666666666667
1 0.4875 0.09768518518518518 0.017708333333333333 0.03796296296296296
1 0.42265625 0.0712962962962963 0.021354166666666667 0.027777777777777776
1 0.5591145833333333 0.09953703703703703 0.0296875 0.049074074074074076
1 0.3028645833333333 0.14351851851851852 0.0359375 0.053703703703703705
1 0.59140625 0.09814814814814815 0.022395833333333334 0.03148148148148148
1 0.6458333333333334 0.09444444444444444 0.021875 0.03148148148148148
1 0.5338541666666666 0.06435185185185185 0.026041666666666668 0.025
1 0.17473958333333334 0.22962962962962963 0.0484375 0.07777777777777778
1 0.34270833333333334 0.11944444444444445 0.03333333333333333 0.044444444444444446
1 0.25104166666666666 0.07546296296296297 0.019791666666666666 0.028703703703703703
1 0.5721354166666667 0.11712962962962963 0.027604166666666666 0.03425925925925926
1 0.15989583333333332 0.10648148148148148 0.03229166666666667 0.04814814814814815
1 0.19375 0.2763888888888889 0.052083333333333336 0.09166666666666666
1 0.6046875 0.1175925925925926 0.025 0.025925925925925925
1 0.8997395833333334 0.22870370370370371 0.050520833333333334 0.06111111111111111
1 0.6598958333333333 0.10046296296296296 0.01875 0.028703703703703703
1 0.16770833333333332 0.14675925925925926 0.03333333333333333 0.049074074074074076