3 0.8651041666666667 0.24537037037037038 0.06354166666666666 0.09259259259259259
2 0.85390625 0.16712962962962963 0.08177083333333333 0.16944444444444445
2 0.89765625 0.1300925925925926 0.0734375 0.15462962962962962
1 0.7609375 0.5208333333333334 0.10625 0.1361111111111111
1 0.46380208333333334 0.6703703703703704 0.12135416666666667 0.16666666666666666
1 0.24739583333333334 0.8736111111111111 0.15729166666666666 0.20833333333333334
1 0.55859375 0.8981481481481481 0.16822916666666668 0.20185185185185187
1 0.039322916666666666 0.4615740740740741 0.07864583333333333 0.11018518518518519
1 0.9692708333333333 0.3013888888888889 0.06041666666666667 0.10648148148148148
1 0.6270833333333333 0.3888888888888889 0.078125 0.10925925925925926
1 0.6627604166666666 0.17777777777777778 0.0390625 0.053703703703703705
1 0.18671875 0.38842592592592595 0.06927083333333334 0.10092592592592593
1 0.65078125 0.5837962962962963 0.10989583333333333 0.1824074074074074
1 0.3953125 0.5342592592592592 0.096875 0.13518518518518519
1 0.959375 0.19675925925925927 0.046875 0.06018518518518518
1 0.5565104166666667 0.49675925925925923 0.09322916666666667 0.125
1 0.55703125 0.33564814814814814 0.06822916666666666 0.08611111111111111
1 0.7395833333333334 0.2111111111111111 0.04479166666666667 0.05740740740740741
1 0.4734375 0.2518518518518518 0.042708333333333334 0.06851851851851852
1 0.4231770833333333 0.13564814814814816 0.024479166666666666 0.041666666666666664
1 0.51328125 0.43287037037037035 0.08072916666666667 0.11203703703703703
1 0.4236979166666667 0.3162037037037037 0.049479166666666664 0.0787037037037037
1 0.45651041666666664 0.34629629629629627 0.0671875 0.11481481481481481
1 0.5221354166666666 0.20185185185185187 0.0421875 0.05925925925925926
1 0.6971354166666667 0.13425925925925927 0.03177083333333333 0.044444444444444446
1 0.3984375 0.27546296296296297 0.057291666666666664 0.08796296296296297
1 0.4544270833333333 0.23055555555555557 0.04114583333333333 0.07222222222222222
1 0.9822916666666667 0.525 0.034375 0.17592592592592593
1 0.40208333333333335 0.19537037037037036 0.035416666666666666 0.04814814814814815
1 0.9317708333333333 0.8962962962962963 0.13541666666666666 0.20555555555555555
1 0.17630208333333333 0.18564814814814815 0.04010416666666667 0.058333333333333334
1 0.3221354166666667 0.362962962962963 0.08385416666666666 0.13518518518518519
1 0.4317708333333333 0.20925925925925926 0.03958333333333333 0.06111111111111111
1 0.6234375 0.15648148148148147 0.035416666666666666 0.05555555555555555
1 0.38567708333333334 0.1648148148148148 0.034895833333333334 0.05740740740740741
1 0.8614583333333333 0.4310185185185185 0.09166666666666666 0.14351851851851852
1 0.40078125 0.11435185185185186 0.027604166666666666 0.03796296296296296
1 0.7536458333333333 0.17592592592592593 0.0375 0.053703703703703705
1 0.6575520833333334 0.14074074074074075 0.034895833333333334 0.05185185185185185
1 0.7169270833333333 0.16712962962962963 0.0390625 0.05092592592592592
1 0.984375 0.7203703703703703 0.030208333333333334 0.18518518518518517
1 0.44973958333333336 0.15185185185185185 0.04114583333333333 0.06851851851851852
1 0.7395833333333334 0.10787037037037037 0.034375 0.028703703703703703
1 0.63359375 0.12731481481481483 0.03177083333333333 0.03425925925925926
1 0.17552083333333332 0.12638888888888888 0.03333333333333333 0.03611111111111111
1 0.50703125 0.26990740740740743 0.04114583333333333 0.0787037037037037
1 0.33932291666666664 0.20601851851851852 0.04739583333333333 0.06018518518518518
1 0.37578125 0.2490740740740741 0.04114583333333333 0.08148148148148149
1 0.53671875 0.1412037037037037 0.0328125 0.030555555555555555
1 0.49296875 0.1814814814814815 0.0390625 0.05925925925925926
1 0.15546875 0.10324074074074074 0.0265625 0.041666666666666664
1 0.5893229166666667 0.13796296296296295 0.0390625 0.05925925925925926
1 0.35234375 0.08333333333333333 0.024479166666666666 0.027777777777777776
1 0.5541666666666667 0.10231481481481482 0.019791666666666666 0.032407407407407406
1 0.23177083333333334 0.11944444444444445 0.03333333333333333 0.053703703703703705
1 0.16380208333333332 0.25324074074074077 0.06197916666666667 0.07685185185185185
1 0.30078125 0.13148148148148148 0.0359375 0.046296296296296294
1 0.81171875 0.3837962962962963 0.08802083333333334 0.1398148148148148
1 0.46953125 0.07222222222222222 0.021354166666666667 0.03148148148148148
1 0.27239583333333334 0.1726851851851852 0.029166666666666667 0.04351851851851852
1 0.2546875 0.07361111111111111 0.025 0.021296296296296296
1 0.5184895833333333 0.0837962962962963 0.021354166666666667 0.026851851851851852
1 0.33619791666666665 0.17685185185185184 0.034895833333333334 0.024074074074074074
1 0.17239583333333333 0.16296296296296298 0.03958333333333333 0.05185185185185185
1 0.28098958333333335 0.12407407407407407 0.018229166666666668 0.037037037037037035
1 0.4828125 0.10925925925925926 0.022916666666666665 0.027777777777777776
1 0.33619791666666665 0.07175925925925926 0.0203125 0.025
1 0.5669270833333333 0.13333333333333333 0.021354166666666667 0.05
1 0.30052083333333335 0.08842592592592592 0.026041666666666668 0.03611111111111111
1 0.18098958333333334 0.3037037037037037 0.06302083333333333 0.05740740740740741
1 0.2794270833333333 0.23657407407407408 0.050520833333333334 0.06944444444444445
1 0.17890625 0.34629629629629627 0.05677083333333333 0.07222222222222222
1 0.5114583333333333 0.12175925925925926 0.03125 0.03796296296296296
1 0.7229166666666667 0.1337962962962963 0.023958333333333335 0.021296296296296296
1 0.30442708333333335 0.1625 0.04010416666666667 0.041666666666666664
1 0.16796875 0.2916666666666667 0.0546875 0.07407407407407407
1 0.6479166666666667 0.10138888888888889 0.028125 0.030555555555555555
1 0.5994791666666667 0.10277777777777777 0.023958333333333335 0.040740740740740744
1 0.2390625 0.18518518518518517 0.046875 0.07407407407407407
1 0.47890625 0.0875 0.0203125 0.019444444444444445
1 0.3143229166666667 0.29814814814814816 0.07447916666666667 0.08333333333333333
1 0.4947916666666667 0.11527777777777778 0.014583333333333334 0.026851851851851852
1 0.74921875 0.14305555555555555 0.034895833333333334 0.04351851851851852
1 0.42890625 0.08518518518518518 0.024479166666666666 0.027777777777777776
1 0.40130208333333334 0.06620370370370371 0.0203125 0.021296296296296296
1 0.36484375 0.14814814814814814 0.03177083333333333 0.05
1 0.26536458333333335 0.23148148148148148 0.044270833333333336 0.08148148148148149
1 0.5692708333333333 0.09074074074074075 0.022916666666666665 0.03148148148148148
1 0.46770833333333334 0.10462962962962963 0.01875 0.024074074074074074
1 0.5307291666666667 0.2800925925925926 0.058333333333333334 0.09351851851851851