3 0.8721354166666667 0.24814814814814815 0.0640625 0.09444444444444444
2 0.90078125 0.1310185185185185 0.07447916666666667 0.15648148148148147
2 0.8588541666666667 0.16944444444444445 0.08229166666666667 0.1685185185185185
1 0.7520833333333333 0.513425925925926 0.103125 0.13240740740740742
1 0.24375 0.8546296296296296 0.15416666666666667 0.2037037037037037
1 0.4588541666666667 0.6587962962962963 0.11979166666666667 0.1638888888888889
1 0.54765625 0.887962962962963 0.16510416666666666 0.22037037037037038
1 0.04635416666666667 0.45787037037037037 0.08125 0.10833333333333334
1 0.1875 0.3851851851851852 0.06770833333333333 0.1
1 0.6421875 0.5745370370370371 0.10833333333333334 0.17685185185185184
1 0.5533854166666666 0.33287037037037037 0.0671875 0.08611111111111111
1 0.9635416666666666 0.19814814814814816 0.046875 0.05925925925925926
1 0.6229166666666667 0.38657407407407407 0.07708333333333334 0.10648148148148148
1 0.39114583333333336 0.5273148148148148 0.09479166666666666 0.13425925925925927
1 0.7440104166666667 0.21342592592592594 0.044270833333333336 0.05648148148148148
1 0.6669270833333333 0.17916666666666667 0.0390625 0.05462962962962963
1 0.55078125 0.49074074074074076 0.09322916666666667 0.12407407407407407
1 0.9734375 0.3060185185185185 0.052083333333333336 0.10648148148148148
1 0.5091145833333334 0.42777777777777776 0.0796875 0.11296296296296296
1 0.42161458333333335 0.3143518518518518 0.050520833333333334 0.0787037037037037
1 0.47161458333333334 0.24953703703703703 0.0421875 0.06759259259259259
1 0.5192708333333333 0.20046296296296295 0.041666666666666664 0.06018518518518518
1 0.921875 0.8875 0.15520833333333334 0.22314814814814815
1 0.42213541666666665 0.13518518518518519 0.024479166666666666 0.04259259259259259
1 0.6994791666666667 0.13518518518518519 0.03125 0.044444444444444446
1 0.3953125 0.2740740740740741 0.05520833333333333 0.08703703703703704
1 0.9760416666666667 0.5166666666666667 0.046875 0.17222222222222222
1 0.45390625 0.3421296296296296 0.0671875 0.11388888888888889
1 0.4015625 0.19398148148148148 0.034375 0.049074074074074076
1 0.43046875 0.2074074074074074 0.04010416666666667 0.06111111111111111
1 0.384375 0.16527777777777777 0.035416666666666666 0.05462962962962963
1 0.17682291666666666 0.18564814814814815 0.04010416666666667 0.058333333333333334
1 0.8533854166666667 0.42824074074074076 0.09010416666666667 0.13240740740740742
1 0.7546875 0.1763888888888889 0.035416666666666666 0.049074074074074076
1 0.7403645833333333 0.10972222222222222 0.0390625 0.026851851851851852
1 0.45234375 0.22962962962962963 0.04010416666666667 0.07222222222222222
1 0.3375 0.2050925925925926 0.04479166666666667 0.05648148148148148
1 0.7203125 0.16805555555555557 0.03958333333333333 0.05092592592592592
1 0.3216145833333333 0.3592592592592593 0.08177083333333333 0.13518518518518519
1 0.44869791666666664 0.15092592592592594 0.04114583333333333 0.06666666666666667
1 0.5385416666666667 0.14212962962962963 0.03333333333333333 0.032407407407407406
1 0.9752604166666666 0.7078703703703704 0.0484375 0.20833333333333334
1 0.17578125 0.12638888888888888 0.0328125 0.03611111111111111
1 0.4 0.11435185185185186 0.027083333333333334 0.03981481481481482
1 0.6263020833333334 0.15787037037037038 0.0359375 0.05462962962962963
1 0.5294270833333333 0.2777777777777778 0.059895833333333336 0.09444444444444444
1 0.15520833333333334 0.10185185185185185 0.026041666666666668 0.04259259259259259
1 0.6606770833333333 0.14305555555555555 0.034895833333333334 0.05277777777777778
1 0.49114583333333334 0.17962962962962964 0.0375 0.05740740740740741
1 0.5546875 0.1037037037037037 0.021875 0.03518518518518519
1 0.28098958333333335 0.12314814814814815 0.018229166666666668 0.03888888888888889
1 0.37447916666666664 0.24814814814814815 0.040625 0.07777777777777778
1 0.3651041666666667 0.1486111111111111 0.034375 0.04722222222222222
1 0.30052083333333335 0.13148148148148148 0.034375 0.044444444444444446
1 0.30416666666666664 0.1597222222222222 0.040625 0.04537037037037037
1 0.3567708333333333 0.13333333333333333 0.03958333333333333 0.040740740740740744
1 0.57109375 0.09212962962962963 0.0234375 0.030555555555555555
1 0.5924479166666666 0.1388888888888889 0.03802083333333333 0.05925925925925926
1 0.33489583333333334 0.07314814814814814 0.019791666666666666 0.025925925925925925
1 0.35208333333333336 0.08333333333333333 0.022916666666666665 0.027777777777777776
1 0.48463541666666665 0.10972222222222222 0.022395833333333334 0.025
1 0.5052083333333334 0.2671296296296296 0.041666666666666664 0.08055555555555556
1 0.80625 0.375 0.090625 0.12777777777777777
1 0.3359375 0.17453703703703705 0.030208333333333334 0.019444444444444445
1 0.48020833333333335 0.0875 0.020833333333333332 0.017592592592592594
1 0.23723958333333334 0.18472222222222223 0.04739583333333333 0.07314814814814814
1 0.17265625 0.16203703703703703 0.04010416666666667 0.053703703703703705
1 0.42994791666666665 0.08611111111111111 0.0234375 0.027777777777777776
1 0.4036458333333333 0.06851851851851852 0.021875 0.024074074074074074
1 0.27109375 0.17175925925925925 0.03177083333333333 0.04351851851851852
1 0.6018229166666667 0.10277777777777777 0.024479166666666666 0.037037037037037035
1 0.1796875 0.3421296296296296 0.05625 0.07314814814814814
1 0.56953125 0.1337962962962963 0.022395833333333334 0.05092592592592592
1 0.4713541666666667 0.07175925925925926 0.020833333333333332 0.032407407407407406
1 0.2953125 0.2884259259259259 0.051041666666666666 0.09537037037037037
1 0.16796875 0.28935185185185186 0.050520833333333334 0.07314814814814814
1 0.18229166666666666 0.3013888888888889 0.06145833333333333 0.058333333333333334
1 0.26510416666666664 0.2300925925925926 0.04375 0.08055555555555556
1 0.23359375 0.12916666666666668 0.034895833333333334 0.03611111111111111
1 0.4973958333333333 0.11851851851851852 0.013541666666666667 0.02962962962962963
1 0.6010416666666667 0.07546296296296297 0.020833333333333332 0.021296296296296296
1 0.6364583333333333 0.1310185185185185 0.03229166666666667 0.03796296296296296
1 0.31796875 0.29444444444444445 0.0640625 0.07962962962962963
1 0.75390625 0.1398148148148148 0.033854166666666664 0.03518518518518519
1 0.15625 0.25 0.04479166666666667 0.07592592592592592