2 0.6471354166666666 0.350462962962963 0.10364583333333334 0.20092592592592592
2 0.853125 0.14074074074074075 0.08125 0.12407407407407407
2 0.7848958333333333 0.09166666666666666 0.058333333333333334 0.08703703703703704
1 0.9322916666666666 0.924074074074074 0.134375 0.15
1 0.7 0.7097222222222223 0.12708333333333333 0.175
1 0.5630208333333333 0.3282407407407407 0.06354166666666666 0.08425925925925926
1 0.3502604166666667 0.4009259259259259 0.07552083333333333 0.10185185185185185
1 0.20442708333333334 0.5398148148148149 0.09010416666666667 0.12222222222222222
1 0.6794270833333333 0.21203703703703702 0.0484375 0.04259259259259259
1 0.48072916666666665 0.3888888888888889 0.075 0.1037037037037037
1 0.64921875 0.6046296296296296 0.1109375 0.14074074074074075
1 0.4359375 0.6467592592592593 0.12083333333333333 0.18796296296296297
1 0.74765625 0.4759259259259259 0.10989583333333333 0.17962962962962964
1 0.5002604166666667 0.27546296296296297 0.0515625 0.0712962962962963
1 0.1890625 0.25324074074074077 0.04791666666666667 0.06944444444444445
1 0.19140625 0.4888888888888889 0.09010416666666667 0.10925925925925926
1 0.8096354166666667 0.23194444444444445 0.044270833333333336 0.062037037037037036
1 0.58984375 0.25462962962962965 0.0515625 0.06666666666666667
1 0.9171875 0.2791666666666667 0.065625 0.09907407407407408
1 0.4700520833333333 0.24583333333333332 0.0515625 0.06759259259259259
1 0.278125 0.27824074074074073 0.05625 0.0712962962962963
1 0.33177083333333335 0.3509259259259259 0.08020833333333334 0.12777777777777777
1 0.55625 0.2310185185185185 0.051041666666666666 0.07685185185185185
1 0.63203125 0.16527777777777777 0.03802083333333333 0.05092592592592592
1 0.86328125 0.21712962962962962 0.050520833333333334 0.075
1 0.7828125 0.2550925925925926 0.04895833333333333 0.062037037037037036
1 0.5846354166666666 0.36898148148148147 0.033854166666666664 0.08981481481481482
1 0.40546875 0.5782407407407407 0.10572916666666667 0.14351851851851852
1 0.4622395833333333 0.34953703703703703 0.059895833333333336 0.09351851851851851
1 0.3578125 0.25046296296296294 0.030208333333333334 0.06388888888888888
1 0.753125 0.2152777777777778 0.0375 0.062037037037037036
1 0.18072916666666666 0.40925925925925927 0.06875 0.10555555555555556
1 0.41848958333333336 0.29212962962962963 0.06302083333333333 0.10833333333333334
1 0.26171875 0.20416666666666666 0.03802083333333333 0.05092592592592592
1 0.48854166666666665 0.10092592592592593 0.01875 0.03518518518518519
1 0.18541666666666667 0.3527777777777778 0.07916666666666666 0.11481481481481481
1 0.3846354166666667 0.16018518518518518 0.03802083333333333 0.053703703703703705
1 0.6161458333333333 0.1537037037037037 0.034375 0.05185185185185185
1 0.16796875 0.1388888888888889 0.033854166666666664 0.03518518518518519
1 0.28958333333333336 0.1337962962962963 0.034375 0.049074074074074076
1 0.3234375 0.1712962962962963 0.04479166666666667 0.04814814814814815
1 0.4317708333333333 0.22268518518518518 0.041666666666666664 0.05277777777777778
1 0.5731770833333333 0.1375 0.0328125 0.04722222222222222
1 0.26119791666666664 0.09768518518518518 0.021354166666666667 0.03796296296296296
1 0.7 0.13657407407407407 0.020833333333333332 0.04351851851851852
1 0.35651041666666666 0.13842592592592592 0.033854166666666664 0.04722222222222222
1 0.23515625 0.1375 0.033854166666666664 0.03981481481481482
1 0.3294270833333333 0.19305555555555556 0.0328125 0.05277777777777778
1 0.7572916666666667 0.14953703703703702 0.029166666666666667 0.030555555555555555
1 0.32578125 0.11157407407407408 0.03177083333333333 0.032407407407407406
1 0.27578125 0.10972222222222222 0.03177083333333333 0.04351851851851852
1 0.16901041666666666 0.08101851851851852 0.027604166666666666 0.026851851851851852
1 0.2453125 0.16157407407407406 0.03854166666666667 0.049074074074074076
1 0.6026041666666667 0.13842592592592592 0.034375 0.06574074074074074
1 0.44635416666666666 0.2023148148148148 0.03958333333333333 0.028703703703703703
1 0.340625 0.12824074074074074 0.023958333333333335 0.03611111111111111
1 0.18619791666666666 0.20324074074074075 0.0390625 0.05092592592592592
1 0.6734375 0.14212962962962963 0.03958333333333333 0.06388888888888888
1 0.36822916666666666 0.09490740740740741 0.025 0.04537037037037037
1 0.6510416666666666 0.13518518518518519 0.01875 0.044444444444444446
1 0.3919270833333333 0.2763888888888889 0.04635416666666667 0.07685185185185185
1 0.165625 0.11203703703703703 0.028125 0.03333333333333333
1 0.7377604166666667 0.19907407407407407 0.044270833333333336 0.07592592592592592
1 0.38958333333333334 0.10925925925925926 0.03125 0.044444444444444446
1 0.63046875 0.11898148148148148 0.03177083333333333 0.03981481481481482
1 0.8497395833333333 0.20046296296296295 0.049479166666666664 0.0787037037037037
1 0.94140625 0.18888888888888888 0.043229166666666666 0.06666666666666667
1 0.7890625 0.1625 0.03958333333333333 0.06388888888888888
1 0.32109375 0.06944444444444445 0.021354166666666667 0.018518518518518517
1 0.4515625 0.0787037037037037 0.019791666666666666 0.03333333333333333
1 0.9200520833333333 0.17731481481481481 0.04010416666666667 0.06759259259259259
1 0.42552083333333335 0.0712962962962963 0.022916666666666665 0.03148148148148148
1 0.30963541666666666 0.09305555555555556 0.033854166666666664 0.03425925925925926
1 0.42421875 0.14166666666666666 0.044270833333333336 0.053703703703703705
1 0.39088541666666665 0.17731481481481481 0.0265625 0.05277777777777778
1 0.5104166666666666 0.10648148148148148 0.03125 0.04814814814814815
1 0.7424479166666667 0.14166666666666666 0.0328125 0.03888888888888889
1 0.5981770833333333 0.0837962962962963 0.027604166666666666 0.030555555555555555
1 0.17395833333333333 0.17314814814814813 0.04895833333333333 0.046296296296296294
1 0.6536458333333334 0.10277777777777777 0.022916666666666665 0.022222222222222223
1 0.3463541666666667 0.2152777777777778 0.05 0.075
1 0.25442708333333336 0.18333333333333332 0.043229166666666666 0.04259259259259259
1 0.61015625 0.09675925925925925 0.021354166666666667 0.01574074074074074
1 0.31145833333333334 0.15648148148148147 0.03229166666666667 0.05555555555555555
1 0.9768229166666667 0.19583333333333333 0.0453125 0.0787037037037037
1 0.4153645833333333 0.18287037037037038 0.0390625 0.06388888888888888