1 0.5921875 0.913425925925926 0.16354166666666667 0.1712962962962963
1 0.4596354166666667 0.6990740740740741 0.12447916666666667 0.16666666666666666
1 0.20651041666666667 0.537962962962963 0.10885416666666667 0.14074074074074075
1 0.5502604166666667 0.3277777777777778 0.0671875 0.08703703703703704
1 0.6276041666666666 0.5861111111111111 0.10729166666666666 0.15555555555555556
1 0.18932291666666667 0.4412037037037037 0.08385416666666666 0.10833333333333334
1 0.35494791666666664 0.45694444444444443 0.08489583333333334 0.11388888888888889
1 0.8315104166666667 0.8268518518518518 0.15260416666666668 0.2074074074074074
1 0.43359375 0.6046296296296296 0.11927083333333334 0.1537037037037037
1 0.41848958333333336 0.3199074074074074 0.050520833333333334 0.08425925925925926
1 0.7419270833333333 0.48703703703703705 0.08802083333333334 0.12407407407407407
1 0.5661458333333333 0.5231481481481481 0.09583333333333334 0.12962962962962962
1 0.3145833333333333 0.3337962962962963 0.06354166666666666 0.08796296296296297
1 0.4908854166666667 0.26435185185185184 0.0546875 0.07314814814814814
1 0.7252604166666666 0.33796296296296297 0.07447916666666667 0.11481481481481481
1 0.64296875 0.387037037037037 0.08385416666666666 0.13148148148148148
1 0.8510416666666667 0.44027777777777777 0.0875 0.11944444444444445
1 0.7875 0.5296296296296297 0.11145833333333334 0.14629629629629629
1 0.18645833333333334 0.30648148148148147 0.05625 0.08148148148148149
1 0.6104166666666667 0.26805555555555555 0.05520833333333333 0.08425925925925926
1 0.4046875 0.28935185185185186 0.05 0.07685185185185185
1 0.87890625 0.6300925925925925 0.12135416666666667 0.17685185185185184
1 0.43671875 0.14583333333333334 0.033854166666666664 0.04722222222222222
1 0.9794270833333333 0.5370370370370371 0.04010416666666667 0.1685185185185185
1 0.46510416666666665 0.3486111111111111 0.06875 0.10833333333333334
1 0.9783854166666667 0.25833333333333336 0.0421875 0.07592592592592592
1 0.4513020833333333 0.23703703703703705 0.0484375 0.06481481481481481
1 0.3453125 0.3819444444444444 0.065625 0.09537037037037037
1 0.37916666666666665 0.2449074074074074 0.05 0.08425925925925926
1 0.6984375 0.13240740740740742 0.03125 0.044444444444444446
1 0.34739583333333335 0.22870370370370371 0.036458333333333336 0.05925925925925926
1 0.39114583333333336 0.11342592592592593 0.03333333333333333 0.05277777777777778
1 0.6770833333333334 0.29768518518518516 0.06354166666666666 0.09537037037037037
1 0.4265625 0.13425925925925927 0.030208333333333334 0.05185185185185185
1 0.2796875 0.2574074074074074 0.06145833333333333 0.09814814814814815
1 0.8583333333333333 0.25833333333333336 0.057291666666666664 0.07407407407407407
1 0.4828125 0.11157407407407408 0.027083333333333334 0.03425925925925926
1 0.5354166666666667 0.45092592592592595 0.09375 0.14444444444444443
1 0.40520833333333334 0.18425925925925926 0.03229166666666667 0.046296296296296294
1 0.87265625 0.22546296296296298 0.049479166666666664 0.06574074074074074
1 0.615625 0.17314814814814813 0.040625 0.046296296296296294
1 0.6265625 0.1574074074074074 0.03229166666666667 0.05
1 0.30442708333333335 0.15694444444444444 0.033854166666666664 0.04351851851851852
1 0.6606770833333333 0.20046296296296295 0.0421875 0.041666666666666664
1 0.23828125 0.1439814814814815 0.0328125 0.04351851851851852
1 0.18333333333333332 0.26157407407407407 0.04895833333333333 0.05092592592592592
1 0.72265625 0.12222222222222222 0.024479166666666666 0.03333333333333333
1 0.34661458333333334 0.12962962962962962 0.028645833333333332 0.046296296296296294
1 0.734375 0.19768518518518519 0.052083333333333336 0.08055555555555556
1 0.9364583333333333 0.19444444444444445 0.052083333333333336 0.07222222222222222
1 0.6786458333333333 0.15416666666666667 0.034375 0.04537037037037037
1 0.734375 0.14722222222222223 0.03229166666666667 0.024074074074074074
1 0.7924479166666667 0.2263888888888889 0.04739583333333333 0.07314814814814814
1 0.64921875 0.11851851851851852 0.027604166666666666 0.04259259259259259
1 0.32708333333333334 0.1111111111111111 0.029166666666666667 0.044444444444444446
1 0.5890625 0.16296296296296298 0.029166666666666667 0.03888888888888889
1 0.34921875 0.1486111111111111 0.022395833333333334 0.03611111111111111
1 0.3625 0.09027777777777778 0.021875 0.032407407407407406
1 0.59296875 0.2449074074074074 0.05572916666666667 0.09351851851851851
1 0.7 0.18981481481481483 0.035416666666666666 0.06666666666666667
1 0.16067708333333333 0.08842592592592592 0.025520833333333333 0.03796296296296296
1 0.5580729166666667 0.10416666666666667 0.024479166666666666 0.032407407407407406
1 0.50078125 0.10277777777777777 0.025520833333333333 0.040740740740740744
1 0.22916666666666666 0.12407407407407407 0.03125 0.040740740740740744
1 0.8127604166666667 0.1726851851851852 0.033854166666666664 0.04537037037037037
1 0.5846354166666666 0.10462962962962963 0.025520833333333333 0.027777777777777776
1 0.6635416666666667 0.10185185185185185 0.023958333333333335 0.044444444444444446
1 0.46380208333333334 0.08888888888888889 0.0234375 0.03148148148148148
1 0.2765625 0.11157407407407408 0.03229166666666667 0.04537037037037037
1 0.3697916666666667 0.15416666666666667 0.03125 0.041666666666666664
1 0.6296875 0.13287037037037036 0.03229166666666667 0.04351851851851852
1 0.5622395833333333 0.15046296296296297 0.0296875 0.032407407407407406
1 0.5229166666666667 0.13425925925925927 0.023958333333333335 0.027777777777777776
1 0.6182291666666667 0.12314814814814815 0.022916666666666665 0.03333333333333333
1 0.59453125 0.13657407407407407 0.030729166666666665 0.026851851851851852
1 0.32864583333333336 0.18703703703703703 0.03229166666666667 0.06111111111111111
1 0.5348958333333333 0.09166666666666666 0.026041666666666668 0.040740740740740744
1 0.8528645833333334 0.2013888888888889 0.0671875 0.07314814814814814
1 0.68125 0.1814814814814815 0.025 0.05185185185185185
1 0.8807291666666667 0.1638888888888889 0.04791666666666667 0.06851851851851852
1 0.39010416666666664 0.17453703703703705 0.03229166666666667 0.05648148148148148
1 0.34661458333333334 0.2023148148148148 0.04114583333333333 0.06759259259259259
1 0.4002604166666667 0.07407407407407407 0.021354166666666667 0.024074074074074074
1 0.63515625 0.0912037037037037 0.028645833333333332 0.03611111111111111
1 0.009114583333333334 0.49166666666666664 0.018229166666666668 0.13148148148148148
1 0.2520833333333333 0.17407407407407408 0.0375 0.06296296296296296
1 0.17630208333333333 0.15648148148148147 0.04010416666666667 0.044444444444444446
1 0.7052083333333333 0.10787037037037037 0.019791666666666666 0.01574074074074074
1 0.7755208333333333 0.1865740740740741 0.03854166666666667 0.05092592592592592
1 0.17526041666666667 0.2361111111111111 0.04635416666666667 0.08888888888888889
1 0.4356770833333333 0.20416666666666666 0.0453125 0.07314814814814814
1 0.37109375 0.10555555555555556 0.0140625 0.03333333333333333
1 0.9911458333333333 0.3263888888888889 0.016666666666666666 0.0787037037037037