2 0.5677083333333334 0.28425925925925927 0.08541666666666667 0.1648148148148148
2 0.9286458333333333 0.16898148148148148 0.09375 0.15648148148148147
2 0.8390625 0.10324074074074074 0.06458333333333334 0.09351851851851851
2 0.96796875 0.5050925925925925 0.06302083333333333 0.22870370370370371
1 0.6640625 0.6314814814814815 0.12083333333333333 0.1574074074074074
1 0.9091145833333333 0.31666666666666665 0.0671875 0.06851851851851852
1 0.7848958333333333 0.26064814814814813 0.059375 0.05092592592592592
1 0.7890625 0.549074074074074 0.10833333333333334 0.13703703703703704
1 0.5138020833333333 0.45555555555555555 0.0765625 0.10555555555555556
1 0.9580729166666667 0.2824074074074074 0.06197916666666667 0.07407407407407407
1 0.5572916666666666 0.5069444444444444 0.08958333333333333 0.12685185185185185
1 0.37213541666666666 0.48009259259259257 0.0890625 0.1398148148148148
1 0.4609375 0.23564814814814813 0.04479166666666667 0.06388888888888888
1 0.4625 0.912962962962963 0.18229166666666666 0.17222222222222222
1 0.31666666666666665 0.33055555555555555 0.06354166666666666 0.08518518518518518
1 0.6903645833333333 0.19305555555555556 0.0421875 0.05648148148148148
1 0.9708333333333333 0.7101851851851851 0.057291666666666664 0.23333333333333334
1 0.4317708333333333 0.32175925925925924 0.06145833333333333 0.08611111111111111
1 0.19869791666666667 0.4393518518518518 0.0734375 0.09722222222222222
1 0.8619791666666666 0.2574074074074074 0.05416666666666667 0.07592592592592592
1 0.34401041666666665 0.44722222222222224 0.06822916666666666 0.10925925925925926
1 0.5145833333333333 0.30462962962962964 0.03333333333333333 0.07592592592592592
1 0.8611979166666667 0.4532407407407407 0.0953125 0.11574074074074074
1 0.6296875 0.37546296296296294 0.0875 0.1398148148148148
1 0.4317708333333333 0.21203703703703702 0.042708333333333334 0.05555555555555555
1 0.40390625 0.2912037037037037 0.050520833333333334 0.0787037037037037
1 0.7703125 0.7861111111111111 0.15208333333333332 0.24814814814814815
1 0.19348958333333333 0.39444444444444443 0.07239583333333334 0.08703703703703704
1 0.19322916666666667 0.14212962962962963 0.029166666666666667 0.03796296296296296
1 0.49921875 0.27824074074074073 0.05260416666666667 0.0712962962962963
1 0.5815104166666667 0.1449074074074074 0.0328125 0.03796296296296296
1 0.2518229166666667 0.18009259259259258 0.0359375 0.04722222222222222
1 0.44583333333333336 0.08009259259259259 0.025 0.032407407407407406
1 0.6169270833333333 0.1550925925925926 0.033854166666666664 0.05277777777777778
1 0.17526041666666667 0.3375 0.05677083333333333 0.09166666666666666
1 0.6752604166666667 0.1787037037037037 0.03697916666666667 0.05555555555555555
1 0.2713541666666667 0.23981481481481481 0.053125 0.06296296296296296
1 0.21510416666666668 0.10601851851851851 0.029166666666666667 0.04351851851851852
1 0.34427083333333336 0.1259259259259259 0.030208333333333334 0.046296296296296294
1 0.3854166666666667 0.24814814814814815 0.05520833333333333 0.09444444444444444
1 0.3263020833333333 0.11666666666666667 0.0203125 0.03333333333333333
1 0.48932291666666666 0.09861111111111111 0.021354166666666667 0.03796296296296296
1 0.8411458333333334 0.23148148148148148 0.06770833333333333 0.08333333333333333
1 0.40963541666666664 0.18796296296296297 0.03697916666666667 0.040740740740740744
1 0.3026041666666667 0.2935185185185185 0.0625 0.10740740740740741
1 0.3533854166666667 0.08287037037037037 0.0234375 0.03611111111111111
1 0.1859375 0.21898148148148147 0.041666666666666664 0.062037037037037036
1 0.3515625 0.2412037037037037 0.03125 0.06759259259259259
1 0.8127604166666667 0.17175925925925925 0.03802083333333333 0.062037037037037036
1 0.18385416666666668 0.1814814814814815 0.0375 0.046296296296296294
1 0.6481770833333333 0.1638888888888889 0.03802083333333333 0.06481481481481481
1 0.5161458333333333 0.11018518518518519 0.01875 0.040740740740740744
1 0.3658854166666667 0.1449074074074074 0.03177083333333333 0.04722222222222222
1 0.6463541666666667 0.11157407407407408 0.025 0.025
1 0.9783854166666667 0.25092592592592594 0.0421875 0.07592592592592592
1 0.25546875 0.08981481481481482 0.0203125 0.037037037037037035
1 0.509375 0.19907407407407407 0.042708333333333334 0.06851851851851852
1 0.37109375 0.09861111111111111 0.03177083333333333 0.041666666666666664
1 0.26953125 0.09907407407407408 0.0296875 0.037037037037037035
1 0.4627604166666667 0.06805555555555555 0.0171875 0.028703703703703703
1 0.24166666666666667 0.16620370370370371 0.041666666666666664 0.04537037037037037
1 0.22994791666666667 0.12361111111111112 0.0296875 0.03425925925925926
1 0.16692708333333334 0.12453703703703704 0.0296875 0.03796296296296296
1 0.39036458333333335 0.15787037037037038 0.034895833333333334 0.05092592592592592
1 0.20729166666666668 0.07685185185185185 0.020833333333333332 0.022222222222222223
1 0.1859375 0.29398148148148145 0.052083333333333336 0.09722222222222222
1 0.15598958333333332 0.16111111111111112 0.013020833333333334 0.03518518518518519
1 0.30963541666666666 0.15462962962962962 0.033854166666666664 0.044444444444444446
1 0.37526041666666665 0.18796296296296297 0.033854166666666664 0.025925925925925925
1 0.7291666666666666 0.16527777777777777 0.042708333333333334 0.06944444444444445
1 0.471875 0.0875 0.021875 0.03796296296296296
1 0.2833333333333333 0.12268518518518519 0.029166666666666667 0.04537037037037037
1 0.40260416666666665 0.12314814814814815 0.040625 0.05185185185185185
1 0.4127604166666667 0.12407407407407407 0.0203125 0.04814814814814815
1 0.38125 0.06898148148148148 0.029166666666666667 0.023148148148148147
1 0.67421875 0.13425925925925927 0.03802083333333333 0.03888888888888889
1 0.1734375 0.16620370370370371 0.03229166666666667 0.06018518518518518
1 0.5356770833333333 0.22037037037037038 0.0390625 0.06111111111111111
1 0.75390625 0.15787037037037038 0.015104166666666667 0.04351851851851852
1 0.69375 0.1175925925925926 0.027083333333333334 0.02962962962962963
1 0.8635416666666667 0.17777777777777778 0.04895833333333333 0.06111111111111111
1 0.8255208333333334 0.1824074074074074 0.036458333333333336 0.05555555555555555
1 0.8520833333333333 0.9638888888888889 0.2520833333333333 0.07037037037037037
1 0.29765625 0.14212962962962963 0.0296875 0.049074074074074076
1 0.35104166666666664 0.21898148148148147 0.04791666666666667 0.06018518518518518
1 0.9838541666666667 0.5125 0.03125 0.15833333333333333
1 0.32734375 0.19027777777777777 0.043229166666666666 0.06574074074074074
1 0.008072916666666667 0.5273148148148148 0.016145833333333335 0.10462962962962963