1 0.29973958333333334 0.9013888888888889 0.17135416666666667 0.19537037037037036
1 0.88671875 0.8930555555555556 0.18072916666666666 0.21203703703703702
1 0.8072916666666666 0.5324074074074074 0.109375 0.14444444444444443
1 0.5669270833333333 0.5361111111111111 0.11510416666666666 0.17592592592592593
1 0.20651041666666667 0.48055555555555557 0.09010416666666667 0.12222222222222222
1 0.90234375 0.6342592592592593 0.1265625 0.17777777777777778
1 0.35885416666666664 0.44722222222222224 0.078125 0.10555555555555556
1 0.6067708333333334 0.9143518518518519 0.18125 0.16944444444444445
1 0.4973958333333333 0.4097222222222222 0.07604166666666666 0.10648148148148148
1 0.75 0.7310185185185185 0.14791666666666667 0.22870370370370371
1 0.09765625 0.41203703703703703 0.0828125 0.13333333333333333
1 0.5544270833333333 0.3148148148148148 0.0671875 0.09074074074074075
1 0.69296875 0.425462962962963 0.09427083333333333 0.1398148148148148
1 0.34010416666666665 0.3787037037037037 0.06979166666666667 0.09444444444444444
1 0.4434895833333333 0.34074074074074073 0.06510416666666667 0.09444444444444444
1 0.18020833333333333 0.3300925925925926 0.06666666666666667 0.08425925925925926
1 0.9135416666666667 0.32407407407407407 0.075 0.05925925925925926
1 0.6 0.36018518518518516 0.06770833333333333 0.1
1 0.45078125 0.22962962962962963 0.04635416666666667 0.06296296296296296
1 0.8622395833333333 0.22037037037037038 0.04739583333333333 0.05925925925925926
1 0.5471354166666667 0.21898148148148147 0.0484375 0.07685185185185185
1 0.3145833333333333 0.34629629629629627 0.059375 0.08888888888888889
1 0.903125 0.23796296296296296 0.051041666666666666 0.07777777777777778
1 0.41354166666666664 0.19027777777777777 0.040625 0.05092592592592592
1 0.6619791666666667 0.2962962962962963 0.0625 0.0962962962962963
1 0.86171875 0.16712962962962963 0.03802083333333333 0.049074074074074076
1 0.5263020833333333 0.2986111111111111 0.0484375 0.0787037037037037
1 0.4908854166666667 0.1814814814814815 0.03697916666666667 0.05925925925925926
1 0.17161458333333332 0.22546296296296298 0.04010416666666667 0.058333333333333334
1 0.60546875 0.2662037037037037 0.0546875 0.075
1 0.8200520833333333 0.2712962962962963 0.0671875 0.07592592592592592
1 0.26484375 0.23425925925925925 0.03802083333333333 0.06481481481481481
1 0.49114583333333334 0.2564814814814815 0.053125 0.08888888888888889
1 0.51484375 0.20185185185185187 0.04114583333333333 0.07037037037037037
1 0.38203125 0.10555555555555556 0.027604166666666666 0.037037037037037035
1 0.9221354166666667 0.26990740740740743 0.05572916666666667 0.05462962962962963
1 0.73671875 0.1736111111111111 0.03697916666666667 0.05462962962962963
1 0.83515625 0.15833333333333333 0.03177083333333333 0.04814814814814815
1 0.35234375 0.22453703703703703 0.0359375 0.06018518518518518
1 0.5708333333333333 0.15925925925925927 0.034375 0.040740740740740744
1 0.38359375 0.1712962962962963 0.03802083333333333 0.04814814814814815
1 0.3807291666666667 0.23796296296296296 0.04583333333333333 0.07962962962962963
1 0.2942708333333333 0.2912037037037037 0.05520833333333333 0.07685185185185185
1 0.68828125 0.17453703703703705 0.03697916666666667 0.05277777777777778
1 0.45260416666666664 0.09814814814814815 0.025 0.027777777777777776
1 0.640625 0.19074074074074074 0.03125 0.03333333333333333
1 0.18125 0.15046296296296297 0.035416666666666666 0.05092592592592592
1 0.3489583333333333 0.08287037037037037 0.03125 0.03611111111111111
1 0.34739583333333335 0.20694444444444443 0.040625 0.06018518518518518
1 0.40260416666666665 0.2847222222222222 0.05625 0.09166666666666666
1 0.5231770833333333 0.11342592592592593 0.024479166666666666 0.03611111111111111
1 0.6677083333333333 0.20185185185185187 0.03958333333333333 0.04259259259259259
1 0.9703125 0.3023148148148148 0.058333333333333334 0.09722222222222222
1 0.3380208333333333 0.11944444444444445 0.025 0.040740740740740744
1 0.6309895833333333 0.16203703703703703 0.034895833333333334 0.053703703703703705
1 0.778125 0.15138888888888888 0.034375 0.030555555555555555
1 0.4203125 0.3189814814814815 0.04895833333333333 0.0787037037037037
1 0.18125 0.20324074074074075 0.03854166666666667 0.05462962962962963
1 0.6432291666666666 0.13287037037037036 0.03125 0.03611111111111111
1 0.4778645833333333 0.16712962962962963 0.0390625 0.06388888888888888
1 0.7447916666666666 0.125 0.035416666666666666 0.05185185185185185
1 0.7182291666666667 0.11203703703703703 0.027083333333333334 0.04259259259259259
1 0.8020833333333334 0.18425925925925926 0.03229166666666667 0.03888888888888889
1 0.19557291666666668 0.10324074074074074 0.025520833333333333 0.032407407407407406
1 0.28619791666666666 0.12037037037037036 0.024479166666666666 0.040740740740740744
1 0.7518229166666667 0.2152777777777778 0.04114583333333333 0.062037037037037036
1 0.31744791666666666 0.10092592592592593 0.024479166666666666 0.03333333333333333
1 0.2838541666666667 0.25787037037037036 0.04479166666666667 0.06944444444444445
1 0.99140625 0.7652777777777777 0.016145833333333335 0.16944444444444445
1 0.35833333333333334 0.13935185185185187 0.029166666666666667 0.04351851851851852
1 0.5763020833333333 0.13425925925925927 0.033854166666666664 0.053703703703703705
1 0.4765625 0.09398148148148149 0.025 0.03611111111111111
1 0.2557291666666667 0.1912037037037037 0.04791666666666667 0.0787037037037037
1 0.30104166666666665 0.14027777777777778 0.03229166666666667 0.04722222222222222
1 0.375 0.0912037037037037 0.022916666666666665 0.025
1 0.703125 0.2310185185185185 0.04479166666666667 0.06018518518518518
1 0.33255208333333336 0.1814814814814815 0.0390625 0.06481481481481481
1 0.5817708333333333 0.10462962962962963 0.026041666666666668 0.03333333333333333
1 0.321875 0.11574074074074074 0.015625 0.03148148148148148
1 0.24895833333333334 0.07777777777777778 0.025 0.03148148148148148
1 0.1625 0.11990740740740741 0.03958333333333333 0.05462962962962963
1 0.3796875 0.1449074074074074 0.036458333333333336 0.04537037037037037
1 0.17057291666666666 0.1787037037037037 0.04010416666666667 0.06481481481481481
1 0.48984375 0.11388888888888889 0.028645833333333332 0.03148148148148148
1 0.30885416666666665 0.1527777777777778 0.036458333333333336 0.05555555555555555
1 0.3028645833333333 0.08703703703703704 0.0265625 0.037037037037037035
1 0.6903645833333333 0.1476851851851852 0.033854166666666664 0.04537037037037037
1 0.6575520833333334 0.1648148148148148 0.033854166666666664 0.03518518518518519
1 0.17838541666666666 0.2828703703703704 0.06197916666666667 0.062037037037037036
1 0.55625 0.09953703703703703 0.023958333333333335 0.041666666666666664
1 0.21171875 0.07268518518518519 0.021354166666666667 0.01574074074074074
1 0.23463541666666668 0.1388888888888889 0.034895833333333334 0.05185185185185185
1 0.23046875 0.11851851851851852 0.034895833333333334 0.03148148148148148
1 0.46484375 0.062037037037037036 0.0203125 0.020370370370370372
1 0.8044270833333333 0.2212962962962963 0.0359375 0.04814814814814815
1 0.6481770833333333 0.1087962962962963 0.0234375 0.03796296296296296
1 0.7549479166666667 0.17314814814814813 0.033854166666666664 0.03148148148148148
1 0.24817708333333333 0.16574074074074074 0.044270833333333336 0.06296296296296296
1 0.7638020833333333 0.24768518518518517 0.05364583333333333 0.06018518518518518
1 0.99140625 0.2337962962962963 0.016145833333333335 0.049074074074074076