2 0.7231770833333333 0.1050925925925926 0.05677083333333333 0.12129629629629629
2 0.6572916666666667 0.09212962962962963 0.05 0.09907407407407408
1 0.34869791666666666 0.6027777777777777 0.11614583333333334 0.15
1 0.6643229166666667 0.6370370370370371 0.1296875 0.16666666666666666
1 0.8169270833333333 0.5523148148148148 0.11197916666666667 0.14166666666666666
1 0.49244791666666665 0.4203703703703704 0.09427083333333333 0.14074074074074075
1 0.67265625 0.42453703703703705 0.0859375 0.11574074074074074
1 0.3299479166666667 0.36944444444444446 0.06302083333333333 0.08518518518518518
1 0.20703125 0.38796296296296295 0.06614583333333333 0.10185185185185185
1 0.60390625 0.5425925925925926 0.1078125 0.17037037037037037
1 0.7270833333333333 0.4837962962962963 0.096875 0.1361111111111111
1 0.31302083333333336 0.32083333333333336 0.06041666666666667 0.08055555555555556
1 0.4427083333333333 0.3425925925925926 0.0625 0.09074074074074075
1 0.5028645833333333 0.26990740740740743 0.058854166666666666 0.0787037037037037
1 0.59765625 0.25046296296296294 0.05260416666666667 0.08425925925925926
1 0.79765625 0.8296296296296296 0.19010416666666666 0.2962962962962963
1 0.39427083333333335 0.1726851851851852 0.036458333333333336 0.049074074074074076
1 0.5416666666666666 0.30462962962962964 0.057291666666666664 0.08888888888888889
1 0.9822916666666667 0.7537037037037037 0.034375 0.18703703703703703
1 0.6151041666666667 0.35 0.07395833333333333 0.11666666666666667
1 0.9268229166666667 0.18888888888888888 0.043229166666666666 0.05185185185185185
1 0.4239583333333333 0.20555555555555555 0.03854166666666667 0.05740740740740741
1 0.01640625 0.512962962962963 0.0328125 0.13333333333333333
1 0.5033854166666667 0.19074074074074074 0.043229166666666666 0.06481481481481481
1 0.40338541666666666 0.29212962962962963 0.05677083333333333 0.0824074074074074
1 0.6244791666666667 0.1837962962962963 0.03854166666666667 0.04351851851851852
1 0.89296875 0.1787037037037037 0.03802083333333333 0.05185185185185185
1 0.17916666666666667 0.337037037037037 0.06458333333333334 0.1111111111111111
1 0.6802083333333333 0.1824074074074074 0.03854166666666667 0.05740740740740741
1 0.9729166666666667 0.2601851851851852 0.053125 0.06481481481481481
1 0.7122395833333334 0.19583333333333333 0.0453125 0.05462962962962963
1 0.5533854166666666 0.22870370370370371 0.044270833333333336 0.06481481481481481
1 0.4583333333333333 0.2273148148148148 0.04895833333333333 0.07685185185185185
1 0.7421875 0.24074074074074073 0.05 0.05740740740740741
1 0.3541666666666667 0.21157407407407408 0.040625 0.0712962962962963
1 0.7989583333333333 0.26666666666666666 0.052083333333333336 0.05555555555555555
1 0.29010416666666666 0.2962962962962963 0.04895833333333333 0.07777777777777778
1 0.9158854166666667 0.28194444444444444 0.0546875 0.07314814814814814
1 0.4796875 0.2564814814814815 0.041666666666666664 0.07037037037037037
1 0.4309895833333333 0.6671296296296296 0.12552083333333333 0.1638888888888889
1 0.55625 0.12777777777777777 0.025 0.03888888888888889
1 0.17291666666666666 0.20277777777777778 0.03854166666666667 0.053703703703703705
1 0.87109375 0.2962962962962963 0.06197916666666667 0.06851851851851852
1 0.7122395833333334 0.21944444444444444 0.04010416666666667 0.044444444444444446
1 0.36640625 0.15416666666666667 0.0359375 0.04351851851851852
1 0.6911458333333333 0.15092592592592594 0.034375 0.040740740740740744
1 0.44921875 0.14722222222222223 0.033854166666666664 0.05740740740740741
1 0.2625 0.20972222222222223 0.040625 0.05648148148148148
1 0.3375 0.07453703703703704 0.027083333333333334 0.032407407407407406
1 0.80390625 0.18055555555555555 0.034895833333333334 0.025925925925925925
1 0.48020833333333335 0.1685185185185185 0.0375 0.04814814814814815
1 0.19583333333333333 0.1361111111111111 0.026041666666666668 0.046296296296296294
1 0.31484375 0.16203703703703703 0.04010416666666667 0.05925925925925926
1 0.8359375 0.19953703703703704 0.041666666666666664 0.03981481481481482
1 0.4744791666666667 0.11018518518518519 0.027083333333333334 0.027777777777777776
1 0.5182291666666666 0.12962962962962962 0.03229166666666667 0.03148148148148148
1 0.37734375 0.24861111111111112 0.0484375 0.08425925925925926
1 0.3328125 0.19444444444444445 0.035416666666666666 0.06666666666666667
1 0.4973958333333333 0.1 0.025 0.03333333333333333
1 0.8471354166666667 0.18796296296296297 0.0390625 0.05740740740740741
1 0.7796875 0.1375 0.0375 0.05648148148148148
1 0.40677083333333336 0.06759259259259259 0.021875 0.022222222222222223
1 0.7473958333333334 0.16527777777777777 0.036458333333333336 0.03981481481481482
1 0.56328125 0.1111111111111111 0.022395833333333334 0.03888888888888889
1 0.38697916666666665 0.27685185185185185 0.03854166666666667 0.07037037037037037
1 0.61484375 0.15185185185185185 0.03697916666666667 0.06111111111111111
1 0.253125 0.08287037037037037 0.022916666666666665 0.03425925925925926
1 0.29609375 0.1375 0.030729166666666665 0.05092592592592592
1 0.925 0.3194444444444444 0.04479166666666667 0.053703703703703705
1 0.2799479166666667 0.25462962962962965 0.049479166666666664 0.07222222222222222
1 0.7515625 0.20416666666666666 0.040625 0.06388888888888888
1 0.17682291666666666 0.2763888888888889 0.0578125 0.05462962962962963
1 0.33567708333333335 0.11064814814814815 0.034895833333333334 0.03796296296296296
1 0.15416666666666667 0.10092592592592593 0.03229166666666667 0.024074074074074074
1 0.27630208333333334 0.1111111111111111 0.0265625 0.037037037037037035
1 0.43072916666666666 0.07037037037037037 0.028125 0.03148148148148148
1 0.5854166666666667 0.11435185185185186 0.03125 0.05277777777777778
1 0.16848958333333333 0.16342592592592592 0.04010416666666667 0.06018518518518518
1 0.9653645833333333 0.3449074074074074 0.06822916666666666 0.10648148148148148
1 0.23046875 0.125 0.03177083333333333 0.04814814814814815
1 0.30755208333333334 0.10138888888888889 0.025520833333333333 0.03981481481481482
1 0.26640625 0.09722222222222222 0.027604166666666666 0.040740740740740744
1 0.8059895833333334 0.2199074074074074 0.04114583333333333 0.058333333333333334
1 0.36692708333333335 0.09537037037037037 0.025520833333333333 0.03518518518518519
1 0.24661458333333333 0.1736111111111111 0.0453125 0.0712962962962963
1 0.1984375 0.08333333333333333 0.022916666666666665 0.025925925925925925
1 0.8458333333333333 0.25046296296296294 0.05 0.06944444444444445
1 0.17421875 0.24768518518518517 0.05572916666666667 0.05277777777777778
1 0.46171875 0.16064814814814815 0.03177083333333333 0.05462962962962963
1 0.25625 0.1425925925925926 0.027083333333333334 0.037037037037037035