1 0.6151041666666667 0.6101851851851852 0.13333333333333333 0.20185185185185187
1 0.37552083333333336 0.49444444444444446 0.08645833333333333 0.11481481481481481
1 0.2109375 0.5314814814814814 0.1 0.13703703703703704
1 0.8588541666666667 0.8662037037037037 0.175 0.2657407407407407
1 0.9721354166666667 0.7453703703703703 0.0546875 0.2037037037037037
1 0.46171875 0.24259259259259258 0.049479166666666664 0.06481481481481481
1 0.46588541666666666 0.36944444444444446 0.0703125 0.1
1 0.353125 0.4111111111111111 0.075 0.1037037037037037
1 0.5278645833333333 0.45046296296296295 0.0828125 0.11574074074074074
1 0.18307291666666667 0.3537037037037037 0.0734375 0.09074074074074075
1 0.3263020833333333 0.37592592592592594 0.0671875 0.09444444444444444
1 0.7473958333333334 0.4699074074074074 0.09791666666666667 0.1527777777777778
1 0.58203125 0.33935185185185185 0.07239583333333334 0.09537037037037037
1 0.85234375 0.2953703703703704 0.06822916666666666 0.05555555555555555
1 0.03671875 0.46111111111111114 0.0734375 0.14444444444444443
1 0.55234375 0.3199074074074074 0.05364583333333333 0.08611111111111111
1 0.6325520833333333 0.2875 0.059895833333333336 0.0787037037037037
1 0.4388020833333333 0.3416666666666667 0.05260416666666667 0.08333333333333333
1 0.8354166666666667 0.15787037037037038 0.035416666666666666 0.04537037037037037
1 0.4234375 0.20092592592592592 0.042708333333333334 0.05
1 0.57109375 0.2351851851851852 0.0515625 0.08148148148148149
1 0.17057291666666666 0.2375 0.0421875 0.062037037037037036
1 0.30234375 0.31203703703703706 0.058854166666666666 0.07962962962962963
1 0.7028645833333333 0.3212962962962963 0.0671875 0.1037037037037037
1 0.671875 0.2101851851851852 0.03958333333333333 0.046296296296296294
1 0.5091145833333334 0.27361111111111114 0.058854166666666666 0.09166666666666666
1 0.18854166666666666 0.2967592592592593 0.052083333333333336 0.06018518518518518
1 0.36015625 0.23842592592592593 0.03802083333333333 0.06388888888888888
1 0.50703125 0.1935185185185185 0.0390625 0.06296296296296296
1 0.35546875 0.08842592592592592 0.033854166666666664 0.041666666666666664
1 0.7489583333333333 0.1537037037037037 0.03229166666666667 0.05
1 0.39401041666666664 0.25277777777777777 0.0484375 0.08148148148148149
1 0.26901041666666664 0.24814814814814815 0.0421875 0.06666666666666667
1 0.7666666666666667 0.2462962962962963 0.06354166666666666 0.06851851851851852
1 0.8208333333333333 0.20879629629629629 0.04479166666666667 0.06018518518518518
1 0.9671875 0.21851851851851853 0.051041666666666666 0.04814814814814815
1 0.6377604166666667 0.18935185185185185 0.0359375 0.04351851851851852
1 0.3932291666666667 0.18287037037037038 0.0375 0.05462962962962963
1 0.5348958333333333 0.21435185185185185 0.04479166666666667 0.075
1 0.35208333333333336 0.21944444444444444 0.03854166666666667 0.06111111111111111
1 0.6666666666666666 0.1398148148148148 0.03333333333333333 0.040740740740740744
1 0.39166666666666666 0.11296296296296296 0.028125 0.037037037037037035
1 0.7140625 0.16527777777777777 0.0375 0.05277777777777778
1 0.3671875 0.14629629629629629 0.026041666666666668 0.04259259259259259
1 0.5125 0.1111111111111111 0.027083333333333334 0.03333333333333333
1 0.38333333333333336 0.10231481481481482 0.026041666666666668 0.03796296296296296
1 0.8067708333333333 0.15185185185185185 0.030208333333333334 0.04814814814814815
1 0.41822916666666665 0.30462962962962964 0.065625 0.0962962962962963
1 0.7203125 0.20046296296296295 0.04375 0.06018518518518518
1 0.8877604166666667 0.6027777777777777 0.1234375 0.16666666666666666
1 0.90703125 0.27546296296296297 0.0578125 0.08796296296296297
1 0.7572916666666667 0.20416666666666666 0.03229166666666667 0.030555555555555555
1 0.18203125 0.2125 0.03802083333333333 0.05648148148148148
1 0.8596354166666667 0.22037037037037038 0.0484375 0.07222222222222222
1 0.6356770833333333 0.38842592592592595 0.0734375 0.11018518518518519
1 0.7276041666666667 0.23148148148148148 0.04375 0.05925925925925926
1 0.32135416666666666 0.10601851851851851 0.022916666666666665 0.03611111111111111
1 0.728125 0.11712962962962963 0.035416666666666666 0.04351851851851852
1 0.25703125 0.20092592592592592 0.0484375 0.08148148148148149
1 0.6255208333333333 0.12453703703703704 0.03125 0.03425925925925926
1 0.8661458333333333 0.24768518518518517 0.04791666666666667 0.049074074074074076
1 0.33645833333333336 0.07453703703703704 0.019791666666666666 0.028703703703703703
1 0.31744791666666666 0.1787037037037037 0.0265625 0.05
1 0.14765625 0.12685185185185185 0.013020833333333334 0.046296296296296294
1 0.34010416666666665 0.19166666666666668 0.03958333333333333 0.06851851851851852
1 0.7307291666666667 0.1699074074074074 0.03958333333333333 0.04537037037037037
1 0.29010416666666666 0.12685185185185185 0.028125 0.040740740740740744
1 0.30104166666666665 0.14675925925925926 0.026041666666666668 0.05462962962962963
1 0.22057291666666667 0.10555555555555556 0.0296875 0.040740740740740744
1 0.5546875 0.1486111111111111 0.026041666666666668 0.03611111111111111
1 0.7994791666666666 0.17962962962962964 0.028125 0.05
1 0.3419270833333333 0.12361111111111112 0.0265625 0.03425925925925926
1 0.6161458333333333 0.1726851851851852 0.036458333333333336 0.041666666666666664
1 0.5627604166666667 0.1259259259259259 0.030729166666666665 0.05185185185185185
1 0.6635416666666667 0.16527777777777777 0.034375 0.04537037037037037
1 0.4778645833333333 0.11018518518518519 0.0265625 0.027777777777777776
1 0.31484375 0.16111111111111112 0.0359375 0.05925925925925926
1 0.26015625 0.09351851851851851 0.0296875 0.03888888888888889
1 0.2942708333333333 0.2740740740740741 0.053125 0.07222222222222222
1 0.63125 0.10694444444444444 0.026041666666666668 0.03796296296296296
1 0.56015625 0.0712962962962963 0.018229166666666668 0.025925925925925925
1 0.4671875 0.09212962962962963 0.025 0.03611111111111111
1 0.965625 0.29398148148148145 0.06770833333333333 0.11018518518518519
1 0.30390625 0.08287037037037037 0.028645833333333332 0.04351851851851852
1 0.20026041666666666 0.10601851851851851 0.022395833333333334 0.03425925925925926
1 0.7013020833333333 0.10925925925925926 0.030729166666666665 0.044444444444444446
1 0.23203125 0.12546296296296297 0.033854166666666664 0.030555555555555555
1 0.44375 0.09490740740740741 0.023958333333333335 0.028703703703703703
1 0.16770833333333332 0.125 0.034375 0.05740740740740741
1 0.1796875 0.15787037037037038 0.035416666666666666 0.058333333333333334
1 0.21458333333333332 0.07731481481481481 0.021875 0.023148148148148147
1 0.17161458333333332 0.17083333333333334 0.0390625 0.03425925925925926
1 0.3614583333333333 0.12777777777777777 0.027083333333333334 0.03148148148148148
1 0.63828125 0.15555555555555556 0.025520833333333333 0.02962962962962963
1 0.49375 0.18055555555555555 0.041666666666666664 0.07222222222222222
1 0.2359375 0.1476851851851852 0.03333333333333333 0.05277777777777778
1 0.16901041666666666 0.32685185185185184 0.05364583333333333 0.09814814814814815
1 0.3890625 0.15694444444444444 0.035416666666666666 0.05277777777777778
1 0.6127604166666667 0.15462962962962962 0.0328125 0.05185185185185185