2 0.8346354166666666 0.1425925925925926 0.0734375 0.13518518518518519
2 0.6869791666666667 0.38101851851851853 0.11354166666666667 0.21574074074074073
2 0.9830729166666666 0.18009259259259258 0.0328125 0.18425925925925926
1 0.7122395833333334 0.6865740740740741 0.12447916666666667 0.16018518518518518
1 0.7903645833333334 0.8287037037037037 0.14635416666666667 0.20555555555555555
1 0.5916666666666667 0.35138888888888886 0.06979166666666667 0.08981481481481482
1 0.20911458333333333 0.5898148148148148 0.09739583333333333 0.13148148148148148
1 0.5010416666666667 0.4199074074074074 0.08020833333333334 0.11203703703703703
1 0.6526041666666667 0.20046296296296295 0.04583333333333333 0.041666666666666664
1 0.5171875 0.29259259259259257 0.05416666666666667 0.07777777777777778
1 0.36276041666666664 0.43287037037037035 0.08177083333333333 0.11018518518518519
1 0.28359375 0.29444444444444445 0.05677083333333333 0.07407407407407407
1 0.19114583333333332 0.26481481481481484 0.04791666666666667 0.07407407407407407
1 0.6166666666666667 0.39675925925925926 0.041666666666666664 0.09907407407407408
1 0.48072916666666665 0.7277777777777777 0.1375 0.22777777777777777
1 0.18958333333333333 0.5268518518518519 0.09583333333333334 0.11481481481481481
1 0.7432291666666667 0.23842592592592593 0.04791666666666667 0.058333333333333334
1 0.48385416666666664 0.25972222222222224 0.05625 0.06944444444444445
1 0.5739583333333333 0.24537037037037038 0.053125 0.07962962962962963
1 0.6057291666666667 0.2722222222222222 0.05416666666666667 0.07222222222222222
1 0.6145833333333334 0.15694444444444444 0.035416666666666666 0.049074074074074076
1 0.8768229166666667 0.26296296296296295 0.059895833333333336 0.09444444444444444
1 0.7973958333333333 0.5273148148148148 0.11875 0.19722222222222222
1 0.4265625 0.3106481481481482 0.06770833333333333 0.11388888888888889
1 0.26484375 0.2125 0.0390625 0.05462962962962963
1 0.365625 0.26435185185185184 0.03333333333333333 0.06388888888888888
1 0.34322916666666664 0.3773148148148148 0.08541666666666667 0.13425925925925927
1 0.91953125 0.18194444444444444 0.04114583333333333 0.06574074074074074
1 0.4234375 0.6467592592592593 0.103125 0.15833333333333333
1 0.45286458333333335 0.2324074074074074 0.0484375 0.06296296296296296
1 0.68515625 0.1310185185185185 0.021354166666666667 0.03981481481481482
1 0.5979166666666667 0.14675925925925926 0.03333333333333333 0.049074074074074076
1 0.184375 0.4388888888888889 0.07083333333333333 0.1111111111111111
1 0.5622395833333333 0.13148148148148148 0.03177083333333333 0.046296296296296294
1 0.35546875 0.1425925925925926 0.04114583333333333 0.05
1 0.39036458333333335 0.16666666666666666 0.03697916666666667 0.05555555555555555
1 0.24739583333333334 0.1685185185185185 0.0375 0.05
1 0.83046875 0.2064814814814815 0.04739583333333333 0.07407407407407407
1 0.2328125 0.14166666666666666 0.025 0.03888888888888889
1 0.32734375 0.11481481481481481 0.034895833333333334 0.03518518518518519
1 0.48020833333333335 0.09722222222222222 0.025 0.03518518518518519
1 0.7216145833333333 0.13518518518518519 0.03177083333333333 0.03518518518518519
1 0.4859375 0.37777777777777777 0.065625 0.09814814814814815
1 0.8994791666666667 0.17037037037037037 0.03854166666666667 0.06666666666666667
1 0.33515625 0.2023148148148148 0.0328125 0.05462962962962963
1 0.7307291666666667 0.2050925925925926 0.046875 0.058333333333333334
1 0.2630208333333333 0.10046296296296296 0.025 0.03981481481481482
1 0.35625 0.24074074074074073 0.051041666666666666 0.05
1 0.3296875 0.17962962962962964 0.04375 0.05
1 0.25807291666666665 0.19074074074074074 0.043229166666666666 0.044444444444444446
1 0.5252604166666667 0.11898148148148148 0.0203125 0.032407407407407406
1 0.18776041666666668 0.21203703703703702 0.04010416666666667 0.046296296296296294
1 0.8057291666666667 0.18518518518518517 0.0375 0.06666666666666667
1 0.50234375 0.10416666666666667 0.0296875 0.04722222222222222
1 0.65625 0.1361111111111111 0.042708333333333334 0.06296296296296296
1 0.42604166666666665 0.19305555555555556 0.040625 0.06574074074074074
1 0.4010416666666667 0.18564814814814815 0.029166666666666667 0.058333333333333334
1 0.9502604166666667 0.1875 0.0421875 0.07685185185185185
1 0.7109375 0.1884259259259259 0.042708333333333334 0.0712962962962963
1 0.22760416666666666 0.13055555555555556 0.035416666666666666 0.03888888888888889
1 0.4200520833333333 0.0699074074074074 0.021354166666666667 0.028703703703703703
1 0.7661458333333333 0.15185185185185185 0.03958333333333333 0.05555555555555555
1 0.29322916666666665 0.1361111111111111 0.03333333333333333 0.04814814814814815
1 0.27734375 0.11342592592592593 0.028645833333333332 0.04351851851851852
1 0.16848958333333333 0.08101851851851852 0.0265625 0.025
1 0.39375 0.2611111111111111 0.053125 0.06851851851851852
1 0.16614583333333333 0.14537037037037037 0.03229166666666667 0.040740740740740744
1 0.7736979166666667 0.21851851851851853 0.0390625 0.05925925925925926
1 0.3888020833333333 0.2935185185185185 0.03177083333333333 0.07777777777777778
1 0.54765625 0.06666666666666667 0.025520833333333333 0.03333333333333333
1 0.3171875 0.16203703703703703 0.034375 0.05740740740740741
1 0.39895833333333336 0.11851851851851852 0.028125 0.03888888888888889
1 0.5893229166666667 0.08101851851851852 0.028645833333333332 0.028703703703703703
1 0.5890625 0.1337962962962963 0.03125 0.06018518518518518
1 0.18671875 0.3800925925925926 0.07864583333333333 0.12314814814814815
1 0.7416666666666667 0.1712962962962963 0.026041666666666668 0.03518518518518519
1 0.3729166666666667 0.09953703703703703 0.025 0.04722222222222222
1 0.4440104166666667 0.07731481481481481 0.018229166666666668 0.032407407407407406
1 0.6403645833333333 0.10046296296296296 0.0234375 0.025
1 0.7372395833333333 0.14212962962962963 0.0265625 0.026851851851851852
1 0.3919270833333333 0.11157407407407408 0.0265625 0.04351851851851852
1 0.9859375 0.27037037037037037 0.027083333333333334 0.07962962962962963
1 0.4401041666666667 0.14907407407407408 0.03125 0.05555555555555555
1 0.61796875 0.11712962962962963 0.0328125 0.041666666666666664