2 0.82109375 0.49444444444444446 0.14322916666666666 0.2796296296296296
2 0.9033854166666667 0.15416666666666667 0.07864583333333333 0.1638888888888889
2 0.7776041666666667 0.1259259259259259 0.06666666666666667 0.12777777777777777
1 0.17421875 0.6837962962962963 0.1234375 0.14351851851851852
1 0.6848958333333334 0.4375 0.08645833333333333 0.10833333333333334
1 0.23489583333333333 0.7851851851851852 0.12916666666666668 0.17407407407407408
1 0.590625 0.5412037037037037 0.10520833333333333 0.14166666666666666
1 0.6713541666666667 0.3300925925925926 0.06458333333333334 0.08981481481481482
1 0.5903645833333333 0.3527777777777778 0.06510416666666667 0.09259259259259259
1 0.7330729166666666 0.5041666666666667 0.04635416666666667 0.1287037037037037
1 0.31328125 0.3472222222222222 0.06614583333333333 0.08518518518518518
1 0.5768229166666666 0.9175925925925926 0.16822916666666668 0.16296296296296298
1 0.3567708333333333 0.30787037037037035 0.0625 0.08055555555555556
1 0.5302083333333333 0.30462962962962964 0.0625 0.08148148148148149
1 0.56171875 0.4740740740740741 0.0828125 0.12407407407407407
1 0.9583333333333334 0.30462962962962964 0.06041666666666667 0.08148148148148149
1 0.5934895833333333 0.1685185185185185 0.03697916666666667 0.040740740740740744
1 0.2721354166666667 0.24166666666666667 0.044270833333333336 0.05925925925925926
1 0.371875 0.47638888888888886 0.109375 0.1638888888888889
1 0.97109375 0.7425925925925926 0.05677083333333333 0.26666666666666666
1 0.6901041666666666 0.18703703703703703 0.03958333333333333 0.05185185185185185
1 0.19322916666666667 0.3087962962962963 0.057291666666666664 0.07685185185185185
1 0.5705729166666667 0.13518518518518519 0.03177083333333333 0.044444444444444446
1 0.6510416666666666 0.19583333333333333 0.040625 0.04351851851851852
1 0.7815104166666667 0.22268518518518518 0.0515625 0.08425925925925926
1 0.4557291666666667 0.3736111111111111 0.084375 0.13425925925925927
1 0.4140625 0.3111111111111111 0.05625 0.1
1 0.9052083333333333 0.30833333333333335 0.06145833333333333 0.07407407407407407
1 0.41796875 0.13287037037037036 0.0328125 0.04537037037037037
1 0.5057291666666667 0.2800925925925926 0.051041666666666666 0.0824074074074074
1 0.45208333333333334 0.22314814814814815 0.046875 0.07962962962962963
1 0.19947916666666668 0.5560185185185185 0.090625 0.14351851851851852
1 0.4822916666666667 0.2657407407407407 0.04479166666666667 0.07037037037037037
1 0.884375 0.22962962962962963 0.052083333333333336 0.06666666666666667
1 0.4674479166666667 0.16712962962962963 0.03697916666666667 0.058333333333333334
1 0.42682291666666666 0.20925925925925926 0.0359375 0.06111111111111111
1 0.74921875 0.17777777777777778 0.0390625 0.06481481481481481
1 0.5572916666666666 0.12824074074074074 0.025 0.04351851851851852
1 0.61328125 0.11944444444444445 0.0359375 0.05555555555555555
1 0.18932291666666667 0.24814814814814815 0.0453125 0.07222222222222222
1 0.42734375 0.34074074074074073 0.05572916666666667 0.09444444444444444
1 0.28671875 0.12361111111111112 0.0296875 0.04722222222222222
1 0.35963541666666665 0.14907407407407408 0.0296875 0.040740740740740744
1 0.3567708333333333 0.22777777777777777 0.0375 0.06296296296296296
1 0.34713541666666664 0.12777777777777777 0.030729166666666665 0.037037037037037035
1 0.6421875 0.11527777777777778 0.026041666666666668 0.04351851851851852
1 0.24088541666666666 0.15324074074074073 0.03177083333333333 0.049074074074074076
1 0.2526041666666667 0.18518518518518517 0.040625 0.053703703703703705
1 0.3028645833333333 0.15138888888888888 0.0359375 0.058333333333333334
1 0.8997395833333334 0.26666666666666666 0.0578125 0.07037037037037037
1 0.6794270833333333 0.14722222222222223 0.0296875 0.03148148148148148
1 0.41119791666666666 0.18611111111111112 0.0421875 0.05555555555555555
1 0.34817708333333336 0.20324074074074075 0.043229166666666666 0.06018518518518518
1 0.26953125 0.10694444444444444 0.025520833333333333 0.04351851851851852
1 0.50234375 0.10648148148148148 0.025520833333333333 0.03518518518518519
1 0.4049479166666667 0.06481481481481481 0.021354166666666667 0.022222222222222223
1 0.7205729166666667 0.15833333333333333 0.034895833333333334 0.05925925925925926
1 0.6763020833333333 0.11805555555555555 0.0265625 0.032407407407407406
1 0.4440104166666667 0.15416666666666667 0.028645833333333332 0.04722222222222222
1 0.33307291666666666 0.07222222222222222 0.0234375 0.027777777777777776
1 0.45598958333333334 0.08564814814814815 0.0265625 0.03611111111111111
1 0.23046875 0.13240740740740742 0.033854166666666664 0.05740740740740741
1 0.3768229166666667 0.1597222222222222 0.03697916666666667 0.05648148148148148
1 0.9450520833333333 0.1837962962962963 0.016145833333333335 0.06944444444444445
1 0.26848958333333334 0.21342592592592594 0.04635416666666667 0.05277777777777778
1 0.40598958333333335 0.5541666666666667 0.10052083333333334 0.1398148148148148
1 0.32760416666666664 0.17916666666666667 0.035416666666666666 0.06388888888888888
1 0.58359375 0.10833333333333334 0.0296875 0.04814814814814815
1 0.39114583333333336 0.10601851851851851 0.028125 0.04722222222222222
1 0.48098958333333336 0.09305555555555556 0.030729166666666665 0.04351851851851852
1 0.40625 0.12222222222222222 0.030208333333333334 0.046296296296296294
1 0.38385416666666666 0.2712962962962963 0.05625 0.05
1 0.5640625 0.07083333333333333 0.028125 0.023148148148148147
1 0.19244791666666666 0.4722222222222222 0.0890625 0.1425925925925926
1 0.7111979166666667 0.13287037037037036 0.0328125 0.05092592592592592
1 0.16953125 0.15416666666666667 0.034895833333333334 0.04351851851851852
1 0.32057291666666665 0.10416666666666667 0.034895833333333334 0.03981481481481482
1 0.17916666666666667 0.22916666666666666 0.042708333333333334 0.062037037037037036
1 0.21119791666666668 0.10601851851851851 0.0234375 0.04351851851851852
1 0.44244791666666666 0.07546296296296297 0.025520833333333333 0.03425925925925926
1 0.6065104166666667 0.09351851851851851 0.022395833333333334 0.02962962962962963
1 0.5252604166666667 0.11435185185185186 0.018229166666666668 0.04351851851851852
1 0.16822916666666668 0.12685185185185185 0.03125 0.03518518518518519
1 0.8442708333333333 0.1537037037037037 0.034375 0.06111111111111111
1 0.16640625 0.08796296296296297 0.028645833333333332 0.03333333333333333
1 0.6346354166666667 0.28703703703703703 0.059895833333333336 0.08518518518518518
1 0.6877604166666667 0.1287037037037037 0.0203125 0.03333333333333333
1 0.6416666666666667 0.17037037037037037 0.023958333333333335 0.044444444444444446
1 0.8557291666666667 0.16435185185185186 0.025 0.058333333333333334
1 0.17473958333333334 0.20416666666666666 0.044270833333333336 0.04537037037037037
1 0.7260416666666667 0.987037037037037 0.12291666666666666 0.024074074074074074
1 0.6651041666666667 0.1685185185185185 0.03333333333333333 0.044444444444444446
1 0.5578125 0.1 0.027083333333333334 0.04814814814814815
1 0.5075520833333333 0.06620370370370371 0.024479166666666666 0.030555555555555555