1 0.4744791666666667 0.7384259259259259 0.12916666666666668 0.16944444444444445
1 0.26848958333333334 0.8532407407407407 0.15364583333333334 0.21574074074074073
1 0.6895833333333333 0.6560185185185186 0.11875 0.16574074074074074
1 0.5158854166666667 0.29583333333333334 0.0640625 0.07685185185185185
1 0.5658854166666667 0.49722222222222223 0.09114583333333333 0.13333333333333333
1 0.07578125 0.425 0.0796875 0.12407407407407407
1 0.3385416666666667 0.4009259259259259 0.07291666666666667 0.09814814814814815
1 0.20442708333333334 0.46296296296296297 0.09010416666666667 0.12037037037037036
1 0.5895833333333333 0.34305555555555556 0.075 0.11574074074074074
1 0.94140625 0.29212962962962963 0.06197916666666667 0.0824074074074074
1 0.5091145833333334 0.45092592592592595 0.0765625 0.10925925925925926
1 0.6674479166666667 0.4222222222222222 0.0734375 0.10740740740740741
1 0.18541666666666667 0.3875 0.075 0.09351851851851851
1 0.7942708333333334 0.5296296296296297 0.1 0.14814814814814814
1 0.70390625 0.4537037037037037 0.0953125 0.1259259259259259
1 0.7653645833333333 0.37824074074074077 0.07760416666666667 0.10462962962962963
1 0.2981770833333333 0.3023148148148148 0.05572916666666667 0.08055555555555556
1 0.6666666666666666 0.2986111111111111 0.06354166666666666 0.10092592592592593
1 0.88828125 0.4462962962962963 0.09322916666666667 0.14074074074074075
1 0.9322916666666666 0.9666666666666667 0.134375 0.06481481481481481
1 0.9666666666666667 0.7226851851851852 0.065625 0.23055555555555557
1 0.5692708333333333 0.24074074074074073 0.05 0.07592592592592592
1 0.46380208333333334 0.24259259259259258 0.049479166666666664 0.06666666666666667
1 0.4036458333333333 0.5777777777777777 0.10416666666666667 0.1388888888888889
1 0.38125 0.5106481481481482 0.09375 0.1287037037037037
1 0.175 0.2824074074074074 0.051041666666666666 0.07222222222222222
1 0.43072916666666666 0.21712962962962962 0.04583333333333333 0.062037037037037036
1 0.42213541666666665 0.1337962962962963 0.03177083333333333 0.04351851851851852
1 0.3966145833333333 0.2898148148148148 0.0453125 0.07777777777777778
1 0.6231770833333333 0.26435185185185184 0.05572916666666667 0.08425925925925926
1 0.48671875 0.39166666666666666 0.08072916666666667 0.12407407407407407
1 0.32447916666666665 0.3425925925925926 0.06145833333333333 0.08703703703703704
1 0.43411458333333336 0.3125 0.0609375 0.09907407407407408
1 0.9278645833333333 0.16203703703703703 0.05364583333333333 0.040740740740740744
1 0.33697916666666666 0.2101851851851852 0.0375 0.05740740740740741
1 0.553125 0.22175925925925927 0.05 0.08425925925925926
1 0.82734375 0.20277777777777778 0.033854166666666664 0.06111111111111111
1 0.8596354166666667 0.2523148148148148 0.0546875 0.0824074074074074
1 0.4984375 0.11944444444444445 0.029166666666666667 0.03518518518518519
1 0.38515625 0.26342592592592595 0.0453125 0.0712962962962963
1 0.7065104166666667 0.23148148148148148 0.0484375 0.05925925925925926
1 0.74921875 0.1300925925925926 0.024479166666666666 0.03611111111111111
1 0.3802083333333333 0.1037037037037037 0.030208333333333334 0.04814814814814815
1 0.6244791666666667 0.17962962962962964 0.03229166666666667 0.04259259259259259
1 0.66015625 0.1685185185185185 0.034895833333333334 0.04259259259259259
1 0.36484375 0.2273148148148148 0.04635416666666667 0.07685185185185185
1 0.3380208333333333 0.1787037037037037 0.03958333333333333 0.046296296296296294
1 0.39140625 0.17083333333333334 0.030729166666666665 0.04351851851851852
1 0.7130208333333333 0.16805555555555557 0.036458333333333336 0.05092592592592592
1 0.6546875 0.19074074074074074 0.04479166666666667 0.05185185185185185
1 0.73125 0.14537037037037037 0.034375 0.04814814814814815
1 0.8802083333333334 0.1986111111111111 0.036458333333333336 0.049074074074074076
1 0.2703125 0.10416666666666667 0.03229166666666667 0.041666666666666664
1 0.5901041666666667 0.16620370370370371 0.034375 0.03611111111111111
1 0.90859375 0.2101851851851852 0.0421875 0.06296296296296296
1 0.18072916666666666 0.2490740740740741 0.04895833333333333 0.06481481481481481
1 0.22421875 0.11944444444444445 0.03177083333333333 0.037037037037037035
1 0.3182291666666667 0.17407407407407408 0.030208333333333334 0.05925925925925926
1 0.6052083333333333 0.11574074074074074 0.029166666666666667 0.040740740740740744
1 0.6723958333333333 0.12824074074074074 0.029166666666666667 0.04351851851851852
1 0.5703125 0.15092592592592594 0.029166666666666667 0.03518518518518519
1 0.1625 0.07731481481481481 0.022916666666666665 0.019444444444444445
1 0.8544270833333333 0.18611111111111112 0.0328125 0.05
1 0.17109375 0.1337962962962963 0.03802083333333333 0.04351851851851852
1 0.940625 0.2023148148148148 0.05 0.03611111111111111
1 0.5677083333333334 0.09074074074074075 0.023958333333333335 0.02962962962962963
1 0.44114583333333335 0.0824074074074074 0.022916666666666665 0.03518518518518519
1 0.27005208333333336 0.2375 0.05677083333333333 0.09166666666666666
1 0.4786458333333333 0.09583333333333334 0.025 0.030555555555555555
1 0.35833333333333334 0.14305555555555555 0.029166666666666667 0.03981481481481482
1 0.9364583333333333 0.2462962962962963 0.06145833333333333 0.07592592592592592
1 0.3619791666666667 0.09814814814814815 0.013541666666666667 0.03333333333333333
1 0.6567708333333333 0.1375 0.03333333333333333 0.03425925925925926
1 0.6247395833333333 0.15462962962962962 0.0359375 0.03888888888888889
1 0.7286458333333333 0.11574074074074074 0.020833333333333332 0.016666666666666666
1 0.3177083333333333 0.10277777777777777 0.027083333333333334 0.040740740740740744
1 0.75078125 0.2111111111111111 0.04010416666666667 0.07037037037037037
1 0.28411458333333334 0.11990740740740741 0.034895833333333334 0.03425925925925926
1 0.35104166666666664 0.0837962962962963 0.019791666666666666 0.032407407407407406
1 0.68125 0.10694444444444444 0.027083333333333334 0.04537037037037037
1 0.16666666666666666 0.16620370370370371 0.028125 0.03425925925925926
1 0.3809895833333333 0.16018518518518518 0.03177083333333333 0.05555555555555555
1 0.34270833333333334 0.13564814814814816 0.028125 0.03611111111111111
1 0.5026041666666666 0.08333333333333333 0.022916666666666665 0.040740740740740744
1 0.64375 0.12685185185185185 0.027083333333333334 0.027777777777777776
1 0.17083333333333334 0.22361111111111112 0.041666666666666664 0.07685185185185185
1 0.47682291666666665 0.06342592592592593 0.022395833333333334 0.025
1 0.24947916666666667 0.16666666666666666 0.040625 0.053703703703703705
1 0.34036458333333336 0.12175925925925926 0.0296875 0.04351851851851852
1 0.5174479166666667 0.10787037037037037 0.0265625 0.04722222222222222
1 0.19010416666666666 0.07685185185185185 0.017708333333333333 0.022222222222222223
1 0.17786458333333333 0.11435185185185186 0.0234375 0.028703703703703703
1 0.21927083333333333 0.10462962962962963 0.029166666666666667 0.03333333333333333
1 0.4161458333333333 0.08194444444444444 0.025 0.026851851851851852
1 0.75859375 0.16296296296296298 0.0265625 0.02962962962962963
1 0.6544270833333333 0.09537037037037037 0.0265625 0.037037037037037035
1 0.5994791666666667 0.13518518518518519 0.030208333333333334 0.03518518518518519
1 0.41328125 0.12268518518518519 0.027604166666666666 0.04722222222222222
1 0.7934895833333333 0.2199074074074074 0.0578125 0.08981481481481482
1 0.17604166666666668 0.1986111111111111 0.04583333333333333 0.041666666666666664
1 0.26119791666666664 0.19722222222222222 0.05364583333333333 0.05555555555555555
1 0.21145833333333333 0.0824074074074074 0.026041666666666668 0.03333333333333333
1 0.7309895833333333 0.2074074074074074 0.030729166666666665 0.07407407407407407
1 0.3 0.14351851851851852 0.03125 0.046296296296296294
1 0.5591145833333333 0.12916666666666668 0.0265625 0.04537037037037037
1 0.9890625 0.20925925925925926 0.020833333333333332 0.07407407407407407