2 0.8955729166666667 0.1587962962962963 0.08802083333333334 0.14537037037037037
2 0.5953125 0.30416666666666664 0.08958333333333333 0.17685185185185184
1 0.740625 0.7236111111111111 0.140625 0.1824074074074074
1 0.5973958333333333 0.5634259259259259 0.09895833333333333 0.14166666666666666
1 0.865625 0.6175925925925926 0.12083333333333333 0.1537037037037037
1 0.8549479166666667 0.2912037037037037 0.06197916666666667 0.06574074074074074
1 0.55703125 0.4986111111111111 0.0859375 0.1175925925925926
1 0.8916666666666667 0.2601851851851852 0.057291666666666664 0.06851851851851852
1 0.9020833333333333 0.8953703703703704 0.184375 0.2074074074074074
1 0.4473958333333333 0.34120370370370373 0.06666666666666667 0.09166666666666666
1 0.3890625 0.5287037037037037 0.096875 0.15555555555555556
1 0.2 0.46944444444444444 0.078125 0.10555555555555556
1 0.66640625 0.18194444444444444 0.04114583333333333 0.05462962962962963
1 0.5166666666666667 0.29398148148148145 0.05520833333333333 0.075
1 0.9385416666666667 0.5046296296296297 0.10625 0.13333333333333333
1 0.6677083333333333 0.4060185185185185 0.09375 0.1527777777777778
1 0.32786458333333335 0.35185185185185186 0.0671875 0.09074074074074075
1 0.421875 0.3106481481481482 0.052083333333333336 0.08425925925925926
1 0.35989583333333336 0.48564814814814816 0.075 0.11944444444444445
1 0.8182291666666667 0.24027777777777778 0.051041666666666666 0.0712962962962963
1 0.9846354166666667 0.3175925925925926 0.0296875 0.10555555555555556
1 0.33307291666666666 0.19814814814814816 0.0453125 0.06851851851851852
1 0.25442708333333336 0.1865740740740741 0.0359375 0.05092592592592592
1 0.3104166666666667 0.31203703703703706 0.071875 0.11296296296296296
1 0.5247395833333334 0.20925925925925926 0.043229166666666666 0.07037037037037037
1 0.1828125 0.18796296296296297 0.03958333333333333 0.04814814814814815
1 0.5567708333333333 0.2310185185185185 0.04375 0.06574074074074074
1 0.26901041666666664 0.25046296296296294 0.050520833333333334 0.06759259259259259
1 0.740625 0.23935185185185184 0.053125 0.05092592592592592
1 0.1921875 0.42407407407407405 0.07708333333333334 0.0962962962962963
1 0.43802083333333336 0.07685185185185185 0.023958333333333335 0.03333333333333333
1 0.5643229166666667 0.13564814814814816 0.030729166666666665 0.03981481481481482
1 0.44427083333333334 0.22407407407407406 0.04583333333333333 0.06111111111111111
1 0.9356770833333333 0.2388888888888889 0.05260416666666667 0.08518518518518518
1 0.5989583333333334 0.14675925925925926 0.034375 0.05092592592592592
1 0.17552083333333332 0.3587962962962963 0.06041666666666667 0.09907407407407408
1 0.4236979166666667 0.19305555555555556 0.03697916666666667 0.041666666666666664
1 0.3580729166666667 0.08518518518518518 0.0234375 0.037037037037037035
1 0.215625 0.1125 0.03125 0.049074074074074076
1 0.18645833333333334 0.2310185185185185 0.042708333333333334 0.06388888888888888
1 0.3294270833333333 0.11990740740740741 0.021354166666666667 0.03611111111111111
1 0.39765625 0.2611111111111111 0.0578125 0.1
1 0.284375 0.1259259259259259 0.030208333333333334 0.044444444444444446
1 0.6520833333333333 0.16805555555555557 0.035416666666666666 0.05462962962962963
1 0.37916666666666665 0.10138888888888889 0.03229166666666667 0.04351851851851852
1 0.18880208333333334 0.31203703703703706 0.05364583333333333 0.1037037037037037
1 0.46328125 0.08425925925925926 0.021354166666666667 0.037037037037037035
1 0.7885416666666667 0.14305555555555555 0.029166666666666667 0.021296296296296296
1 0.50390625 0.10648148148148148 0.016145833333333335 0.040740740740740744
1 0.7994791666666666 0.16296296296296298 0.028125 0.03333333333333333
1 0.23072916666666668 0.12824074074074074 0.03125 0.03981481481481482
1 0.25625 0.09212962962962963 0.021875 0.03796296296296296
1 0.3625 0.2513888888888889 0.034375 0.06944444444444445
1 0.3489583333333333 0.12731481481481483 0.03229166666666667 0.04537037037037037
1 0.415625 0.07037037037037037 0.020833333333333332 0.027777777777777776
1 0.39609375 0.15925925925925927 0.0359375 0.04259259259259259
1 0.6315104166666666 0.1050925925925926 0.0234375 0.023148148148148147
1 0.24036458333333333 0.1412037037037037 0.034895833333333334 0.026851851851851852
1 0.7315104166666667 0.1486111111111111 0.019270833333333334 0.041666666666666664
1 0.30104166666666665 0.14537037037037037 0.03125 0.05185185185185185
1 0.9703125 0.16527777777777777 0.036458333333333336 0.025
1 0.6286458333333333 0.15555555555555556 0.035416666666666666 0.06111111111111111
1 0.4002604166666667 0.1162037037037037 0.024479166666666666 0.032407407407407406
1 0.47291666666666665 0.24768518518518517 0.04583333333333333 0.06759259259259259
1 0.16666666666666666 0.12685185185185185 0.03229166666666667 0.03888888888888889
1 0.39609375 0.1962962962962963 0.034895833333333334 0.03333333333333333
1 0.3580729166666667 0.225 0.0546875 0.06851851851851852
1 0.31927083333333334 0.10648148148148148 0.028125 0.03148148148148148
1 0.37213541666666666 0.14907407407407408 0.0359375 0.05
1 0.6549479166666666 0.12685185185185185 0.0359375 0.03888888888888889
1 0.5203125 0.1125 0.027083333333333334 0.04722222222222222
1 0.9651041666666667 0.22361111111111112 0.053125 0.08796296296296297
1 0.5375 0.3226851851851852 0.035416666666666666 0.0824074074074074
1 0.6143229166666667 0.08703703703703704 0.030729166666666665 0.027777777777777776
1 0.8330729166666667 0.1763888888888889 0.0453125 0.06944444444444445
1 0.16927083333333334 0.16203703703703703 0.042708333333333334 0.046296296296296294
1 0.49322916666666666 0.1 0.022916666666666665 0.040740740740740744
1 0.5260416666666666 0.07731481481481481 0.025 0.032407407407407406
1 0.2453125 0.16898148148148148 0.042708333333333334 0.04722222222222222
1 0.31328125 0.16018518518518518 0.0421875 0.046296296296296294
1 0.9872395833333333 0.19675925925925927 0.024479166666666666 0.062037037037037036
1 0.4171875 0.1287037037037037 0.027083333333333334 0.044444444444444446
1 0.6770833333333334 0.1111111111111111 0.027083333333333334 0.025925925925925925
1 0.27005208333333336 0.10231481481481482 0.028645833333333332 0.03981481481481482
1 0.8229166666666666 0.1935185185185185 0.021875 0.02962962962962963