2 0.7559895833333333 0.11435185185185186 0.0640625 0.1287037037037037
1 0.94921875 0.9296296296296296 0.10052083333333334 0.1388888888888889
1 0.6138020833333333 0.8953703703703704 0.22552083333333334 0.2074074074074074
1 0.08723958333333333 0.4412037037037037 0.0828125 0.125
1 0.8609375 0.5953703703703703 0.11354166666666667 0.1574074074074074
1 0.9770833333333333 0.549537037037037 0.04479166666666667 0.14537037037037037
1 0.7145833333333333 0.46574074074074073 0.09479166666666666 0.12222222222222222
1 0.20677083333333332 0.3425925925925926 0.058333333333333334 0.09074074074074075
1 0.4171875 0.3074074074074074 0.057291666666666664 0.08148148148148149
1 0.45729166666666665 0.36666666666666664 0.08333333333333333 0.12222222222222222
1 0.3106770833333333 0.32916666666666666 0.05677083333333333 0.07685185185185185
1 0.5841145833333333 0.5314814814814814 0.1046875 0.1388888888888889
1 0.6075520833333333 0.3731481481481482 0.06927083333333334 0.1037037037037037
1 0.36770833333333336 0.4925925925925926 0.096875 0.12222222222222222
1 0.6588541666666666 0.6472222222222223 0.14583333333333334 0.23148148148148148
1 0.39401041666666664 0.55 0.10052083333333334 0.13333333333333333
1 0.65078125 0.4148148148148148 0.0828125 0.12037037037037036
1 0.40338541666666666 0.18796296296296297 0.0390625 0.04814814814814815
1 0.47552083333333334 0.24537037037037038 0.053125 0.07222222222222222
1 0.97890625 0.20277777777777778 0.04114583333333333 0.05555555555555555
1 0.5403645833333334 0.4601851851851852 0.0953125 0.15
1 0.559375 0.3087962962962963 0.06666666666666667 0.10648148148148148
1 0.3815104166666667 0.26481481481481484 0.05572916666666667 0.07592592592592592
1 0.5622395833333333 0.22314814814814815 0.04739583333333333 0.07407407407407407
1 0.72109375 0.19814814814814816 0.0421875 0.06296296296296296
1 0.8752604166666667 0.30324074074074076 0.06510416666666667 0.06574074074074074
1 0.66640625 0.20277777777777778 0.043229166666666666 0.046296296296296294
1 0.928125 0.2824074074074074 0.059375 0.07037037037037037
1 0.9434895833333333 0.19212962962962962 0.04010416666666667 0.05462962962962963
1 0.47942708333333334 0.1726851851851852 0.04010416666666667 0.06018518518518518
1 0.8536458333333333 0.20185185185185187 0.046875 0.03888888888888889
1 0.9096354166666667 0.4532407407407407 0.09739583333333333 0.1361111111111111
1 0.3796875 0.15833333333333333 0.035416666666666666 0.04814814814814815
1 0.5234375 0.20694444444444443 0.03958333333333333 0.058333333333333334
1 0.2296875 0.875462962962963 0.15625 0.24722222222222223
1 0.578125 0.1388888888888889 0.03333333333333333 0.040740740740740744
1 0.5138020833333333 0.27361111111111114 0.049479166666666664 0.0787037037037037
1 0.340625 0.1962962962962963 0.0375 0.06481481481481481
1 0.6484375 0.1638888888888889 0.040625 0.06296296296296296
1 0.3216145833333333 0.18101851851851852 0.0328125 0.06018518518518518
1 0.25729166666666664 0.19398148148148148 0.03333333333333333 0.05462962962962963
1 0.7231770833333333 0.16666666666666666 0.0421875 0.04814814814814815
1 0.8955729166666667 0.22824074074074074 0.04635416666666667 0.06018518518518518
1 0.2994791666666667 0.2898148148148148 0.05625 0.07407407407407407
1 0.19921875 0.12777777777777777 0.027604166666666666 0.044444444444444446
1 0.8528645833333334 0.24351851851851852 0.0515625 0.06481481481481481
1 0.3567708333333333 0.14351851851851852 0.03229166666666667 0.040740740740740744
1 0.45859375 0.1527777777777778 0.0359375 0.044444444444444446
1 0.19296875 0.29907407407407405 0.0578125 0.1
1 0.3606770833333333 0.08981481481481482 0.024479166666666666 0.03333333333333333
1 0.2908854166666667 0.1287037037037037 0.028645833333333332 0.04814814814814815
1 0.5638020833333334 0.1259259259259259 0.024479166666666666 0.037037037037037035
1 0.44244791666666666 0.07546296296296297 0.024479166666666666 0.03796296296296296
1 0.43411458333333336 0.13842592592592592 0.03177083333333333 0.06018518518518518
1 0.8080729166666667 0.1449074074074074 0.0390625 0.06018518518518518
1 0.1703125 0.14212962962962963 0.040625 0.03611111111111111
1 0.36744791666666665 0.2273148148148148 0.0453125 0.07685185185185185
1 0.6385416666666667 0.13194444444444445 0.035416666666666666 0.05092592592592592
1 0.27890625 0.2671296296296296 0.04635416666666667 0.07314814814814814
1 0.1703125 0.18935185185185185 0.035416666666666666 0.05092592592592592
1 0.49453125 0.11990740740740741 0.028645833333333332 0.032407407407407406
1 0.90390625 0.20462962962962963 0.0421875 0.06296296296296296
1 0.53984375 0.13935185185185187 0.0328125 0.032407407407407406
1 0.22760416666666666 0.10972222222222222 0.028125 0.03611111111111111
1 0.17604166666666668 0.26157407407407407 0.04791666666666667 0.06944444444444445
1 0.51328125 0.10694444444444444 0.024479166666666666 0.03611111111111111
1 0.8002604166666667 0.17916666666666667 0.0296875 0.03796296296296296
1 0.7106770833333333 0.11296296296296296 0.021354166666666667 0.05
1 0.4158854166666667 0.06805555555555555 0.0203125 0.028703703703703703
1 0.4513020833333333 0.2361111111111111 0.0328125 0.06481481481481481
1 0.30078125 0.08888888888888889 0.021354166666666667 0.02962962962962963
1 0.5776041666666667 0.09259259259259259 0.020833333333333332 0.027777777777777776
1 0.30911458333333336 0.10046296296296296 0.018229166666666668 0.030555555555555555
1 0.40130208333333334 0.06388888888888888 0.016145833333333335 0.022222222222222223
1 0.24322916666666666 0.16064814814814815 0.04479166666666667 0.06574074074074074
1 0.4609375 0.08657407407407407 0.021875 0.028703703703703703
1 0.3067708333333333 0.14629629629629629 0.0375 0.04814814814814815
1 0.34765625 0.12222222222222222 0.03802083333333333 0.044444444444444446
1 0.2713541666666667 0.21435185185185185 0.04375 0.030555555555555555
1 0.33151041666666664 0.075 0.0234375 0.022222222222222223
1 0.19244791666666666 0.08101851851851852 0.0203125 0.025
1 0.2825520833333333 0.11944444444444445 0.022395833333333334 0.046296296296296294
1 0.2721354166666667 0.2337962962962963 0.0484375 0.06759259259259259
1 0.35130208333333335 0.08055555555555556 0.021354166666666667 0.03148148148148148
1 0.175 0.2310185185185185 0.052083333333333336 0.05648148148148148
1 0.16692708333333334 0.0787037037037037 0.03177083333333333 0.024074074074074074
1 0.4466145833333333 0.14537037037037037 0.0296875 0.05
1 0.25234375 0.07824074074074074 0.021354166666666667 0.032407407407407406
1 0.6440104166666667 0.09398148148148149 0.018229166666666668 0.025
1 0.26875 0.10416666666666667 0.023958333333333335 0.03425925925925926
1 0.49453125 0.0712962962962963 0.0203125 0.020370370370370372
1 0.7528645833333333 0.21574074074074073 0.04114583333333333 0.05925925925925926
1 0.6091145833333333 0.11990740740740741 0.030729166666666665 0.05277777777777778
1 0.48463541666666665 0.09259259259259259 0.03177083333333333 0.03888888888888889
1 0.5484375 0.08148148148148149 0.025 0.027777777777777776
1 0.15703125 0.10972222222222222 0.033854166666666664 0.05092592592592592
1 0.5567708333333333 0.10787037037037037 0.025 0.03425925925925926
1 0.8059895833333334 0.21296296296296297 0.03697916666666667 0.04814814814814815
1 0.765625 0.24861111111111112 0.040625 0.049074074074074076
1 0.4390625 0.20879629629629629 0.04375 0.07314814814814814
1 0.965625 0.3509259259259259 0.06770833333333333 0.09814814814814815
1 0.8109375 0.27037037037037037 0.052083333333333336 0.06296296296296296
1 0.6263020833333334 0.08796296296296297 0.019270833333333334 0.02962962962962963
1 0.16796875 0.16111111111111112 0.033854166666666664 0.040740740740740744
1 0.2518229166666667 0.13333333333333333 0.024479166666666666 0.03148148148148148
1 0.5864583333333333 0.12037037037037036 0.022916666666666665 0.046296296296296294