2 0.6223958333333334 0.3277777777777778 0.096875 0.18888888888888888
2 0.8713541666666667 0.1476851851851852 0.08020833333333334 0.1361111111111111
2 0.7994791666666666 0.09537037037037037 0.06041666666666667 0.09259259259259259
1 0.8427083333333333 0.8402777777777778 0.1625 0.21203703703703702
1 0.6455729166666667 0.6347222222222222 0.1109375 0.15648148148148147
1 0.5421875 0.3125 0.06145833333333333 0.08055555555555556
1 0.6057291666666667 0.5513888888888889 0.10104166666666667 0.12685185185185185
1 0.33932291666666664 0.3763888888888889 0.07239583333333334 0.09722222222222222
1 0.46536458333333336 0.36712962962962964 0.0703125 0.09907407407407408
1 0.41119791666666666 0.5875 0.10885416666666667 0.1712962962962963
1 0.8158854166666667 0.27314814814814814 0.05260416666666667 0.06666666666666667
1 0.20260416666666667 0.5064814814814815 0.08333333333333333 0.1111111111111111
1 0.2734375 0.2657407407407407 0.052083333333333336 0.06851851851851852
1 0.7091145833333333 0.4412037037037037 0.1015625 0.1638888888888889
1 0.6481770833333333 0.17222222222222222 0.04010416666666667 0.053703703703703705
1 0.8434895833333333 0.24444444444444444 0.0484375 0.06481481481481481
1 0.3802083333333333 0.5319444444444444 0.08541666666666667 0.13425925925925927
1 0.9458333333333333 0.7018518518518518 0.10729166666666666 0.17037037037037037
1 0.18854166666666666 0.24305555555555555 0.04479166666666667 0.06944444444444445
1 0.9559895833333333 0.2953703703703704 0.0703125 0.10740740740740741
1 0.44505208333333335 0.3300925925925926 0.0578125 0.08796296296296297
1 0.19192708333333333 0.45555555555555555 0.08177083333333333 0.10185185185185185
1 0.5752604166666667 0.24259259259259258 0.04739583333333333 0.06296296296296296
1 0.25859375 0.1962962962962963 0.03697916666666667 0.05185185185185185
1 0.5419270833333333 0.2199074074074074 0.04739583333333333 0.07314814814814814
1 0.45807291666666666 0.23472222222222222 0.049479166666666664 0.062037037037037036
1 0.3502604166666667 0.24259259259259258 0.027604166666666666 0.05925925925925926
1 0.58359375 0.14212962962962963 0.033854166666666664 0.049074074074074076
1 0.17890625 0.38564814814814813 0.0640625 0.10462962962962963
1 0.5625 0.3458333333333333 0.03333333333333333 0.08611111111111111
1 0.3229166666666667 0.33240740740740743 0.075 0.11851851851851852
1 0.8953125 0.2273148148148148 0.052083333333333336 0.08055555555555556
1 0.18541666666666667 0.19907407407407407 0.03958333333333333 0.05185185185185185
1 0.21953125 0.1175925925925926 0.0328125 0.05
1 0.40963541666666664 0.27824074074074073 0.059895833333333336 0.10092592592592593
1 0.25859375 0.09398148148148149 0.022395833333333334 0.03611111111111111
1 0.96328125 0.19398148148148148 0.0453125 0.06759259259259259
1 0.7140625 0.14166666666666666 0.020833333333333332 0.044444444444444446
1 0.378125 0.1550925925925926 0.035416666666666666 0.05092592592592592
1 0.6328125 0.16064814814814815 0.036458333333333336 0.05277777777777778
1 0.340625 0.2074074074074074 0.04895833333333333 0.07037037037037037
1 0.6197916666666666 0.10185185185185185 0.023958333333333335 0.020370370370370372
1 0.51640625 0.10925925925925926 0.0359375 0.04814814814814815
1 0.98515625 0.562037037037037 0.028645833333333332 0.12962962962962962
1 0.7721354166666666 0.20833333333333334 0.06510416666666667 0.07962962962962963
1 0.78359375 0.22824074074074074 0.04739583333333333 0.06388888888888888
1 0.27317708333333335 0.10648148148148148 0.0296875 0.040740740740740744
1 0.40625 0.175 0.0375 0.06111111111111111
1 0.70625 0.23148148148148148 0.05416666666666667 0.05925925925925926
1 0.6432291666666666 0.12268518518518519 0.030208333333333334 0.03796296296296296
1 0.43697916666666664 0.2 0.03854166666666667 0.03888888888888889
1 0.23307291666666666 0.13333333333333333 0.030729166666666665 0.03888888888888889
1 0.8083333333333333 0.17037037037037037 0.040625 0.06851851851851852
1 0.34765625 0.13240740740740742 0.0421875 0.046296296296296294
1 0.36484375 0.09166666666666666 0.025520833333333333 0.044444444444444446
1 0.16875 0.08425925925925926 0.030208333333333334 0.03148148148148148
1 0.24375 0.15833333333333333 0.0375 0.046296296296296294
1 0.6145833333333334 0.14814814814814814 0.034375 0.06111111111111111
1 0.32057291666666665 0.11018518518518519 0.0328125 0.03333333333333333
1 0.5552083333333333 0.1287037037037037 0.020833333333333332 0.03888888888888889
1 0.48723958333333334 0.2625 0.050520833333333334 0.0712962962962963
1 0.9416666666666667 0.17962962962962964 0.03854166666666667 0.06296296296296296
1 0.7627604166666667 0.14953703703703702 0.03697916666666667 0.04351851851851852
1 0.38567708333333334 0.10694444444444444 0.03177083333333333 0.04351851851851852
1 0.3065104166666667 0.09027777777777778 0.033854166666666664 0.03425925925925926
1 0.45807291666666666 0.08194444444444444 0.019270833333333334 0.032407407407407406
1 0.43255208333333334 0.0763888888888889 0.019270833333333334 0.026851851851851852
1 0.25390625 0.1787037037037037 0.049479166666666664 0.044444444444444446
1 0.37734375 0.2462962962962963 0.044270833333333336 0.07777777777777778
1 0.28828125 0.13055555555555556 0.030729166666666665 0.046296296296296294
1 0.5604166666666667 0.07222222222222222 0.03333333333333333 0.04259259259259259
1 0.6645833333333333 0.10694444444444444 0.025 0.023148148148148147
1 0.6052083333333333 0.08564814814814815 0.028125 0.028703703703703703
1 0.7953125 0.18703703703703703 0.01875 0.03333333333333333
1 0.17838541666666666 0.18935185185185185 0.03697916666666667 0.04722222222222222
1 0.3828125 0.1712962962962963 0.025 0.053703703703703705
1 0.41510416666666666 0.20879629629629629 0.03958333333333333 0.041666666666666664
1 0.7078125 0.21666666666666667 0.051041666666666666 0.02962962962962963
1 0.41692708333333334 0.13472222222222222 0.044270833333333336 0.05092592592592592
1 0.47604166666666664 0.08935185185185185 0.023958333333333335 0.03981481481481482
1 0.17317708333333334 0.1685185185185185 0.04635416666666667 0.044444444444444446
1 0.18385416666666668 0.33287037037037037 0.07604166666666666 0.11018518518518519
1 0.31979166666666664 0.16666666666666666 0.04479166666666667 0.04814814814814815
1 0.41744791666666664 0.22407407407407406 0.044270833333333336 0.07407407407407407
1 0.98828125 0.20416666666666666 0.022395833333333334 0.0787037037037037