2 0.60078125 0.30972222222222223 0.09114583333333333 0.1787037037037037
2 0.8908854166666667 0.15833333333333333 0.08697916666666666 0.14444444444444443
2 0.81328125 0.09861111111111111 0.06510416666666667 0.09351851851851851
1 0.7580729166666667 0.7453703703703703 0.1421875 0.18703703703703703
1 0.20104166666666667 0.4777777777777778 0.08020833333333334 0.10555555555555556
1 0.6072916666666667 0.5773148148148148 0.10104166666666667 0.14166666666666666
1 0.88359375 0.6342592592592593 0.1234375 0.15925925925925927
1 0.4515625 0.3472222222222222 0.06666666666666667 0.09074074074074075
1 0.5674479166666667 0.5092592592592593 0.0890625 0.11851851851851852
1 0.5213541666666667 0.29768518518518516 0.057291666666666664 0.07685185185185185
1 0.33125 0.3560185185185185 0.06770833333333333 0.08981481481481482
1 0.846875 0.2875 0.06145833333333333 0.06574074074074074
1 0.9197916666666667 0.9125 0.159375 0.17314814814814813
1 0.6763020833333333 0.412962962962963 0.09427083333333333 0.15555555555555556
1 0.6627604166666666 0.18055555555555555 0.04114583333333333 0.053703703703703705
1 0.39375 0.5407407407407407 0.1 0.15925925925925927
1 0.7328125 0.2388888888888889 0.053125 0.05
1 0.4265625 0.31342592592592594 0.052083333333333336 0.08425925925925926
1 0.95078125 0.5171296296296296 0.09739583333333333 0.13425925925925927
1 0.36432291666666666 0.49444444444444446 0.0765625 0.12222222222222222
1 0.8114583333333333 0.23842592592592593 0.051041666666666666 0.06944444444444445
1 0.8822916666666667 0.2569444444444444 0.057291666666666664 0.06944444444444445
1 0.19270833333333334 0.4310185185185185 0.078125 0.09722222222222222
1 0.31302083333333336 0.3162037037037037 0.07291666666666667 0.11388888888888889
1 0.54296875 0.32685185185185184 0.034895833333333334 0.08333333333333333
1 0.27057291666666666 0.2550925925925926 0.049479166666666664 0.06759259259259259
1 0.47604166666666664 0.2518518518518518 0.04791666666666667 0.07037037037037037
1 0.5953125 0.14675925925925926 0.035416666666666666 0.05277777777777778
1 0.18489583333333334 0.19212962962962962 0.03958333333333333 0.049074074074074076
1 0.17708333333333334 0.36435185185185187 0.06145833333333333 0.09907407407407408
1 0.9799479166666667 0.3138888888888889 0.0390625 0.1037037037037037
1 0.4479166666666667 0.22592592592592592 0.04375 0.06111111111111111
1 0.5609375 0.23425925925925925 0.04375 0.06666666666666667
1 0.4015625 0.26435185185185184 0.059375 0.10092592592592593
1 0.39817708333333335 0.16296296296296298 0.0359375 0.046296296296296294
1 0.4375 0.07731481481481481 0.022916666666666665 0.03425925925925926
1 0.5614583333333333 0.13472222222222222 0.030208333333333334 0.03981481481481482
1 0.3815104166666667 0.10416666666666667 0.0328125 0.04351851851851852
1 0.9848958333333333 0.19722222222222222 0.029166666666666667 0.06111111111111111
1 0.3658854166666667 0.2550925925925926 0.033854166666666664 0.06944444444444445
1 0.36015625 0.08703703703703704 0.0234375 0.03888888888888889
1 0.18697916666666667 0.2324074074074074 0.04375 0.06851851851851852
1 0.25807291666666665 0.09166666666666666 0.0234375 0.037037037037037035
1 0.9283854166666666 0.23842592592592593 0.050520833333333334 0.0824074074074074
1 0.6486979166666667 0.1675925925925926 0.0359375 0.053703703703703705
1 0.42864583333333334 0.19444444444444445 0.036458333333333336 0.03888888888888889
1 0.21848958333333332 0.11435185185185186 0.033854166666666664 0.05092592592592592
1 0.2559895833333333 0.18981481481481483 0.0359375 0.05
1 0.6291666666666667 0.1050925925925926 0.023958333333333335 0.021296296296296296
1 0.39947916666666666 0.19768518518518519 0.036458333333333336 0.03425925925925926
1 0.9622395833333334 0.16620370370370371 0.043229166666666666 0.026851851851851852
1 0.52890625 0.21203703703703702 0.0453125 0.06851851851851852
1 0.3190104166666667 0.10694444444444444 0.0390625 0.03425925925925926
1 0.19010416666666666 0.31666666666666665 0.05625 0.1037037037037037
1 0.3028645833333333 0.1476851851851852 0.030729166666666665 0.05277777777777778
1 0.37395833333333334 0.15046296296296297 0.034375 0.049074074074074076
1 0.3346354166666667 0.20046296296296295 0.0453125 0.06944444444444445
1 0.16822916666666668 0.08333333333333333 0.030208333333333334 0.02962962962962963
1 0.5200520833333333 0.11342592592592593 0.0296875 0.049074074074074076
1 0.3611979166666667 0.2300925925925926 0.05677083333333333 0.06388888888888888
1 0.6270833333333333 0.15462962962962962 0.035416666666666666 0.06296296296296296
1 0.31614583333333335 0.16111111111111112 0.041666666666666664 0.046296296296296294
1 0.4630208333333333 0.08472222222222223 0.019791666666666666 0.03611111111111111
1 0.5026041666666666 0.10740740740740741 0.015625 0.040740740740740744
1 0.23020833333333332 0.1287037037037037 0.028125 0.03888888888888889
1 0.28541666666666665 0.12638888888888888 0.030208333333333334 0.04537037037037037
1 0.246875 0.17083333333333334 0.040625 0.04537037037037037
1 0.2708333333333333 0.1037037037037037 0.029166666666666667 0.040740740740740744
1 0.16979166666666667 0.16111111111111112 0.042708333333333334 0.04814814814814815
1 0.30520833333333336 0.08703703703703704 0.034375 0.03333333333333333
1 0.40234375 0.11990740740740741 0.024479166666666666 0.03796296296296296
1 0.61328125 0.08611111111111111 0.0296875 0.027777777777777776
1 0.3765625 0.16527777777777777 0.022916666666666665 0.049074074074074076
1 0.7286458333333333 0.1476851851851852 0.019791666666666666 0.04351851851851852
1 0.41354166666666664 0.0699074074074074 0.017708333333333333 0.025
1 0.6546875 0.12546296296296297 0.03333333333333333 0.03796296296296296
1 0.49244791666666665 0.10138888888888889 0.022395833333333334 0.03796296296296296
1 0.16901041666666666 0.12824074074074074 0.0359375 0.03796296296296296
1 0.4197916666666667 0.13148148148148148 0.026041666666666668 0.04814814814814815
1 0.34375 0.12824074074074074 0.04375 0.04722222222222222
1 0.7817708333333333 0.16203703703703703 0.036458333333333336 0.05925925925925926
1 0.67578125 0.1111111111111111 0.025520833333333333 0.024074074074074074
1 0.82890625 0.17546296296296296 0.04635416666666667 0.06944444444444445
1 0.559375 0.1111111111111111 0.029166666666666667 0.02962962962962963
1 0.7953125 0.19537037037037036 0.065625 0.03518518518518519
1 0.9520833333333333 0.22083333333333333 0.052083333333333336 0.08611111111111111
1 0.18541666666666667 0.14722222222222223 0.023958333333333335 0.03518518518518519