2 0.6348958333333333 0.0912037037037037 0.103125 0.09722222222222222
1 0.91875 0.6287037037037037 0.13020833333333334 0.17037037037037037
1 0.634375 0.6412037037037037 0.140625 0.21203703703703702
1 0.21015625 0.5541666666666667 0.0984375 0.14166666666666666
1 0.38359375 0.512962962962963 0.0921875 0.11851851851851852
1 0.9072916666666667 0.8912037037037037 0.184375 0.21574074074074073
1 0.5924479166666666 0.35 0.0734375 0.09814814814814815
1 0.475 0.37916666666666665 0.071875 0.10462962962962963
1 0.3567708333333333 0.425 0.07708333333333334 0.10555555555555556
1 0.18619791666666666 0.36203703703703705 0.07135416666666666 0.09444444444444444
1 0.76640625 0.48657407407407405 0.1015625 0.16018518518518518
1 0.5395833333333333 0.46620370370370373 0.084375 0.11944444444444445
1 0.4265625 0.20462962962962963 0.041666666666666664 0.053703703703703705
1 0.5794270833333334 0.23981481481481481 0.05260416666666667 0.08333333333333333
1 0.17083333333333334 0.24212962962962964 0.042708333333333334 0.062037037037037036
1 0.6489583333333333 0.399537037037037 0.07604166666666666 0.11388888888888889
1 0.7174479166666666 0.3300925925925926 0.06927083333333334 0.10648148148148148
1 0.46588541666666666 0.24768518518518517 0.05260416666666667 0.06388888888888888
1 0.5625 0.3287037037037037 0.05520833333333333 0.08703703703703704
1 0.3307291666666667 0.3875 0.06875 0.09907407407407408
1 0.023177083333333334 0.48055555555555557 0.04635416666666667 0.14814814814814814
1 0.8091145833333333 0.2037037037037037 0.04114583333333333 0.05925925925925926
1 0.44427083333333334 0.350462962962963 0.053125 0.08796296296296297
1 0.5114583333333333 0.19768518518518519 0.03958333333333333 0.06574074074074074
1 0.3971354166666667 0.18564814814814815 0.0390625 0.05648148148148148
1 0.2703125 0.25324074074074077 0.041666666666666664 0.06944444444444445
1 0.6419270833333334 0.2949074074074074 0.0609375 0.08055555555555556
1 0.8260416666666667 0.15555555555555556 0.03229166666666667 0.044444444444444446
1 0.5427083333333333 0.21851851851851853 0.04479166666666667 0.07222222222222222
1 0.18880208333333334 0.3023148148148148 0.0515625 0.05648148148148148
1 0.30546875 0.31851851851851853 0.059895833333333336 0.08333333333333333
1 0.39895833333333336 0.2574074074074074 0.052083333333333336 0.08518518518518518
1 0.36223958333333334 0.24305555555555555 0.03802083333333333 0.06388888888888888
1 0.6606770833333333 0.20324074074074075 0.04010416666666667 0.041666666666666664
1 0.51640625 0.27870370370370373 0.059895833333333336 0.09259259259259259
1 0.7385416666666667 0.15046296296296297 0.03333333333333333 0.049074074074074076
1 0.18255208333333334 0.2162037037037037 0.0390625 0.058333333333333334
1 0.7127604166666667 0.21944444444444444 0.0453125 0.04814814814814815
1 0.6286458333333333 0.18518518518518517 0.034375 0.037037037037037035
1 0.5424479166666667 0.14444444444444443 0.03802083333333333 0.03518518518518519
1 0.2559895833333333 0.2037037037037037 0.050520833333333334 0.08148148148148149
1 0.3578125 0.08796296296296297 0.03229166666666667 0.040740740740740744
1 0.35390625 0.22361111111111112 0.0390625 0.062037037037037036
1 0.42526041666666664 0.3101851851851852 0.06614583333333333 0.1
1 0.8354166666666667 0.2861111111111111 0.06145833333333333 0.05185185185185185
1 0.7981770833333334 0.13842592592592592 0.028645833333333332 0.026851851851851852
1 0.31875 0.1814814814814815 0.029166666666666667 0.05185185185185185
1 0.17838541666666666 0.1726851851851852 0.04010416666666667 0.03981481481481482
1 0.8875 0.2675925925925926 0.05520833333333333 0.08518518518518518
1 0.39505208333333336 0.11481481481481481 0.028645833333333332 0.037037037037037035
1 0.4984375 0.1837962962962963 0.04375 0.07314814814814814
1 0.8463541666666666 0.21574074074074073 0.04895833333333333 0.06851851851851852
1 0.84921875 0.24166666666666667 0.0453125 0.04814814814814815
1 0.2908854166666667 0.12916666666666668 0.0265625 0.041666666666666664
1 0.7528645833333333 0.2388888888888889 0.058854166666666666 0.06666666666666667
1 0.7033854166666667 0.1625 0.033854166666666664 0.05092592592592592
1 0.32317708333333334 0.10740740740740741 0.024479166666666666 0.03888888888888889
1 0.7231770833333333 0.16527777777777777 0.0359375 0.041666666666666664
1 0.34140625 0.19490740740740742 0.0390625 0.06944444444444445
1 0.5088541666666667 0.10740740740740741 0.027083333333333334 0.03333333333333333
1 0.23776041666666667 0.15138888888888888 0.0359375 0.05462962962962963
1 0.7979166666666667 0.16805555555555557 0.028125 0.03796296296296296
1 0.7221354166666667 0.11574074074074074 0.0328125 0.044444444444444446
1 0.65859375 0.1375 0.0328125 0.04351851851851852
1 0.44166666666666665 0.09305555555555556 0.023958333333333335 0.026851851851851852
1 0.34348958333333335 0.12638888888888888 0.0265625 0.03796296296296296
1 0.3859375 0.10324074074074074 0.026041666666666668 0.03796296296296296
1 0.36875 0.14814814814814814 0.025 0.03888888888888889
1 0.39401041666666664 0.1625 0.0390625 0.06018518518518518
1 0.75 0.19814814814814816 0.040625 0.03148148148148148
1 0.3375 0.07546296296296297 0.019791666666666666 0.030555555555555555
1 0.16953125 0.1986111111111111 0.0359375 0.04537037037037037
1 0.7096354166666666 0.1925925925925926 0.04114583333333333 0.05555555555555555
1 0.31666666666666665 0.16296296296296298 0.035416666666666666 0.05925925925925926
1 0.26067708333333334 0.09537037037037037 0.028645833333333332 0.040740740740740744
1 0.95390625 0.2064814814814815 0.049479166666666664 0.03148148148148148
1 0.14869791666666668 0.12638888888888888 0.013020833333333334 0.04722222222222222
1 0.6260416666666667 0.1050925925925926 0.025 0.03611111111111111
1 0.5588541666666667 0.12407407407407407 0.027083333333333334 0.05185185185185185
1 0.9479166666666666 0.2847222222222222 0.07708333333333334 0.10833333333333334
1 0.178125 0.14537037037037037 0.03333333333333333 0.025925925925925925
1 0.6065104166666667 0.14351851851851852 0.03177083333333333 0.03518518518518519
1 0.6559895833333333 0.16203703703703703 0.0328125 0.044444444444444446
1 0.6963541666666667 0.10740740740740741 0.027083333333333334 0.040740740740740744
1 0.5221354166666666 0.09305555555555556 0.016145833333333335 0.030555555555555555
1 0.6307291666666667 0.15324074074074073 0.027083333333333334 0.030555555555555555
1 0.6072916666666667 0.17222222222222222 0.03333333333333333 0.037037037037037035
1 0.61953125 0.12361111111111112 0.030729166666666665 0.030555555555555555
1 0.16692708333333334 0.33564814814814814 0.05260416666666667 0.09907407407407408
1 0.3026041666666667 0.14953703703703702 0.028125 0.05462962962962963
1 0.23229166666666667 0.12638888888888888 0.034375 0.030555555555555555
1 0.46458333333333335 0.0912037037037037 0.025 0.03796296296296296
1 0.16822916666666668 0.12638888888888888 0.035416666666666666 0.05462962962962963
1 0.20208333333333334 0.10833333333333334 0.020833333333333332 0.03518518518518519
1 0.21796875 0.08101851851851852 0.0265625 0.028703703703703703
1 0.1703125 0.17222222222222222 0.035416666666666666 0.02962962962962963
1 0.5794270833333334 0.08935185185185185 0.0171875 0.041666666666666664
1 0.30546875 0.0837962962962963 0.027604166666666666 0.04722222222222222
1 0.3640625 0.13657407407407407 0.030208333333333334 0.04537037037037037
1 0.296875 0.2796296296296296 0.052083333333333336 0.07407407407407407
1 0.9549479166666667 0.2412037037037037 0.06822916666666666 0.05092592592592592
1 0.9901041666666667 0.23472222222222222 0.01875 0.05648148148148148