2 0.9190104166666667 0.16574074074074074 0.09114583333333333 0.1537037037037037
2 0.5763020833333333 0.2902777777777778 0.0859375 0.16944444444444445
1 0.6828125 0.6560185185185186 0.12604166666666666 0.16574074074074074
1 0.8924479166666667 0.30925925925925923 0.06510416666666667 0.06666666666666667
1 0.80859375 0.5662037037037037 0.1109375 0.14351851851851852
1 0.5677083333333334 0.5222222222222223 0.09270833333333334 0.12962962962962962
1 0.7713541666666667 0.25277777777777777 0.058333333333333334 0.046296296296296294
1 0.32057291666666665 0.33564814814814814 0.0640625 0.08796296296296297
1 0.4671875 0.9384259259259259 0.190625 0.12129629629629629
1 0.9385416666666667 0.27546296296296297 0.059375 0.07314814814814814
1 0.19921875 0.4476851851851852 0.07447916666666667 0.09907407407407408
1 0.4375 0.32685185185185184 0.06354166666666666 0.08703703703703704
1 0.52890625 0.46944444444444444 0.08489583333333334 0.1111111111111111
1 0.19322916666666667 0.40324074074074073 0.07395833333333333 0.09166666666666666
1 0.88203125 0.4652777777777778 0.09739583333333333 0.12314814814814815
1 0.64140625 0.38333333333333336 0.08802083333333334 0.14444444444444443
1 0.46536458333333336 0.23981481481481481 0.04635416666666667 0.06481481481481481
1 0.3768229166666667 0.4925925925925926 0.09114583333333333 0.14444444444444443
1 0.8494791666666667 0.2513888888888889 0.053125 0.075
1 0.8026041666666667 0.8245370370370371 0.159375 0.2638888888888889
1 0.26848958333333334 0.24305555555555555 0.0484375 0.06574074074074074
1 0.5213541666666667 0.3101851851851852 0.035416666666666666 0.07777777777777778
1 0.4088541666666667 0.2962962962962963 0.04895833333333333 0.07777777777777778
1 0.3489583333333333 0.45787037037037037 0.06979166666666667 0.11388888888888889
1 0.25286458333333334 0.18101851851851852 0.0359375 0.05092592592592592
1 0.9903645833333333 0.7518518518518519 0.018229166666666668 0.2111111111111111
1 0.4354166666666667 0.2152777777777778 0.04583333333333333 0.058333333333333334
1 0.5760416666666667 0.14212962962962963 0.03125 0.03796296296296296
1 0.44479166666666664 0.07962962962962963 0.022916666666666665 0.03148148148148148
1 0.6111979166666667 0.15416666666666667 0.033854166666666664 0.05277777777777778
1 0.5411458333333333 0.22407407407407406 0.03958333333333333 0.06296296296296296
1 0.5041666666666667 0.28379629629629627 0.053125 0.0712962962962963
1 0.175 0.3435185185185185 0.058333333333333334 0.09259259259259259
1 0.30494791666666665 0.29907407407407405 0.06614583333333333 0.10740740740740741
1 0.21614583333333334 0.10787037037037037 0.029166666666666667 0.04537037037037037
1 0.6684895833333333 0.17592592592592593 0.03802083333333333 0.05555555555555555
1 0.35390625 0.24537037037037038 0.028645833333333332 0.06481481481481481
1 0.38776041666666666 0.2523148148148148 0.05572916666666667 0.09537037037037037
1 0.40520833333333334 0.12407407407407407 0.041666666666666664 0.04814814814814815
1 0.19140625 0.14444444444444443 0.028645833333333332 0.040740740740740744
1 0.32838541666666665 0.2037037037037037 0.0421875 0.04259259259259259
1 0.5158854166666667 0.20185185185185187 0.0453125 0.06851851851851852
1 0.4125 0.1884259259259259 0.03854166666666667 0.03981481481481482
1 0.6427083333333333 0.16203703703703703 0.0375 0.06296296296296296
1 0.3671875 0.14675925925925926 0.03333333333333333 0.04722222222222222
1 0.5119791666666667 0.10972222222222222 0.017708333333333333 0.03796296296296296
1 0.8052083333333333 0.1685185185185185 0.036458333333333336 0.06296296296296296
1 0.35520833333333335 0.08333333333333333 0.023958333333333335 0.03518518518518519
1 0.6833333333333333 0.18981481481481483 0.041666666666666664 0.05740740740740741
1 0.23020833333333332 0.12546296296296297 0.030208333333333334 0.03611111111111111
1 0.1671875 0.12638888888888888 0.03125 0.03796296296296296
1 0.3458333333333333 0.12731481481481483 0.030208333333333334 0.04537037037037037
1 0.8291666666666667 0.22916666666666666 0.065625 0.08611111111111111
1 0.9692708333333333 0.2518518518518518 0.05520833333333333 0.08703703703703704
1 0.28411458333333334 0.12407407407407407 0.028645833333333332 0.044444444444444446
1 0.18645833333333334 0.2986111111111111 0.052083333333333336 0.10092592592592593
1 0.2557291666666667 0.09074074074074075 0.021875 0.03518518518518519
1 0.39166666666666666 0.15694444444444444 0.036458333333333336 0.04722222222222222
1 0.74765625 0.1537037037037037 0.016145833333333335 0.044444444444444446
1 0.4875 0.09861111111111111 0.020833333333333332 0.03425925925925926
1 0.37473958333333335 0.09953703703703703 0.03177083333333333 0.041666666666666664
1 0.32708333333333334 0.11805555555555555 0.020833333333333332 0.03425925925925926
1 0.3125 0.15648148148148147 0.034375 0.046296296296296294
1 0.26953125 0.10231481481481482 0.0296875 0.03611111111111111
1 0.8182291666666667 0.17453703703703705 0.034375 0.04351851851851852
1 0.24427083333333333 0.16805555555555557 0.042708333333333334 0.04351851851851852
1 0.15520833333333334 0.1625 0.013541666666666667 0.03796296296296296
1 0.29791666666666666 0.1425925925925926 0.029166666666666667 0.05
1 0.4158854166666667 0.0712962962962963 0.0140625 0.027777777777777776
1 0.18567708333333333 0.2212962962962963 0.0421875 0.06296296296296296
1 0.23854166666666668 0.14212962962962963 0.036458333333333336 0.03425925925925926
1 0.18359375 0.1837962962962963 0.03802083333333333 0.04722222222222222
1 0.31875 0.1050925925925926 0.034375 0.032407407407407406
1 0.8541666666666666 0.17731481481481481 0.04479166666666667 0.062037037037037036
1 0.6416666666666667 0.10833333333333334 0.025 0.022222222222222223
1 0.3809895833333333 0.19166666666666668 0.0390625 0.02962962962962963
1 0.9825520833333333 0.18472222222222223 0.033854166666666664 0.05092592592592592
1 0.35390625 0.2222222222222222 0.049479166666666664 0.06111111111111111
1 0.6690104166666667 0.1310185185185185 0.03697916666666667 0.03981481481481482
1 0.175 0.17824074074074073 0.03333333333333333 0.04537037037037037
1 0.9921875 0.22407407407407406 0.014583333333333334 0.07592592592592592