1 0.6515625 0.6421296296296296 0.1125 0.15833333333333333
1 0.9505208333333334 0.7125 0.09791666666666667 0.17314814814814813
1 0.8546875 0.8555555555555555 0.165625 0.21666666666666667
1 0.5442708333333334 0.3138888888888889 0.06145833333333333 0.08148148148148149
1 0.3411458333333333 0.37962962962962965 0.07395833333333333 0.09814814814814815
1 0.4669270833333333 0.36898148148148147 0.07135416666666666 0.09907407407407408
1 0.6106770833333334 0.5583333333333333 0.10052083333333334 0.12962962962962962
1 0.41380208333333335 0.5930555555555556 0.10989583333333333 0.17685185185185184
1 0.7138020833333333 0.4462962962962963 0.1015625 0.16666666666666666
1 0.20234375 0.5092592592592593 0.08489583333333334 0.11296296296296296
1 0.27369791666666665 0.2657407407407407 0.05260416666666667 0.06851851851851852
1 0.5442708333333334 0.22175925925925927 0.05 0.07314814814814814
1 0.48854166666666665 0.2638888888888889 0.05 0.07222222222222222
1 0.44583333333333336 0.33240740740740743 0.05625 0.08888888888888889
1 0.6458333333333334 0.1726851851851852 0.03854166666666667 0.05462962962962963
1 0.19192708333333333 0.45787037037037037 0.0828125 0.10277777777777777
1 0.8385416666666666 0.24351851851851852 0.04895833333333333 0.06481481481481481
1 0.5778645833333333 0.24351851851851852 0.049479166666666664 0.06296296296296296
1 0.4591145833333333 0.2351851851851852 0.0515625 0.06481481481481481
1 0.7020833333333333 0.2324074074074074 0.052083333333333336 0.06111111111111111
1 0.565625 0.3490740740740741 0.03333333333333333 0.08888888888888889
1 0.3815104166666667 0.537962962962963 0.08385416666666666 0.13518518518518519
1 0.8114583333333333 0.2708333333333333 0.052083333333333336 0.06574074074074074
1 0.18828125 0.2449074074074074 0.0453125 0.06574074074074074
1 0.9510416666666667 0.2949074074074074 0.06979166666666667 0.10462962962962963
1 0.41770833333333335 0.13472222222222222 0.04479166666666667 0.05462962962962963
1 0.37890625 0.15555555555555556 0.034895833333333334 0.05185185185185185
1 0.35130208333333335 0.2412037037037037 0.028645833333333332 0.06388888888888888
1 0.58203125 0.14212962962962963 0.033854166666666664 0.05092592592592592
1 0.6299479166666667 0.1597222222222222 0.034895833333333334 0.05277777777777778
1 0.6190104166666667 0.10277777777777777 0.024479166666666666 0.025925925925925925
1 0.9598958333333333 0.19398148148148148 0.04583333333333333 0.06944444444444445
1 0.4119791666666667 0.2791666666666667 0.06145833333333333 0.10277777777777777
1 0.7802083333333333 0.22685185185185186 0.04791666666666667 0.06481481481481481
1 0.34088541666666666 0.20787037037037037 0.04739583333333333 0.0712962962962963
1 0.8927083333333333 0.22546296296296298 0.05520833333333333 0.08055555555555556
1 0.7697916666666667 0.20833333333333334 0.06458333333333334 0.07777777777777778
1 0.2596354166666667 0.09490740740740741 0.021354166666666667 0.03611111111111111
1 0.27291666666666664 0.10694444444444444 0.028125 0.03981481481481482
1 0.18541666666666667 0.19953703703703704 0.03958333333333333 0.05277777777777778
1 0.7125 0.1425925925925926 0.019791666666666666 0.04259259259259259
1 0.17890625 0.38657407407407407 0.0640625 0.10462962962962963
1 0.3255208333333333 0.18703703703703703 0.03333333333333333 0.05185185185185185
1 0.7609375 0.15 0.036458333333333336 0.044444444444444446
1 0.6239583333333333 0.3560185185185185 0.08958333333333333 0.1398148148148148
1 0.23359375 0.1337962962962963 0.030729166666666665 0.03796296296296296
1 0.16796875 0.0837962962962963 0.0296875 0.032407407407407406
1 0.6049479166666667 0.08564814814814815 0.0296875 0.028703703703703703
1 0.6130208333333333 0.14444444444444443 0.035416666666666666 0.06666666666666667
1 0.80625 0.16944444444444445 0.041666666666666664 0.06851851851851852
1 0.40651041666666665 0.1763888888888889 0.03697916666666667 0.062037037037037036
1 0.9395833333333333 0.1814814814814815 0.0375 0.06851851851851852
1 0.3078125 0.1527777777777778 0.03229166666666667 0.053703703703703705
1 0.6424479166666667 0.12175925925925926 0.0296875 0.03981481481481482
1 0.3828125 0.17175925925925925 0.025 0.05277777777777778
1 0.43854166666666666 0.19907407407407407 0.0375 0.03518518518518519
1 0.24401041666666667 0.1587962962962963 0.03802083333333333 0.04722222222222222
1 0.5544270833333333 0.12916666666666668 0.0203125 0.03796296296296296
1 0.38046875 0.2652777777777778 0.0390625 0.075
1 0.5151041666666667 0.10740740740740741 0.035416666666666666 0.05
1 0.34817708333333336 0.13194444444444445 0.044270833333333336 0.04722222222222222
1 0.4171875 0.2101851851851852 0.041666666666666664 0.04259259259259259
1 0.66328125 0.10555555555555556 0.024479166666666666 0.024074074074074074
1 0.32473958333333336 0.33425925925925926 0.07552083333333333 0.12037037037037036
1 0.325 0.16620370370370371 0.035416666666666666 0.04351851851851852
1 0.559375 0.07083333333333333 0.03229166666666667 0.03981481481481482
1 0.28932291666666665 0.1310185185185185 0.0296875 0.049074074074074076
1 0.16796875 0.13240740740740742 0.034895833333333334 0.044444444444444446
1 0.3890625 0.11018518518518519 0.026041666666666668 0.037037037037037035
1 0.45703125 0.08287037037037037 0.019270833333333334 0.032407407407407406
1 0.7942708333333334 0.18888888888888888 0.016666666666666666 0.037037037037037035
1 0.4315104166666667 0.07453703703703704 0.021354166666666667 0.030555555555555555
1 0.32473958333333336 0.10972222222222222 0.0296875 0.032407407407407406
1 0.25859375 0.1962962962962963 0.03697916666666667 0.05185185185185185
1 0.25364583333333335 0.17731481481481481 0.04791666666666667 0.04537037037037037
1 0.17213541666666668 0.16944444444444445 0.04635416666666667 0.044444444444444446
1 0.184375 0.33564814814814814 0.07604166666666666 0.11388888888888889
1 0.98984375 0.5694444444444444 0.019270833333333334 0.11296296296296296
1 0.98671875 0.20277777777777778 0.025520833333333333 0.07962962962962963