2 0.8447916666666667 0.13703703703703704 0.071875 0.12222222222222222
2 0.7755208333333333 0.08981481481481482 0.057291666666666664 0.08703703703703704
1 0.7513020833333334 0.7782407407407408 0.13802083333333334 0.19166666666666668
1 0.58046875 0.3425925925925926 0.06822916666666666 0.08888888888888889
1 0.4609375 0.6939814814814815 0.12916666666666668 0.21203703703703702
1 0.6856770833333333 0.6523148148148148 0.11927083333333334 0.1527777777777778
1 0.20755208333333333 0.5703703703703704 0.09427083333333333 0.1259259259259259
1 0.28203125 0.287962962962963 0.0578125 0.07407407407407407
1 0.5109375 0.2851851851851852 0.05416666666666667 0.07592592592592592
1 0.6 0.2657407407407407 0.052083333333333336 0.06851851851851852
1 0.3578125 0.42083333333333334 0.08020833333333334 0.10648148148148148
1 0.49114583333333334 0.40694444444444444 0.07395833333333333 0.11018518518518519
1 0.89296875 0.26990740740740743 0.06197916666666667 0.09722222222222222
1 0.3416666666666667 0.3675925925925926 0.0875 0.13148148148148148
1 0.19036458333333334 0.2587962962962963 0.049479166666666664 0.07685185185185185
1 0.7776041666666667 0.5069444444444444 0.115625 0.18796296296296297
1 0.41328125 0.6166666666666667 0.09947916666666666 0.15
1 0.478125 0.2537037037037037 0.053125 0.06851851851851852
1 0.5669270833333333 0.24027777777777778 0.0546875 0.0787037037037037
1 0.6213541666666667 0.16064814814814815 0.036458333333333336 0.05092592592592592
1 0.19192708333333333 0.5097222222222222 0.0921875 0.11203703703703703
1 0.4239583333333333 0.3037037037037037 0.06458333333333334 0.10925925925925926
1 0.6044270833333333 0.3851851851851852 0.0390625 0.0962962962962963
1 0.26484375 0.20972222222222223 0.03802083333333333 0.05277777777777778
1 0.75859375 0.2449074074074074 0.0484375 0.06018518518518518
1 0.4765625 0.36666666666666664 0.06458333333333334 0.09814814814814815
1 0.8432291666666667 0.2111111111111111 0.04791666666666667 0.07592592592592592
1 0.9283854166666666 0.18518518518518517 0.04114583333333333 0.06481481481481481
1 0.36302083333333335 0.25972222222222224 0.03125 0.06388888888888888
1 0.6908854166666667 0.13240740740740742 0.0203125 0.040740740740740744
1 0.7958333333333333 0.22407407407407406 0.026041666666666668 0.06111111111111111
1 0.18255208333333334 0.4263888888888889 0.07239583333333334 0.11203703703703703
1 0.4440104166666667 0.2263888888888889 0.04739583333333333 0.058333333333333334
1 0.6049479166666667 0.15 0.033854166666666664 0.05
1 0.26223958333333336 0.09768518518518518 0.0234375 0.03796296296296296
1 0.3880208333333333 0.16435185185185186 0.0375 0.05462962962962963
1 0.7299479166666667 0.13842592592592592 0.0328125 0.03611111111111111
1 0.18723958333333332 0.20787037037037037 0.0390625 0.04537037037037037
1 0.33307291666666666 0.19907407407407407 0.0328125 0.053703703703703705
1 0.6640625 0.1398148148148148 0.040625 0.06111111111111111
1 0.7408854166666666 0.20879629629629629 0.044270833333333336 0.06388888888888888
1 0.6635416666666667 0.20416666666666666 0.04791666666666667 0.041666666666666664
1 0.6684895833333333 0.3962962962962963 0.09947916666666666 0.15555555555555556
1 0.48411458333333335 0.09768518518518518 0.022395833333333334 0.03611111111111111
1 0.3263020833333333 0.11435185185185186 0.0359375 0.03611111111111111
1 0.9080729166666667 0.1736111111111111 0.0390625 0.06759259259259259
1 0.3528645833333333 0.22175925925925927 0.0515625 0.07685185185185185
1 0.246875 0.16574074074074074 0.03958333333333333 0.05
1 0.3533854166666667 0.14074074074074075 0.043229166666666666 0.05185185185185185
1 0.25755208333333335 0.1884259259259259 0.0453125 0.04351851851851852
1 0.3151041666666667 0.15925925925925927 0.03229166666666667 0.05555555555555555
1 0.39401041666666664 0.11203703703703703 0.033854166666666664 0.04814814814814815
1 0.9645833333333333 0.19907407407407407 0.05 0.06111111111111111
1 0.72109375 0.19212962962962962 0.0421875 0.07314814814814814
1 0.56640625 0.1337962962962963 0.03177083333333333 0.04722222222222222
1 0.37109375 0.09722222222222222 0.025520833333333333 0.044444444444444446
1 0.29270833333333335 0.13564814814814816 0.03333333333333333 0.049074074074074076
1 0.5502604166666667 0.06712962962962964 0.0265625 0.03425925925925926
1 0.5278645833333333 0.12083333333333333 0.016145833333333335 0.03611111111111111
1 0.7526041666666666 0.175 0.023958333333333335 0.03518518518518519
1 0.3971354166666667 0.1824074074074074 0.0296875 0.05555555555555555
1 0.42161458333333335 0.07083333333333333 0.022395833333333334 0.030555555555555555
1 0.16927083333333334 0.08148148148148149 0.026041666666666668 0.025925925925925925
1 0.59453125 0.1388888888888889 0.0328125 0.05925925925925926
1 0.50625 0.10601851851851851 0.03125 0.04537037037037037
1 0.775 0.1537037037037037 0.0375 0.05185185185185185
1 0.4713541666666667 0.09305555555555556 0.015625 0.03611111111111111
1 0.42916666666666664 0.14583333333333334 0.046875 0.05462962962962963
1 0.42239583333333336 0.19027777777777777 0.040625 0.06574074074074074
1 0.22760416666666666 0.1300925925925926 0.03854166666666667 0.03981481481481482
1 0.7450520833333333 0.14583333333333334 0.027604166666666666 0.028703703703703703
1 0.6458333333333334 0.10138888888888889 0.023958333333333335 0.023148148148148147
1 0.6229166666666667 0.11805555555555555 0.03125 0.03981481481481482
1 0.27630208333333334 0.11157407407407408 0.0296875 0.04351851851851852
1 0.38776041666666666 0.287962962962963 0.0265625 0.07407407407407407
1 0.3106770833333333 0.09351851851851851 0.0359375 0.03518518518518519
1 0.6453125 0.13194444444444445 0.01875 0.04537037037037037
1 0.159375 0.1814814814814815 0.017708333333333333 0.040740740740740744
1 0.59296875 0.0824074074074074 0.027604166666666666 0.027777777777777776
1 0.6044270833333333 0.09583333333333334 0.022395833333333334 0.01574074074074074
1 0.325 0.06944444444444445 0.019791666666666666 0.018518518518518517
1 0.33203125 0.17685185185185184 0.034895833333333334 0.046296296296296294
1 0.16796875 0.14027777777777778 0.033854166666666664 0.03981481481481482
1 0.18645833333333334 0.3699074074074074 0.08020833333333334 0.11944444444444445
1 0.8223958333333333 0.1884259259259259 0.04375 0.06759259259259259
1 0.4471354166666667 0.0787037037037037 0.0203125 0.03518518518518519
1 0.40260416666666665 0.06620370370370371 0.022916666666666665 0.023148148148148147
1 0.3932291666666667 0.26435185185185184 0.04791666666666667 0.08425925925925926
1 0.23515625 0.13935185185185187 0.0296875 0.041666666666666664
1 0.9921875 0.24305555555555555 0.014583333333333334 0.0712962962962963
1 0.4622395833333333 0.08888888888888889 0.016145833333333335 0.03333333333333333