1 0.5369791666666667 0.8449074074074074 0.14791666666666667 0.1935185185185185
1 0.7643229166666666 0.7486111111111111 0.13802083333333334 0.18796296296296297
1 0.30104166666666665 0.9412037037037037 0.18333333333333332 0.11574074074074074
1 0.20520833333333333 0.5032407407407408 0.10208333333333333 0.13240740740740742
1 0.6013020833333333 0.5481481481481482 0.1015625 0.14629629629629629
1 0.5346354166666667 0.3148148148148148 0.0640625 0.08148148148148149
1 0.4315104166666667 0.6435185185185185 0.1171875 0.15555555555555556
1 0.346875 0.43194444444444446 0.08125 0.10833333333333334
1 0.7091145833333333 0.4587962962962963 0.0796875 0.11388888888888889
1 0.18697916666666667 0.41805555555555557 0.08020833333333334 0.10277777777777777
1 0.7520833333333333 0.49398148148148147 0.10625 0.1361111111111111
1 0.81484375 0.4125 0.08489583333333334 0.11203703703703703
1 0.4125 0.5638888888888889 0.11041666666666666 0.1425925925925926
1 0.5427083333333333 0.4898148148148148 0.090625 0.12037037037037036
1 0.3078125 0.32037037037037036 0.057291666666666664 0.08333333333333333
1 0.8401041666666667 0.5851851851851851 0.1125 0.16296296296296298
1 0.6213541666666667 0.36712962962962964 0.08125 0.125
1 0.41041666666666665 0.30787037037037035 0.04791666666666667 0.0824074074074074
1 0.4796875 0.25462962962962965 0.053125 0.07037037037037037
1 0.029947916666666668 0.45925925925925926 0.059895833333333336 0.12777777777777777
1 0.7002604166666667 0.3199074074074074 0.06927083333333334 0.10833333333333334
1 0.8893229166666666 0.2712962962962963 0.06197916666666667 0.07777777777777778
1 0.396875 0.2777777777777778 0.04895833333333333 0.07592592592592592
1 0.6783854166666666 0.20972222222222223 0.04635416666666667 0.04537037037037037
1 0.45208333333333334 0.33287037037037037 0.065625 0.10462962962962963
1 0.43020833333333336 0.1398148148148148 0.03333333333333333 0.046296296296296294
1 0.18229166666666666 0.2967592592592593 0.05416666666666667 0.07685185185185185
1 0.6544270833333333 0.28425925925925927 0.059895833333333336 0.09074074074074075
1 0.8171875 0.23703703703703705 0.051041666666666666 0.07592592592592592
1 0.7325520833333333 0.1259259259259259 0.024479166666666666 0.03518518518518519
1 0.3859375 0.1087962962962963 0.03229166666666667 0.05092592592592592
1 0.27760416666666665 0.24861111111111112 0.058333333333333334 0.09537037037037037
1 0.3424479166666667 0.22083333333333333 0.03802083333333333 0.06018518518518518
1 0.4895833333333333 0.11481481481481481 0.028125 0.03333333333333333
1 0.51328125 0.42268518518518516 0.0890625 0.1361111111111111
1 0.9533854166666667 0.49537037037037035 0.0921875 0.1574074074074074
1 0.6916666666666667 0.1597222222222222 0.035416666666666666 0.049074074074074076
1 0.9638020833333333 0.20046296296296295 0.05364583333333333 0.07314814814814814
1 0.3997395833333333 0.17777777777777778 0.03177083333333333 0.046296296296296294
1 0.30182291666666666 0.1527777777777778 0.0328125 0.040740740740740744
1 0.36692708333333335 0.10231481481481482 0.0140625 0.03425925925925926
1 0.33567708333333335 0.36435185185185187 0.06302083333333333 0.08981481481481482
1 0.37265625 0.23703703703703705 0.0484375 0.08148148148148149
1 0.6028645833333334 0.16944444444444445 0.028645833333333332 0.03888888888888889
1 0.6299479166666667 0.1787037037037037 0.043229166666666666 0.04814814814814815
1 0.6393229166666666 0.16296296296296298 0.033854166666666664 0.05185185185185185
1 0.5729166666666666 0.15601851851851853 0.03229166666666667 0.03425925925925926
1 0.7109375 0.1375 0.03229166666666667 0.04537037037037037
1 0.23619791666666667 0.14027777777777778 0.028645833333333332 0.03981481481481482
1 0.42083333333333334 0.1287037037037037 0.029166666666666667 0.04814814814814815
1 0.74609375 0.15601851851851853 0.0328125 0.032407407407407406
1 0.3640625 0.15046296296296297 0.03229166666666667 0.041666666666666664
1 0.34322916666666664 0.18796296296296297 0.042708333333333334 0.05
1 0.22734375 0.12314814814814815 0.030729166666666665 0.037037037037037035
1 0.16145833333333334 0.0837962962962963 0.023958333333333335 0.030555555555555555
1 0.38671875 0.1675925925925926 0.0328125 0.05740740740740741
1 0.5752604166666667 0.23564814814814813 0.05364583333333333 0.08981481481481482
1 0.346875 0.14166666666666666 0.025 0.03888888888888889
1 0.2747395833333333 0.10740740740740741 0.0328125 0.04259259259259259
1 0.32421875 0.10601851851851851 0.027604166666666666 0.03981481481481482
1 0.8533854166666667 0.19212962962962962 0.03177083333333333 0.05092592592592592
1 0.6283854166666667 0.12407407407407407 0.024479166666666666 0.02962962962962963
1 0.8278645833333333 0.18287037037037038 0.0328125 0.05648148148148148
1 0.8791666666666667 0.2101851851851852 0.05 0.07407407407407407
1 0.6703125 0.1050925925925926 0.026041666666666668 0.04537037037037037
1 0.1828125 0.2569444444444444 0.05 0.05648148148148148
1 0.60703125 0.14166666666666666 0.0328125 0.03148148148148148
1 0.5669270833333333 0.10138888888888889 0.022395833333333334 0.025
1 0.4427083333333333 0.22870370370370371 0.046875 0.06481481481481481
1 0.2864583333333333 0.125 0.036458333333333336 0.03518518518518519
1 0.5927083333333333 0.10787037037037037 0.026041666666666668 0.030555555555555555
1 0.7190104166666667 0.19722222222222222 0.03697916666666667 0.06666666666666667
1 0.5494791666666666 0.08425925925925926 0.022916666666666665 0.022222222222222223
1 0.640625 0.1337962962962963 0.03125 0.03611111111111111
1 0.79921875 0.19398148148148148 0.027604166666666666 0.05648148148148148
1 0.4296875 0.1986111111111111 0.04479166666666667 0.06944444444444445
1 0.18359375 0.07962962962962963 0.021354166666666667 0.024074074074074074
1 0.46953125 0.0912037037037037 0.0234375 0.028703703703703703
1 0.2559895833333333 0.17222222222222222 0.0390625 0.04814814814814815
1 0.34401041666666665 0.12546296296296297 0.028645833333333332 0.04351851851851852
1 0.8942708333333333 0.23148148148148148 0.05416666666666667 0.06666666666666667
1 0.52734375 0.13657407407407407 0.0203125 0.026851851851851852
1 0.5078125 0.10555555555555556 0.026041666666666668 0.04259259259259259
1 0.17395833333333333 0.1388888888888889 0.03854166666666667 0.04814814814814815
1 0.5572916666666666 0.14351851851851852 0.025 0.03518518518518519
1 0.22291666666666668 0.10740740740740741 0.034375 0.03333333333333333
1 0.5919270833333333 0.25601851851851853 0.05260416666666667 0.08055555555555556
1 0.40625 0.07407407407407407 0.019791666666666666 0.022222222222222223
1 0.3575520833333333 0.08796296296296297 0.022395833333333334 0.03333333333333333
1 0.6432291666666666 0.09259259259259259 0.029166666666666667 0.037037037037037035
1 0.17161458333333332 0.23564814814814813 0.04114583333333333 0.07685185185185185
1 0.7140625 0.10972222222222222 0.019791666666666666 0.013888888888888888
1 0.43463541666666666 0.08055555555555556 0.021354166666666667 0.03333333333333333
1 0.5518229166666667 0.1125 0.015104166666666667 0.023148148148148147
1 0.75234375 0.20555555555555555 0.043229166666666666 0.08333333333333333
1 0.6984375 0.1884259259259259 0.023958333333333335 0.05277777777777778
1 0.26848958333333334 0.2125 0.0546875 0.06944444444444445
1 0.16692708333333334 0.175 0.0296875 0.037037037037037035
1 0.89921875 0.1699074074074074 0.049479166666666664 0.0712962962962963
1 0.4953125 0.07777777777777778 0.020833333333333332 0.03518518518518519
1 0.5861979166666667 0.1310185185185185 0.0296875 0.03796296296296296
1 0.28098958333333335 0.1912037037037037 0.0296875 0.026851851851851852
1 0.32447916666666665 0.18101851851851852 0.03229166666666667 0.062037037037037036
1 0.17578125 0.19583333333333333 0.049479166666666664 0.06759259259259259
1 0.9947916666666666 0.2791666666666667 0.009375 0.06388888888888888
1 0.6580729166666667 0.12222222222222222 0.0296875 0.03888888888888889