2 0.6817708333333333 0.09398148148148149 0.051041666666666666 0.10462962962962963
1 0.3020833333333333 0.9087962962962963 0.17604166666666668 0.18055555555555555
1 0.8138020833333334 0.5370370370370371 0.10989583333333333 0.14444444444444443
1 0.3606770833333333 0.45185185185185184 0.08177083333333333 0.10555555555555556
1 0.9028645833333333 0.8976851851851851 0.19010416666666666 0.20277777777777778
1 0.5700520833333333 0.5412037037037037 0.11510416666666666 0.1787037037037037
1 0.20598958333333334 0.48333333333333334 0.09114583333333333 0.12407407407407407
1 0.6184895833333334 0.9296296296296296 0.18489583333333334 0.1388888888888889
1 0.9106770833333333 0.6421296296296296 0.12864583333333332 0.18055555555555555
1 0.49947916666666664 0.4125 0.07604166666666666 0.10648148148148148
1 0.7575520833333333 0.7412037037037037 0.14947916666666666 0.23055555555555557
1 0.09244791666666667 0.4166666666666667 0.0828125 0.13518518518518519
1 0.6994791666666667 0.4287037037037037 0.08958333333333333 0.1425925925925926
1 0.55703125 0.3162037037037037 0.0671875 0.08981481481481482
1 0.34088541666666666 0.38101851851851853 0.0703125 0.09537037037037037
1 0.44453125 0.3421296296296296 0.06510416666666667 0.09351851851851851
1 0.18072916666666666 0.33194444444444443 0.065625 0.08611111111111111
1 0.41432291666666665 0.19027777777777777 0.04114583333333333 0.049074074074074076
1 0.54921875 0.22037037037037038 0.0484375 0.07777777777777778
1 0.9075520833333334 0.32037037037037036 0.0734375 0.05740740740740741
1 0.6651041666666667 0.2972222222222222 0.06145833333333333 0.0962962962962963
1 0.8583333333333333 0.22037037037037038 0.046875 0.06111111111111111
1 0.315625 0.34953703703703703 0.059375 0.08611111111111111
1 0.5278645833333333 0.300462962962963 0.04739583333333333 0.08055555555555556
1 0.515625 0.2023148148148148 0.042708333333333334 0.06944444444444445
1 0.8591145833333333 0.16620370370370371 0.03802083333333333 0.049074074074074076
1 0.17135416666666667 0.22546296296296298 0.040625 0.058333333333333334
1 0.49244791666666665 0.18287037037037038 0.03697916666666667 0.06018518518518518
1 0.5697916666666667 0.1587962962962963 0.03333333333333333 0.041666666666666664
1 0.26484375 0.2351851851851852 0.0390625 0.06481481481481481
1 0.7338541666666667 0.17407407407407408 0.03854166666666667 0.053703703703703705
1 0.8325520833333333 0.1574074074074074 0.03177083333333333 0.046296296296296294
1 0.60234375 0.36157407407407405 0.06822916666666666 0.10092592592592593
1 0.89921875 0.2361111111111111 0.0515625 0.07777777777777778
1 0.8130208333333333 0.26944444444444443 0.07083333333333333 0.07407407407407407
1 0.2950520833333333 0.29305555555555557 0.05572916666666667 0.0787037037037037
1 0.6078125 0.2675925925925926 0.05625 0.07592592592592592
1 0.384375 0.1712962962962963 0.03854166666666667 0.05
1 0.353125 0.225 0.036458333333333336 0.06111111111111111
1 0.42213541666666665 0.32083333333333336 0.0484375 0.0787037037037037
1 0.34869791666666666 0.20694444444444443 0.0421875 0.06018518518518518
1 0.5223958333333333 0.11296296296296296 0.025 0.037037037037037035
1 0.18098958333333334 0.2037037037037037 0.0390625 0.05555555555555555
1 0.8010416666666667 0.18564814814814815 0.03229166666666667 0.041666666666666664
1 0.7171875 0.11203703703703703 0.027083333333333334 0.04259259259259259
1 0.45260416666666664 0.09814814814814815 0.025 0.027777777777777776
1 0.7005208333333334 0.22314814814814815 0.04375 0.04814814814814815
1 0.4036458333333333 0.2851851851851852 0.05625 0.09259259259259259
1 0.38203125 0.10416666666666667 0.0296875 0.03981481481481482
1 0.665625 0.19953703703703704 0.036458333333333336 0.041666666666666664
1 0.7494791666666667 0.21388888888888888 0.04583333333333333 0.06111111111111111
1 0.7755208333333333 0.15138888888888888 0.03333333333333333 0.030555555555555555
1 0.18046875 0.15138888888888888 0.034895833333333334 0.05277777777777778
1 0.3380208333333333 0.12037037037037036 0.025 0.040740740740740744
1 0.4518229166666667 0.22962962962962963 0.04739583333333333 0.06296296296296296
1 0.6401041666666667 0.1884259259259259 0.034375 0.03425925925925926
1 0.6419270833333334 0.13148148148148148 0.0328125 0.037037037037037035
1 0.18359375 0.2791666666666667 0.05260416666666667 0.05462962962962963
1 0.2830729166666667 0.25833333333333336 0.043229166666666666 0.07037037037037037
1 0.7528645833333333 0.17453703703703705 0.03697916666666667 0.03611111111111111
1 0.19635416666666666 0.10231481481481482 0.026041666666666668 0.03425925925925926
1 0.2864583333333333 0.12129629629629629 0.026041666666666668 0.03888888888888889
1 0.7427083333333333 0.12407407407407407 0.034375 0.05
1 0.8026041666666667 0.21712962962962962 0.03333333333333333 0.041666666666666664
1 0.68671875 0.14722222222222223 0.034895833333333334 0.046296296296296294
1 0.31744791666666666 0.10185185185185185 0.024479166666666666 0.03333333333333333
1 0.30833333333333335 0.15324074074074073 0.034375 0.05648148148148148
1 0.3494791666666667 0.08333333333333333 0.03229166666666667 0.037037037037037035
1 0.7596354166666667 0.24074074074074073 0.05260416666666667 0.05
1 0.37578125 0.09351851851851851 0.024479166666666666 0.02962962962962963
1 0.47604166666666664 0.09444444444444444 0.025 0.037037037037037035
1 0.3809895833333333 0.14212962962962963 0.0359375 0.03981481481481482
1 0.9661458333333334 0.3 0.06041666666666667 0.0962962962962963
1 0.35963541666666665 0.1398148148148148 0.0265625 0.044444444444444446
1 0.6296875 0.16203703703703703 0.034375 0.053703703703703705
1 0.25416666666666665 0.19166666666666668 0.051041666666666666 0.07962962962962963
1 0.17109375 0.1625 0.03802083333333333 0.03425925925925926
1 0.3333333333333333 0.1814814814814815 0.03854166666666667 0.06666666666666667
1 0.65546875 0.1638888888888889 0.03177083333333333 0.03333333333333333
1 0.6471354166666666 0.1050925925925926 0.0234375 0.028703703703703703
1 0.24895833333333334 0.07777777777777778 0.025 0.03148148148148148
1 0.3216145833333333 0.11666666666666667 0.016145833333333335 0.03333333333333333
1 0.6854166666666667 0.17453703703703705 0.036458333333333336 0.05092592592592592
1 0.23619791666666667 0.14583333333333334 0.0359375 0.041666666666666664
1 0.48854166666666665 0.1125 0.027083333333333334 0.030555555555555555
1 0.5721354166666667 0.07592592592592592 0.019270833333333334 0.02962962962962963
1 0.58046875 0.10694444444444444 0.027604166666666666 0.03981481481481482
1 0.2989583333333333 0.1398148148148148 0.028125 0.05
1 0.59375 0.09212962962962963 0.020833333333333332 0.04537037037037037
1 0.5744791666666667 0.13518518518518519 0.034375 0.05185185185185185
1 0.17057291666666666 0.17962962962962964 0.0390625 0.06666666666666667
1 0.40234375 0.06388888888888888 0.0234375 0.020370370370370372
1 0.478125 0.1685185185185185 0.040625 0.06481481481481481
1 0.4921875 0.25833333333333336 0.053125 0.08703703703703704
1 0.38177083333333334 0.23981481481481481 0.046875 0.07962962962962963
1 0.46380208333333334 0.060648148148148145 0.019270833333333334 0.017592592592592594
1 0.16276041666666666 0.11990740740740741 0.04114583333333333 0.05648148148148148
1 0.5557291666666667 0.09861111111111111 0.022916666666666665 0.041666666666666664
1 0.22994791666666667 0.11898148148148148 0.033854166666666664 0.032407407407407406
1 0.17161458333333332 0.29074074074074074 0.050520833333333334 0.05925925925925926
1 0.91640625 0.26851851851851855 0.0546875 0.05555555555555555
1 0.9895833333333334 0.23657407407407408 0.019791666666666666 0.058333333333333334