2 0.75390625 0.11388888888888889 0.0640625 0.12962962962962962
2 0.67578125 0.09675925925925925 0.05260416666666667 0.10648148148148148
1 0.8690104166666667 0.6023148148148149 0.11510416666666666 0.16018518518518518
1 0.7200520833333334 0.46944444444444444 0.09635416666666667 0.12222222222222222
1 0.6244791666666667 0.9018518518518519 0.22916666666666666 0.19444444444444445
1 0.36875 0.49953703703703706 0.09791666666666667 0.125
1 0.9578125 0.9375 0.08333333333333333 0.12314814814814815
1 0.20703125 0.3449074074074074 0.058854166666666666 0.09166666666666666
1 0.459375 0.36944444444444446 0.08333333333333333 0.12407407407407407
1 0.9817708333333334 0.5560185185185185 0.035416666666666666 0.14537037037037037
1 0.31145833333333334 0.33194444444444443 0.057291666666666664 0.0787037037037037
1 0.08255208333333333 0.4449074074074074 0.0828125 0.12685185185185185
1 0.6111979166666667 0.37546296296296294 0.0703125 0.10462962962962963
1 0.39427083333333335 0.5560185185185185 0.10104166666666667 0.1361111111111111
1 0.5434895833333333 0.46111111111111114 0.09635416666666667 0.14814814814814814
1 0.58828125 0.5356481481481481 0.10572916666666667 0.13796296296296295
1 0.6544270833333333 0.41898148148148145 0.08385416666666666 0.12129629629629629
1 0.41848958333333336 0.30972222222222223 0.0578125 0.08055555555555556
1 0.4041666666666667 0.18888888888888888 0.03854166666666667 0.04814814814814815
1 0.47708333333333336 0.2462962962962963 0.053125 0.07222222222222222
1 0.5630208333333333 0.3106481481481482 0.06666666666666667 0.10833333333333334
1 0.23203125 0.8819444444444444 0.15885416666666666 0.23425925925925925
1 0.9174479166666667 0.4583333333333333 0.09947916666666666 0.1388888888888889
1 0.48098958333333336 0.175 0.04010416666666667 0.06296296296296296
1 0.66484375 0.20185185185185187 0.043229166666666666 0.044444444444444446
1 0.9765625 0.2023148148148148 0.04583333333333333 0.05648148148148148
1 0.5640625 0.225 0.046875 0.07592592592592592
1 0.3807291666666667 0.1597222222222222 0.035416666666666666 0.049074074074074076
1 0.7190104166666667 0.19768518518518519 0.043229166666666666 0.062037037037037036
1 0.38203125 0.26666666666666666 0.05677083333333333 0.07592592592592592
1 0.96015625 0.3472222222222222 0.07135416666666666 0.0962962962962963
1 0.5768229166666666 0.1375 0.0328125 0.041666666666666664
1 0.8731770833333333 0.3013888888888889 0.058854166666666666 0.06388888888888888
1 0.5158854166666667 0.2759259259259259 0.050520833333333334 0.07962962962962963
1 0.2994791666666667 0.2916666666666667 0.05416666666666667 0.07407407407407407
1 0.92265625 0.28194444444444444 0.0578125 0.07314814814814814
1 0.5252604166666667 0.20833333333333334 0.04010416666666667 0.06111111111111111
1 0.940625 0.19166666666666668 0.03958333333333333 0.053703703703703705
1 0.6458333333333334 0.1638888888888889 0.03958333333333333 0.06296296296296296
1 0.8515625 0.20046296296296295 0.04895833333333333 0.03611111111111111
1 0.721875 0.1648148148148148 0.041666666666666664 0.046296296296296294
1 0.66484375 0.6569444444444444 0.1484375 0.23425925925925925
1 0.19869791666666667 0.1287037037037037 0.028645833333333332 0.044444444444444446
1 0.8481770833333333 0.24259259259259258 0.05260416666666667 0.06481481481481481
1 0.35651041666666666 0.14305555555555555 0.034895833333333334 0.041666666666666664
1 0.80625 0.14444444444444443 0.03958333333333333 0.05925925925925926
1 0.5393229166666667 0.14074074074074075 0.030729166666666665 0.03518518518518519
1 0.4354166666666667 0.1388888888888889 0.03229166666666667 0.05925925925925926
1 0.4479166666666667 0.14583333333333334 0.030208333333333334 0.049074074074074076
1 0.3611979166666667 0.09027777777777778 0.024479166666666666 0.032407407407407406
1 0.3411458333333333 0.19675925925925927 0.0375 0.06574074074074074
1 0.46067708333333335 0.1537037037037037 0.0328125 0.04259259259259259
1 0.2796875 0.26990740740740743 0.046875 0.075
1 0.45234375 0.2375 0.033854166666666664 0.06388888888888888
1 0.7513020833333334 0.21481481481481482 0.044270833333333336 0.05740740740740741
1 0.36822916666666666 0.22916666666666666 0.04583333333333333 0.07685185185185185
1 0.5630208333333333 0.1259259259259259 0.025 0.03888888888888889
1 0.49322916666666666 0.12037037037037036 0.028125 0.03333333333333333
1 0.2908854166666667 0.12916666666666668 0.028645833333333332 0.049074074074074076
1 0.19192708333333333 0.30092592592592593 0.05677083333333333 0.09814814814814815
1 0.9 0.20324074074074075 0.042708333333333334 0.062037037037037036
1 0.3078125 0.15092592592592594 0.03854166666666667 0.05740740740740741
1 0.7098958333333333 0.11203703703703703 0.020833333333333332 0.05
1 0.4140625 0.06805555555555555 0.017708333333333333 0.026851851851851852
1 0.6369791666666667 0.1310185185185185 0.035416666666666666 0.05277777777777778
1 0.17604166666666668 0.2638888888888889 0.04895833333333333 0.06851851851851852
1 0.8075520833333333 0.26851851851851855 0.049479166666666664 0.06296296296296296
1 0.5854166666666667 0.11388888888888889 0.021875 0.03518518518518519
1 0.4395833333333333 0.20925925925925926 0.04375 0.07407407407407407
1 0.7986979166666667 0.17731481481481481 0.0265625 0.03796296296296296
1 0.44244791666666666 0.07546296296296297 0.025520833333333333 0.03611111111111111
1 0.6252604166666667 0.0875 0.0203125 0.030555555555555555
1 0.30130208333333336 0.08888888888888889 0.021354166666666667 0.02962962962962963
1 0.30911458333333336 0.10138888888888889 0.018229166666666668 0.03425925925925926
1 0.35208333333333336 0.0787037037037037 0.019791666666666666 0.025925925925925925
1 0.175 0.2300925925925926 0.052083333333333336 0.05277777777777778
1 0.40078125 0.06435185185185185 0.016145833333333335 0.021296296296296296
1 0.1703125 0.1912037037037037 0.034375 0.04722222222222222
1 0.33177083333333335 0.075 0.022916666666666665 0.022222222222222223
1 0.2625 0.19490740740740742 0.042708333333333334 0.05277777777777778
1 0.60859375 0.11898148148148148 0.030729166666666665 0.05462962962962963
1 0.7622395833333333 0.24722222222222223 0.0390625 0.05185185185185185
1 0.2526041666666667 0.07777777777777778 0.020833333333333332 0.03148148148148148
1 0.34791666666666665 0.12129629629629629 0.03958333333333333 0.040740740740740744
1 0.48385416666666664 0.09351851851851851 0.03333333333333333 0.040740740740740744
1 0.5760416666666667 0.09259259259259259 0.020833333333333332 0.027777777777777776
1 0.16901041666666666 0.16203703703703703 0.033854166666666664 0.040740740740740744
1 0.3221354166666667 0.18101851851851852 0.03177083333333333 0.062037037037037036
1 0.27291666666666664 0.23472222222222222 0.05 0.06944444444444445
1 0.6424479166666667 0.09351851851851851 0.019270833333333334 0.025925925925925925
1 0.4934895833333333 0.0699074074074074 0.0203125 0.023148148148148147
1 0.19192708333333333 0.08194444444444444 0.0203125 0.026851851851851852
1 0.16614583333333333 0.07685185185185185 0.030208333333333334 0.020370370370370372
1 0.15703125 0.11064814814814815 0.0328125 0.05092592592592592
1 0.24375 0.16157407407407406 0.04583333333333333 0.06759259259259259
1 0.8033854166666666 0.2064814814814815 0.0328125 0.05185185185185185
1 0.2518229166666667 0.13194444444444445 0.025520833333333333 0.03611111111111111
1 0.5067708333333333 0.10555555555555556 0.036458333333333336 0.040740740740740744
1 0.89140625 0.22824074074074074 0.04635416666666667 0.062037037037037036
1 0.9919270833333333 0.32083333333333336 0.015104166666666667 0.07685185185185185