3 0.9026041666666667 0.2601851851851852 0.065625 0.09814814814814815
2 0.8817708333333333 0.17592592592592593 0.08541666666666667 0.17222222222222222
1 0.5067708333333333 0.812037037037037 0.15625 0.2
1 0.08020833333333334 0.43657407407407406 0.078125 0.10277777777777777
1 0.22994791666666667 0.7777777777777778 0.14114583333333333 0.18518518518518517
1 0.7197916666666667 0.48518518518518516 0.096875 0.12407407407407407
1 0.4393229166666667 0.612037037037037 0.11197916666666667 0.1537037037037037
1 0.18802083333333333 0.3685185185185185 0.06666666666666667 0.09444444444444444
1 0.9408854166666667 0.9555555555555556 0.1171875 0.08703703703703704
1 0.37578125 0.4962962962962963 0.0890625 0.1259259259259259
1 0.6830729166666667 0.18611111111111112 0.04114583333333333 0.05555555555555555
1 0.6036458333333333 0.36944444444444446 0.07291666666666667 0.1
1 0.9799479166666667 0.20416666666666666 0.0390625 0.06018518518518518
1 0.5385416666666667 0.3194444444444444 0.06458333333333334 0.08148148148148149
1 0.5088541666666667 0.19305555555555556 0.041666666666666664 0.05648148148148148
1 0.5309895833333333 0.46620370370370373 0.08697916666666666 0.12129629629629629
1 0.4625 0.24027777777777778 0.040625 0.06574074074074074
1 0.81640625 0.4013888888888889 0.0859375 0.125
1 0.4921875 0.4083333333333333 0.07604166666666666 0.10740740740740741
1 0.6125 0.5388888888888889 0.103125 0.16666666666666666
1 0.95078125 0.4791666666666667 0.09739583333333333 0.16018518518518518
1 0.9408854166666667 0.6583333333333333 0.1171875 0.21481481481481482
1 0.4825520833333333 0.17222222222222222 0.03697916666666667 0.05555555555555555
1 0.44505208333333335 0.3282407407407407 0.0640625 0.10648148148148148
1 0.4161458333333333 0.13148148148148148 0.022916666666666665 0.040740740740740744
1 0.41302083333333334 0.3023148148148148 0.046875 0.07685185185185185
1 0.3338541666666667 0.2 0.04583333333333333 0.05740740740740741
1 0.39739583333333334 0.18796296296296297 0.03333333333333333 0.046296296296296294
1 0.38046875 0.15833333333333333 0.034895833333333334 0.053703703703703705
1 0.17578125 0.17916666666666667 0.0421875 0.05648148148148148
1 0.7096354166666666 0.1388888888888889 0.03177083333333333 0.04259259259259259
1 0.31484375 0.3449074074074074 0.08177083333333333 0.1287037037037037
1 0.3888020833333333 0.2638888888888889 0.05364583333333333 0.08703703703703704
1 0.44244791666666666 0.14537037037037037 0.04010416666666667 0.06296296296296296
1 0.3953125 0.11018518518518519 0.026041666666666668 0.037037037037037035
1 0.6388020833333333 0.16296296296296298 0.03697916666666667 0.05740740740740741
1 0.42421875 0.2013888888888889 0.0390625 0.06018518518518518
1 0.765625 0.2199074074074074 0.046875 0.062037037037037036
1 0.7549479166666667 0.11203703703703703 0.0359375 0.027777777777777776
1 0.22890625 0.17916666666666667 0.04635416666666667 0.0712962962962963
1 0.73359375 0.1736111111111111 0.0390625 0.05462962962962963
1 0.15546875 0.09907407407407408 0.0265625 0.03888888888888889
1 0.67421875 0.14722222222222223 0.0359375 0.053703703703703705
1 0.3684895833333333 0.23935185185185184 0.0390625 0.07685185185185185
1 0.1671875 0.28055555555555556 0.051041666666666666 0.07037037037037037
1 0.30963541666666666 0.9875 0.1328125 0.023148148148148147
1 0.5533854166666666 0.1486111111111111 0.0265625 0.032407407407407406
1 0.43515625 0.09027777777777778 0.022395833333333334 0.028703703703703703
1 0.559375 0.10648148148148148 0.027083333333333334 0.03888888888888889
1 0.60234375 0.1439814814814815 0.04010416666666667 0.062037037037037036
1 0.3 0.15648148148148147 0.03333333333333333 0.040740740740740744
1 0.15651041666666668 0.24351851851851852 0.043229166666666666 0.07592592592592592
1 0.2682291666666667 0.16805555555555557 0.0375 0.041666666666666664
1 0.5203125 0.1287037037037037 0.03229166666666667 0.03518518518518519
1 0.2765625 0.22777777777777777 0.04791666666666667 0.06481481481481481
1 0.55 0.11527777777777778 0.011458333333333333 0.028703703703703703
1 0.29791666666666666 0.12916666666666668 0.03333333333333333 0.04351851851851852
1 0.35078125 0.08472222222222223 0.022395833333333334 0.03425925925925926
1 0.85078125 0.8300925925925926 0.16927083333333334 0.2657407407407407
1 0.6489583333333333 0.13194444444444445 0.03125 0.028703703703703703
1 0.7760416666666666 0.36018518518518516 0.08229166666666667 0.13518518518518519
1 0.2635416666666667 0.22314814814814815 0.04479166666666667 0.07962962962962963
1 0.7731770833333333 0.18287037037037038 0.044270833333333336 0.06574074074074074
1 0.28046875 0.11851851851851852 0.018229166666666668 0.037037037037037035
1 0.6395833333333333 0.10138888888888889 0.016666666666666666 0.030555555555555555
1 0.7700520833333333 0.15138888888888888 0.0390625 0.05277777777777778
1 0.5791666666666667 0.09444444444444444 0.021875 0.03148148148148148
1 0.6098958333333333 0.10601851851851851 0.025 0.03796296296296296
1 0.17135416666666667 0.0824074074074074 0.022916666666666665 0.022222222222222223
1 0.27109375 0.11342592592592593 0.027604166666666666 0.03981481481481482
1 0.3533854166666667 0.12916666666666668 0.04010416666666667 0.041666666666666664
1 0.3216145833333333 0.11481481481481481 0.015104166666666667 0.03333333333333333
1 0.5065104166666666 0.07962962962962963 0.0203125 0.020370370370370372
1 0.3609375 0.13935185185185187 0.034375 0.05462962962962963
1 0.6065104166666667 0.07731481481481481 0.021354166666666667 0.021296296296296296
1 0.17682291666666666 0.12222222222222222 0.028645833333333332 0.03333333333333333
1 0.33203125 0.17037037037037037 0.030729166666666665 0.022222222222222223
1 0.23776041666666667 0.13796296296296295 0.0296875 0.024074074074074074
1 0.3140625 0.2800925925925926 0.06354166666666666 0.0712962962962963
1 0.5247395833333334 0.08148148148148149 0.019270833333333334 0.016666666666666666
1 0.17317708333333334 0.2351851851851852 0.0484375 0.03888888888888889
1 0.18385416666666668 0.30833333333333335 0.06041666666666667 0.09259259259259259
1 0.23463541666666668 0.12916666666666668 0.034895833333333334 0.03611111111111111
1 0.6614583333333334 0.10972222222222222 0.023958333333333335 0.021296296296296296
1 0.5153645833333333 0.26805555555555555 0.05677083333333333 0.08981481481481482
1 0.4046875 0.06666666666666667 0.01875 0.020370370370370372
1 0.4895833333333333 0.11342592592592593 0.021875 0.030555555555555555
1 0.7395833333333334 0.1388888888888889 0.03125 0.025925925925925925
1 0.5763020833333333 0.13842592592592592 0.0171875 0.05092592592592592
1 0.49166666666666664 0.25787037037037036 0.036458333333333336 0.075
1 0.446875 0.2222222222222222 0.03958333333333333 0.06851851851851852
1 0.29010416666666666 0.2773148148148148 0.05 0.09351851851851851