3 0.9825520833333333 0.6921296296296297 0.033854166666666664 0.36203703703703705
2 0.8252604166666667 0.13472222222222222 0.06822916666666666 0.14722222222222223
1 0.24817708333333333 0.9254629629629629 0.1671875 0.14722222222222223
1 0.82734375 0.5708333333333333 0.1140625 0.14351851851851852
1 0.746875 0.7430555555555556 0.14166666666666666 0.18981481481481483
1 0.7989583333333333 0.40925925925925927 0.08125 0.10925925925925926
1 0.92734375 0.6782407407407407 0.0921875 0.17314814814814813
1 0.49765625 0.7587962962962963 0.14114583333333333 0.18981481481481483
1 0.68515625 0.4412037037037037 0.08385416666666666 0.11574074074074074
1 0.5947916666666667 0.3680555555555556 0.075 0.09537037037037037
1 0.6825520833333333 0.6375 0.10989583333333333 0.16203703703703703
1 0.8908854166666667 0.30972222222222223 0.0703125 0.06388888888888888
1 0.34869791666666666 0.42453703703703705 0.07447916666666667 0.10462962962962963
1 0.4171875 0.30277777777777776 0.06666666666666667 0.10185185185185185
1 0.33645833333333336 0.3814814814814815 0.07604166666666666 0.09814814814814815
1 0.8453125 0.25555555555555554 0.057291666666666664 0.06851851851851852
1 0.9604166666666667 0.35324074074074074 0.07083333333333333 0.09722222222222222
1 0.43307291666666664 0.6361111111111111 0.1515625 0.2222222222222222
1 0.52734375 0.3106481481481482 0.05260416666666667 0.08611111111111111
1 0.4630208333333333 0.3712962962962963 0.06875 0.11851851851851852
1 0.7481770833333333 0.35185185185185186 0.07760416666666667 0.10925925925925926
1 0.4869791666666667 0.4125 0.07083333333333333 0.10833333333333334
1 0.5627604166666667 0.33240740740740743 0.06302083333333333 0.0962962962962963
1 0.17942708333333332 0.3592592592592593 0.0671875 0.1037037037037037
1 0.23828125 0.7435185185185185 0.11927083333333334 0.19074074074074074
1 0.6338541666666667 0.16203703703703703 0.0375 0.04814814814814815
1 0.2911458333333333 0.2777777777777778 0.04895833333333333 0.06666666666666667
1 0.3848958333333333 0.26296296296296295 0.04583333333333333 0.07037037037037037
1 0.528125 0.4722222222222222 0.10729166666666666 0.16666666666666666
1 0.509375 0.19490740740740742 0.041666666666666664 0.06574074074074074
1 0.7122395833333334 0.19305555555555556 0.044270833333333336 0.07314814814814814
1 0.47760416666666666 0.17731481481481481 0.03229166666666667 0.049074074074074076
1 0.4864583333333333 0.2611111111111111 0.05520833333333333 0.08888888888888889
1 0.8015625 0.18796296296296297 0.03125 0.037037037037037035
1 0.46067708333333335 0.23703703703703705 0.04114583333333333 0.06851851851851852
1 0.5911458333333334 0.16898148148148148 0.03854166666666667 0.03981481481481482
1 0.9697916666666667 0.2523148148148148 0.05416666666666667 0.06574074074074074
1 0.9231770833333334 0.2722222222222222 0.058854166666666666 0.07407407407407407
1 0.7536458333333333 0.24675925925925926 0.05416666666666667 0.05092592592592592
1 0.43645833333333334 0.21296296296296297 0.046875 0.06481481481481481
1 0.3796875 0.1675925925925926 0.03333333333333333 0.046296296296296294
1 0.3640625 0.2300925925925926 0.04583333333333333 0.06944444444444445
1 0.171875 0.16944444444444445 0.036458333333333336 0.04259259259259259
1 0.4427083333333333 0.15231481481481482 0.036458333333333336 0.05092592592592592
1 0.46328125 0.08564814814814815 0.0265625 0.04351851851851852
1 0.34322916666666664 0.20185185185185187 0.042708333333333334 0.06851851851851852
1 0.25104166666666666 0.1726851851851852 0.036458333333333336 0.05277777777777778
1 0.4109375 0.12916666666666668 0.028125 0.041666666666666664
1 0.20703125 0.11851851851851852 0.0265625 0.040740740740740744
1 0.2328125 0.14583333333333334 0.035416666666666666 0.062037037037037036
1 0.48098958333333336 0.09861111111111111 0.0234375 0.032407407407407406
1 0.409375 0.18472222222222223 0.040625 0.06574074074074074
1 0.5419270833333333 0.14212962962962963 0.0328125 0.03611111111111111
1 0.578125 0.1087962962962963 0.03333333333333333 0.05092592592592592
1 0.32265625 0.1736111111111111 0.034895833333333334 0.06018518518518518
1 0.5971354166666667 0.13148148148148148 0.03177083333333333 0.03888888888888889
1 0.53984375 0.11851851851851852 0.030729166666666665 0.03888888888888889
1 0.6908854166666667 0.1550925925925926 0.03802083333333333 0.05648148148148148
1 0.28203125 0.11805555555555555 0.027604166666666666 0.04537037037037037
1 0.9 0.2310185185185185 0.05416666666666667 0.0787037037037037
1 0.36171875 0.1449074074074074 0.030729166666666665 0.04537037037037037
1 0.42916666666666664 0.13425925925925927 0.03125 0.03888888888888889
1 0.2981770833333333 0.1361111111111111 0.0328125 0.05185185185185185
1 0.19817708333333334 0.2847222222222222 0.050520833333333334 0.07685185185185185
1 0.5791666666666667 0.08101851851851852 0.023958333333333335 0.01574074074074074
1 0.8713541666666667 0.1648148148148148 0.034375 0.06296296296296296
1 0.20546875 0.6212962962962963 0.1109375 0.20185185185185187
1 0.34348958333333335 0.1300925925925926 0.030729166666666665 0.03611111111111111
1 0.61484375 0.14722222222222223 0.030729166666666665 0.04259259259259259
1 0.26171875 0.20787037037037037 0.0484375 0.058333333333333334
1 0.30911458333333336 0.16111111111111112 0.030729166666666665 0.05740740740740741
1 0.41901041666666666 0.2064814814814815 0.021354166666666667 0.053703703703703705
1 0.6643229166666667 0.1388888888888889 0.033854166666666664 0.053703703703703705
1 0.3296875 0.1125 0.03333333333333333 0.03796296296296296
1 0.5559895833333334 0.09907407407407408 0.0234375 0.040740740740740744
1 0.18723958333333332 0.25462962962962965 0.05260416666666667 0.08518518518518518
1 0.6854166666666667 0.10972222222222222 0.019791666666666666 0.032407407407407406
1 0.32421875 0.0712962962962963 0.021354166666666667 0.022222222222222223
1 0.5239583333333333 0.11574074074074074 0.01875 0.040740740740740744
1 0.61484375 0.1050925925925926 0.0265625 0.030555555555555555
1 0.640625 0.10601851851851851 0.020833333333333332 0.026851851851851852
1 0.17005208333333333 0.13703703703703704 0.03177083333333333 0.044444444444444446
1 0.9822916666666667 0.3050925925925926 0.034375 0.0787037037037037
1 0.34791666666666665 0.08148148148148149 0.023958333333333335 0.02962962962962963
1 0.240625 0.11898148148148148 0.027083333333333334 0.032407407407407406
1 0.41119791666666666 0.10694444444444444 0.0296875 0.025
1 0.16614583333333333 0.10138888888888889 0.030208333333333334 0.04351851851851852
1 0.4356770833333333 0.08055555555555556 0.0234375 0.027777777777777776
1 0.6596354166666667 0.09398148148148149 0.021354166666666667 0.017592592592592594
1 0.27395833333333336 0.23842592592592593 0.046875 0.05648148148148148
1 0.8046875 0.2337962962962963 0.04583333333333333 0.06944444444444445
1 0.5458333333333333 0.06759259259259259 0.023958333333333335 0.024074074074074074
1 0.7359375 0.14629629629629629 0.03229166666666667 0.044444444444444446
1 0.175 0.21666666666666667 0.04895833333333333 0.07222222222222222
1 0.6307291666666667 0.1287037037037037 0.027083333333333334 0.025925925925925925
1 0.28567708333333336 0.25 0.059895833333333336 0.06481481481481481