1 0.51328125 0.8069444444444445 0.14114583333333333 0.1824074074074074
1 0.7359375 0.7157407407407408 0.13125 0.1814814814814815
1 0.28828125 0.9162037037037037 0.17239583333333333 0.16574074074074074
1 0.42109375 0.6203703703703703 0.1109375 0.15
1 0.5283854166666667 0.30787037037037035 0.0640625 0.0787037037037037
1 0.34479166666666666 0.4217592592592593 0.07708333333333334 0.10462962962962963
1 0.7346354166666667 0.48148148148148145 0.10260416666666666 0.13333333333333333
1 0.69453125 0.44675925925925924 0.07760416666666667 0.11388888888888889
1 0.5877604166666667 0.5305555555555556 0.09635416666666667 0.1425925925925926
1 0.20364583333333333 0.4888888888888889 0.09895833333333333 0.1259259259259259
1 0.8247395833333333 0.5652777777777778 0.1078125 0.15833333333333333
1 0.18619791666666666 0.4064814814814815 0.07760416666666667 0.1
1 0.68828125 0.31296296296296294 0.0671875 0.10555555555555556
1 0.9072916666666667 0.2791666666666667 0.06041666666666667 0.0787037037037037
1 0.6109375 0.36064814814814816 0.07916666666666666 0.11944444444444445
1 0.40260416666666665 0.5449074074074074 0.10520833333333333 0.13796296296296295
1 0.43854166666666666 0.22453703703703703 0.046875 0.062037037037037036
1 0.4744791666666667 0.25046296296296294 0.051041666666666666 0.06759259259259259
1 0.03958333333333333 0.4462962962962963 0.07916666666666666 0.12962962962962962
1 0.53125 0.47685185185185186 0.08854166666666667 0.11666666666666667
1 0.30703125 0.3143518518518518 0.0609375 0.0824074074074074
1 0.5833333333333334 0.25046296296296294 0.052083333333333336 0.08055555555555556
1 0.6869791666666667 0.21481481481481482 0.04791666666666667 0.044444444444444446
1 0.7973958333333333 0.4 0.08229166666666667 0.10925925925925926
1 0.40598958333333335 0.30092592592592593 0.04739583333333333 0.08148148148148149
1 0.6377604166666667 0.18472222222222223 0.0421875 0.05092592592592592
1 0.44505208333333335 0.32592592592592595 0.0640625 0.10185185185185185
1 0.83046875 0.24166666666666667 0.05260416666666667 0.07962962962962963
1 0.64453125 0.2796296296296296 0.0578125 0.09074074074074075
1 0.1796875 0.29212962962962963 0.051041666666666666 0.075
1 0.3927083333333333 0.27314814814814814 0.04791666666666667 0.07222222222222222
1 0.9752604166666666 0.20324074074074075 0.0484375 0.075
1 0.34036458333333336 0.21712962962962962 0.03697916666666667 0.06018518518518518
1 0.4276041666666667 0.13657407407407407 0.03229166666666667 0.04722222222222222
1 0.49244791666666665 0.1175925925925926 0.028645833333333332 0.037037037037037035
1 0.33307291666666666 0.3560185185185185 0.0640625 0.08796296296296297
1 0.2755208333333333 0.2449074074074074 0.058333333333333334 0.09537037037037037
1 0.3966145833333333 0.17592592592592593 0.03177083333333333 0.046296296296296294
1 0.8044270833333333 0.19722222222222222 0.034895833333333334 0.05740740740740741
1 0.7375 0.12777777777777777 0.023958333333333335 0.03518518518518519
1 0.38515625 0.16527777777777777 0.0328125 0.05462962962962963
1 0.9075520833333334 0.2351851851851852 0.0546875 0.06111111111111111
1 0.6630208333333333 0.12361111111111112 0.029166666666666667 0.041666666666666664
1 0.6096354166666667 0.1726851851851852 0.0296875 0.03981481481481482
1 0.69765625 0.1625 0.0359375 0.049074074074074076
1 0.42578125 0.19537037037037036 0.043229166666666666 0.07037037037037037
1 0.38333333333333336 0.10694444444444444 0.03229166666666667 0.049074074074074076
1 0.7505208333333333 0.15787037037037038 0.03125 0.028703703703703703
1 0.22734375 0.12129629629629629 0.03177083333333333 0.03888888888888889
1 0.8643229166666667 0.1925925925925926 0.0296875 0.04814814814814815
1 0.56796875 0.23055555555555557 0.05260416666666667 0.08703703703703704
1 0.503125 0.4134259259259259 0.08541666666666667 0.13240740740740742
1 0.36484375 0.10138888888888889 0.0140625 0.03425925925925926
1 0.9338541666666667 0.4773148148148148 0.1 0.15092592592592594
1 0.17291666666666666 0.13703703703703704 0.0375 0.046296296296296294
1 0.5596354166666667 0.14537037037037037 0.030729166666666665 0.03333333333333333
1 0.6739583333333333 0.10601851851851851 0.025 0.04537037037037037
1 0.8377604166666667 0.18472222222222223 0.034895833333333334 0.05648148148148148
1 0.55546875 0.08796296296296297 0.0234375 0.027777777777777776
1 0.6455729166666667 0.16712962962962963 0.034895833333333334 0.05092592592592592
1 0.16223958333333333 0.08287037037037037 0.024479166666666666 0.030555555555555555
1 0.47213541666666664 0.0912037037037037 0.024479166666666666 0.028703703703703703
1 0.3020833333333333 0.14814814814814814 0.03333333333333333 0.04259259259259259
1 0.41848958333333336 0.1259259259259259 0.028645833333333332 0.04814814814814815
1 0.7166666666666667 0.14074074074074075 0.03333333333333333 0.046296296296296294
1 0.3625 0.1476851851851852 0.03125 0.03981481481481482
1 0.7692708333333333 0.21157407407407408 0.05625 0.08611111111111111
1 0.18203125 0.25416666666666665 0.049479166666666664 0.06388888888888888
1 0.51171875 0.10462962962962963 0.025520833333333333 0.05
1 0.5783854166666667 0.16111111111111112 0.033854166666666664 0.03518518518518519
1 0.29244791666666664 0.1375 0.0328125 0.04351851851851852
1 0.34140625 0.18333333333333332 0.0421875 0.046296296296296294
1 0.6125 0.14537037037037037 0.034375 0.03148148148148148
1 0.6338541666666667 0.12546296296296297 0.025 0.030555555555555555
1 0.4361979166666667 0.08055555555555556 0.022395833333333334 0.03518518518518519
1 0.22161458333333334 0.10462962962962963 0.0328125 0.03333333333333333
1 0.34322916666666664 0.12453703703703704 0.029166666666666667 0.04537037037037037
1 0.27395833333333336 0.10648148148148148 0.03333333333333333 0.04259259259259259
1 0.5697916666666667 0.10231481481481482 0.022916666666666665 0.025
1 0.6453125 0.1337962962962963 0.03229166666666667 0.032407407407407406
1 0.9091145833333333 0.17175925925925925 0.050520833333333334 0.07314814814814814
1 0.7234375 0.20092592592592592 0.053125 0.07222222222222222
1 0.2859375 0.12268518518518519 0.036458333333333336 0.03425925925925926
1 0.17760416666666667 0.20416666666666666 0.04479166666666667 0.04537037037037037
1 0.16640625 0.17222222222222222 0.028645833333333332 0.03888888888888889
1 0.5296875 0.13842592592592592 0.015625 0.026851851851851852
1 0.40989583333333335 0.07453703703703704 0.01875 0.021296296296296296
1 0.3463541666666667 0.14027777777777778 0.025 0.03796296296296296
1 0.5963541666666666 0.1111111111111111 0.027083333333333334 0.03518518518518519
1 0.3221354166666667 0.1787037037037037 0.03177083333333333 0.05925925925925926
1 0.32135416666666666 0.1037037037037037 0.029166666666666667 0.040740740740740744
1 0.64609375 0.09537037037037037 0.028645833333333332 0.037037037037037035
1 0.5408854166666667 0.07268518518518519 0.018229166666666668 0.028703703703703703
1 0.5533854166666666 0.1175925925925926 0.019270833333333334 0.02962962962962963
1 0.18828125 0.07824074074074074 0.0171875 0.021296296296296296
1 0.21223958333333334 0.0837962962962963 0.027604166666666666 0.03425925925925926
1 0.496875 0.0787037037037037 0.021875 0.037037037037037035
1 0.71875 0.1111111111111111 0.020833333333333332 0.014814814814814815
1 0.2526041666666667 0.17175925925925925 0.042708333333333334 0.05462962962962963
1 0.17161458333333332 0.23055555555555557 0.0421875 0.07777777777777778
1 0.5908854166666667 0.13240740740740742 0.030729166666666665 0.037037037037037035
1 0.26796875 0.20833333333333334 0.05364583333333333 0.06666666666666667
1 0.36875 0.23425925925925925 0.046875 0.07962962962962963
1 0.8963541666666667 0.2074074074074074 0.05520833333333333 0.06481481481481481