2 0.9268229166666667 0.7125 0.1453125 0.5712962962962963
2 0.9697916666666667 0.18333333333333332 0.059375 0.1685185185185185
2 0.8700520833333333 0.12037037037037036 0.0703125 0.12037037037037036
2 0.8903645833333333 0.4046296296296296 0.14739583333333334 0.15555555555555556
1 0.46510416666666665 0.4013888888888889 0.07083333333333333 0.09537037037037037
1 0.019270833333333334 0.49953703703703706 0.03854166666666667 0.1175925925925926
1 0.19921875 0.3939814814814815 0.06614583333333333 0.08981481481481482
1 0.5125 0.43796296296296294 0.078125 0.10925925925925926
1 0.07057291666666667 0.4601851851851852 0.08385416666666666 0.1111111111111111
1 0.5864583333333333 0.5287037037037037 0.10208333333333333 0.13333333333333333
1 0.8239583333333333 0.575462962962963 0.06979166666666667 0.19166666666666668
1 0.7020833333333333 0.46805555555555556 0.09166666666666666 0.1175925925925926
1 0.7299479166666667 0.20972222222222223 0.04635416666666667 0.062037037037037036
1 0.9328125 0.287962962962963 0.06041666666666667 0.08518518518518518
1 0.30104166666666665 0.300462962962963 0.05520833333333333 0.07685185185185185
1 0.575 0.3365740740740741 0.078125 0.125
1 0.4122395833333333 0.19768518518518519 0.04010416666666667 0.05648148148148148
1 0.9833333333333333 0.3736111111111111 0.03229166666666667 0.09351851851851851
1 0.3533854166666667 0.4166666666666667 0.0765625 0.1259259259259259
1 0.40859375 0.29259259259259257 0.05572916666666667 0.07962962962962963
1 0.19270833333333334 0.3541666666666667 0.065625 0.08055555555555556
1 0.440625 0.21805555555555556 0.041666666666666664 0.06018518518518518
1 0.47239583333333335 0.25416666666666665 0.04375 0.06944444444444445
1 0.18723958333333332 0.2037037037037037 0.03802083333333333 0.05740740740740741
1 0.8591145833333333 0.2953703703703704 0.0671875 0.05555555555555555
1 0.6473958333333333 0.1675925925925926 0.040625 0.05555555555555555
1 0.20885416666666667 0.13564814814814816 0.028125 0.03796296296296296
1 0.45807291666666666 0.7601851851851852 0.14114583333333333 0.25555555555555554
1 0.61015625 0.15601851851851853 0.034895833333333334 0.041666666666666664
1 0.4583333333333333 0.08611111111111111 0.026041666666666668 0.03518518518518519
1 0.3265625 0.39444444444444443 0.06145833333333333 0.09814814814814815
1 0.71328125 0.1935185185185185 0.04010416666666667 0.06111111111111111
1 0.7674479166666667 0.38472222222222224 0.08072916666666667 0.10092592592592593
1 0.4822916666666667 0.2763888888888889 0.029166666666666667 0.0712962962962963
1 0.37942708333333336 0.26481481481481484 0.044270833333333336 0.07222222222222222
1 0.49453125 0.1837962962962963 0.059895833333333336 0.062037037037037036
1 0.3028645833333333 0.1486111111111111 0.034895833333333334 0.04722222222222222
1 0.6802083333333333 0.17916666666666667 0.041666666666666664 0.06759259259259259
1 0.70390625 0.14583333333333334 0.04114583333333333 0.041666666666666664
1 0.3177083333333333 0.17592592592592593 0.03854166666666667 0.06296296296296296
1 0.2786458333333333 0.11666666666666667 0.03125 0.04259259259259259
1 0.2674479166666667 0.09722222222222222 0.0296875 0.040740740740740744
1 0.5078125 0.10740740740740741 0.023958333333333335 0.037037037037037035
1 0.5625 0.12731481481481483 0.035416666666666666 0.05648148148148148
1 0.253125 0.08425925925925926 0.020833333333333332 0.03518518518518519
1 0.4 0.11574074074074074 0.026041666666666668 0.046296296296296294
1 0.18229166666666666 0.26805555555555555 0.04791666666666667 0.08796296296296297
1 0.359375 0.1388888888888889 0.035416666666666666 0.05185185185185185
1 0.6458333333333334 0.6083333333333333 0.11979166666666667 0.17222222222222222
1 0.9067708333333333 0.18101851851851852 0.029166666666666667 0.05092592592592592
1 0.17291666666666666 0.3050925925925926 0.051041666666666666 0.08425925925925926
1 0.5208333333333334 0.11435185185185186 0.029166666666666667 0.04537037037037037
1 0.36875 0.22962962962962963 0.052083333333333336 0.09259259259259259
1 0.29322916666666665 0.13425925925925927 0.029166666666666667 0.05
1 0.23697916666666666 0.15648148148148147 0.03958333333333333 0.04259259259259259
1 0.3385416666666667 0.22453703703703703 0.023958333333333335 0.06388888888888888
1 0.34661458333333334 0.07685185185185185 0.022395833333333334 0.03148148148148148
1 0.23697916666666666 0.13240740740740742 0.03125 0.027777777777777776
1 0.17369791666666667 0.14907407407407408 0.033854166666666664 0.04259259259259259
1 0.8549479166666667 0.18425925925925926 0.0390625 0.06666666666666667
1 0.396875 0.07222222222222222 0.016666666666666666 0.025925925925925925
1 0.1828125 0.1726851851851852 0.0375 0.04722222222222222
1 0.6731770833333334 0.1388888888888889 0.027604166666666666 0.02962962962962963
1 0.92734375 0.22962962962962963 0.03697916666666667 0.037037037037037035
1 0.3854166666666667 0.10648148148148148 0.021875 0.03148148148148148
1 0.925 0.18611111111111112 0.035416666666666666 0.053703703703703705
1 0.3203125 0.11203703703703703 0.017708333333333333 0.03518518518518519
1 0.39375 0.17453703703703705 0.034375 0.041666666666666664
1 0.475 0.07037037037037037 0.019791666666666666 0.02962962962962963
1 0.43020833333333336 0.0763888888888889 0.021875 0.030555555555555555
1 0.16901041666666666 0.1175925925925926 0.028645833333333332 0.03333333333333333
1 0.8716145833333333 0.1962962962962963 0.04635416666666667 0.05925925925925926
1 0.671875 0.12222222222222222 0.029166666666666667 0.03518518518518519
1 0.90703125 0.2569444444444444 0.0765625 0.08981481481481482
1 0.6325520833333333 0.12777777777777777 0.049479166666666664 0.05
1 0.3645833333333333 0.09305555555555556 0.029166666666666667 0.03796296296296296
1 0.48385416666666664 0.09444444444444444 0.022916666666666665 0.040740740740740744
1 0.3377604166666667 0.11944444444444445 0.028645833333333332 0.04814814814814815
1 0.24869791666666666 0.16944444444444445 0.03697916666666667 0.04259259259259259
1 0.22057291666666667 0.1 0.03802083333333333 0.037037037037037035
1 0.7236979166666667 0.12777777777777777 0.028645833333333332 0.03148148148148148
1 0.5825520833333333 0.12129629629629629 0.0171875 0.05
1 0.39114583333333336 0.14444444444444443 0.034375 0.04814814814814815
1 0.6427083333333333 0.09814814814814815 0.036458333333333336 0.037037037037037035
1 0.29244791666666664 0.26805555555555555 0.0578125 0.09907407407407408
1 0.3424479166666667 0.1986111111111111 0.04114583333333333 0.06944444444444445
1 0.5486979166666667 0.08194444444444444 0.0234375 0.028703703703703703
1 0.5057291666666667 0.09583333333333334 0.027083333333333334 0.04351851851851852
1 0.27005208333333336 0.2212962962962963 0.04739583333333333 0.06111111111111111