2 0.7901041666666667 0.1259259259259259 0.06979166666666667 0.1388888888888889
2 0.7005208333333334 0.10462962962962963 0.05625 0.1111111111111111
1 0.9330729166666667 0.675 0.1328125 0.16296296296296298
1 0.8828125 0.46574074074074073 0.09270833333333334 0.12407407407407407
1 0.5885416666666666 0.9009259259259259 0.16979166666666667 0.1962962962962963
1 0.8927083333333333 0.8939814814814815 0.17291666666666666 0.2101851851851852
1 0.49375 0.7592592592592593 0.17916666666666667 0.26666666666666666
1 0.7549479166666667 0.5018518518518519 0.0953125 0.13518518518518519
1 0.15052083333333333 0.3939814814814815 0.07291666666666667 0.11203703703703703
1 0.7869791666666667 0.7662037037037037 0.134375 0.19722222222222222
1 0.4356770833333333 0.3287037037037037 0.07552083333333333 0.1111111111111111
1 0.5596354166666667 0.3388888888888889 0.059895833333333336 0.09814814814814815
1 0.6411458333333333 0.40694444444444444 0.08333333333333333 0.10648148148148148
1 0.2989583333333333 0.3 0.052083333333333336 0.07037037037037037
1 0.34713541666666664 0.42685185185185187 0.08697916666666666 0.10925925925925926
1 0.5841145833333333 0.5416666666666666 0.12239583333333333 0.19444444444444445
1 0.19947916666666668 0.31203703703703706 0.05520833333333333 0.08148148148148149
1 0.8815104166666666 0.30462962962962964 0.06197916666666667 0.06851851851851852
1 0.49505208333333334 0.4083333333333333 0.07864583333333333 0.13148148148148148
1 0.28802083333333334 0.26805555555555555 0.04895833333333333 0.06944444444444445
1 0.7098958333333333 0.22962962962962963 0.05 0.06111111111111111
1 0.5291666666666667 0.4615740740740741 0.090625 0.12129629629629629
1 0.45755208333333336 0.1625 0.04010416666666667 0.05648148148148148
1 0.8265625 0.27824074074074073 0.0625 0.062037037037037036
1 0.3893229166666667 0.1763888888888889 0.0359375 0.04537037037037037
1 0.24348958333333334 0.887962962962963 0.15052083333333333 0.2222222222222222
1 0.565625 0.15462962962962962 0.035416666666666666 0.03888888888888889
1 0.6817708333333333 0.18009259259259258 0.041666666666666664 0.06759259259259259
1 0.59609375 0.3680555555555556 0.06614583333333333 0.10648148148148148
1 0.8153645833333333 0.3921296296296296 0.0828125 0.11944444444444445
1 0.53125 0.20833333333333334 0.04375 0.07037037037037037
1 0.96171875 0.3574074074074074 0.07447916666666667 0.09259259259259259
1 0.36953125 0.2439814814814815 0.050520833333333334 0.07314814814814814
1 0.49661458333333336 0.18981481481481483 0.0359375 0.053703703703703705
1 0.6067708333333334 0.15046296296296297 0.035416666666666666 0.04351851851851852
1 0.515625 0.2824074074074074 0.06041666666666667 0.0962962962962963
1 0.45260416666666664 0.2263888888888889 0.04895833333333333 0.06944444444444445
1 0.9677083333333333 0.21944444444444444 0.05416666666666667 0.05555555555555555
1 0.7591145833333334 0.22314814814814815 0.03177083333333333 0.05185185185185185
1 0.39947916666666666 0.28194444444444444 0.053125 0.075
1 0.9231770833333334 0.2763888888888889 0.058854166666666666 0.075
1 0.1703125 0.17916666666666667 0.035416666666666666 0.05092592592592592
1 0.45390625 0.08194444444444444 0.0265625 0.03981481481481482
1 0.23776041666666667 0.1527777777777778 0.0390625 0.06481481481481481
1 0.42291666666666666 0.19490740740740742 0.040625 0.06759259259259259
1 0.20390625 0.12268518518518519 0.027604166666666666 0.041666666666666664
1 0.8018229166666667 0.2351851851851852 0.05260416666666667 0.06111111111111111
1 0.37161458333333336 0.15185185185185185 0.033854166666666664 0.046296296296296294
1 0.4234375 0.12962962962962962 0.034375 0.05740740740740741
1 0.9098958333333333 0.2361111111111111 0.05 0.06666666666666667
1 0.265625 0.21944444444444444 0.04791666666666667 0.06296296296296296
1 0.35625 0.21342592592592594 0.042708333333333334 0.07314814814814814
1 0.4317708333333333 0.21898148148148147 0.023958333333333335 0.058333333333333334
1 0.6643229166666667 0.14305555555555555 0.034895833333333334 0.05648148148148148
1 0.5182291666666666 0.13194444444444445 0.03125 0.03425925925925926
1 0.19270833333333334 0.2518518518518518 0.046875 0.04814814814814815
1 0.3151041666666667 0.16944444444444445 0.03229166666666667 0.06111111111111111
1 0.8388020833333333 0.1550925925925926 0.04010416666666667 0.06018518518518518
1 0.5880208333333333 0.13703703703703704 0.023958333333333335 0.040740740740740744
1 0.34791666666666665 0.13518518518518519 0.03333333333333333 0.03888888888888889
1 0.33125 0.1837962962962963 0.036458333333333336 0.062037037037037036
1 0.25546875 0.18101851851851852 0.03697916666666667 0.058333333333333334
1 0.3020833333333333 0.13703703703703704 0.035416666666666666 0.04259259259259259
1 0.44114583333333335 0.14166666666666666 0.03229166666666667 0.040740740740740744
1 0.47213541666666664 0.09212962962962963 0.024479166666666666 0.032407407407407406
1 0.609375 0.11990740740740741 0.025 0.026851851851851852
1 0.28567708333333336 0.12268518518518519 0.0265625 0.049074074074074076
1 0.17578125 0.22870370370370371 0.0484375 0.07777777777777778
1 0.35442708333333334 0.08611111111111111 0.024479166666666666 0.03148148148148148
1 0.37005208333333334 0.4759259259259259 0.08697916666666666 0.11851851851851852
1 0.7541666666666667 0.18425925925925926 0.036458333333333336 0.05555555555555555
1 0.5768229166666666 0.11990740740740741 0.028645833333333332 0.03425925925925926
1 0.5611979166666666 0.10092592592592593 0.030729166666666665 0.04814814814814815
1 0.5252604166666667 0.11342592592592593 0.024479166666666666 0.03611111111111111
1 0.2109375 0.7291666666666666 0.12916666666666668 0.23425925925925925
1 0.4109375 0.07037037037037037 0.017708333333333333 0.027777777777777776
1 0.9703125 0.2587962962962963 0.05 0.075
1 0.8447916666666667 0.20972222222222223 0.04895833333333333 0.06574074074074074
1 0.6375 0.1300925925925926 0.03125 0.05462962962962963
1 0.18802083333333333 0.07962962962962963 0.014583333333333334 0.024074074074074074
1 0.26666666666666666 0.10231481481481482 0.026041666666666668 0.03425925925925926
1 0.7338541666666667 0.11944444444444445 0.016666666666666666 0.053703703703703705
1 0.278125 0.07268518518518519 0.016666666666666666 0.023148148148148147
1 0.484375 0.25324074074074077 0.04479166666666667 0.07314814814814814
1 0.16822916666666668 0.1361111111111111 0.03333333333333333 0.03333333333333333
1 0.27395833333333336 0.24861111111111112 0.04375 0.06944444444444445
1 0.6497395833333334 0.09444444444444444 0.021354166666666667 0.03148148148148148
1 0.4908854166666667 0.09907407407407408 0.018229166666666668 0.037037037037037035
1 0.5078125 0.07453703703703704 0.021875 0.021296296296296296
1 0.59453125 0.09953703703703703 0.022395833333333334 0.030555555555555555
1 0.25052083333333336 0.07731481481481481 0.020833333333333332 0.028703703703703703
1 0.16145833333333334 0.09768518518518518 0.03333333333333333 0.032407407407407406
1 0.5359375 0.06527777777777778 0.027083333333333334 0.026851851851851852
1 0.66484375 0.1 0.0171875 0.025925925925925925
1 0.19401041666666666 0.2865740740740741 0.050520833333333334 0.06574074074074074
1 0.5192708333333333 0.10555555555555556 0.03125 0.02962962962962963
1 0.8625 0.24537037037037038 0.05416666666666667 0.06666666666666667
1 0.16927083333333334 0.15231481481481482 0.03333333333333333 0.03796296296296296
1 0.9927083333333333 0.20462962962962963 0.013541666666666667 0.05