2 0.79609375 0.12685185185185185 0.06927083333333334 0.14074074074074075
2 0.7109375 0.10601851851851851 0.06875 0.11203703703703703
1 0.9122395833333333 0.6546296296296297 0.13072916666666667 0.1574074074074074
1 0.8671875 0.4550925925925926 0.08958333333333333 0.11944444444444445
1 0.8611979166666667 0.8708333333333333 0.1671875 0.225
1 0.56953125 0.8842592592592593 0.16197916666666667 0.21851851851851853
1 0.7419270833333333 0.48935185185185187 0.09322916666666667 0.1287037037037037
1 0.6328125 0.3990740740740741 0.08125 0.1037037037037037
1 0.34375 0.4185185185185185 0.08333333333333333 0.10740740740740741
1 0.76484375 0.7402777777777778 0.12864583333333332 0.18796296296296297
1 0.4315104166666667 0.3236111111111111 0.07135416666666666 0.11018518518518519
1 0.83671875 0.2851851851851852 0.0640625 0.06296296296296296
1 0.15807291666666667 0.387037037037037 0.07135416666666666 0.11296296296296296
1 0.553125 0.3337962962962963 0.058333333333333334 0.09537037037037037
1 0.48020833333333335 0.7342592592592593 0.17395833333333333 0.25555555555555554
1 0.36380208333333336 0.46574074074074073 0.0828125 0.11666666666666667
1 0.396875 0.2773148148148148 0.051041666666666666 0.07314814814814814
1 0.45625 0.16064814814814815 0.03854166666666667 0.05648148148148148
1 0.19921875 0.3060185185185185 0.05260416666666667 0.08055555555555556
1 0.5888020833333333 0.3611111111111111 0.06510416666666667 0.1037037037037037
1 0.89453125 0.3101851851851852 0.0640625 0.07037037037037037
1 0.7158854166666667 0.23194444444444445 0.050520833333333334 0.05648148148148148
1 0.5736979166666667 0.5277777777777778 0.11927083333333334 0.18518518518518517
1 0.48776041666666664 0.40185185185185185 0.07552083333333333 0.12962962962962962
1 0.9684895833333333 0.36018518518518516 0.06197916666666667 0.08518518518518518
1 0.38723958333333336 0.17546296296296296 0.034895833333333334 0.04537037037037037
1 0.80390625 0.38425925925925924 0.08385416666666666 0.11666666666666667
1 0.521875 0.45231481481481484 0.08958333333333333 0.1175925925925926
1 0.8088541666666667 0.23981481481481481 0.05520833333333333 0.06481481481481481
1 0.49270833333333336 0.18935185185185185 0.036458333333333336 0.05277777777777778
1 0.5268229166666667 0.20555555555555555 0.044270833333333336 0.06851851851851852
1 0.2877604166666667 0.2652777777777778 0.049479166666666664 0.06944444444444445
1 0.44973958333333336 0.22546296296296298 0.04739583333333333 0.06759259259259259
1 0.61171875 0.15231481481481482 0.0359375 0.04537037037037037
1 0.7716145833333333 0.22175925925925927 0.044270833333333336 0.06018518518518518
1 0.6869791666666667 0.18194444444444444 0.042708333333333334 0.06759259259259259
1 0.97578125 0.22083333333333333 0.04739583333333333 0.05277777777777778
1 0.5705729166666667 0.15833333333333333 0.034895833333333334 0.03888888888888889
1 0.4549479166666667 0.0824074074074074 0.025520833333333333 0.040740740740740744
1 0.9783854166666667 0.2625 0.0421875 0.0712962962962963
1 0.27265625 0.24583333333333332 0.04114583333333333 0.06759259259259259
1 0.23645833333333333 0.862037037037037 0.13958333333333334 0.2222222222222222
1 0.17109375 0.17731481481481481 0.0359375 0.049074074074074076
1 0.8739583333333333 0.24953703703703703 0.053125 0.06759259259259259
1 0.36953125 0.15092592592592594 0.0328125 0.046296296296296294
1 0.20520833333333333 0.12222222222222222 0.027083333333333334 0.04259259259259259
1 0.3684895833333333 0.24259259259259258 0.050520833333333334 0.07222222222222222
1 0.23697916666666666 0.15138888888888888 0.03958333333333333 0.06574074074074074
1 0.42083333333333334 0.1935185185185185 0.040625 0.06666666666666667
1 0.51015625 0.27824074074074073 0.059895833333333336 0.09351851851851851
1 0.20963541666666666 0.7106481481481481 0.12552083333333333 0.23425925925925925
1 0.3299479166666667 0.18287037037037038 0.0359375 0.06018518518518518
1 0.3541666666666667 0.21157407407407408 0.040625 0.0712962962962963
1 0.93515625 0.2828703703703704 0.0609375 0.08055555555555556
1 0.17578125 0.2273148148148148 0.049479166666666664 0.075
1 0.47994791666666664 0.25092592592592594 0.044270833333333336 0.07222222222222222
1 0.4296875 0.2175925925925926 0.027083333333333334 0.05925925925925926
1 0.921875 0.2375 0.04895833333333333 0.06388888888888888
1 0.25546875 0.18009259259259258 0.03802083333333333 0.05648148148148148
1 0.353125 0.08518518518518518 0.023958333333333335 0.03333333333333333
1 0.85390625 0.21203703703703702 0.049479166666666664 0.06666666666666667
1 0.5223958333333333 0.1337962962962963 0.029166666666666667 0.032407407407407406
1 0.6684895833333333 0.14583333333333334 0.0359375 0.05648148148148148
1 0.5796875 0.12222222222222222 0.030208333333333334 0.037037037037037035
1 0.47317708333333336 0.09305555555555556 0.0234375 0.030555555555555555
1 0.7575520833333333 0.1875 0.0296875 0.05648148148148148
1 0.6135416666666667 0.12222222222222222 0.025 0.027777777777777776
1 0.3484375 0.13425925925925927 0.03125 0.03888888888888889
1 0.4388020833333333 0.14166666666666666 0.033854166666666664 0.04259259259259259
1 0.26510416666666664 0.21805555555555556 0.04791666666666667 0.062037037037037036
1 0.5645833333333333 0.10416666666666667 0.030208333333333334 0.05092592592592592
1 0.28463541666666664 0.12222222222222222 0.027604166666666666 0.04814814814814815
1 0.30364583333333334 0.15046296296296297 0.03333333333333333 0.041666666666666664
1 0.30052083333333335 0.13472222222222222 0.03229166666666667 0.03981481481481482
1 0.33880208333333334 0.11990740740740741 0.030729166666666665 0.04537037037037037
1 0.6421875 0.13240740740740742 0.03229166666666667 0.05185185185185185
1 0.49453125 0.10138888888888889 0.021354166666666667 0.03796296296296296
1 0.27708333333333335 0.07268518518518519 0.016666666666666666 0.023148148148148147
1 0.1875 0.24953703703703703 0.057291666666666664 0.05277777777777778
1 0.25078125 0.07685185185185185 0.0203125 0.02962962962962963
1 0.16875 0.14537037037037037 0.03229166666666667 0.04814814814814815
1 0.8458333333333333 0.15324074074074073 0.0375 0.05648148148148148
1 0.6528645833333333 0.09583333333333334 0.0203125 0.030555555555555555
1 0.19244791666666666 0.2828703703703704 0.04739583333333333 0.06944444444444445
1 0.5934895833333333 0.13796296296296295 0.0265625 0.040740740740740744
1 0.421875 0.13518518518518519 0.03229166666666667 0.04259259259259259
1 0.29791666666666666 0.2962962962962963 0.051041666666666666 0.07037037037037037
1 0.3203125 0.10277777777777777 0.026041666666666668 0.03888888888888889
1 0.721875 0.12731481481481483 0.04791666666666667 0.06759259259259259
1 0.5208333333333334 0.1111111111111111 0.030208333333333334 0.03518518518518519
1 0.3140625 0.16805555555555557 0.03229166666666667 0.06018518518518518
1 0.5989583333333334 0.09953703703703703 0.022916666666666665 0.028703703703703703