1 0.9403645833333333 0.6564814814814814 0.11822916666666666 0.17777777777777778
1 0.3885416666666667 0.5296296296296297 0.09375 0.12222222222222222
1 0.21822916666666667 0.575 0.1 0.14444444444444443
1 0.4822916666666667 0.38796296296296295 0.07291666666666667 0.10555555555555556
1 0.36041666666666666 0.4375 0.07916666666666666 0.10833333333333334
1 0.93046875 0.9157407407407407 0.13802083333333334 0.16666666666666666
1 0.6026041666666667 0.3587962962962963 0.075 0.09907407407407408
1 0.46979166666666666 0.25092592592592594 0.052083333333333336 0.06666666666666667
1 0.33515625 0.3939814814814815 0.06927083333333334 0.10092592592592593
1 0.78359375 0.5037037037037037 0.10364583333333334 0.16666666666666666
1 0.18697916666666667 0.37037037037037035 0.075 0.0962962962962963
1 0.571875 0.337037037037037 0.057291666666666664 0.08888888888888889
1 0.7317708333333334 0.3398148148148148 0.07083333333333333 0.1111111111111111
1 0.5515625 0.47824074074074074 0.0875 0.12129629629629629
1 0.5875 0.2449074074074074 0.053125 0.08425925925925926
1 0.17083333333333334 0.24583333333333332 0.04375 0.062037037037037036
1 0.6614583333333334 0.4101851851851852 0.078125 0.11296296296296296
1 0.81875 0.2796296296296296 0.0625 0.053703703703703705
1 0.6513020833333333 0.3023148148148148 0.06302083333333333 0.08425925925925926
1 0.42890625 0.20925925925925926 0.043229166666666666 0.05740740740740741
1 0.44973958333333336 0.3592592592592593 0.0546875 0.08888888888888889
1 0.6526041666666667 0.20046296296296295 0.03854166666666667 0.04351851851851852
1 0.30859375 0.32592592592592595 0.06197916666666667 0.08333333333333333
1 0.5231770833333333 0.28425925925925927 0.06197916666666667 0.0962962962962963
1 0.7307291666666667 0.14814814814814814 0.03229166666666667 0.05
1 0.40182291666666664 0.262037037037037 0.0515625 0.08703703703703704
1 0.3653645833333333 0.2462962962962963 0.03802083333333333 0.06481481481481481
1 0.4010416666666667 0.1884259259259259 0.03958333333333333 0.05648148148148148
1 0.81875 0.15324074074074073 0.030208333333333334 0.04351851851851852
1 0.9830729166666666 0.2337962962962963 0.0328125 0.06388888888888888
1 0.51640625 0.20092592592592592 0.0390625 0.06666666666666667
1 0.011458333333333333 0.5023148148148148 0.022916666666666665 0.1398148148148148
1 0.2721354166666667 0.2574074074074074 0.04114583333333333 0.06851851851851852
1 0.3971354166666667 0.11666666666666667 0.028645833333333332 0.040740740740740744
1 0.18854166666666666 0.3074074074074074 0.053125 0.05555555555555555
1 0.4296875 0.31712962962962965 0.065625 0.10092592592592593
1 0.78984375 0.13657407407407407 0.027604166666666666 0.025
1 0.3572916666666667 0.22685185185185186 0.040625 0.06296296296296296
1 0.62109375 0.18194444444444444 0.0328125 0.03981481481481482
1 0.55078125 0.22314814814814815 0.044270833333333336 0.07407407407407407
1 0.83359375 0.2101851851851852 0.049479166666666664 0.06111111111111111
1 0.3611979166666667 0.08888888888888889 0.0328125 0.040740740740740744
1 0.3221354166666667 0.18518518518518517 0.030729166666666665 0.05185185185185185
1 0.25729166666666664 0.20787037037037037 0.05416666666666667 0.0824074074074074
1 0.65390625 0.6712962962962963 0.14635416666666667 0.22037037037037038
1 0.2921875 0.1300925925925926 0.027083333333333334 0.041666666666666664
1 0.16458333333333333 0.3421296296296296 0.05416666666666667 0.10092592592592593
1 0.871875 0.2601851851851852 0.05416666666666667 0.08518518518518518
1 0.715625 0.16111111111111112 0.034375 0.037037037037037035
1 0.3885416666666667 0.10648148148148148 0.026041666666666668 0.03888888888888889
1 0.34322916666666664 0.19768518518518519 0.040625 0.06944444444444445
1 0.53828125 0.14166666666666666 0.033854166666666664 0.03518518518518519
1 0.603125 0.13796296296296295 0.028125 0.02962962962962963
1 0.7041666666666667 0.21574074074074073 0.041666666666666664 0.046296296296296294
1 0.7411458333333333 0.2324074074074074 0.05625 0.06481481481481481
1 0.37135416666666665 0.15 0.025 0.03888888888888889
1 0.69921875 0.18981481481481483 0.0421875 0.053703703703703705
1 0.21796875 0.0824074074074074 0.027604166666666666 0.02962962962962963
1 0.8018229166666667 0.19444444444444445 0.03177083333333333 0.05185185185185185
1 0.50546875 0.10648148148148148 0.0265625 0.03518518518518519
1 0.26145833333333335 0.09537037037037037 0.029166666666666667 0.03888888888888889
1 0.32005208333333335 0.1648148148148148 0.03697916666666667 0.05925925925925926
1 0.3260416666666667 0.10925925925925926 0.026041666666666668 0.037037037037037035
1 0.43984375 0.09166666666666666 0.0234375 0.027777777777777776
1 0.59921875 0.16620370370370371 0.033854166666666664 0.03796296296296296
1 0.7169270833333333 0.11481481481481481 0.033854166666666664 0.04259259259259259
1 0.7385416666666667 0.19166666666666668 0.03854166666666667 0.027777777777777776
1 0.6489583333333333 0.15787037037037038 0.034375 0.04537037037037037
1 0.23802083333333332 0.15231481481481482 0.035416666666666666 0.05648148148148148
1 0.6153645833333333 0.11944444444444445 0.028645833333333332 0.03148148148148148
1 0.34479166666666666 0.12777777777777777 0.026041666666666668 0.037037037037037035
1 0.4630208333333333 0.09074074074074075 0.025 0.03888888888888889
1 0.30026041666666664 0.2847222222222222 0.05364583333333333 0.075
1 0.33880208333333334 0.07546296296296297 0.021354166666666667 0.030555555555555555
1 0.3966145833333333 0.16435185185185186 0.0390625 0.06018518518518518
1 0.5036458333333333 0.1865740740740741 0.04375 0.075
1 0.9419270833333333 0.20555555555555555 0.050520833333333334 0.037037037037037035
1 0.7942708333333334 0.1597222222222222 0.027083333333333334 0.025
1 0.928125 0.27546296296296297 0.07291666666666667 0.10833333333333334
1 0.17760416666666667 0.1476851851851852 0.034375 0.025
1 0.6526041666666667 0.13425925925925927 0.03125 0.040740740740740744
1 0.6911458333333333 0.10648148148148148 0.027083333333333334 0.04259259259259259
1 0.8361979166666667 0.23333333333333334 0.04114583333333333 0.044444444444444446
1 0.1828125 0.21898148148148147 0.03958333333333333 0.058333333333333334
1 0.621875 0.1050925925925926 0.025 0.041666666666666664
1 0.5559895833333334 0.12268518518518519 0.022395833333333334 0.05092592592592592
1 0.16875 0.08703703703703704 0.029166666666666667 0.03148148148148148
1 0.6252604166666667 0.14814814814814814 0.0234375 0.027777777777777776
1 0.4109375 0.06898148148148148 0.019791666666666666 0.026851851851851852
1 0.5760416666666667 0.08796296296296297 0.017708333333333333 0.040740740740740744
1 0.16979166666666667 0.175 0.03333333333333333 0.027777777777777776
1 0.4984375 0.06944444444444445 0.022916666666666665 0.025925925925925925
1 0.4901041666666667 0.09583333333333334 0.023958333333333335 0.04351851851851852
1 0.30390625 0.15185185185185185 0.027604166666666666 0.053703703703703705
1 0.20364583333333333 0.11018518518518519 0.020833333333333332 0.03518518518518519
1 0.234375 0.1310185185185185 0.03333333333333333 0.032407407407407406
1 0.16640625 0.12638888888888888 0.04114583333333333 0.05277777777777778
1 0.99296875 0.300462962962963 0.013020833333333334 0.13240740740740742
1 0.6981770833333333 0.15185185185185185 0.0328125 0.03333333333333333