2 0.7703125 0.1162037037037037 0.06770833333333333 0.13055555555555556
2 0.6864583333333333 0.0962962962962963 0.053125 0.10185185185185185
1 0.9484375 0.5087962962962963 0.10208333333333333 0.1361111111111111
1 0.9763020833333333 0.7587962962962963 0.04635416666666667 0.17685185185185184
1 0.8104166666666667 0.5504629629629629 0.10416666666666667 0.14537037037037037
1 0.11848958333333333 0.4203703703703704 0.07760416666666667 0.11851851851851852
1 0.4466145833333333 0.3490740740740741 0.0796875 0.11851851851851852
1 0.3580729166666667 0.4634259259259259 0.0921875 0.11944444444444445
1 0.2703125 0.9421296296296297 0.16875 0.11388888888888889
1 0.6794270833333333 0.43842592592592594 0.0890625 0.11388888888888889
1 0.8854166666666666 0.875462962962963 0.15729166666666666 0.2212962962962963
1 0.20260416666666667 0.3287037037037037 0.05625 0.08703703703703704
1 0.6760416666666667 0.9597222222222223 0.18020833333333333 0.0787037037037037
1 0.37942708333333336 0.5115740740740741 0.09427083333333333 0.12685185185185185
1 0.8643229166666667 0.42407407407407405 0.09010416666666667 0.12777777777777777
1 0.30442708333333335 0.31574074074074077 0.05572916666666667 0.07407407407407407
1 0.5841145833333333 0.35694444444444445 0.0640625 0.10092592592592593
1 0.40911458333333334 0.2953703703703704 0.05572916666666667 0.07777777777777778
1 0.5515625 0.8527777777777777 0.20208333333333334 0.28703703703703703
1 0.5197916666666667 0.4375 0.08854166666666667 0.1398148148148148
1 0.37447916666666664 0.25601851851851853 0.052083333333333336 0.075
1 0.96796875 0.9578703703703704 0.06302083333333333 0.0824074074074074
1 0.9661458333333334 0.3 0.06666666666666667 0.07592592592592592
1 0.5578125 0.49675925925925923 0.09791666666666667 0.13055555555555556
1 0.6270833333333333 0.3907407407407407 0.08020833333333334 0.11481481481481481
1 0.396875 0.1824074074074074 0.0375 0.05
1 0.4708333333333333 0.1685185185185185 0.040625 0.05925925925925926
1 0.7942708333333334 0.25833333333333336 0.05 0.05555555555555555
1 0.6846354166666667 0.21388888888888888 0.04739583333333333 0.05
1 0.29401041666666666 0.2791666666666667 0.05364583333333333 0.07314814814814814
1 0.9122395833333333 0.3189814814814815 0.06927083333333334 0.06574074074074074
1 0.6223958333333334 0.5953703703703703 0.134375 0.2111111111111111
1 0.5473958333333333 0.21574074074074073 0.04583333333333333 0.07407407407407407
1 0.8763020833333334 0.21712962962962962 0.050520833333333334 0.05277777777777778
1 0.6622395833333333 0.17037037037037037 0.04010416666666667 0.06666666666666667
1 0.5893229166666667 0.14351851851851852 0.033854166666666664 0.04259259259259259
1 0.92734375 0.2074074074074074 0.0515625 0.053703703703703705
1 0.5385416666666667 0.29768518518518516 0.06354166666666666 0.10092592592592593
1 0.7401041666666667 0.20694444444444443 0.041666666666666664 0.06018518518518518
1 0.51015625 0.1986111111111111 0.03697916666666667 0.05648148148148148
1 0.7765625 0.22314814814814815 0.053125 0.06296296296296296
1 0.3765625 0.15555555555555556 0.034375 0.04814814814814815
1 0.8828125 0.2574074074074074 0.053125 0.06851851851851852
1 0.46458333333333335 0.2351851851851852 0.05 0.07222222222222222
1 0.9270833333333334 0.24259259259259258 0.04791666666666667 0.07037037037037037
1 0.20104166666666667 0.125 0.028125 0.044444444444444446
1 0.24036458333333333 0.15694444444444444 0.0421875 0.06759259259259259
1 0.96796875 0.19768518518518519 0.0390625 0.05462962962962963
1 0.8213541666666667 0.14953703703703702 0.040625 0.058333333333333334
1 0.4432291666666667 0.22777777777777777 0.03125 0.06296296296296296
1 0.5015625 0.26296296296296295 0.04791666666666667 0.07592592592592592
1 0.36354166666666665 0.22083333333333333 0.04375 0.07685185185185185
1 0.2755208333333333 0.25925925925925924 0.04583333333333333 0.07037037037037037
1 0.6486979166666667 0.1375 0.0359375 0.05462962962962963
1 0.5192708333333333 0.10925925925925926 0.025 0.03888888888888889
1 0.1703125 0.1837962962962963 0.035416666666666666 0.05277777777777778
1 0.50390625 0.12361111111111112 0.028645833333333332 0.032407407407407406
1 0.44973958333333336 0.14629629629629629 0.0359375 0.04259259259259259
1 0.7375 0.17546296296296296 0.042708333333333334 0.05462962962962963
1 0.21822916666666667 0.8171296296296297 0.14479166666666668 0.2657407407407407
1 0.33645833333333336 0.18888888888888888 0.0375 0.06481481481481481
1 0.43125 0.2023148148148148 0.041666666666666664 0.0712962962962963
1 0.81640625 0.18981481481481483 0.04114583333333333 0.046296296296296294
1 0.6205729166666667 0.12407407407407407 0.030729166666666665 0.05185185185185185
1 0.2875 0.12638888888888888 0.028125 0.04722222222222222
1 0.15807291666666667 0.10740740740740741 0.0328125 0.05
1 0.3184895833333333 0.1763888888888889 0.03177083333333333 0.058333333333333334
1 0.17682291666666666 0.2537037037037037 0.0453125 0.06851851851851852
1 0.25885416666666666 0.1884259259259259 0.03958333333333333 0.05462962962962963
1 0.26979166666666665 0.10231481481481482 0.027083333333333334 0.03425925925925926
1 0.5723958333333333 0.12962962962962962 0.022916666666666665 0.040740740740740744
1 0.30390625 0.14027777777777778 0.03697916666666667 0.04351851851851852
1 0.28046875 0.11898148148148148 0.024479166666666666 0.04351851851851852
1 0.82421875 0.2199074074074074 0.04114583333333333 0.04351851851851852
1 0.43723958333333335 0.1412037037037037 0.0328125 0.04351851851851852
1 0.35833333333333334 0.08611111111111111 0.023958333333333335 0.03333333333333333
1 0.16666666666666666 0.075 0.027083333333333334 0.018518518518518517
1 0.26953125 0.2273148148148148 0.049479166666666664 0.06574074074074074
1 0.3302083333333333 0.07222222222222222 0.025 0.024074074074074074
1 0.18984375 0.08009259259259259 0.018229166666666668 0.025
1 0.28020833333333334 0.0712962962962963 0.01875 0.024074074074074074
1 0.2515625 0.0763888888888889 0.019791666666666666 0.030555555555555555
1 0.5549479166666667 0.07731481481481481 0.0234375 0.026851851851851852
1 0.465625 0.08657407407407407 0.022916666666666665 0.032407407407407406
1 0.5950520833333334 0.1162037037037037 0.0234375 0.026851851851851852
1 0.19401041666666666 0.2875 0.0546875 0.09537037037037037
1 0.61328125 0.09583333333333334 0.021354166666666667 0.025
1 0.8328125 0.2375 0.03958333333333333 0.03611111111111111
1 0.34791666666666665 0.0787037037037037 0.021875 0.03333333333333333
1 0.6359375 0.0912037037037037 0.019791666666666666 0.032407407407407406
1 0.43020833333333336 0.13194444444444445 0.03333333333333333 0.05648148148148148
1 0.7200520833333334 0.11481481481481481 0.0203125 0.053703703703703705
1 0.5838541666666667 0.09583333333333334 0.019791666666666666 0.028703703703703703
1 0.4471354166666667 0.0763888888888889 0.024479166666666666 0.03796296296296296
1 0.34322916666666664 0.11851851851851852 0.0375 0.040740740740740744
1 0.17526041666666667 0.2273148148148148 0.0484375 0.06018518518518518
1 0.24739583333333334 0.11805555555555555 0.023958333333333335 0.023148148148148147
1 0.4044270833333333 0.06574074074074074 0.015104166666666667 0.024074074074074074
1 0.22526041666666666 0.11018518518518519 0.028645833333333332 0.040740740740740744
1 0.83984375 0.28564814814814815 0.05572916666666667 0.06574074074074074
1 0.3533854166666667 0.1388888888888889 0.0328125 0.037037037037037035
1 0.9828125 0.37037037037037035 0.03333333333333333 0.0962962962962963
1 0.5510416666666667 0.14629629629629629 0.03229166666666667 0.03518518518518519
1 0.9908854166666666 0.20972222222222223 0.0171875 0.05648148148148148
1 0.16979166666666667 0.1486111111111111 0.03854166666666667 0.05462962962962963