1 0.82265625 0.5444444444444444 0.1109375 0.14814814814814814
1 0.36354166666666665 0.45694444444444443 0.08333333333333333 0.10648148148148148
1 0.9127604166666666 0.9092592592592592 0.1734375 0.17962962962962964
1 0.575 0.549537037037037 0.11666666666666667 0.18055555555555555
1 0.30416666666666664 0.9217592592592593 0.17916666666666667 0.15462962962962962
1 0.6364583333333333 0.9398148148148148 0.18958333333333333 0.11851851851851852
1 0.20625 0.4875 0.09166666666666666 0.125
1 0.76875 0.7587962962962963 0.15208333333333332 0.23981481481481481
1 0.9239583333333333 0.6546296296296297 0.13229166666666667 0.18333333333333332
1 0.08619791666666667 0.42268518518518516 0.08697916666666666 0.13796296296296295
1 0.34270833333333334 0.3851851851851852 0.07083333333333333 0.0962962962962963
1 0.5028645833333333 0.41805555555555557 0.07760416666666667 0.10648148148148148
1 0.4473958333333333 0.3453703703703704 0.065625 0.09444444444444444
1 0.56015625 0.3194444444444444 0.0671875 0.09074074074074075
1 0.4153645833333333 0.1925925925925926 0.04114583333333333 0.05185185185185185
1 0.55234375 0.22314814814814815 0.049479166666666664 0.07592592592592592
1 0.7052083333333333 0.43472222222222223 0.090625 0.14722222222222223
1 0.89921875 0.3175925925925926 0.0734375 0.05925925925925926
1 0.315625 0.3523148148148148 0.0625 0.09166666666666666
1 0.6690104166666667 0.29953703703703705 0.06302083333333333 0.09907407407407408
1 0.6067708333333334 0.36574074074074076 0.06979166666666667 0.10185185185185185
1 0.18098958333333334 0.33425925925925926 0.06510416666666667 0.08518518518518518
1 0.49453125 0.25925925925925924 0.05364583333333333 0.08703703703703704
1 0.5309895833333333 0.30277777777777776 0.049479166666666664 0.08148148148148149
1 0.8559895833333333 0.16574074074074074 0.03802083333333333 0.04814814814814815
1 0.7557291666666667 0.23935185185185184 0.05 0.05092592592592592
1 0.4244791666666667 0.32314814814814813 0.05 0.07962962962962963
1 0.8934895833333333 0.2337962962962963 0.050520833333333334 0.07685185185185185
1 0.26484375 0.23796296296296296 0.0390625 0.06481481481481481
1 0.49453125 0.1837962962962963 0.03697916666666667 0.06018518518518518
1 0.7309895833333333 0.17175925925925925 0.03802083333333333 0.05462962962962963
1 0.2955729166666667 0.2967592592592593 0.05572916666666667 0.07685185185185185
1 0.5671875 0.15648148148148147 0.03333333333333333 0.03888888888888889
1 0.17109375 0.2273148148148148 0.04114583333333333 0.06018518518518518
1 0.45208333333333334 0.2324074074074074 0.04583333333333333 0.06481481481481481
1 0.3848958333333333 0.1726851851851852 0.036458333333333336 0.05092592592592592
1 0.9869791666666666 0.23333333333333334 0.025 0.05925925925925926
1 0.51875 0.20277777777777778 0.042708333333333334 0.06666666666666667
1 0.82890625 0.15601851851851853 0.03177083333333333 0.04537037037037037
1 0.9091145833333333 0.2652777777777778 0.05364583333333333 0.05277777777777778
1 0.1796875 0.20416666666666666 0.040625 0.05648148148148148
1 0.6611979166666667 0.19907407407407407 0.0390625 0.044444444444444446
1 0.6104166666666667 0.26944444444444443 0.05520833333333333 0.07592592592592592
1 0.3536458333333333 0.2273148148148148 0.035416666666666666 0.062037037037037036
1 0.48072916666666665 0.17083333333333334 0.03958333333333333 0.06759259259259259
1 0.3489583333333333 0.20925925925925926 0.040625 0.05925925925925926
1 0.521875 0.1125 0.027083333333333334 0.03611111111111111
1 0.38333333333333336 0.2412037037037037 0.04583333333333333 0.08055555555555556
1 0.5744791666666667 0.13148148148148148 0.03229166666666667 0.053703703703703705
1 0.6953125 0.2212962962962963 0.042708333333333334 0.04814814814814815
1 0.36171875 0.13935185185185187 0.025520833333333333 0.041666666666666664
1 0.6268229166666667 0.1597222222222222 0.034895833333333334 0.05277777777777778
1 0.9559895833333333 0.2967592592592593 0.06197916666666667 0.09722222222222222
1 0.6341145833333334 0.18703703703703703 0.030729166666666665 0.03333333333333333
1 0.7510416666666667 0.18101851851851852 0.041666666666666664 0.05462962962962963
1 0.33828125 0.12037037037037036 0.025520833333333333 0.040740740740740744
1 0.8013020833333333 0.19212962962962962 0.030729166666666665 0.05648148148148148
1 0.40520833333333334 0.2875 0.05520833333333333 0.09166666666666666
1 0.68203125 0.1712962962962963 0.0359375 0.05185185185185185
1 0.8526041666666667 0.2175925925925926 0.04791666666666667 0.05740740740740741
1 0.19557291666666668 0.10277777777777777 0.025520833333333333 0.03148148148148148
1 0.25416666666666665 0.1925925925925926 0.053125 0.07962962962962963
1 0.7145833333333333 0.1125 0.027083333333333334 0.04537037037037037
1 0.6401041666666667 0.1310185185185185 0.03229166666666667 0.03796296296296296
1 0.38307291666666665 0.1439814814814815 0.03697916666666667 0.03981481481481482
1 0.3177083333333333 0.10231481481481482 0.023958333333333335 0.032407407407407406
1 0.28619791666666666 0.26064814814814813 0.049479166666666664 0.0712962962962963
1 0.1796875 0.15185185185185185 0.035416666666666666 0.053703703703703705
1 0.3497395833333333 0.08333333333333333 0.03177083333333333 0.037037037037037035
1 0.7716145833333333 0.1550925925925926 0.034895833333333334 0.03981481481481482
1 0.27578125 0.1111111111111111 0.025520833333333333 0.037037037037037035
1 0.45078125 0.09675925925925925 0.024479166666666666 0.026851851851851852
1 0.37604166666666666 0.09490740740740741 0.023958333333333335 0.030555555555555555
1 0.334375 0.18287037037037038 0.03854166666666667 0.06574074074074074
1 0.23515625 0.14722222222222223 0.034895833333333334 0.04259259259259259
1 0.7411458333333333 0.12407407407407407 0.035416666666666666 0.05185185185185185
1 0.17161458333333332 0.1625 0.03802083333333333 0.03425925925925926
1 0.7471354166666667 0.21064814814814814 0.04635416666666667 0.06388888888888888
1 0.64453125 0.10555555555555556 0.0234375 0.03333333333333333
1 0.16875 0.08425925925925926 0.03229166666666667 0.03148148148148148
1 0.4747395833333333 0.09444444444444444 0.025520833333333333 0.03888888888888889
1 0.80078125 0.21388888888888888 0.0265625 0.03333333333333333
1 0.24921875 0.07824074074074074 0.025520833333333333 0.030555555555555555
1 0.30052083333333335 0.14166666666666666 0.03125 0.05
1 0.384375 0.10740740740740741 0.028125 0.03888888888888889
1 0.178125 0.287962962962963 0.06354166666666666 0.06666666666666667
1 0.5932291666666667 0.09212962962962963 0.01875 0.04351851851851852
1 0.3098958333333333 0.15462962962962962 0.036458333333333336 0.05555555555555555
1 0.5794270833333334 0.10277777777777777 0.0265625 0.03333333333333333
1 0.8080729166666667 0.26666666666666666 0.06614583333333333 0.07592592592592592
1 0.4635416666666667 0.0625 0.01875 0.019444444444444445
1 0.21223958333333334 0.07453703703703704 0.022395833333333334 0.021296296296296296
1 0.16354166666666667 0.11990740740740741 0.04375 0.05648148148148148
1 0.684375 0.14675925925925926 0.03333333333333333 0.04537037037037037
1 0.6536458333333334 0.1625 0.030208333333333334 0.032407407407407406
1 0.9921875 0.3175925925925926 0.014583333333333334 0.11296296296296296