3 0.22473958333333333 0.8601851851851852 0.1515625 0.26851851851851855
2 0.7604166666666666 0.11157407407407408 0.06458333333333334 0.12314814814814815
2 0.6809895833333334 0.09583333333333334 0.05260416666666667 0.10277777777777777
1 0.5895833333333333 0.8787037037037037 0.21666666666666667 0.24074074074074073
1 0.96640625 0.5333333333333333 0.06614583333333333 0.14074074074074075
1 0.8419270833333333 0.5777777777777777 0.10989583333333333 0.1537037037037037
1 0.7013020833333333 0.45555555555555555 0.0921875 0.11666666666666667
1 0.30859375 0.32407407407407407 0.05572916666666667 0.07592592592592592
1 0.41380208333333335 0.30277777777777776 0.05677083333333333 0.08148148148148149
1 0.20494791666666667 0.3375 0.058854166666666666 0.08981481481481482
1 0.5994791666666667 0.3685185185185185 0.06979166666666667 0.10185185185185185
1 0.6734375 0.2074074074074074 0.04375 0.04814814814814815
1 0.9830729166666666 0.2050925925925926 0.0328125 0.05648148148148148
1 0.89140625 0.44305555555555554 0.0921875 0.13240740740740742
1 0.45338541666666665 0.36018518518518516 0.08177083333333333 0.12037037037037036
1 0.6424479166666667 0.4064814814814815 0.08177083333333333 0.11851851851851852
1 0.47161458333333334 0.24166666666666667 0.0515625 0.07222222222222222
1 0.09921875 0.43425925925925923 0.0796875 0.12222222222222222
1 0.37890625 0.26064814814814813 0.0546875 0.07685185185185185
1 0.5322916666666667 0.4532407407407407 0.09270833333333334 0.14537037037037037
1 0.5747395833333333 0.5171296296296296 0.1015625 0.1361111111111111
1 0.51796875 0.20277777777777778 0.0390625 0.05555555555555555
1 0.9419270833333333 0.287962962962963 0.059895833333333336 0.07222222222222222
1 0.9723958333333333 0.35 0.05416666666666667 0.08518518518518518
1 0.4752604166666667 0.17222222222222222 0.04010416666666667 0.06111111111111111
1 0.7286458333333333 0.16898148148148148 0.041666666666666664 0.04722222222222222
1 0.5825520833333333 0.1398148148148148 0.033854166666666664 0.040740740740740744
1 0.86171875 0.20416666666666666 0.04739583333333333 0.03611111111111111
1 0.8877604166666667 0.30787037037037035 0.0671875 0.06388888888888888
1 0.9065104166666667 0.23333333333333334 0.0484375 0.06296296296296296
1 0.5513020833333333 0.3055555555555556 0.06510416666666667 0.10555555555555556
1 0.5565104166666667 0.22175925925925927 0.04739583333333333 0.0712962962962963
1 0.8208333333333333 0.275 0.053125 0.06481481481481481
1 0.37838541666666664 0.15787037037037038 0.0359375 0.04722222222222222
1 0.6533854166666667 0.16712962962962963 0.04010416666666667 0.06574074074074074
1 0.29791666666666666 0.28564814814814815 0.05520833333333333 0.07314814814814814
1 0.509375 0.26944444444444443 0.04895833333333333 0.07777777777777778
1 0.4015625 0.18564814814814815 0.03854166666666667 0.049074074074074076
1 0.19947916666666668 0.12546296296296297 0.028125 0.04351851851851852
1 0.32083333333333336 0.1787037037037037 0.03229166666666667 0.06111111111111111
1 0.27734375 0.26666666666666666 0.0453125 0.07037037037037037
1 0.36484375 0.4810185185185185 0.0953125 0.12129629629629629
1 0.25755208333333335 0.1925925925925926 0.034895833333333334 0.053703703703703705
1 0.5434895833333333 0.14212962962962963 0.0328125 0.03425925925925926
1 0.9528645833333333 0.19305555555555556 0.0390625 0.05462962962962963
1 0.33958333333333335 0.19444444444444445 0.0375 0.06481481481481481
1 0.9127604166666666 0.20694444444444443 0.04635416666666667 0.062037037037037036
1 0.8643229166666667 0.24953703703703703 0.050520833333333334 0.06574074074074074
1 0.6453125 0.6273148148148148 0.14166666666666666 0.22314814814814815
1 0.7776041666666667 0.2523148148148148 0.046875 0.05092592592592592
1 0.496875 0.12083333333333333 0.029166666666666667 0.032407407407407406
1 0.9309895833333334 0.9125 0.13697916666666668 0.17314814814814813
1 0.4434895833333333 0.1439814814814815 0.028645833333333332 0.04722222222222222
1 0.45598958333333334 0.15185185185185185 0.033854166666666664 0.044444444444444446
1 0.5674479166666667 0.12731481481481483 0.025520833333333333 0.03981481481481482
1 0.17005208333333333 0.1398148148148148 0.0390625 0.03518518518518519
1 0.24348958333333334 0.1587962962962963 0.043229166666666666 0.06574074074074074
1 0.8130208333333333 0.14629629629629629 0.040625 0.05925925925925926
1 0.43645833333333334 0.2064814814814815 0.042708333333333334 0.07222222222222222
1 0.28984375 0.12777777777777777 0.027604166666666666 0.04814814814814815
1 0.5153645833333333 0.10833333333333334 0.024479166666666666 0.037037037037037035
1 0.36015625 0.08935185185185185 0.024479166666666666 0.03425925925925926
1 0.3065104166666667 0.1439814814814815 0.03802083333333333 0.04537037037037037
1 0.75625 0.21898148148148147 0.034375 0.06018518518518518
1 0.19375 0.2949074074074074 0.05625 0.09722222222222222
1 0.43333333333333335 0.13564814814814816 0.03229166666666667 0.05648148148148148
1 0.3567708333333333 0.1425925925925926 0.03229166666666667 0.040740740740740744
1 0.26927083333333335 0.2324074074074074 0.04375 0.06666666666666667
1 0.7283854166666667 0.20092592592592592 0.04114583333333333 0.06296296296296296
1 0.64453125 0.13333333333333333 0.04010416666666667 0.053703703703703705
1 0.17604166666666668 0.22083333333333333 0.051041666666666666 0.03981481481481482
1 0.8125 0.21898148148148147 0.042708333333333334 0.04722222222222222
1 0.17057291666666666 0.18703703703703703 0.03697916666666667 0.05185185185185185
1 0.27057291666666666 0.10416666666666667 0.027604166666666666 0.03611111111111111
1 0.365625 0.22592592592592592 0.04375 0.07592592592592592
1 0.2526041666666667 0.0763888888888889 0.020833333333333332 0.030555555555555555
1 0.4440104166666667 0.07592592592592592 0.025520833333333333 0.037037037037037035
1 0.7091145833333333 0.11388888888888889 0.030729166666666665 0.053703703703703705
1 0.17630208333333333 0.2587962962962963 0.0484375 0.06944444444444445
1 0.38958333333333334 0.5342592592592592 0.10104166666666667 0.13333333333333333
1 0.15807291666666667 0.10833333333333334 0.0328125 0.05
1 0.28125 0.07268518518518519 0.01875 0.023148148148148147
1 0.5505208333333333 0.07916666666666666 0.022916666666666665 0.023148148148148147
1 0.5901041666666667 0.1125 0.021875 0.026851851851851852
1 0.80390625 0.19166666666666668 0.0359375 0.05925925925925926
1 0.5591145833333333 0.10972222222222222 0.027604166666666666 0.03425925925925926
1 0.6143229166666667 0.12037037037037036 0.030729166666666665 0.053703703703703705
1 0.33098958333333334 0.07453703703703704 0.0234375 0.021296296296296296
1 0.41692708333333334 0.0699074074074074 0.0203125 0.026851851851851852
1 0.5802083333333333 0.09444444444444444 0.019791666666666666 0.027777777777777776
1 0.3455729166666667 0.11944444444444445 0.0390625 0.040740740740740744
1 0.40286458333333336 0.06712962962962964 0.015104166666666667 0.023148148148148147
1 0.2265625 0.11342592592592593 0.029166666666666667 0.04351851851851852
1 0.3268229166666667 0.10277777777777777 0.028645833333333332 0.037037037037037035
1 0.19114583333333332 0.08055555555555556 0.01875 0.024074074074074074
1 0.6302083333333334 0.09027777777777778 0.019791666666666666 0.030555555555555555
1 0.2989583333333333 0.08472222222222223 0.021875 0.028703703703703703
1 0.4630208333333333 0.08472222222222223 0.025 0.03425925925925926
1 0.16692708333333334 0.15833333333333333 0.0328125 0.04259259259259259
1 0.16692708333333334 0.07546296296296297 0.0296875 0.019444444444444445
1 0.28203125 0.12083333333333333 0.022395833333333334 0.041666666666666664
1 0.453125 0.2324074074074074 0.040625 0.06481481481481481
1 0.30833333333333335 0.09861111111111111 0.01875 0.032407407407407406
1 0.28828125 0.975925925925926 0.13697916666666668 0.046296296296296294
1 0.24192708333333332 0.13796296296296295 0.04114583333333333 0.027777777777777776