2 0.7260416666666667 0.10601851851851851 0.057291666666666664 0.12129629629629629
2 0.6588541666666666 0.09212962962962963 0.051041666666666666 0.10092592592592593
1 0.80703125 0.5449074074074074 0.1109375 0.1398148148148148
1 0.3536458333333333 0.5907407407407408 0.11458333333333333 0.14629629629629629
1 0.6557291666666667 0.6259259259259259 0.12708333333333333 0.1648148148148148
1 0.4890625 0.41574074074074074 0.09375 0.1388888888888889
1 0.32786458333333335 0.36666666666666664 0.06197916666666667 0.08518518518518518
1 0.9734375 0.7347222222222223 0.052083333333333336 0.18981481481481483
1 0.6661458333333333 0.41898148148148145 0.08333333333333333 0.11203703703703703
1 0.59921875 0.5356481481481481 0.10885416666666667 0.16944444444444445
1 0.02109375 0.5074074074074074 0.0421875 0.13333333333333333
1 0.44088541666666664 0.3402777777777778 0.06302083333333333 0.08796296296296297
1 0.42890625 0.6546296296296297 0.11822916666666666 0.15925925925925927
1 0.20729166666666668 0.38425925925925924 0.065625 0.1
1 0.7817708333333333 0.812037037037037 0.184375 0.28888888888888886
1 0.7192708333333333 0.47685185185185186 0.09583333333333334 0.13333333333333333
1 0.628125 0.18518518518518517 0.03854166666666667 0.044444444444444446
1 0.5395833333333333 0.3013888888888889 0.05625 0.08611111111111111
1 0.31171875 0.3189814814814815 0.059895833333333336 0.08055555555555556
1 0.42213541666666665 0.20462962962962963 0.04010416666666667 0.05740740740740741
1 0.5013020833333334 0.2671296296296296 0.0578125 0.08055555555555556
1 0.6830729166666667 0.18472222222222223 0.04114583333333333 0.058333333333333334
1 0.5947916666666667 0.24861111111111112 0.051041666666666666 0.0824074074074074
1 0.9315104166666667 0.18935185185185185 0.043229166666666666 0.05277777777777778
1 0.3932291666666667 0.17083333333333334 0.036458333333333336 0.04722222222222222
1 0.40208333333333335 0.29074074074074074 0.059375 0.08148148148148149
1 0.8783854166666667 0.30185185185185187 0.06302083333333333 0.07037037037037037
1 0.7473958333333334 0.24212962962962964 0.052083333333333336 0.05648148148148148
1 0.8973958333333333 0.17962962962962964 0.03854166666666667 0.05185185185185185
1 0.18072916666666666 0.33287037037037037 0.06458333333333334 0.11018518518518519
1 0.5013020833333334 0.18888888888888888 0.043229166666666666 0.06666666666666667
1 0.28958333333333336 0.29444444444444445 0.04895833333333333 0.07777777777777778
1 0.45625 0.22592592592592592 0.04791666666666667 0.07777777777777778
1 0.17265625 0.20185185185185187 0.03802083333333333 0.053703703703703705
1 0.7169270833333333 0.1962962962962963 0.0453125 0.053703703703703705
1 0.8067708333333333 0.2689814814814815 0.05 0.05462962962962963
1 0.353125 0.21064814814814814 0.040625 0.0712962962962963
1 0.5197916666666667 0.13148148148148148 0.03125 0.03333333333333333
1 0.19635416666666666 0.13518518518518519 0.026041666666666668 0.046296296296296294
1 0.9236979166666667 0.28425925925925927 0.0546875 0.07407407407407407
1 0.4984375 0.10138888888888889 0.025 0.03425925925925926
1 0.4778645833333333 0.17222222222222222 0.0359375 0.05740740740740741
1 0.5578125 0.1287037037037037 0.026041666666666668 0.037037037037037035
1 0.7825520833333334 0.13842592592592592 0.03697916666666667 0.05648148148148148
1 0.47708333333333336 0.2550925925925926 0.041666666666666664 0.06944444444444445
1 0.80703125 0.18194444444444444 0.0390625 0.026851851851851852
1 0.36666666666666664 0.15416666666666667 0.035416666666666666 0.041666666666666664
1 0.6174479166666667 0.15231481481481482 0.03697916666666667 0.06018518518518518
1 0.37604166666666666 0.24675925925925926 0.04791666666666667 0.0824074074074074
1 0.3375 0.07453703703703704 0.028125 0.032407407407407406
1 0.36328125 0.09074074074074075 0.0328125 0.040740740740740744
1 0.5513020833333333 0.2263888888888889 0.0453125 0.06388888888888888
1 0.46015625 0.1587962962962963 0.030729166666666665 0.05277777777777778
1 0.26536458333333335 0.20879629629629629 0.04635416666666667 0.05648148148148148
1 0.24661458333333333 0.17175925925925925 0.04635416666666667 0.06944444444444445
1 0.9765625 0.2625 0.04583333333333333 0.06574074074074074
1 0.33177083333333335 0.1935185185185185 0.034375 0.06481481481481481
1 0.3143229166666667 0.16203703703703703 0.04010416666666667 0.05925925925925926
1 0.9700520833333334 0.35 0.058854166666666666 0.1111111111111111
1 0.2786458333333333 0.25324074074074077 0.04895833333333333 0.07314814814814814
1 0.22994791666666667 0.125 0.0328125 0.04814814814814815
1 0.28203125 0.9800925925925926 0.1484375 0.03796296296296296
1 0.715625 0.22268518518518518 0.041666666666666664 0.04722222222222222
1 0.7505208333333333 0.1648148148148148 0.03958333333333333 0.037037037037037035
1 0.8505208333333333 0.18981481481481483 0.040625 0.05740740740740741
1 0.8403645833333333 0.2037037037037037 0.0421875 0.044444444444444446
1 0.25390625 0.08333333333333333 0.022395833333333334 0.03518518518518519
1 0.17473958333333334 0.24675925925925926 0.05572916666666667 0.05462962962962963
1 0.80703125 0.21805555555555556 0.0421875 0.05092592592592592
1 0.47630208333333335 0.10972222222222222 0.025520833333333333 0.026851851851851852
1 0.56640625 0.10972222222222222 0.0203125 0.032407407407407406
1 0.9377604166666667 0.3226851851851852 0.0421875 0.05462962962962963
1 0.33619791666666665 0.11157407407407408 0.0359375 0.041666666666666664
1 0.75390625 0.19398148148148148 0.0359375 0.04537037037037037
1 0.2955729166666667 0.1375 0.0296875 0.049074074074074076
1 0.44869791666666664 0.14537037037037037 0.033854166666666664 0.05555555555555555
1 0.16927083333333334 0.08287037037037037 0.03854166666666667 0.030555555555555555
1 0.6088541666666667 0.34675925925925927 0.07604166666666666 0.11574074074074074
1 0.2747395833333333 0.10972222222222222 0.025520833333333333 0.03796296296296296
1 0.5875 0.11435185185185186 0.03125 0.05277777777777778
1 0.38645833333333335 0.275 0.040625 0.07037037037037037
1 0.19895833333333332 0.08287037037037037 0.022916666666666665 0.025
1 0.6177083333333333 0.11898148148148148 0.03125 0.03981481481481482
1 0.5645833333333333 0.09027777777777778 0.023958333333333335 0.030555555555555555
1 0.43515625 0.07314814814814814 0.021354166666666667 0.03518518518518519
1 0.16640625 0.1625 0.043229166666666666 0.06018518518518518
1 0.3125 0.10648148148148148 0.01875 0.03333333333333333
1 0.4075520833333333 0.06805555555555555 0.022395833333333334 0.023148148148148147
1 0.5325520833333334 0.09074074074074075 0.030729166666666665 0.046296296296296294
1 0.48203125 0.06944444444444445 0.0203125 0.024074074074074074
1 0.35625 0.12916666666666668 0.042708333333333334 0.04351851851851852
1 0.69453125 0.15231481481481482 0.034895833333333334 0.041666666666666664
1 0.9927083333333333 0.5578703703703703 0.013541666666666667 0.11944444444444445
1 0.85234375 0.25324074074074077 0.050520833333333334 0.06944444444444445
1 0.28984375 0.12916666666666668 0.025520833333333333 0.041666666666666664
1 0.1765625 0.28379629629629627 0.058333333333333334 0.07314814814814814
1 0.26614583333333336 0.09675925925925925 0.027083333333333334 0.03796296296296296