1 0.20651041666666667 0.549537037037037 0.10989583333333333 0.14351851851851852
1 0.46875 0.7157407407407408 0.128125 0.17222222222222222
1 0.6356770833333333 0.5976851851851852 0.1109375 0.16018518518518518
1 0.61015625 0.9263888888888889 0.16822916666666668 0.14537037037037037
1 0.3567708333333333 0.4638888888888889 0.08645833333333333 0.11851851851851852
1 0.7510416666666667 0.49444444444444446 0.0875 0.1259259259259259
1 0.5541666666666667 0.33194444444444443 0.06666666666666667 0.08981481481481482
1 0.19010416666666666 0.44722222222222224 0.084375 0.10925925925925926
1 0.4940104166666667 0.2671296296296296 0.0546875 0.07314814814814814
1 0.4375 0.6162037037037037 0.11875 0.15833333333333333
1 0.6489583333333333 0.39305555555555555 0.08541666666666667 0.13240740740740742
1 0.7989583333333333 0.537962962962963 0.11458333333333333 0.15185185185185185
1 0.42161458333333335 0.3236111111111111 0.050520833333333334 0.08425925925925926
1 0.8533854166666667 0.8513888888888889 0.1578125 0.21574074074074073
1 0.57265625 0.5319444444444444 0.09427083333333333 0.13055555555555556
1 0.45364583333333336 0.23935185185185184 0.04895833333333333 0.06388888888888888
1 0.9734375 0.25462962962962965 0.052083333333333336 0.07407407407407407
1 0.6158854166666666 0.2712962962962963 0.05677083333333333 0.08518518518518518
1 0.8622395833333333 0.4476851851851852 0.0890625 0.11944444444444445
1 0.46848958333333335 0.3523148148148148 0.06927083333333334 0.11018518518518519
1 0.984375 0.3194444444444444 0.030208333333333334 0.08333333333333333
1 0.315625 0.33796296296296297 0.06354166666666666 0.08888888888888889
1 0.9875 0.5509259259259259 0.023958333333333335 0.1685185185185185
1 0.40729166666666666 0.2916666666666667 0.052083333333333336 0.07777777777777778
1 0.4390625 0.14629629629629629 0.034375 0.046296296296296294
1 0.3729166666666667 0.10740740740740741 0.013541666666666667 0.03518518518518519
1 0.3815104166666667 0.24675925925925926 0.049479166666666664 0.08425925925925926
1 0.6833333333333333 0.3023148148148148 0.06354166666666666 0.09722222222222222
1 0.3489583333333333 0.3875 0.06875 0.09722222222222222
1 0.6557291666666667 0.19907407407407407 0.041666666666666664 0.040740740740740744
1 0.86796875 0.22361111111111112 0.04635416666666667 0.06944444444444445
1 0.3921875 0.11388888888888889 0.03333333333333333 0.053703703703703705
1 0.4075520833333333 0.18564814814814815 0.0328125 0.04722222222222222
1 0.89140625 0.6449074074074074 0.12447916666666667 0.18055555555555555
1 0.3484375 0.23148148148148148 0.035416666666666666 0.05925925925925926
1 0.6109375 0.17083333333333334 0.040625 0.04537037037037037
1 0.5421875 0.45555555555555555 0.09479166666666666 0.14814814814814814
1 0.6752604166666667 0.15138888888888888 0.034895833333333334 0.04722222222222222
1 0.48098958333333336 0.11064814814814815 0.0265625 0.032407407407407406
1 0.18723958333333332 0.30972222222222223 0.05677083333333333 0.0824074074074074
1 0.30520833333333336 0.15601851851851853 0.034375 0.04537037037037037
1 0.7859375 0.22361111111111112 0.04791666666666667 0.07314814814814814
1 0.9286458333333333 0.1925925925925926 0.052083333333333336 0.07222222222222222
1 0.23828125 0.14537037037037037 0.0328125 0.04259259259259259
1 0.43854166666666666 0.2064814814814815 0.046875 0.07407407407407407
1 0.6229166666666667 0.15555555555555556 0.03229166666666667 0.04814814814814815
1 0.34765625 0.13055555555555556 0.028645833333333332 0.046296296296296294
1 0.73046875 0.14583333333333334 0.03177083333333333 0.023148148148148147
1 0.6950520833333333 0.13240740740740742 0.030729166666666665 0.046296296296296294
1 0.80625 0.17175925925925925 0.035416666666666666 0.049074074074074076
1 0.5833333333333334 0.16203703703703703 0.029166666666666667 0.037037037037037035
1 0.6455729166666667 0.11712962962962963 0.028645833333333332 0.03981481481481482
1 0.5591145833333333 0.1486111111111111 0.028645833333333332 0.028703703703703703
1 0.18619791666666666 0.2712962962962963 0.05364583333333333 0.06666666666666667
1 0.7322916666666667 0.34305555555555556 0.075 0.11574074074074074
1 0.728125 0.19537037037037036 0.052083333333333336 0.07962962962962963
1 0.8494791666666667 0.25555555555555554 0.05520833333333333 0.07407407407407407
1 0.5973958333333333 0.2490740740740741 0.05520833333333333 0.09444444444444444
1 0.66015625 0.10185185185185185 0.025520833333333333 0.044444444444444446
1 0.3924479166666667 0.175 0.0328125 0.05555555555555555
1 0.6942708333333333 0.1884259259259259 0.034375 0.06388888888888888
1 0.7609375 0.18287037037037038 0.022916666666666665 0.05092592592592592
1 0.22942708333333334 0.12546296296296297 0.03177083333333333 0.03981481481481482
1 0.15911458333333334 0.08842592592592592 0.0234375 0.03611111111111111
1 0.3299479166666667 0.1884259259259259 0.033854166666666664 0.062037037037037036
1 0.37057291666666664 0.15601851851851853 0.033854166666666664 0.04351851851851852
1 0.28046875 0.2601851851851852 0.0609375 0.1
1 0.36328125 0.0912037037037037 0.0203125 0.032407407407407406
1 0.6260416666666667 0.13194444444444445 0.03229166666666667 0.041666666666666664
1 0.32708333333333334 0.11064814814814815 0.028125 0.04537037037037037
1 0.5825520833333333 0.10462962962962963 0.025520833333333333 0.03148148148148148
1 0.1765625 0.14953703703703702 0.041666666666666664 0.062037037037037036
1 0.5567708333333333 0.09814814814814815 0.022916666666666665 0.024074074074074074
1 0.84453125 0.1986111111111111 0.06927083333333334 0.0712962962962963
1 0.34739583333333335 0.2037037037037037 0.041666666666666664 0.06851851851851852
1 0.5307291666666667 0.09212962962962963 0.025 0.041666666666666664
1 0.42942708333333335 0.13518518518518519 0.030729166666666665 0.05185185185185185
1 0.6763020833333333 0.17916666666666667 0.0234375 0.05092592592592592
1 0.5911458333333334 0.13564814814814816 0.03125 0.030555555555555555
1 0.2760416666666667 0.11203703703703703 0.03125 0.046296296296296294
1 0.3515625 0.15 0.021875 0.03518518518518519
1 0.49973958333333335 0.10092592592592593 0.024479166666666666 0.04259259259259259
1 0.17421875 0.10138888888888889 0.0265625 0.023148148148148147
1 0.3265625 0.07083333333333333 0.025 0.023148148148148147
1 0.18203125 0.08194444444444444 0.0203125 0.028703703703703703
1 0.46197916666666666 0.08842592592592592 0.022916666666666665 0.030555555555555555
1 0.7018229166666666 0.10740740740740741 0.018229166666666668 0.016666666666666666
1 0.98671875 0.19444444444444445 0.025520833333333333 0.05555555555555555
1 0.5721354166666667 0.12361111111111112 0.027604166666666666 0.03425925925925926
1 0.2872395833333333 0.13564814814814816 0.0328125 0.049074074074074076
1 0.6333333333333333 0.0912037037037037 0.026041666666666668 0.03611111111111111
1 0.3997395833333333 0.07268518518518519 0.019270833333333334 0.023148148148148147
1 0.28489583333333335 0.19768518518518519 0.03125 0.026851851851851852
1 0.17369791666666667 0.24583333333333332 0.0421875 0.07314814814814814
1 0.5208333333333334 0.13194444444444445 0.026041666666666668 0.030555555555555555
1 0.25286458333333334 0.17546296296296296 0.03802083333333333 0.06388888888888888
1 0.7200520833333334 0.12083333333333333 0.025520833333333333 0.03425925925925926
1 0.8752604166666667 0.1625 0.04739583333333333 0.06759259259259259
1 0.17473958333333334 0.19907407407407407 0.0484375 0.07407407407407407
1 0.271875 0.22037037037037038 0.05625 0.07222222222222222