2 0.7359375 0.10277777777777777 0.058333333333333334 0.11666666666666667
2 0.66484375 0.09351851851851851 0.050520833333333334 0.10185185185185185
1 0.7723958333333333 0.5138888888888888 0.10520833333333333 0.13333333333333333
1 0.6283854166666667 0.5875 0.11927083333333334 0.1527777777777778
1 0.47708333333333336 0.3972222222222222 0.08958333333333333 0.13333333333333333
1 0.9447916666666667 0.6777777777777778 0.109375 0.1814814814814815
1 0.3625 0.5537037037037037 0.1 0.1388888888888889
1 0.20807291666666666 0.3680555555555556 0.06197916666666667 0.09537037037037037
1 0.57734375 0.5060185185185185 0.10364583333333334 0.16018518518518518
1 0.4127604166666667 0.6138888888888889 0.11510416666666666 0.15
1 0.4317708333333333 0.32731481481481484 0.06145833333333333 0.08611111111111111
1 0.3216145833333333 0.3527777777777778 0.059895833333333336 0.08148148148148149
1 0.6450520833333333 0.40185185185185185 0.0796875 0.1111111111111111
1 0.03802083333333333 0.48333333333333334 0.07604166666666666 0.13703703703703704
1 0.4158854166666667 0.19814814814814816 0.03802083333333333 0.05555555555555555
1 0.26848958333333334 0.9393518518518519 0.1703125 0.11944444444444445
1 0.7317708333333334 0.7481481481481481 0.16875 0.26481481481481484
1 0.6921875 0.4532407407407407 0.09166666666666666 0.1287037037037037
1 0.49270833333333336 0.25833333333333336 0.05625 0.07592592592592592
1 0.3065104166666667 0.3074074074074074 0.05677083333333333 0.07777777777777778
1 0.4934895833333333 0.1837962962962963 0.04114583333333333 0.062037037037037036
1 0.96875 0.5060185185185185 0.06145833333333333 0.15092592592592594
1 0.3880208333333333 0.16666666666666666 0.035416666666666666 0.04814814814814815
1 0.9111979166666667 0.1837962962962963 0.04010416666666667 0.05462962962962963
1 0.9065104166666667 0.31203703703703706 0.06822916666666666 0.07222222222222222
1 0.640625 0.19074074074074074 0.040625 0.046296296296296294
1 0.5927083333333333 0.33287037037037037 0.07083333333333333 0.11203703703703703
1 0.5307291666666667 0.29074074074074074 0.05416666666666667 0.08333333333333333
1 0.39453125 0.2810185185185185 0.05677083333333333 0.08055555555555556
1 0.9473958333333333 0.19398148148148148 0.04583333333333333 0.05462962962962963
1 0.6947916666666667 0.1884259259259259 0.041666666666666664 0.058333333333333334
1 0.5622395833333333 0.13194444444444445 0.0328125 0.03981481481481482
1 0.5416666666666666 0.21851851851851853 0.042708333333333334 0.06296296296296296
1 0.26015625 0.2037037037037037 0.03697916666666667 0.05740740740740741
1 0.8283854166666667 0.2791666666666667 0.0546875 0.05648148148148148
1 0.7682291666666666 0.25 0.053125 0.06111111111111111
1 0.4505208333333333 0.21898148148148147 0.04479166666666667 0.075
1 0.1875 0.3199074074074074 0.06145833333333333 0.10462962962962963
1 0.17213541666666668 0.19675925925925927 0.03802083333333333 0.05277777777777778
1 0.734375 0.23333333333333334 0.042708333333333334 0.05555555555555555
1 0.8671875 0.19444444444444445 0.040625 0.06111111111111111
1 0.7330729166666666 0.9782407407407407 0.1765625 0.041666666666666664
1 0.82265625 0.19166666666666668 0.0453125 0.03518518518518519
1 0.62734375 0.15787037037037038 0.03802083333333333 0.06018518518518518
1 0.32786458333333335 0.18981481481481483 0.0328125 0.06296296296296296
1 0.73125 0.2037037037037037 0.04791666666666667 0.05740740740740741
1 0.50390625 0.10324074074074074 0.024479166666666666 0.03796296296296296
1 0.7052083333333333 0.15648148148148147 0.036458333333333336 0.040740740740740744
1 0.196875 0.13287037037037036 0.028125 0.04722222222222222
1 0.34791666666666665 0.20416666666666666 0.03958333333333333 0.06944444444444445
1 0.4822916666666667 0.11203703703703703 0.026041666666666668 0.027777777777777776
1 0.5223958333333333 0.13148148148148148 0.026041666666666668 0.02962962962962963
1 0.85625 0.2175925925925926 0.04479166666666667 0.06111111111111111
1 0.371875 0.23935185185185184 0.046875 0.08055555555555556
1 0.8145833333333333 0.2361111111111111 0.04791666666666667 0.07407407407407407
1 0.284375 0.2847222222222222 0.046875 0.07685185185185185
1 0.3619791666666667 0.14953703703703702 0.03333333333333333 0.041666666666666664
1 0.33489583333333334 0.07361111111111111 0.027083333333333334 0.030555555555555555
1 0.5830729166666667 0.23981481481481481 0.049479166666666664 0.08148148148148149
1 0.24557291666666667 0.16805555555555557 0.0453125 0.0712962962962963
1 0.47161458333333334 0.16111111111111112 0.033854166666666664 0.044444444444444446
1 0.4557291666666667 0.1537037037037037 0.029166666666666667 0.05185185185185185
1 0.44375 0.14351851851851852 0.034375 0.05925925925925926
1 0.17421875 0.24166666666666667 0.0546875 0.05555555555555555
1 0.29296875 0.13425925925925927 0.028645833333333332 0.05
1 0.2755208333333333 0.24675925925925926 0.04895833333333333 0.06944444444444445
1 0.8765625 0.2638888888888889 0.052083333333333336 0.07222222222222222
1 0.22864583333333333 0.12222222222222222 0.03333333333333333 0.05
1 0.31197916666666664 0.1574074074074074 0.0375 0.05925925925925926
1 0.36276041666666664 0.09398148148148149 0.0265625 0.032407407407407406
1 0.6223958333333334 0.125 0.03333333333333333 0.05
1 0.47109375 0.24768518518518517 0.0453125 0.06759259259259259
1 0.16770833333333332 0.15833333333333333 0.03958333333333333 0.05740740740740741
1 0.41041666666666665 0.06851851851851852 0.019791666666666666 0.022222222222222223
1 0.5716145833333334 0.11064814814814815 0.0203125 0.03425925925925926
1 0.19505208333333332 0.0824074074074074 0.025520833333333333 0.025925925925925925
1 0.3802083333333333 0.2657407407407407 0.03854166666666667 0.06851851851851852
1 0.759375 0.17175925925925925 0.023958333333333335 0.041666666666666664
1 0.3033854166666667 0.0912037037037037 0.021354166666666667 0.032407407407407406
1 0.16744791666666667 0.08148148148148149 0.033854166666666664 0.027777777777777776
1 0.4375 0.07268518518518519 0.023958333333333335 0.03425925925925926
1 0.6119791666666666 0.08518518518518518 0.021875 0.02962962962962963
1 0.5690104166666666 0.08935185185185185 0.025520833333333333 0.028703703703703703
1 0.9752604166666666 0.3541666666666667 0.0453125 0.08981481481481482
1 0.25338541666666664 0.08148148148148149 0.0234375 0.03518518518518519
1 0.33255208333333336 0.1087962962962963 0.030729166666666665 0.03796296296296296
1 0.53515625 0.09212962962962963 0.028645833333333332 0.04537037037037037
1 0.4864583333333333 0.06944444444444445 0.019791666666666666 0.022222222222222223
1 0.31223958333333335 0.10555555555555556 0.018229166666666668 0.03518518518518519
1 0.15546875 0.11296296296296296 0.033854166666666664 0.05185185185185185
1 0.76953125 0.12453703703703704 0.019270833333333334 0.041666666666666664
1 0.45677083333333335 0.08333333333333333 0.022916666666666665 0.02962962962962963
1 0.178125 0.275 0.05520833333333333 0.07222222222222222
1 0.9869791666666666 0.36712962962962964 0.025 0.11203703703703703
1 0.6955729166666667 0.11388888888888889 0.021354166666666667 0.02962962962962963
1 0.7911458333333333 0.14074074074074075 0.036458333333333336 0.05740740740740741
1 0.5942708333333333 0.11527777777777778 0.03125 0.05092592592592592
1 0.9544270833333334 0.29583333333333334 0.058854166666666666 0.07314814814814814
1 0.9908854166666666 0.275 0.0171875 0.06851851851851852