2 0.9169270833333333 0.16574074074074074 0.09114583333333333 0.1537037037037037
2 0.5778645833333333 0.29074074074074074 0.0859375 0.1685185185185185
2 0.83203125 0.10046296296296296 0.0640625 0.09166666666666666
1 0.6869791666666667 0.6597222222222222 0.128125 0.16574074074074074
1 0.8895833333333333 0.30787037037037035 0.065625 0.06574074074074074
1 0.8119791666666667 0.5694444444444444 0.11041666666666666 0.1425925925925926
1 0.5692708333333333 0.525 0.09270833333333334 0.13148148148148148
1 0.9346354166666667 0.274537037037037 0.059895833333333336 0.07314814814814814
1 0.19921875 0.4486111111111111 0.07447916666666667 0.10092592592592593
1 0.46588541666666666 0.23981481481481481 0.0453125 0.06481481481481481
1 0.43776041666666665 0.3282407407407407 0.0640625 0.08796296296296297
1 0.19375 0.40370370370370373 0.07395833333333333 0.09259259259259259
1 0.32057291666666665 0.3375 0.06510416666666667 0.08611111111111111
1 0.5044270833333333 0.28425925925925927 0.0515625 0.07037037037037037
1 0.64296875 0.38472222222222224 0.08802083333333334 0.14537037037037037
1 0.8856770833333333 0.46805555555555556 0.0984375 0.12314814814814815
1 0.6825520833333333 0.18935185185185185 0.0421875 0.05648148148148148
1 0.37786458333333334 0.49398148148148147 0.09114583333333333 0.14537037037037037
1 0.80859375 0.8314814814814815 0.1609375 0.26851851851851855
1 0.575 0.1412037037037037 0.03229166666666667 0.03796296296296296
1 0.3494791666666667 0.4597222222222222 0.06979166666666667 0.11388888888888889
1 0.26901041666666664 0.24351851851851852 0.04739583333333333 0.06481481481481481
1 0.846875 0.25092592592592594 0.053125 0.07592592592592592
1 0.4109375 0.2972222222222222 0.052083333333333336 0.07962962962962963
1 0.5223958333333333 0.3101851851851852 0.036458333333333336 0.07777777777777778
1 0.3046875 0.3 0.06770833333333333 0.10740740740740741
1 0.44427083333333334 0.07962962962962963 0.023958333333333335 0.03148148148148148
1 0.6104166666666667 0.1527777777777778 0.03333333333333333 0.05185185185185185
1 0.43723958333333335 0.21666666666666667 0.044270833333333336 0.05925925925925926
1 0.5419270833333333 0.22453703703703703 0.04010416666666667 0.06574074074074074
1 0.25286458333333334 0.18333333333333332 0.0359375 0.04814814814814815
1 0.32890625 0.2037037037037037 0.0421875 0.044444444444444446
1 0.515625 0.20277777777777778 0.04375 0.06851851851851852
1 0.17526041666666667 0.34444444444444444 0.058854166666666666 0.09259259259259259
1 0.3893229166666667 0.2523148148148148 0.05677083333333333 0.09722222222222222
1 0.21510416666666668 0.1087962962962963 0.030208333333333334 0.04722222222222222
1 0.19088541666666667 0.14537037037037037 0.0265625 0.040740740740740744
1 0.35390625 0.24537037037037038 0.0296875 0.06481481481481481
1 0.46796875 0.9430555555555555 0.19322916666666667 0.11203703703703703
1 0.36770833333333336 0.14629629629629629 0.03333333333333333 0.04814814814814815
1 0.40546875 0.125 0.04114583333333333 0.04814814814814815
1 0.2565104166666667 0.09074074074074075 0.021354166666666667 0.037037037037037035
1 0.8278645833333333 0.23055555555555557 0.06614583333333333 0.08703703703703704
1 0.9674479166666666 0.25092592592592594 0.0546875 0.08703703703703704
1 0.24375 0.16805555555555557 0.041666666666666664 0.04351851851851852
1 0.5114583333333333 0.11064814814814815 0.017708333333333333 0.03796296296296296
1 0.15546875 0.1625 0.0140625 0.03611111111111111
1 0.6419270833333334 0.16203703703703703 0.03697916666666667 0.06296296296296296
1 0.2830729166666667 0.125 0.0296875 0.044444444444444446
1 0.6677083333333333 0.17592592592592593 0.03854166666666667 0.05740740740740741
1 0.39114583333333336 0.15601851851851853 0.035416666666666666 0.04351851851851852
1 0.3458333333333333 0.12777777777777777 0.03125 0.046296296296296294
1 0.8046875 0.1685185185185185 0.035416666666666666 0.06111111111111111
1 0.31171875 0.1587962962962963 0.03802083333333333 0.04722222222222222
1 0.35572916666666665 0.08333333333333333 0.022916666666666665 0.037037037037037035
1 0.18723958333333332 0.29953703703703705 0.05260416666666667 0.09907407407407408
1 0.41484375 0.18935185185185185 0.04010416666666667 0.03981481481481482
1 0.26979166666666665 0.10138888888888889 0.029166666666666667 0.03796296296296296
1 0.32760416666666664 0.11851851851851852 0.020833333333333332 0.03333333333333333
1 0.2984375 0.1439814814814815 0.030208333333333334 0.05092592592592592
1 0.8166666666666667 0.1726851851851852 0.03229166666666667 0.041666666666666664
1 0.23072916666666668 0.12638888888888888 0.03229166666666667 0.03611111111111111
1 0.18619791666666666 0.2222222222222222 0.04114583333333333 0.06111111111111111
1 0.16692708333333334 0.12638888888888888 0.0296875 0.03796296296296296
1 0.2390625 0.1425925925925926 0.0375 0.03148148148148148
1 0.18333333333333332 0.18333333333333332 0.03854166666666667 0.046296296296296294
1 0.46953125 0.08472222222222223 0.022395833333333334 0.041666666666666664
1 0.7471354166666667 0.15324074074074073 0.015104166666666667 0.04351851851851852
1 0.37604166666666666 0.1 0.03229166666666667 0.040740740740740744
1 0.4861979166666667 0.09907407407407408 0.019270833333333334 0.03518518518518519
1 0.76953125 0.25324074074074077 0.0578125 0.049074074074074076
1 0.5302083333333333 0.47175925925925927 0.08541666666666667 0.11018518518518519
1 0.9934895833333334 0.7726851851851851 0.011979166666666667 0.18425925925925926
1 0.85234375 0.17546296296296296 0.044270833333333336 0.05648148148148148
1 0.3536458333333333 0.22268518518518518 0.05 0.062037037037037036
1 0.66796875 0.1300925925925926 0.03697916666666667 0.03796296296296296