2 0.9598958333333333 0.1699074074074074 0.07916666666666666 0.1787037037037037
2 0.7388020833333333 0.4222222222222222 0.12552083333333333 0.23703703703703705
1 0.8125 0.812962962962963 0.146875 0.18703703703703703
1 0.6278645833333333 0.38101851851851853 0.0765625 0.09907407407407408
1 0.9682291666666667 0.3060185185185185 0.0625 0.08981481481481482
1 0.18125 0.5824074074074074 0.103125 0.1259259259259259
1 0.53125 0.4648148148148148 0.08541666666666667 0.12222222222222222
1 0.215625 0.6569444444444444 0.10833333333333334 0.14537037037037037
1 0.5567708333333333 0.8611111111111112 0.16354166666666667 0.26481481481481484
1 0.65859375 0.4361111111111111 0.0515625 0.1111111111111111
1 0.378125 0.4787037037037037 0.08854166666666667 0.12222222222222222
1 0.5130208333333334 0.4111111111111111 0.071875 0.1111111111111111
1 0.5036458333333333 0.2773148148148148 0.057291666666666664 0.075
1 0.47265625 0.7449074074074075 0.1328125 0.1824074074074074
1 0.5421875 0.31574074074074077 0.059375 0.08518518518518518
1 0.91953125 0.9453703703703704 0.15989583333333332 0.10740740740740741
1 0.6252604166666667 0.18703703703703703 0.044270833333333336 0.03888888888888889
1 0.6247395833333333 0.2967592592592593 0.0578125 0.08055555555555556
1 0.19322916666666667 0.2810185185185185 0.051041666666666666 0.08055555555555556
1 0.83515625 0.24583333333333332 0.05677083333333333 0.08796296296296297
1 0.35520833333333335 0.41435185185185186 0.09375 0.14722222222222223
1 0.2947916666666667 0.31666666666666665 0.06041666666666667 0.07777777777777778
1 0.5963541666666666 0.2625 0.059375 0.08425925925925926
1 0.2677083333333333 0.22546296296296298 0.041666666666666664 0.05648148148148148
1 0.7361979166666667 0.20462962962962963 0.03802083333333333 0.05925925925925926
1 0.4361979166666667 0.33425925925925926 0.0734375 0.12222222222222222
1 0.5958333333333333 0.14814814814814814 0.034375 0.04814814814814815
1 0.18854166666666666 0.3972222222222222 0.078125 0.1
1 0.34401041666666665 0.21203703703703702 0.0359375 0.05925925925925926
1 0.40729166666666666 0.12453703703703704 0.030208333333333334 0.041666666666666664
1 0.6393229166666666 0.12962962962962962 0.03802083333333333 0.06111111111111111
1 0.91328125 0.18101851851851852 0.021354166666666667 0.0712962962962963
1 0.39765625 0.17592592592592593 0.0390625 0.05740740740740741
1 0.3692708333333333 0.28055555555555556 0.036458333333333336 0.07407407407407407
1 0.36640625 0.2388888888888889 0.05260416666666667 0.08333333333333333
1 0.8950520833333333 0.175 0.03697916666666667 0.06296296296296296
1 0.9526041666666667 0.25277777777777777 0.058333333333333334 0.07407407407407407
1 0.24036458333333333 0.14722222222222223 0.034895833333333334 0.044444444444444446
1 0.18984375 0.4824074074074074 0.08072916666666667 0.1259259259259259
1 0.29661458333333335 0.14444444444444443 0.033854166666666664 0.05740740740740741
1 0.44921875 0.15601851851851853 0.034895833333333334 0.05462962962962963
1 0.5182291666666666 0.11481481481481481 0.028125 0.03518518518518519
1 0.5791666666666667 0.1398148148148148 0.029166666666666667 0.04814814814814815
1 0.4127604166666667 0.19490740740740742 0.03177083333333333 0.06018518518518518
1 0.3807291666666667 0.10324074074074074 0.026041666666666668 0.04722222222222222
1 0.26640625 0.10416666666666667 0.025520833333333333 0.03981481481481482
1 0.46875 0.09166666666666666 0.028125 0.03518518518518519
1 0.49375 0.10092592592592593 0.03229166666666667 0.044444444444444446
1 0.25 0.17592592592592593 0.03854166666666667 0.05
1 0.6671875 0.12361111111111112 0.021875 0.03611111111111111
1 0.7153645833333333 0.16203703703703703 0.028645833333333332 0.03518518518518519
1 0.46041666666666664 0.24259259259259258 0.041666666666666664 0.06296296296296296
1 0.18854166666666666 0.2337962962962963 0.041666666666666664 0.06759259259259259
1 0.68359375 0.17824074074074073 0.0390625 0.06759259259259259
1 0.18072916666666666 0.21712962962962962 0.040625 0.05277777777777778
1 0.7005208333333334 0.12824074074074074 0.030208333333333334 0.032407407407407406
1 0.33958333333333335 0.12037037037037036 0.029166666666666667 0.03518518518518519
1 0.6033854166666667 0.1175925925925926 0.030729166666666665 0.05185185185185185
1 0.2799479166666667 0.11712962962962963 0.0265625 0.04351851851851852
1 0.71484375 0.1361111111111111 0.0265625 0.027777777777777776
1 0.36328125 0.15 0.0390625 0.053703703703703705
1 0.4044270833333333 0.2777777777777778 0.05260416666666667 0.07592592592592592
1 0.32317708333333334 0.16944444444444445 0.0359375 0.05925925925925926
1 0.39739583333333334 0.11666666666666667 0.028125 0.046296296296296294
1 0.540625 0.06574074074074074 0.021875 0.03148148148148148
1 0.4375 0.20601851851851852 0.041666666666666664 0.07314814814814814
1 0.16822916666666668 0.08657407407407407 0.027083333333333334 0.030555555555555555
1 0.32135416666666666 0.11574074074074074 0.025 0.037037037037037035
1 0.3528645833333333 0.13796296296296295 0.0296875 0.037037037037037035
1 0.8015625 0.19444444444444445 0.030208333333333334 0.07037037037037037
1 0.7005208333333334 0.2273148148148148 0.04479166666666667 0.062037037037037036
1 0.8671875 0.5967592592592592 0.13541666666666666 0.21944444444444444
1 0.69921875 0.19212962962962962 0.0421875 0.04537037037037037
1 0.34088541666666666 0.1935185185185185 0.04010416666666667 0.06111111111111111
1 0.41354166666666664 0.07037037037037037 0.019791666666666666 0.022222222222222223
1 0.2643229166666667 0.19907407407407407 0.044270833333333336 0.04814814814814815
1 0.8768229166666667 0.16435185185185186 0.03697916666666667 0.06388888888888888
1 0.17630208333333333 0.18888888888888888 0.04739583333333333 0.05
1 0.3294270833333333 0.07175925925925926 0.019270833333333334 0.023148148148148147
1 0.22942708333333334 0.13657407407407407 0.033854166666666664 0.03981481481481482
1 0.42994791666666665 0.1425925925925926 0.0265625 0.03888888888888889
1 0.16848958333333333 0.14722222222222223 0.033854166666666664 0.040740740740740744
1 0.74296875 0.14444444444444443 0.0359375 0.053703703703703705
1 0.6268229166666667 0.1050925925925926 0.0234375 0.03796296296296296
1 0.19166666666666668 0.07731481481481481 0.0125 0.017592592592592594
1 0.4375 0.07407407407407407 0.017708333333333333 0.02962962962962963
1 0.5549479166666667 0.12361111111111112 0.0203125 0.041666666666666664
1 0.5809895833333333 0.08009259259259259 0.0265625 0.028703703703703703
1 0.47552083333333334 0.25462962962962965 0.04583333333333333 0.06851851851851852
1 0.40598958333333335 0.3125 0.050520833333333334 0.08611111111111111