2 0.9651041666666667 0.1736111111111111 0.06875 0.1824074074074074
2 0.8184895833333333 0.1375 0.06510416666666667 0.13055555555555556
2 0.7213541666666666 0.41203703703703703 0.11354166666666667 0.22962962962962963
1 0.7825520833333334 0.774537037037037 0.14010416666666667 0.1787037037037037
1 0.6192708333333333 0.37407407407407406 0.07604166666666666 0.0962962962962963
1 0.975 0.3125 0.04895833333333333 0.08981481481481482
1 0.1828125 0.5671296296296297 0.09791666666666667 0.12129629629629629
1 0.8872395833333333 0.9217592592592593 0.17135416666666667 0.15462962962962962
1 0.5208333333333334 0.45092592592592595 0.08333333333333333 0.12037037037037036
1 0.459375 0.7185185185185186 0.128125 0.17407407407407408
1 0.29140625 0.30925925925925923 0.059895833333333336 0.07777777777777778
1 0.21380208333333334 0.6393518518518518 0.10572916666666667 0.14166666666666666
1 0.5333333333333333 0.8226851851851852 0.15833333333333333 0.25462962962962965
1 0.6330729166666667 0.19074074074074074 0.04114583333333333 0.03888888888888889
1 0.37447916666666664 0.46574074074074073 0.08541666666666667 0.11851851851851852
1 0.61953125 0.2902777777777778 0.05572916666666667 0.0787037037037037
1 0.49895833333333334 0.2726851851851852 0.05625 0.07314814814814814
1 0.19296875 0.27685185185185185 0.0515625 0.07777777777777778
1 0.64765625 0.425462962962963 0.049479166666666664 0.10833333333333334
1 0.5348958333333333 0.3106481481481482 0.058333333333333334 0.0824074074074074
1 0.4322916666666667 0.32731481481481484 0.07083333333333333 0.11944444444444445
1 0.60078125 0.15046296296296297 0.034895833333333334 0.049074074074074076
1 0.590625 0.2587962962962963 0.058333333333333334 0.0824074074074074
1 0.5065104166666666 0.4027777777777778 0.0703125 0.10555555555555556
1 0.8463541666666666 0.25046296296296294 0.057291666666666664 0.08981481481481482
1 0.71171875 0.22824074074074074 0.0453125 0.058333333333333334
1 0.8479166666666667 0.5768518518518518 0.13125 0.21296296296296297
1 0.74609375 0.20833333333333334 0.03802083333333333 0.05740740740740741
1 0.2674479166666667 0.22268518518518518 0.04010416666666667 0.05648148148148148
1 0.3966145833333333 0.17407407407407408 0.0390625 0.05555555555555555
1 0.6442708333333333 0.13194444444444445 0.0375 0.06018518518518518
1 0.3419270833333333 0.20972222222222223 0.033854166666666664 0.05648148148148148
1 0.1875 0.39305555555555555 0.07916666666666666 0.10833333333333334
1 0.9658854166666667 0.25833333333333336 0.059895833333333336 0.07777777777777778
1 0.43515625 0.2037037037037037 0.04114583333333333 0.07222222222222222
1 0.8067708333333333 0.19675925925925927 0.03958333333333333 0.06944444444444445
1 0.49609375 0.10185185185185185 0.0296875 0.044444444444444446
1 0.18880208333333334 0.4708333333333333 0.08072916666666667 0.1175925925925926
1 0.4109375 0.19305555555555556 0.03333333333333333 0.058333333333333334
1 0.3614583333333333 0.14907407407407408 0.041666666666666664 0.053703703703703705
1 0.9013020833333333 0.17777777777777778 0.03697916666666667 0.06296296296296296
1 0.40677083333333336 0.12314814814814815 0.029166666666666667 0.040740740740740744
1 0.671875 0.12638888888888888 0.021875 0.03981481481481482
1 0.26614583333333336 0.10416666666666667 0.025 0.03981481481481482
1 0.29609375 0.14351851851851852 0.0328125 0.05555555555555555
1 0.321875 0.16666666666666666 0.034375 0.05925925925925926
1 0.92265625 0.18981481481481483 0.025520833333333333 0.06111111111111111
1 0.16848958333333333 0.08564814814814815 0.0265625 0.028703703703703703
1 0.55703125 0.12546296296296297 0.024479166666666666 0.03981481481481482
1 0.5197916666666667 0.11527777777777778 0.027083333333333334 0.03796296296296296
1 0.24088541666666666 0.1476851851851852 0.034895833333333334 0.04351851851851852
1 0.45338541666666665 0.0837962962962963 0.018229166666666668 0.032407407407407406
1 0.7059895833333333 0.1310185185185185 0.030729166666666665 0.032407407407407406
1 0.6065104166666667 0.11990740740740741 0.03177083333333333 0.05277777777777778
1 0.4578125 0.23796296296296296 0.040625 0.06296296296296296
1 0.5841145833333333 0.1425925925925926 0.030729166666666665 0.04814814814814815
1 0.25052083333333336 0.17453703703703705 0.040625 0.05277777777777778
1 0.18880208333333334 0.23055555555555557 0.0421875 0.06666666666666667
1 0.23020833333333332 0.1361111111111111 0.036458333333333336 0.03888888888888889
1 0.5424479166666667 0.06666666666666667 0.022395833333333334 0.03148148148148148
1 0.7486979166666666 0.1476851851851852 0.03697916666666667 0.05648148148148148
1 0.69140625 0.18055555555555555 0.04010416666666667 0.06666666666666667
1 0.36380208333333336 0.23657407407407408 0.05260416666666667 0.0824074074074074
1 0.44765625 0.16064814814814815 0.0328125 0.03981481481481482
1 0.47161458333333334 0.2490740740740741 0.04114583333333333 0.06481481481481481
1 0.5830729166666667 0.07916666666666666 0.028645833333333332 0.026851851851851852
1 0.7072916666666667 0.19537037037037036 0.042708333333333334 0.05740740740740741
1 0.403125 0.30694444444444446 0.046875 0.0824074074074074
1 0.41458333333333336 0.07037037037037037 0.017708333333333333 0.022222222222222223
1 0.7200520833333334 0.13842592592592592 0.0265625 0.026851851851851852
1 0.32864583333333336 0.0712962962962963 0.019791666666666666 0.020370370370370372
1 0.4283854166666667 0.1388888888888889 0.025520833333333333 0.03518518518518519
1 0.18151041666666667 0.20555555555555555 0.043229166666666666 0.06851851851851852
1 0.26458333333333334 0.19768518518518519 0.046875 0.04537037037037037
1 0.5549479166666667 0.09351851851851851 0.018229166666666668 0.025925925925925925
1 0.6302083333333334 0.10648148148148148 0.022916666666666665 0.03888888888888889
1 0.3377604166666667 0.11944444444444445 0.0296875 0.03333333333333333
1 0.72265625 0.16574074074074074 0.0265625 0.037037037037037035
1 0.37916666666666665 0.10324074074074074 0.026041666666666668 0.04722222222222222
1 0.16770833333333332 0.15 0.03333333333333333 0.04259259259259259
1 0.5697916666666667 0.09953703703703703 0.021875 0.03425925925925926
1 0.771875 0.1787037037037037 0.03958333333333333 0.06481481481481481
1 0.396875 0.11527777777777778 0.027083333333333334 0.04537037037037037
1 0.403125 0.2800925925925926 0.05 0.08611111111111111
1 0.35260416666666666 0.4050925925925926 0.090625 0.14351851851851852
1 0.33984375 0.18935185185185185 0.03802083333333333 0.05462962962962963
1 0.4390625 0.07546296296296297 0.017708333333333333 0.032407407407407406
1 0.37005208333333334 0.2777777777777778 0.03697916666666667 0.07037037037037037
1 0.16744791666666667 0.18101851851851852 0.030729166666666665 0.06018518518518518
1 0.47213541666666664 0.09444444444444444 0.025520833333333333 0.03518518518518519
1 0.8828125 0.16666666666666666 0.0375 0.06481481481481481