3 0.9440104166666666 0.2740740740740741 0.0703125 0.10555555555555556
2 0.9135416666666667 0.18287037037037038 0.08645833333333333 0.18055555555555555
2 0.9393229166666667 0.1361111111111111 0.08489583333333334 0.1574074074074074
1 0.4583333333333333 0.7245370370370371 0.13541666666666666 0.18055555555555555
1 0.11614583333333334 0.4064814814814815 0.071875 0.0962962962962963
1 0.26979166666666665 0.9199074074074074 0.18541666666666667 0.15833333333333333
1 0.21588541666666666 0.6939814814814815 0.12760416666666666 0.16574074074074074
1 0.5213541666666667 0.30324074074074076 0.06145833333333333 0.0787037037037037
1 0.8583333333333333 0.8953703703703704 0.16458333333333333 0.2074074074074074
1 0.41953125 0.5601851851851852 0.10260416666666666 0.1388888888888889
1 0.3606770833333333 0.4615740740740741 0.0828125 0.11944444444444445
1 0.5075520833333333 0.4337962962962963 0.08177083333333333 0.11203703703703703
1 0.5809895833333333 0.3476851851851852 0.07135416666666666 0.09537037037037037
1 0.703125 0.19305555555555556 0.041666666666666664 0.058333333333333334
1 0.57734375 0.4949074074074074 0.09635416666666667 0.15462962962962962
1 0.18880208333333334 0.34814814814814815 0.06302083333333333 0.08888888888888889
1 0.7729166666666667 0.3712962962962963 0.07916666666666666 0.11666666666666667
1 0.9666666666666667 0.5092592592592593 0.065625 0.16666666666666666
1 0.47239583333333335 0.38333333333333336 0.07083333333333333 0.1
1 0.4088541666666667 0.12638888888888888 0.023958333333333335 0.03981481481481482
1 0.8744791666666667 0.5972222222222222 0.128125 0.2
1 0.49635416666666665 0.1824074074074074 0.040625 0.05555555555555555
1 0.4015625 0.2875 0.04583333333333333 0.07314814814814814
1 0.7940104166666667 0.2310185185185185 0.049479166666666664 0.06388888888888888
1 0.3078125 0.32685185185185184 0.07395833333333333 0.12407407407407407
1 0.45286458333333335 0.22824074074074074 0.03802083333333333 0.062037037037037036
1 0.5638020833333334 0.15324074074074073 0.034895833333333334 0.032407407407407406
1 0.6822916666666666 0.45231481481481484 0.08958333333333333 0.1175925925925926
1 0.65625 0.17083333333333334 0.03854166666666667 0.058333333333333334
1 0.38177083333333334 0.2513888888888889 0.053125 0.0824074074074074
1 0.175 0.1699074074074074 0.040625 0.05648148148148148
1 0.37395833333333334 0.1527777777777778 0.03333333333333333 0.05185185185185185
1 0.39010416666666664 0.17916666666666667 0.03125 0.04351851851851852
1 0.43411458333333336 0.30972222222222223 0.059895833333333336 0.10277777777777777
1 0.89609375 0.4388888888888889 0.1046875 0.14444444444444443
1 0.47317708333333336 0.1638888888888889 0.03697916666666667 0.05555555555555555
1 0.4395833333333333 0.21157407407407408 0.03958333333333333 0.06574074074074074
1 0.41484375 0.1925925925925926 0.03802083333333333 0.05740740740740741
1 0.69296875 0.15416666666666667 0.03802083333333333 0.05462962962962963
1 0.38958333333333334 0.10601851851851851 0.026041666666666668 0.03796296296296296
1 0.32760416666666664 0.18703703703703703 0.04479166666666667 0.06296296296296296
1 0.3614583333333333 0.22824074074074074 0.03854166666666667 0.075
1 0.5557291666666667 0.11990740740740741 0.021875 0.03611111111111111
1 0.16354166666666667 0.26805555555555555 0.04375 0.06759259259259259
1 0.7252604166666666 0.1398148148148148 0.027604166666666666 0.040740740740740744
1 0.21770833333333334 0.1726851851851852 0.046875 0.0712962962962963
1 0.5669270833333333 0.10787037037037037 0.03177083333333333 0.03981481481481482
1 0.7932291666666667 0.14583333333333334 0.035416666666666666 0.03796296296296296
1 0.7713541666666667 0.11666666666666667 0.03854166666666667 0.03148148148148148
1 0.49557291666666664 0.25324074074074077 0.0640625 0.08796296296296297
1 0.740625 0.3365740740740741 0.075 0.12685185185185185
1 0.18411458333333333 0.2967592592592593 0.05677083333333333 0.09351851851851851
1 0.6622395833333333 0.10648148148148148 0.0265625 0.03518518518518519
1 0.2734375 0.21712962962962962 0.046875 0.06018518518518518
1 0.5174479166666667 0.1259259259259259 0.019270833333333334 0.02962962962962963
1 0.6502604166666667 0.10138888888888889 0.019270833333333334 0.03425925925925926
1 0.86640625 0.1648148148148148 0.018229166666666668 0.06111111111111111
1 0.58828125 0.09583333333333334 0.024479166666666666 0.032407407407407406
1 0.15598958333333332 0.09722222222222222 0.025520833333333333 0.04259259259259259
1 0.9630208333333333 0.20879629629629629 0.016666666666666666 0.028703703703703703
1 0.26979166666666665 0.16157407407407406 0.034375 0.05277777777777778
1 0.3489583333333333 0.12361111111111112 0.036458333333333336 0.04351851851851852
1 0.4981770833333333 0.1162037037037037 0.025520833333333333 0.028703703703703703
1 0.6221354166666667 0.10601851851851851 0.024479166666666666 0.03611111111111111
1 0.43411458333333336 0.13842592592592592 0.0390625 0.062037037037037036
1 0.765625 0.7337962962962963 0.14479166666666668 0.23425925925925925
1 0.61796875 0.1486111111111111 0.04114583333333333 0.06574074074074074
1 0.3255208333333333 0.16527777777777777 0.03229166666666667 0.030555555555555555
1 0.7510416666666667 0.1787037037037037 0.040625 0.05555555555555555
1 0.6684895833333333 0.1337962962962963 0.03177083333333333 0.028703703703703703
1 0.80234375 0.1912037037037037 0.0328125 0.05648148148148148
1 0.49322916666666666 0.09027777777777778 0.020833333333333332 0.021296296296296296
1 0.2625 0.2550925925925926 0.022916666666666665 0.06574074074074074
1 0.5354166666666667 0.13194444444444445 0.03229166666666667 0.03611111111111111
1 0.34869791666666666 0.08009259259259259 0.022395833333333334 0.032407407407407406
1 0.2591145833333333 0.21296296296296297 0.0421875 0.07592592592592592
1 0.4401041666666667 0.09166666666666666 0.022916666666666665 0.027777777777777776
1 0.6127604166666667 0.08472222222222223 0.025520833333333333 0.03425925925925926
1 0.22864583333333333 0.11157407407407408 0.030208333333333334 0.04722222222222222
1 0.33203125 0.0699074074074074 0.016145833333333335 0.021296296296296296
1 0.17630208333333333 0.12083333333333333 0.0296875 0.03611111111111111
1 0.2708333333333333 0.1087962962962963 0.026041666666666668 0.041666666666666664
1 0.16484375 0.14629629629629629 0.025520833333333333 0.040740740740740744
1 0.5901041666666667 0.14305555555555555 0.019791666666666666 0.049074074074074076
1 0.15833333333333333 0.22314814814814815 0.03958333333333333 0.05555555555555555
1 0.46145833333333336 0.08564814814814815 0.022916666666666665 0.03796296296296296
1 0.21770833333333334 0.08703703703703704 0.030208333333333334 0.046296296296296294
1 0.17526041666666667 0.22870370370370371 0.0421875 0.046296296296296294
1 0.29453125 0.13333333333333333 0.03177083333333333 0.06481481481481481
1 0.2833333333333333 0.2652777777777778 0.04479166666666667 0.08981481481481482
1 0.3528645833333333 0.1388888888888889 0.0296875 0.04259259259259259
1 0.9934895833333334 0.21435185185185185 0.011979166666666667 0.05462962962962963
1 0.30885416666666665 0.2708333333333333 0.06354166666666666 0.07314814814814814