2 0.9651041666666667 0.2037037037037037 0.06875 0.19444444444444445
1 0.40546875 0.6069444444444444 0.11197916666666667 0.15092592592592594
1 0.6291666666666667 0.4023148148148148 0.08020833333333334 0.10462962962962963
1 0.22395833333333334 0.7652777777777777 0.15 0.1935185185185185
1 0.19921875 0.5828703703703704 0.1078125 0.1398148148148148
1 0.71640625 0.7282407407407407 0.13177083333333334 0.17685185185185184
1 0.5635416666666667 0.8888888888888888 0.16875 0.21481481481481482
1 0.94140625 0.662962962962963 0.11614583333333334 0.1685185185185185
1 0.8510416666666667 0.25601851851851853 0.053125 0.0712962962962963
1 0.4942708333333333 0.2777777777777778 0.058333333333333334 0.07222222222222222
1 0.34088541666666666 0.41064814814814815 0.0734375 0.10462962962962963
1 0.8481770833333333 0.850462962962963 0.16197916666666667 0.2324074074074074
1 0.7708333333333334 0.5060185185185185 0.10833333333333334 0.16944444444444445
1 0.74609375 0.21388888888888888 0.04635416666666667 0.06296296296296296
1 0.471875 0.38935185185185184 0.06666666666666667 0.10092592592592593
1 0.3888020833333333 0.4861111111111111 0.09010416666666667 0.12037037037037036
1 0.5479166666666667 0.3162037037037037 0.06354166666666666 0.08796296296296297
1 0.4752604166666667 0.1699074074074074 0.03802083333333333 0.05277777777777778
1 0.5265625 0.4351851851851852 0.08333333333333333 0.13703703703703704
1 0.15807291666666667 0.36712962962962964 0.0640625 0.09166666666666666
1 0.9825520833333333 0.7532407407407408 0.033854166666666664 0.19722222222222222
1 0.8744791666666667 0.43842592592592594 0.096875 0.14351851851851852
1 0.3953125 0.11944444444444445 0.01875 0.03518518518518519
1 0.18802083333333333 0.31805555555555554 0.05625 0.0787037037037037
1 0.44557291666666665 0.34675925925925927 0.0609375 0.09166666666666666
1 0.70703125 0.33194444444444443 0.06927083333333334 0.10462962962962963
1 0.8489583333333334 0.21296296296296297 0.04895833333333333 0.06296296296296296
1 0.3182291666666667 0.17731481481481481 0.040625 0.05648148148148148
1 0.803125 0.3787037037037037 0.08645833333333333 0.12037037037037036
1 0.3796875 0.2657407407407407 0.040625 0.06666666666666667
1 0.2986979166666667 0.30185185185185187 0.06822916666666666 0.11481481481481481
1 0.6635416666666667 0.6078703703703704 0.11979166666666667 0.18796296296296297
1 0.471875 0.23564814814814813 0.057291666666666664 0.0824074074074074
1 0.41354166666666664 0.28564814814814815 0.057291666666666664 0.09537037037037037
1 0.41875 0.13055555555555556 0.036458333333333336 0.05740740740740741
1 0.6856770833333333 0.9796296296296296 0.13697916666666668 0.03888888888888889
1 0.59140625 0.1699074074074074 0.03697916666666667 0.03611111111111111
1 0.37942708333333336 0.10277777777777777 0.0234375 0.03518518518518519
1 0.43645833333333334 0.21203703703703702 0.034375 0.053703703703703705
1 0.3692708333333333 0.23425925925925925 0.04895833333333333 0.07777777777777778
1 0.3609375 0.14629629629629629 0.03125 0.05
1 0.9143229166666667 0.17824074074074073 0.04114583333333333 0.06388888888888888
1 0.2390625 0.16111111111111112 0.029166666666666667 0.04814814814814815
1 0.6471354166666666 0.1125 0.0265625 0.03611111111111111
1 0.45703125 0.15462962962962962 0.033854166666666664 0.05555555555555555
1 0.5848958333333333 0.1162037037037037 0.03229166666666667 0.041666666666666664
1 0.39791666666666664 0.17916666666666667 0.035416666666666666 0.049074074074074076
1 0.69375 0.18703703703703703 0.041666666666666664 0.06481481481481481
1 0.8296875 0.1699074074074074 0.04479166666666667 0.06388888888888888
1 0.68984375 0.13564814814814816 0.030729166666666665 0.04722222222222222
1 0.6674479166666667 0.10787037037037037 0.0203125 0.03425925925925926
1 0.37864583333333335 0.1699074074074074 0.03125 0.04351851851851852
1 0.6825520833333333 0.300462962962963 0.06822916666666666 0.11203703703703703
1 0.68125 0.11296296296296296 0.027083333333333334 0.03518518518518519
1 0.16484375 0.25092592592592594 0.0421875 0.06296296296296296
1 0.19713541666666667 0.16435185185185186 0.043229166666666666 0.06574074074074074
1 0.34921875 0.21388888888888888 0.0359375 0.07037037037037037
1 0.4544270833333333 0.1 0.024479166666666666 0.02962962962962963
1 0.7833333333333333 0.18333333333333332 0.04583333333333333 0.07962962962962963
1 0.2669270833333333 0.10462962962962963 0.024479166666666666 0.03888888888888889
1 0.7309895833333333 0.1699074074074074 0.03802083333333333 0.06018518518518518
1 0.5744791666666667 0.13240740740740742 0.028125 0.03888888888888889
1 0.2875 0.11666666666666667 0.03125 0.040740740740740744
1 0.42239583333333336 0.19907407407407407 0.0375 0.06296296296296296
1 0.7546875 0.15231481481481482 0.026041666666666668 0.04351851851851852
1 0.27578125 0.15787037037037038 0.033854166666666664 0.05648148148148148
1 0.5611979166666666 0.1486111111111111 0.033854166666666664 0.041666666666666664
1 0.5169270833333334 0.13055555555555556 0.0265625 0.03148148148148148
1 0.259375 0.2388888888888889 0.030208333333333334 0.06481481481481481
1 0.61875 0.15324074074074073 0.027083333333333334 0.04537037037037037
1 0.5265625 0.08888888888888889 0.01875 0.022222222222222223
1 0.6270833333333333 0.12129629629629629 0.027083333333333334 0.024074074074074074
1 0.23515625 0.1361111111111111 0.0328125 0.040740740740740744
1 0.55390625 0.09675925925925925 0.019270833333333334 0.032407407407407406
1 0.26979166666666665 0.2 0.04479166666666667 0.04814814814814815
1 0.50703125 0.09768518518518518 0.021354166666666667 0.021296296296296296
1 0.8046875 0.1361111111111111 0.041666666666666664 0.05185185185185185
1 0.16640625 0.2023148148148148 0.0328125 0.03425925925925926
1 0.6299479166666667 0.0912037037037037 0.0234375 0.03796296296296296
1 0.7015625 0.15185185185185185 0.034375 0.03518518518518519
1 0.48541666666666666 0.1125 0.019791666666666666 0.026851851851851852
1 0.34140625 0.125 0.03177083333333333 0.05
1 0.15703125 0.0962962962962963 0.024479166666666666 0.04259259259259259
1 0.6072916666666667 0.10185185185185185 0.025 0.03333333333333333
1 0.6263020833333334 0.16064814814814815 0.018229166666666668 0.058333333333333334
1 0.16380208333333332 0.14074074074074075 0.025520833333333333 0.040740740740740744
1 0.2875 0.2537037037037037 0.06770833333333333 0.07592592592592592
1 0.6481770833333333 0.16574074074074074 0.044270833333333336 0.06851851851851852
1 0.21536458333333333 0.08842592592592592 0.028645833333333332 0.041666666666666664
1 0.1796875 0.2777777777777778 0.04895833333333333 0.09074074074074075
1 0.17994791666666668 0.21712962962962962 0.0421875 0.04351851851851852
1 0.34375 0.0787037037037037 0.01875 0.03148148148148148
1 0.2552083333333333 0.19953703703703704 0.03854166666666667 0.07314814814814814