2 0.8958333333333334 0.15185185185185185 0.07604166666666666 0.16296296296296298
2 0.771875 0.12453703703703704 0.06875 0.125
2 0.8341145833333333 0.5069444444444444 0.1421875 0.2861111111111111
1 0.17604166666666668 0.7023148148148148 0.12604166666666666 0.1527777777777778
1 0.6947916666666667 0.44722222222222224 0.08854166666666667 0.1111111111111111
1 0.5981770833333333 0.9356481481481481 0.17552083333333332 0.12685185185185185
1 0.4125 0.5694444444444444 0.10416666666666667 0.14074074074074075
1 0.5997395833333333 0.5555555555555556 0.10885416666666667 0.14444444444444443
1 0.35260416666666666 0.3138888888888889 0.0625 0.08148148148148149
1 0.6802083333333333 0.3365740740740741 0.06666666666666667 0.09166666666666666
1 0.7463541666666667 0.5180555555555556 0.04791666666666667 0.13240740740740742
1 0.5346354166666667 0.3106481481481482 0.06302083333333333 0.08425925925925926
1 0.5979166666666667 0.3587962962962963 0.06770833333333333 0.09537037037037037
1 0.19322916666666667 0.31296296296296294 0.058333333333333334 0.07962962962962963
1 0.9424479166666667 0.3013888888888889 0.0671875 0.08055555555555556
1 0.5885416666666666 0.16666666666666666 0.035416666666666666 0.03888888888888889
1 0.5700520833333333 0.48657407407407405 0.08489583333333334 0.12685185185185185
1 0.64453125 0.2935185185185185 0.06510416666666667 0.08888888888888889
1 0.31614583333333335 0.35324074074074074 0.06770833333333333 0.08796296296296297
1 0.37890625 0.4875 0.11927083333333334 0.16944444444444445
1 0.8830729166666667 0.3023148148148148 0.06822916666666666 0.07314814814814814
1 0.27421875 0.2449074074074074 0.0453125 0.06018518518518518
1 0.9869791666666666 0.7773148148148148 0.025 0.24537037037037038
1 0.20130208333333333 0.5694444444444444 0.09114583333333333 0.14444444444444443
1 0.684375 0.18472222222222223 0.040625 0.05092592592592592
1 0.459375 0.3837962962962963 0.08645833333333333 0.13425925925925927
1 0.48515625 0.26990740740740743 0.0453125 0.07314814814814814
1 0.46979166666666666 0.1712962962962963 0.0375 0.05925925925925926
1 0.8924479166666667 0.25416666666666665 0.0515625 0.049074074074074076
1 0.7734375 0.21944444444444444 0.051041666666666666 0.08148148148148149
1 0.5669270833333333 0.13472222222222222 0.0328125 0.04537037037037037
1 0.7432291666666667 0.17546296296296296 0.03854166666666667 0.06388888888888888
1 0.4200520833333333 0.13518518518518519 0.0328125 0.046296296296296294
1 0.6440104166666667 0.19305555555555556 0.04114583333333333 0.041666666666666664
1 0.38723958333333336 0.25972222222222224 0.0578125 0.08796296296296297
1 0.5091145833333334 0.28425925925925927 0.0515625 0.08333333333333333
1 0.453125 0.2273148148148148 0.046875 0.0787037037037037
1 0.19036458333333334 0.2518518518518518 0.04635416666666667 0.07037037037037037
1 0.4317708333333333 0.3476851851851852 0.057291666666666664 0.09537037037037037
1 0.240625 0.8097222222222222 0.13333333333333333 0.18055555555555555
1 0.41901041666666666 0.31666666666666665 0.059895833333333336 0.1
1 0.28828125 0.12546296296296297 0.0296875 0.05092592592592592
1 0.359375 0.23055555555555557 0.03854166666666667 0.06296296296296296
1 0.3611979166666667 0.15138888888888888 0.0296875 0.041666666666666664
1 0.26875 0.2162037037037037 0.04583333333333333 0.049074074074074076
1 0.6729166666666667 0.1175925925925926 0.025 0.03148148148148148
1 0.4786458333333333 0.09351851851851851 0.030208333333333334 0.04259259259259259
1 0.7153645833333333 0.15694444444444444 0.03697916666666667 0.058333333333333334
1 0.9375 0.18194444444444444 0.017708333333333333 0.06944444444444445
1 0.24010416666666667 0.15694444444444444 0.028125 0.04722222222222222
1 0.4127604166666667 0.1875 0.044270833333333336 0.05648148148148148
1 0.4080729166666667 0.12546296296296297 0.0296875 0.05092592592592592
1 0.42994791666666665 0.2111111111111111 0.03697916666666667 0.05925925925925926
1 0.6447916666666667 0.1125 0.029166666666666667 0.03981481481481482
1 0.8401041666666667 0.15231481481481482 0.035416666666666666 0.06018518518518518
1 0.6111979166666667 0.11898148148148148 0.03802083333333333 0.05648148148148148
1 0.44609375 0.15648148148148147 0.0296875 0.046296296296296294
1 0.25494791666666666 0.18796296296296297 0.043229166666666666 0.053703703703703705
1 0.33541666666666664 0.07407407407407407 0.021875 0.02962962962962963
1 0.3484375 0.13055555555555556 0.029166666666666667 0.037037037037037035
1 0.32838541666666665 0.18287037037037038 0.0359375 0.06388888888888888
1 0.271875 0.10925925925925926 0.025 0.04259259259259259
1 0.34921875 0.20555555555555555 0.0421875 0.06111111111111111
1 0.6747395833333333 0.14583333333333334 0.0296875 0.030555555555555555
1 0.23255208333333333 0.13703703703703704 0.0359375 0.05185185185185185
1 0.49947916666666664 0.10555555555555556 0.028125 0.03518518518518519
1 0.19322916666666667 0.47638888888888886 0.09166666666666666 0.14166666666666666
1 0.39296875 0.10925925925925926 0.027604166666666666 0.04814814814814815
1 0.3796875 0.16203703703703703 0.03958333333333333 0.05555555555555555
1 0.4041666666666667 0.06666666666666667 0.020833333333333332 0.022222222222222223
1 0.85 0.16203703703703703 0.022916666666666665 0.05925925925925926
1 0.5625 0.07314814814814814 0.027083333333333334 0.025925925925925925
1 0.45416666666666666 0.08425925925925926 0.023958333333333335 0.03333333333333333
1 0.70703125 0.13194444444444445 0.034895833333333334 0.05092592592592592
1 0.52421875 0.11342592592592593 0.0203125 0.04351851851851852
1 0.16666666666666666 0.09074074074074075 0.029166666666666667 0.03333333333333333
1 0.58125 0.10740740740740741 0.029166666666666667 0.046296296296296294
1 0.1703125 0.15787037037037038 0.034375 0.04351851851851852
1 0.5552083333333333 0.125 0.022916666666666665 0.04259259259259259
1 0.60390625 0.09212962962962963 0.022395833333333334 0.025
1 0.17083333333333334 0.13518518518518519 0.03125 0.02962962962962963
1 0.3065104166666667 0.15601851851851853 0.0328125 0.05648148148148148
1 0.3328125 0.12083333333333333 0.022916666666666665 0.03425925925925926
1 0.6604166666666667 0.1675925925925926 0.03333333333333333 0.046296296296296294
1 0.8747395833333333 0.2263888888888889 0.049479166666666664 0.06759259259259259
1 0.6841145833333333 0.12731481481481483 0.0203125 0.032407407407407406
1 0.4375 0.07546296296296297 0.017708333333333333 0.030555555555555555
1 0.21119791666666668 0.10416666666666667 0.0234375 0.03796296296296296
1 0.64296875 0.1550925925925926 0.034895833333333334 0.05648148148148148
1 0.55546875 0.09351851851851851 0.024479166666666666 0.03333333333333333
1 0.5356770833333333 0.08472222222222223 0.022395833333333334 0.021296296296296296
1 0.17994791666666668 0.2324074074074074 0.043229166666666666 0.06296296296296296
1 0.17630208333333333 0.19444444444444445 0.04739583333333333 0.06481481481481481
1 0.9934895833333334 0.2810185185185185 0.011979166666666667 0.07314814814814814