2 0.9138020833333333 0.16527777777777777 0.09010416666666667 0.1527777777777778
2 0.5809895833333333 0.29305555555555557 0.08697916666666666 0.16944444444444445
2 0.8296875 0.10092592592592593 0.06354166666666666 0.09259259259259259
1 0.8848958333333333 0.30648148148148147 0.06458333333333334 0.06851851851851852
1 0.47109375 0.9518518518518518 0.19635416666666666 0.09444444444444444
1 0.69453125 0.6675925925925926 0.12864583333333332 0.16666666666666666
1 0.81953125 0.575462962962963 0.11302083333333333 0.14537037037037037
1 0.646875 0.38842592592592595 0.08958333333333333 0.14722222222222223
1 0.50546875 0.28564814814814815 0.05260416666666667 0.0712962962962963
1 0.19947916666666668 0.4513888888888889 0.075 0.09907407407407408
1 0.5734375 0.5314814814814814 0.09375 0.13148148148148148
1 0.43776041666666665 0.33101851851851855 0.06197916666666667 0.08796296296296297
1 0.321875 0.33935185185185185 0.065625 0.08611111111111111
1 0.9291666666666667 0.27314814814814814 0.059375 0.07407407407407407
1 0.89375 0.4726851851851852 0.10104166666666667 0.125
1 0.5348958333333333 0.47453703703703703 0.08645833333333333 0.10833333333333334
1 0.8208333333333333 0.8490740740740741 0.16458333333333333 0.2759259259259259
1 0.37916666666666665 0.500462962962963 0.09270833333333334 0.14722222222222223
1 0.5252604166666667 0.31157407407407406 0.034895833333333334 0.08055555555555556
1 0.4669270833333333 0.24166666666666667 0.044270833333333336 0.06666666666666667
1 0.4114583333333333 0.29907407407407405 0.05 0.08148148148148149
1 0.84296875 0.2490740740740741 0.05364583333333333 0.07592592592592592
1 0.19375 0.40694444444444444 0.07395833333333333 0.09166666666666666
1 0.6802083333333333 0.1884259259259259 0.041666666666666664 0.05648148148148148
1 0.35104166666666664 0.4638888888888889 0.06979166666666667 0.11296296296296296
1 0.7651041666666667 0.2513888888888889 0.058333333333333334 0.04722222222222222
1 0.5739583333333333 0.14074074074074075 0.03125 0.03888888888888889
1 0.26901041666666664 0.2449074074074074 0.04739583333333333 0.06388888888888888
1 0.4388020833333333 0.2175925925925926 0.0453125 0.05925925925925926
1 0.253125 0.18425925925925926 0.035416666666666666 0.05
1 0.5171875 0.2037037037037037 0.04479166666666667 0.06851851851851852
1 0.39088541666666665 0.25462962962962965 0.05677083333333333 0.0962962962962963
1 0.5440104166666667 0.22546296296296298 0.0390625 0.06574074074074074
1 0.44375 0.07962962962962963 0.023958333333333335 0.03148148148148148
1 0.609375 0.1527777777777778 0.034375 0.05185185185185185
1 0.35546875 0.24814814814814815 0.0296875 0.06666666666666667
1 0.40625 0.12453703703703704 0.041666666666666664 0.05092592592592592
1 0.18984375 0.14583333333333334 0.0265625 0.03981481481481482
1 0.30494791666666665 0.3023148148148148 0.06822916666666666 0.10648148148148148
1 0.17526041666666667 0.34629629629629627 0.058854166666666666 0.0962962962962963
1 0.3296875 0.20601851851851852 0.042708333333333334 0.04537037037037037
1 0.665625 0.17453703703703705 0.036458333333333336 0.05462962962962963
1 0.41770833333333335 0.1912037037037037 0.03958333333333333 0.03981481481481482
1 0.215625 0.11064814814814815 0.030208333333333334 0.049074074074074076
1 0.3927083333333333 0.15648148148148147 0.035416666666666666 0.044444444444444446
1 0.5106770833333333 0.11064814814814815 0.0171875 0.03796296296296296
1 0.9630208333333333 0.25 0.05416666666666667 0.08703703703703704
1 0.346875 0.12731481481481483 0.03125 0.04722222222222222
1 0.328125 0.11805555555555555 0.020833333333333332 0.03425925925925926
1 0.2838541666666667 0.12407407407407407 0.030208333333333334 0.044444444444444446
1 0.18802083333333333 0.30277777777777776 0.052083333333333336 0.1
1 0.24401041666666667 0.1685185185185185 0.04114583333333333 0.044444444444444446
1 0.31145833333333334 0.15833333333333333 0.03958333333333333 0.046296296296296294
1 0.25625 0.09166666666666666 0.021875 0.03518518518518519
1 0.315625 0.1050925925925926 0.035416666666666666 0.03425925925925926
1 0.640625 0.16064814814814815 0.0375 0.06388888888888888
1 0.7453125 0.1527777777777778 0.017708333333333333 0.044444444444444446
1 0.18333333333333332 0.1875 0.03958333333333333 0.05092592592592592
1 0.26953125 0.10277777777777777 0.0296875 0.03888888888888889
1 0.3567708333333333 0.0837962962962963 0.023958333333333335 0.03611111111111111
1 0.48515625 0.09814814814814815 0.0171875 0.03518518518518519
1 0.46901041666666665 0.08657407407407407 0.0203125 0.03796296296296296
1 0.23098958333333333 0.12731481481481483 0.03177083333333333 0.03796296296296296
1 0.16770833333333332 0.12731481481481483 0.03125 0.03796296296296296
1 0.37552083333333336 0.09907407407407408 0.03125 0.04259259259259259
1 0.6864583333333333 0.11527777777777778 0.027083333333333334 0.026851851851851852
1 0.3690104166666667 0.14722222222222223 0.033854166666666664 0.05
1 0.8036458333333333 0.1675925925925926 0.03333333333333333 0.06111111111111111
1 0.35651041666666666 0.22361111111111112 0.05260416666666667 0.06574074074074074
1 0.41770833333333335 0.07083333333333333 0.016666666666666666 0.026851851851851852
1 0.2989583333333333 0.1439814814814815 0.030208333333333334 0.05092592592592592
1 0.8143229166666667 0.1726851851851852 0.0328125 0.041666666666666664
1 0.38567708333333334 0.1925925925925926 0.04114583333333333 0.03148148148148148
1 0.6395833333333333 0.1050925925925926 0.023958333333333335 0.017592592592592594
1 0.9877604166666667 0.22592592592592592 0.0234375 0.07777777777777778
1 0.8442708333333333 0.20092592592592592 0.025 0.027777777777777776
1 0.6671875 0.12962962962962962 0.036458333333333336 0.03888888888888889
1 0.18645833333333334 0.22175925925925927 0.041666666666666664 0.06759259259259259