2 0.9080729166666667 0.1625 0.08802083333333334 0.15092592592592594
2 0.58671875 0.2962962962962963 0.08802083333333334 0.17222222222222222
2 0.8265625 0.09953703703703703 0.06354166666666666 0.08981481481481482
1 0.7088541666666667 0.6856481481481481 0.13125 0.17314814814814813
1 0.8346354166666666 0.5888888888888889 0.11510416666666666 0.15
1 0.875 0.3023148148148148 0.06354166666666666 0.06944444444444445
1 0.58125 0.5421296296296296 0.09479166666666666 0.13425925925925927
1 0.5104166666666666 0.2875 0.05520833333333333 0.07314814814814814
1 0.19973958333333333 0.45694444444444443 0.07552083333333333 0.10277777777777777
1 0.44244791666666666 0.33425925925925926 0.0640625 0.08888888888888889
1 0.32265625 0.3435185185185185 0.06302083333333333 0.08888888888888889
1 0.4744791666666667 0.9703703703703703 0.15729166666666666 0.05740740740740741
1 0.5434895833333333 0.48148148148148145 0.08802083333333334 0.11296296296296296
1 0.67578125 0.18611111111111112 0.04114583333333333 0.05740740740740741
1 0.3541666666666667 0.4722222222222222 0.071875 0.11851851851851852
1 0.9169270833333333 0.26851851851851855 0.058854166666666666 0.07037037037037037
1 0.38255208333333335 0.5092592592592593 0.09427083333333333 0.15185185185185185
1 0.7552083333333334 0.24583333333333332 0.05416666666666667 0.04722222222222222
1 0.6541666666666667 0.3939814814814815 0.090625 0.14907407407407408
1 0.83515625 0.24583333333333332 0.05260416666666667 0.07314814814814814
1 0.46848958333333335 0.24351851851851852 0.044270833333333336 0.06666666666666667
1 0.41484375 0.30324074074074076 0.0515625 0.0824074074074074
1 0.53046875 0.3148148148148148 0.0359375 0.08148148148148149
1 0.26901041666666664 0.24768518518518517 0.049479166666666664 0.06574074074074074
1 0.84609375 0.8652777777777778 0.1703125 0.2675925925925926
1 0.30703125 0.3050925925925926 0.06927083333333334 0.11018518518518519
1 0.19322916666666667 0.4115740740740741 0.075 0.09537037037037037
1 0.25416666666666665 0.18472222222222223 0.035416666666666666 0.05092592592592592
1 0.9091145833333333 0.48333333333333334 0.10260416666666666 0.12777777777777777
1 0.44140625 0.21944444444444444 0.04635416666666667 0.06111111111111111
1 0.52109375 0.20555555555555555 0.04635416666666667 0.06851851851851852
1 0.5486979166666667 0.22777777777777777 0.04114583333333333 0.06296296296296296
1 0.4427083333333333 0.07777777777777778 0.022916666666666665 0.03333333333333333
1 0.33151041666666664 0.19490740740740742 0.044270833333333336 0.06944444444444445
1 0.60546875 0.15138888888888888 0.033854166666666664 0.05092592592592592
1 0.3932291666666667 0.2569444444444444 0.05625 0.09907407407407408
1 0.5708333333333333 0.1388888888888889 0.03125 0.03888888888888889
1 0.95390625 0.24675925925925926 0.05364583333333333 0.08425925925925926
1 0.4080729166666667 0.12546296296296297 0.04114583333333333 0.05277777777777778
1 0.18880208333333334 0.14722222222222223 0.0265625 0.03888888888888889
1 0.18723958333333332 0.2273148148148148 0.0421875 0.06018518518518518
1 0.21666666666666667 0.11296296296296296 0.030208333333333334 0.05
1 0.17578125 0.3509259259259259 0.058854166666666666 0.09444444444444444
1 0.9778645833333334 0.17824074074074073 0.043229166666666666 0.04537037037037037
1 0.34791666666666665 0.1287037037037037 0.030208333333333334 0.04814814814814815
1 0.66171875 0.1726851851851852 0.0359375 0.05648148148148148
1 0.98125 0.225 0.036458333333333336 0.07777777777777778
1 0.1828125 0.18564814814814815 0.041666666666666664 0.05092592592592592
1 0.28463541666666664 0.12453703703703704 0.030729166666666665 0.04537037037037037
1 0.39479166666666665 0.15925925925925927 0.036458333333333336 0.044444444444444446
1 0.31588541666666664 0.1763888888888889 0.0296875 0.049074074074074076
1 0.7408854166666666 0.15092592592592594 0.0171875 0.044444444444444446
1 0.3294270833333333 0.11898148148148148 0.0203125 0.03425925925925926
1 0.32057291666666665 0.10601851851851851 0.0296875 0.032407407407407406
1 0.3575520833333333 0.08425925925925926 0.0234375 0.037037037037037035
1 0.2565104166666667 0.09305555555555556 0.022395833333333334 0.03796296296296296
1 0.41901041666666666 0.19490740740740742 0.03697916666666667 0.04722222222222222
1 0.23098958333333333 0.12824074074074074 0.030729166666666665 0.03796296296296296
1 0.16953125 0.16111111111111112 0.04114583333333333 0.04259259259259259
1 0.30026041666666664 0.14537037037037037 0.0296875 0.05185185185185185
1 0.41510416666666666 0.07083333333333333 0.015625 0.026851851851851852
1 0.37838541666666664 0.10092592592592593 0.0328125 0.04259259259259259
1 0.8 0.16296296296296298 0.029166666666666667 0.053703703703703705
1 0.8096354166666667 0.16898148148148148 0.03177083333333333 0.03796296296296296
1 0.63671875 0.10648148148148148 0.024479166666666666 0.020370370370370372
1 0.24505208333333334 0.1685185185185185 0.0421875 0.046296296296296294
1 0.6364583333333333 0.16018518518518518 0.036458333333333336 0.06296296296296296
1 0.3885416666666667 0.19398148148148148 0.036458333333333336 0.028703703703703703
1 0.37083333333333335 0.1486111111111111 0.034375 0.049074074074074076
1 0.6190104166666667 0.08981481481481482 0.028645833333333332 0.03148148148148148
1 0.6838541666666667 0.1125 0.027083333333333334 0.025
1 0.31666666666666665 0.06574074074074074 0.017708333333333333 0.014814814814814815
1 0.8174479166666667 0.2263888888888889 0.0640625 0.0824074074074074
1 0.4674479166666667 0.08657407407407407 0.021354166666666667 0.03796296296296296
1 0.35859375 0.2490740740740741 0.03177083333333333 0.06666666666666667
1 0.1671875 0.12824074074074074 0.03125 0.03796296296296296
1 0.3572916666666667 0.22453703703703703 0.053125 0.06574074074074074
1 0.31276041666666665 0.1587962962962963 0.04114583333333333 0.04722222222222222
1 0.2703125 0.10277777777777777 0.030208333333333334 0.040740740740740744
1 0.4861979166666667 0.09259259259259259 0.022395833333333334 0.04259259259259259
1 0.18072916666666666 0.3050925925925926 0.06875 0.10092592592592593