2 0.9674479166666666 0.17453703703703705 0.0640625 0.1824074074074074
2 0.8184895833333333 0.13842592592592592 0.06822916666666666 0.13240740740740742
2 0.72109375 0.4078703703703704 0.11927083333333334 0.22685185185185186
2 0.7583333333333333 0.08657407407407407 0.05416666666666667 0.08425925925925926
1 0.7731770833333333 0.7620370370370371 0.13802083333333334 0.18333333333333332
1 0.6153645833333333 0.37175925925925923 0.07447916666666667 0.09351851851851851
1 0.8744791666666667 0.9143518518518519 0.16770833333333332 0.16944444444444445
1 0.2903645833333333 0.3087962962962963 0.059895833333333336 0.07685185185185185
1 0.21354166666666666 0.6324074074074074 0.10520833333333333 0.14074074074074075
1 0.4557291666666667 0.7097222222222223 0.12604166666666666 0.17314814814814813
1 0.6432291666666666 0.4217592592592593 0.04895833333333333 0.10648148148148148
1 0.3729166666666667 0.4615740740740741 0.0875 0.11574074074074074
1 0.184375 0.5625 0.09895833333333333 0.12314814814814815
1 0.97734375 0.3148148148148148 0.044270833333333336 0.08888888888888889
1 0.6182291666666667 0.28888888888888886 0.05520833333333333 0.07777777777777778
1 0.5333333333333333 0.3074074074074074 0.058333333333333334 0.07962962962962963
1 0.4973958333333333 0.27037037037037037 0.05625 0.07222222222222222
1 0.6364583333333333 0.19212962962962962 0.040625 0.03981481481481482
1 0.19244791666666666 0.2763888888888889 0.050520833333333334 0.075
1 0.5184895833333333 0.44814814814814813 0.08072916666666667 0.11851851851851852
1 0.52734375 0.812037037037037 0.1546875 0.24814814814814815
1 0.60234375 0.15185185185185185 0.034895833333333334 0.04814814814814815
1 0.7161458333333334 0.22870370370370371 0.04479166666666667 0.05740740740740741
1 0.5033854166666667 0.3990740740740741 0.06927083333333334 0.1037037037037037
1 0.4317708333333333 0.32592592592592595 0.07083333333333333 0.11851851851851852
1 0.85 0.25277777777777777 0.058333333333333334 0.09074074074074075
1 0.2671875 0.2212962962962963 0.040625 0.05555555555555555
1 0.75 0.2101851851851852 0.0375 0.05740740740740741
1 0.84140625 0.5712962962962963 0.1296875 0.2111111111111111
1 0.5888020833333333 0.2569444444444444 0.0578125 0.0824074074074074
1 0.8080729166666667 0.19907407407407407 0.04114583333333333 0.07222222222222222
1 0.3697916666666667 0.27685185185185185 0.035416666666666666 0.06666666666666667
1 0.64609375 0.13194444444444445 0.03802083333333333 0.06018518518518518
1 0.6736979166666667 0.12731481481481483 0.022395833333333334 0.03796296296296296
1 0.3411458333333333 0.20925925925925926 0.034375 0.05740740740740741
1 0.9697916666666667 0.2601851851851852 0.058333333333333334 0.07592592592592592
1 0.1875 0.3921296296296296 0.078125 0.11018518518518519
1 0.18958333333333333 0.46435185185185185 0.078125 0.11203703703703703
1 0.3958333333333333 0.1736111111111111 0.03854166666666667 0.05648148148148148
1 0.521875 0.1175925925925926 0.028125 0.03333333333333333
1 0.40520833333333334 0.12222222222222222 0.029166666666666667 0.040740740740740744
1 0.45703125 0.2375 0.04114583333333333 0.062037037037037036
1 0.49713541666666666 0.10185185185185185 0.030729166666666665 0.046296296296296294
1 0.24947916666666667 0.17314814814814813 0.03958333333333333 0.05185185185185185
1 0.5856770833333333 0.14305555555555555 0.0296875 0.04722222222222222
1 0.9036458333333334 0.17824074074074073 0.036458333333333336 0.062037037037037036
1 0.29635416666666664 0.14305555555555555 0.03333333333333333 0.05462962962962963
1 0.40911458333333334 0.1925925925925926 0.030729166666666665 0.05740740740740741
1 0.46979166666666666 0.24861111111111112 0.041666666666666664 0.06388888888888888
1 0.3619791666666667 0.1476851851851852 0.03958333333333333 0.05462962962962963
1 0.26510416666666664 0.10277777777777777 0.023958333333333335 0.040740740740740744
1 0.35130208333333335 0.4009259259259259 0.09010416666666667 0.1425925925925926
1 0.24036458333333333 0.14629629629629629 0.0359375 0.044444444444444446
1 0.7078125 0.1310185185185185 0.03125 0.03425925925925926
1 0.47317708333333336 0.09583333333333334 0.024479166666666666 0.03611111111111111
1 0.403125 0.2912037037037037 0.05 0.10833333333333334
1 0.43463541666666666 0.20324074074074075 0.04114583333333333 0.0712962962962963
1 0.6080729166666666 0.11990740740740741 0.03177083333333333 0.05277777777777778
1 0.16822916666666668 0.08611111111111111 0.028125 0.02962962962962963
1 0.5572916666666666 0.1259259259259259 0.025 0.040740740740740744
1 0.22890625 0.12731481481481483 0.034895833333333334 0.05462962962962963
1 0.4549479166666667 0.08333333333333333 0.018229166666666668 0.03148148148148148
1 0.75078125 0.1476851851851852 0.03697916666666667 0.05462962962962963
1 0.18854166666666666 0.22916666666666666 0.041666666666666664 0.06388888888888888
1 0.3223958333333333 0.16620370370370371 0.035416666666666666 0.06018518518518518
1 0.37864583333333335 0.10324074074074074 0.026041666666666668 0.049074074074074076
1 0.5841145833333333 0.0824074074074074 0.0296875 0.03148148148148148
1 0.721875 0.13842592592592592 0.026041666666666668 0.026851851851851852
1 0.7247395833333333 0.16620370370370371 0.0265625 0.03611111111111111
1 0.4158854166666667 0.07083333333333333 0.018229166666666668 0.023148148148148147
1 0.36302083333333335 0.2351851851851852 0.052083333333333336 0.08148148148148149
1 0.16640625 0.18101851851851852 0.0296875 0.06018518518518518
1 0.6317708333333333 0.10601851851851851 0.022916666666666665 0.03796296296296296
1 0.71015625 0.19814814814814816 0.0421875 0.05555555555555555
1 0.54375 0.06620370370370371 0.020833333333333332 0.030555555555555555
1 0.6934895833333333 0.1814814814814815 0.0390625 0.06851851851851852
1 0.3971354166666667 0.11481481481481481 0.027604166666666666 0.046296296296296294
1 0.5809895833333333 0.12962962962962962 0.033854166666666664 0.05740740740740741
1 0.18151041666666667 0.20972222222222223 0.0421875 0.058333333333333334
1 0.8848958333333333 0.16712962962962963 0.0375 0.06388888888888888
1 0.3380208333333333 0.11851851851851852 0.028125 0.03333333333333333
1 0.16666666666666666 0.1476851851851852 0.03229166666666667 0.04351851851851852
1 0.26328125 0.19814814814814816 0.0453125 0.046296296296296294
1 0.3390625 0.18888888888888888 0.03854166666666667 0.05740740740740741
1 0.32760416666666664 0.0712962962962963 0.020833333333333332 0.020370370370370372
1 0.4395833333333333 0.07407407407407407 0.019791666666666666 0.03518518518518519
1 0.44635416666666666 0.15555555555555556 0.034375 0.04814814814814815
1 0.4276041666666667 0.14027777777777778 0.026041666666666668 0.03981481481481482
1 0.7752604166666667 0.17777777777777778 0.04010416666666667 0.06296296296296296
1 0.9255208333333333 0.18425925925925926 0.028125 0.07222222222222222
1 0.3953125 0.30694444444444446 0.03229166666666667 0.0787037037037037