2 0.87109375 0.14629629629629629 0.07239583333333334 0.15925925925925927
2 0.8997395833333334 0.5587962962962963 0.1671875 0.31574074074074077
1 0.19166666666666668 0.7736111111111111 0.13854166666666667 0.16574074074074074
1 0.7346354166666667 0.4842592592592593 0.0953125 0.12037037037037036
1 0.7166666666666667 0.3592592592592593 0.07083333333333333 0.0962962962962963
1 0.6393229166666666 0.6083333333333333 0.1171875 0.15925925925925927
1 0.7986979166666667 0.5643518518518519 0.05572916666666667 0.14351851851851852
1 0.43515625 0.6231481481481481 0.1140625 0.1537037037037037
1 0.5520833333333334 0.3263888888888889 0.06666666666666667 0.08796296296296297
1 0.19088541666666667 0.3277777777777778 0.059895833333333336 0.08703703703703704
1 0.6244791666666667 0.3824074074074074 0.07291666666666667 0.10185185185185185
1 0.9046875 0.28379629629629627 0.06458333333333334 0.07685185185185185
1 0.6770833333333334 0.3101851851851852 0.06875 0.09444444444444444
1 0.38958333333333334 0.5314814814814814 0.12291666666666666 0.18518518518518517
1 0.3260416666666667 0.375 0.071875 0.09444444444444444
1 0.828125 0.28194444444444444 0.0625 0.06759259259259259
1 0.621875 0.18425925925925926 0.040625 0.040740740740740744
1 0.3419270833333333 0.3333333333333333 0.06614583333333333 0.08518518518518518
1 0.49895833333333334 0.28194444444444444 0.04791666666666667 0.0787037037037037
1 0.9731770833333333 0.36898148148148147 0.05260416666666667 0.09537037037037037
1 0.4317708333333333 0.33287037037037037 0.06145833333333333 0.10648148148148148
1 0.47760416666666666 0.4111111111111111 0.09375 0.14814814814814814
1 0.2796875 0.2550925925925926 0.04583333333333333 0.062037037037037036
1 0.39791666666666664 0.274537037037037 0.06041666666666667 0.09166666666666666
1 0.48463541666666665 0.1787037037037037 0.0390625 0.06111111111111111
1 0.21510416666666668 0.6189814814814815 0.10520833333333333 0.15833333333333333
1 0.8455729166666667 0.2162037037037037 0.0484375 0.06388888888888888
1 0.5731770833333333 0.15925925925925927 0.0328125 0.040740740740740744
1 0.45651041666666664 0.16203703703703703 0.0296875 0.044444444444444446
1 0.75 0.2111111111111111 0.046875 0.07592592592592592
1 0.3684895833333333 0.24027777777777778 0.04010416666666667 0.06574074074074074
1 0.44947916666666665 0.3685185185185185 0.06145833333333333 0.1
1 0.4200520833333333 0.1962962962962963 0.04635416666666667 0.06296296296296296
1 0.6671875 0.17731481481481481 0.03958333333333333 0.049074074074074076
1 0.26796875 0.899074074074074 0.1484375 0.19814814814814816
1 0.4278645833333333 0.1388888888888889 0.034895833333333334 0.05
1 0.19348958333333333 0.262037037037037 0.04739583333333333 0.07222222222222222
1 0.3880208333333333 0.1685185185185185 0.03958333333333333 0.05925925925925926
1 0.19817708333333334 0.5231481481481481 0.09635416666666667 0.17037037037037037
1 0.5588541666666667 0.1287037037037037 0.028125 0.040740740740740744
1 0.44088541666666664 0.21851851851851853 0.03802083333333333 0.06296296296296296
1 0.52421875 0.3 0.05572916666666667 0.08703703703703704
1 0.36822916666666666 0.15648148148148147 0.030208333333333334 0.044444444444444446
1 0.8630208333333333 0.25092592592592594 0.04791666666666667 0.06666666666666667
1 0.39921875 0.11342592592592593 0.028645833333333332 0.049074074074074076
1 0.9145833333333333 0.17546296296296296 0.022916666666666665 0.06759259259259259
1 0.725 0.16805555555555557 0.03958333333333333 0.062037037037037036
1 0.353125 0.13333333333333333 0.03125 0.03888888888888889
1 0.4934895833333333 0.10277777777777777 0.0265625 0.03333333333333333
1 0.2752604166666667 0.11296296296296296 0.028645833333333332 0.04259259259259259
1 0.9880208333333333 0.2967592592592593 0.022916666666666665 0.05277777777777778
1 0.52109375 0.11203703703703703 0.0265625 0.044444444444444446
1 0.5997395833333333 0.11481481481481481 0.03697916666666667 0.053703703703703705
1 0.29244791666666664 0.12777777777777777 0.030729166666666665 0.046296296296296294
1 0.25677083333333334 0.19490740740740742 0.04479166666666667 0.05648148148148148
1 0.16666666666666666 0.09074074074074075 0.029166666666666667 0.02962962962962963
1 0.33880208333333334 0.0763888888888889 0.024479166666666666 0.032407407407407406
1 0.41484375 0.12962962962962962 0.030729166666666665 0.04814814814814815
1 0.18255208333333334 0.24259259259259258 0.0453125 0.06481481481481481
1 0.17213541666666668 0.15833333333333333 0.0328125 0.03888888888888889
1 0.3338541666666667 0.18888888888888888 0.0375 0.06666666666666667
1 0.21119791666666668 0.1125 0.025520833333333333 0.041666666666666664
1 0.35572916666666665 0.21435185185185185 0.040625 0.062037037037037036
1 0.33645833333333336 0.12222222222222222 0.026041666666666668 0.03518518518518519
1 0.97265625 0.25462962962962965 0.05364583333333333 0.08888888888888889
1 0.5723958333333333 0.10416666666666667 0.027083333333333334 0.04351851851851852
1 0.6984375 0.14953703703703702 0.034375 0.058333333333333334
1 0.34036458333333336 0.20787037037037037 0.024479166666666666 0.05462962962962963
1 0.47369791666666666 0.09027777777777778 0.0296875 0.04351851851851852
1 0.31171875 0.16157407407407406 0.033854166666666664 0.058333333333333334
1 0.6013020833333333 0.5314814814814814 0.08802083333333334 0.1388888888888889
1 0.64453125 0.16064814814814815 0.028645833333333332 0.04537037037037037
1 0.55703125 0.07037037037037037 0.025520833333333333 0.020370370370370372
1 0.6510416666666666 0.1087962962962963 0.023958333333333335 0.03796296296296296
1 0.44765625 0.08009259259259259 0.0265625 0.03796296296296296
1 0.5307291666666667 0.08518518518518518 0.022916666666666665 0.022222222222222223
1 0.6296875 0.13148148148148148 0.028125 0.024074074074074074
1 0.8223958333333333 0.1476851851851852 0.029166666666666667 0.06018518518518518
1 0.66171875 0.11481481481481481 0.025520833333333333 0.03148148148148148
1 0.6596354166666667 0.1398148148148148 0.0296875 0.027777777777777776
1 0.23333333333333334 0.1398148148148148 0.0375 0.05925925925925926
1 0.24557291666666667 0.16342592592592592 0.0359375 0.049074074074074076
1 0.40078125 0.06527777777777778 0.0203125 0.019444444444444445
1 0.5950520833333334 0.08703703703703704 0.022395833333333334 0.020370370370370372
1 0.17838541666666666 0.18564814814814815 0.043229166666666666 0.03425925925925926
1 0.3028645833333333 0.15092592592592594 0.0296875 0.05555555555555555
1 0.16927083333333334 0.11666666666666667 0.03229166666666667 0.025925925925925925
1 0.16953125 0.13935185185185187 0.03177083333333333 0.030555555555555555
1 0.5536458333333333 0.08981481481481482 0.01875 0.03148148148148148
1 0.3229166666666667 0.10833333333333334 0.034375 0.03888888888888889
1 0.8286458333333333 0.1574074074074074 0.017708333333333333 0.05740740740740741
1 0.6231770833333333 0.15324074074074073 0.024479166666666666 0.026851851851851852
1 0.27369791666666665 0.23194444444444445 0.04739583333333333 0.06018518518518518
1 0.46328125 0.23703703703703705 0.050520833333333334 0.08148148148148149
1 0.26588541666666665 0.21712962962962962 0.03802083333333333 0.058333333333333334
1 0.1765625 0.2023148148148148 0.04791666666666667 0.06759259259259259