2 0.7614583333333333 0.11064814814814815 0.06354166666666666 0.12129629629629629
2 0.6817708333333333 0.09768518518518518 0.053125 0.10648148148148148
1 0.9640625 0.5310185185185186 0.07083333333333333 0.1398148148148148
1 0.58515625 0.8773148148148148 0.21510416666666668 0.24351851851851852
1 0.9278645833333333 0.9092592592592592 0.14322916666666666 0.17962962962962964
1 0.6989583333333333 0.45416666666666666 0.09270833333333334 0.1175925925925926
1 0.83828125 0.5736111111111111 0.10989583333333333 0.1527777777777778
1 0.5973958333333333 0.3662037037037037 0.06770833333333333 0.10092592592592593
1 0.10130208333333333 0.43333333333333335 0.0796875 0.12037037037037036
1 0.3888020833333333 0.5328703703703703 0.10364583333333334 0.13240740740740742
1 0.2046875 0.3365740740740741 0.058333333333333334 0.08981481481481482
1 0.57265625 0.5143518518518518 0.1015625 0.13425925925925927
1 0.8885416666666667 0.44027777777777777 0.09375 0.1287037037037037
1 0.30807291666666664 0.32314814814814813 0.05572916666666667 0.07592592592592592
1 0.3658854166666667 0.47962962962962963 0.09739583333333333 0.12037037037037036
1 0.9838541666666667 0.20555555555555555 0.03125 0.05740740740740741
1 0.45286458333333335 0.3592592592592593 0.08177083333333333 0.12037037037037036
1 0.41328125 0.30185185185185187 0.05677083333333333 0.08148148148148149
1 0.6747395833333333 0.2074074074074074 0.0453125 0.04814814814814815
1 0.4708333333333333 0.24166666666666667 0.052083333333333336 0.07222222222222222
1 0.6401041666666667 0.4046296296296296 0.08229166666666667 0.11666666666666667
1 0.5307291666666667 0.45185185185185184 0.09270833333333334 0.14629629629629629
1 0.5177083333333333 0.2023148148148148 0.03958333333333333 0.05648148148148148
1 0.475 0.17222222222222222 0.03958333333333333 0.05925925925925926
1 0.97109375 0.3523148148148148 0.05677083333333333 0.08611111111111111
1 0.37890625 0.26064814814814813 0.0546875 0.07685185185185185
1 0.55 0.30416666666666664 0.06458333333333334 0.10462962962962963
1 0.5557291666666667 0.22037037037037038 0.04791666666666667 0.07037037037037037
1 0.5158854166666667 0.10925925925925926 0.025520833333333333 0.03888888888888889
1 0.50859375 0.2689814814814815 0.0484375 0.0787037037037037
1 0.9546875 0.19490740740740742 0.0375 0.05462962962962963
1 0.8908854166666667 0.30972222222222223 0.06822916666666666 0.06574074074074074
1 0.7296875 0.1699074074074074 0.041666666666666664 0.04722222222222222
1 0.9453125 0.28935185185185186 0.057291666666666664 0.06944444444444445
1 0.7302083333333333 0.20185185185185187 0.041666666666666664 0.06111111111111111
1 0.8223958333333333 0.2763888888888889 0.05520833333333333 0.06388888888888888
1 0.86328125 0.2050925925925926 0.0484375 0.03796296296296296
1 0.58359375 0.1398148148148148 0.033854166666666664 0.040740740740740744
1 0.6427083333333333 0.6236111111111111 0.140625 0.22314814814814815
1 0.37838541666666664 0.15787037037037038 0.034895833333333334 0.04722222222222222
1 0.9083333333333333 0.23425925925925925 0.04791666666666667 0.06296296296296296
1 0.25703125 0.1925925925925926 0.033854166666666664 0.053703703703703705
1 0.29739583333333336 0.2851851851851852 0.05416666666666667 0.07222222222222222
1 0.6541666666666667 0.16620370370370371 0.040625 0.06759259259259259
1 0.278125 0.2652777777777778 0.04583333333333333 0.0712962962962963
1 0.20026041666666666 0.1259259259259259 0.027604166666666666 0.044444444444444446
1 0.4015625 0.18472222222222223 0.0375 0.04722222222222222
1 0.32057291666666665 0.17824074074074073 0.03177083333333333 0.06018518518518518
1 0.7802083333333333 0.2537037037037037 0.04791666666666667 0.05185185185185185
1 0.7572916666666667 0.21851851851851853 0.03333333333333333 0.06111111111111111
1 0.44921875 0.2324074074074074 0.034895833333333334 0.06296296296296296
1 0.86640625 0.24953703703703703 0.050520833333333334 0.06388888888888888
1 0.22421875 0.8574074074074074 0.15052083333333333 0.2722222222222222
1 0.9135416666666667 0.20833333333333334 0.046875 0.06296296296296296
1 0.3390625 0.19398148148148148 0.036458333333333336 0.06388888888888888
1 0.1703125 0.1398148148148148 0.03958333333333333 0.03518518518518519
1 0.4981770833333333 0.12175925925925926 0.028645833333333332 0.030555555555555555
1 0.8140625 0.14722222222222223 0.03958333333333333 0.05925925925925926
1 0.365625 0.22592592592592592 0.04375 0.07592592592592592
1 0.28984375 0.12777777777777777 0.027604166666666666 0.04814814814814815
1 0.17083333333333334 0.18703703703703703 0.035416666666666666 0.05
1 0.24348958333333334 0.15833333333333333 0.043229166666666666 0.06666666666666667
1 0.45546875 0.1527777777777778 0.033854166666666664 0.046296296296296294
1 0.8135416666666667 0.2199074074074074 0.04479166666666667 0.049074074074074076
1 0.27057291666666666 0.23148148148148148 0.04635416666666667 0.06666666666666667
1 0.5677083333333334 0.12824074074074074 0.023958333333333335 0.03981481481481482
1 0.35598958333333336 0.1425925925925926 0.03177083333333333 0.040740740740740744
1 0.4356770833333333 0.20601851851851852 0.0421875 0.0712962962962963
1 0.4432291666666667 0.14444444444444443 0.028125 0.04814814814814815
1 0.43255208333333334 0.1361111111111111 0.03177083333333333 0.05740740740740741
1 0.8052083333333333 0.19027777777777777 0.0375 0.05648148148148148
1 0.7161458333333334 0.11388888888888889 0.01875 0.05185185185185185
1 0.15807291666666667 0.1087962962962963 0.033854166666666664 0.05092592592592592
1 0.17578125 0.2587962962962963 0.0484375 0.06944444444444445
1 0.6450520833333333 0.13425925925925927 0.0390625 0.053703703703703705
1 0.54453125 0.14027777777777778 0.0328125 0.032407407407407406
1 0.590625 0.11296296296296296 0.022916666666666665 0.027777777777777776
1 0.19375 0.2935185185185185 0.05625 0.09814814814814815
1 0.25234375 0.07685185185185185 0.0203125 0.03148148148148148
1 0.17578125 0.22037037037037038 0.049479166666666664 0.03888888888888889
1 0.28203125 0.07314814814814814 0.0203125 0.025925925925925925
1 0.35651041666666666 0.08564814814814815 0.03177083333333333 0.03981481481481482
1 0.403125 0.06481481481481481 0.014583333333333334 0.020370370370370372
1 0.28177083333333336 0.11990740740740741 0.022916666666666665 0.041666666666666664
1 0.26953125 0.1037037037037037 0.0265625 0.03333333333333333
1 0.2265625 0.11388888888888889 0.028125 0.04259259259259259
1 0.3072916666666667 0.1486111111111111 0.036458333333333336 0.05462962962962963
1 0.4171875 0.0712962962962963 0.020833333333333332 0.024074074074074074
1 0.33125 0.07453703703703704 0.023958333333333335 0.021296296296296296
1 0.44427083333333334 0.0763888888888889 0.023958333333333335 0.03796296296296296
1 0.6151041666666667 0.12083333333333333 0.03125 0.05462962962962963
1 0.1671875 0.15925925925925927 0.03229166666666667 0.040740740740740744
1 0.28229166666666666 0.950462962962963 0.14791666666666667 0.09722222222222222
1 0.6309895833333333 0.08888888888888889 0.019270833333333334 0.027777777777777776
1 0.19166666666666668 0.08148148148148149 0.01875 0.024074074074074074
1 0.16744791666666667 0.07731481481481481 0.03177083333333333 0.021296296296296296
1 0.5513020833333333 0.07916666666666666 0.022395833333333334 0.025
1 0.2515625 0.13055555555555556 0.025 0.03518518518518519