2 0.8609375 0.14907407407407408 0.08125 0.1388888888888889
2 0.63515625 0.3402777777777778 0.0984375 0.19537037037037036
2 0.790625 0.09259259259259259 0.057291666666666664 0.09074074074074075
1 0.6747395833333333 0.6763888888888889 0.1203125 0.1675925925925926
1 0.9075520833333334 0.8972222222222223 0.17760416666666667 0.2037037037037037
1 0.7953125 0.26157407407407407 0.051041666666666666 0.06574074074074074
1 0.63046875 0.5810185185185185 0.10572916666666667 0.1361111111111111
1 0.55390625 0.32175925925925924 0.06197916666666667 0.0824074074074074
1 0.4244791666666667 0.6180555555555556 0.115625 0.18611111111111112
1 0.73125 0.46111111111111114 0.10625 0.17222222222222222
1 0.47239583333333335 0.37916666666666665 0.07083333333333333 0.10277777777777777
1 0.20390625 0.5254629629629629 0.08697916666666666 0.11574074074074074
1 0.3450520833333333 0.3912037037037037 0.07447916666666667 0.09907407407407408
1 0.9317708333333333 0.2851851851851852 0.06770833333333333 0.1037037037037037
1 0.49557291666666664 0.26990740740740743 0.05260416666666667 0.0712962962962963
1 0.19114583333333332 0.475 0.08645833333333333 0.1037037037037037
1 0.5502604166666667 0.22777777777777777 0.049479166666666664 0.07407407407407407
1 0.81953125 0.2375 0.050520833333333334 0.06388888888888888
1 0.6377604166666667 0.16898148148148148 0.03802083333333333 0.05092592592592592
1 0.1890625 0.24953703703703703 0.04583333333333333 0.06574074074074074
1 0.39010416666666664 0.5592592592592592 0.08333333333333333 0.13703703703703704
1 0.32786458333333335 0.3421296296296296 0.07864583333333333 0.125
1 0.9815104166666667 0.19814814814814816 0.0359375 0.08148148148148149
1 0.6893229166666667 0.21898148148148147 0.049479166666666664 0.04351851851851852
1 0.45546875 0.3416666666666667 0.0609375 0.08888888888888889
1 0.46432291666666664 0.24074074074074073 0.050520833333333334 0.06666666666666667
1 0.5848958333333333 0.25046296296296294 0.05 0.06574074074074074
1 0.2760416666666667 0.2722222222222222 0.053125 0.07037037037037037
1 0.35520833333333335 0.24444444444444444 0.03125 0.06666666666666667
1 0.9721354166666667 0.7583333333333333 0.0546875 0.18333333333333332
1 0.41510416666666666 0.28564814814814815 0.06354166666666666 0.10648148148148148
1 0.87578125 0.22083333333333333 0.050520833333333334 0.0787037037037037
1 0.26067708333333334 0.2 0.03697916666666667 0.05185185185185185
1 0.7057291666666666 0.1398148148148148 0.020833333333333332 0.04259259259259259
1 0.22317708333333333 0.11898148148148148 0.03697916666666667 0.05092592592592592
1 0.95 0.19027777777777777 0.04375 0.06759259259259259
1 0.3815104166666667 0.15833333333333333 0.0359375 0.05185185185185185
1 0.42109375 0.13703703703703704 0.044270833333333336 0.053703703703703705
1 0.5125 0.10740740740740741 0.034375 0.04814814814814815
1 0.57734375 0.13935185185185187 0.0328125 0.049074074074074076
1 0.49140625 0.10277777777777777 0.016145833333333335 0.03518518518518519
1 0.575 0.3587962962962963 0.03333333333333333 0.08796296296296297
1 0.6221354166666667 0.15694444444444444 0.033854166666666664 0.05092592592592592
1 0.2604166666666667 0.0962962962962963 0.022916666666666665 0.03518518518518519
1 0.4109375 0.1814814814814815 0.0375 0.06296296296296296
1 0.18567708333333333 0.20462962962962963 0.04010416666666667 0.05185185185185185
1 0.18020833333333333 0.3972222222222222 0.065625 0.10555555555555556
1 0.75078125 0.14537037037037037 0.034895833333333334 0.04259259259259259
1 0.32708333333333334 0.1675925925925926 0.035416666666666666 0.044444444444444446
1 0.6143229166666667 0.10138888888888889 0.0234375 0.023148148148148147
1 0.4244791666666667 0.21851851851851853 0.042708333333333334 0.04814814814814815
1 0.23463541666666668 0.1361111111111111 0.0328125 0.040740740740740744
1 0.16796875 0.13518518518518519 0.033854166666666664 0.03888888888888889
1 0.7669270833333334 0.22083333333333333 0.04635416666666667 0.06574074074074074
1 0.16953125 0.0824074074074074 0.027604166666666666 0.027777777777777776
1 0.3658854166666667 0.09351851851851851 0.025520833333333333 0.04259259259259259
1 0.928125 0.17916666666666667 0.040625 0.06944444444444445
1 0.32265625 0.1111111111111111 0.03177083333333333 0.03148148148148148
1 0.27447916666666666 0.10833333333333334 0.030208333333333334 0.04259259259259259
1 0.34010416666666665 0.12685185185185185 0.023958333333333335 0.03518518518518519
1 0.6354166666666666 0.12175925925925926 0.030208333333333334 0.041666666666666664
1 0.74765625 0.20324074074074075 0.0453125 0.07685185185185185
1 0.3875 0.175 0.025 0.053703703703703705
1 0.6067708333333334 0.14074074074074075 0.034375 0.06666666666666667
1 0.19192708333333333 0.3439814814814815 0.0640625 0.11203703703703703
1 0.2526041666666667 0.18055555555555555 0.04479166666666667 0.044444444444444446
1 0.24375 0.1597222222222222 0.03854166666666667 0.04722222222222222
1 0.6572916666666667 0.13657407407407407 0.021875 0.04537037037037037
1 0.45390625 0.08148148148148149 0.0203125 0.03148148148148148
1 0.4421875 0.19907407407407407 0.035416666666666666 0.025925925925925925
1 0.553125 0.1259259259259259 0.015625 0.03888888888888889
1 0.6010416666666667 0.08564814814814815 0.028125 0.030555555555555555
1 0.6580729166666667 0.10462962962962963 0.024479166666666666 0.022222222222222223
1 0.67890625 0.14629629629629629 0.04010416666666667 0.06481481481481481
1 0.30859375 0.09212962962962963 0.0328125 0.03611111111111111
1 0.38567708333333334 0.10740740740740741 0.028645833333333332 0.046296296296296294
1 0.28802083333333334 0.12962962962962962 0.034375 0.044444444444444446
1 0.38385416666666666 0.2523148148148148 0.046875 0.0824074074074074
1 0.17890625 0.18472222222222223 0.0390625 0.06944444444444445
1 0.3098958333333333 0.15416666666666667 0.03229166666666667 0.05648148148148148
1 0.79921875 0.16620370370370371 0.03697916666666667 0.06574074074074074
1 0.3421875 0.2125 0.046875 0.07314814814814814
1 0.15833333333333333 0.17314814814814813 0.01875 0.04259259259259259
1 0.35598958333333336 0.13564814814814816 0.0328125 0.04537037037037037