1 0.20833333333333334 0.5939814814814814 0.11875 0.1527777777777778
1 0.5135416666666667 0.7916666666666666 0.14479166666666668 0.1925925925925926
1 0.5744791666666667 0.3490740740740741 0.071875 0.09074074074074075
1 0.94921875 0.3 0.06614583333333333 0.07962962962962963
1 0.46015625 0.6754629629629629 0.12864583333333332 0.1712962962962963
1 0.36692708333333335 0.4962962962962963 0.09322916666666667 0.12407407407407407
1 0.9309895833333334 0.9217592592592593 0.13697916666666668 0.15462962962962962
1 0.3203125 0.35509259259259257 0.06458333333333334 0.09166666666666666
1 0.67421875 0.6523148148148148 0.12447916666666667 0.17314814814814813
1 0.5065104166666666 0.2791666666666667 0.05677083333333333 0.07685185185185185
1 0.43307291666666664 0.33935185185185185 0.05364583333333333 0.08796296296296297
1 0.6765625 0.4199074074074074 0.08958333333333333 0.14166666666666666
1 0.6044270833333333 0.575462962962963 0.10572916666666667 0.14166666666666666
1 0.8177083333333334 0.24166666666666667 0.052083333333333336 0.07037037037037037
1 0.4828125 0.3731481481481482 0.07291666666666667 0.11481481481481481
1 0.8497395833333333 0.5805555555555556 0.1265625 0.16666666666666666
1 0.7916666666666666 0.5328703703703703 0.09375 0.13425925925925927
1 0.63984375 0.2861111111111111 0.058854166666666666 0.09074074074074075
1 0.9393229166666667 0.24212962962962964 0.05677083333333333 0.06944444444444445
1 0.4171875 0.3055555555555556 0.053125 0.08148148148148149
1 0.18619791666666666 0.324537037037037 0.0578125 0.08425925925925926
1 0.9127604166666666 0.4810185185185185 0.0984375 0.13240740740740742
1 0.7640625 0.3638888888888889 0.08020833333333334 0.12407407407407407
1 0.7119791666666667 0.3194444444444444 0.06979166666666667 0.1
1 0.19322916666666667 0.4791666666666667 0.090625 0.1175925925925926
1 0.3997395833333333 0.11666666666666667 0.034895833333333334 0.053703703703703705
1 0.3606770833333333 0.4111111111111111 0.0734375 0.10185185185185185
1 0.44765625 0.15231481481481482 0.0359375 0.04722222222222222
1 0.46328125 0.24861111111111112 0.050520833333333334 0.06759259259259259
1 0.35598958333333336 0.23935185185185184 0.03802083333333333 0.06018518518518518
1 0.94296875 0.7092592592592593 0.11302083333333333 0.19814814814814816
1 0.37942708333333336 0.10972222222222222 0.016145833333333335 0.03611111111111111
1 0.7572916666666667 0.2152777777777778 0.03854166666666667 0.06388888888888888
1 0.39010416666666664 0.25601851851851853 0.051041666666666666 0.08796296296296297
1 0.8432291666666667 0.21574074074074073 0.042708333333333334 0.06296296296296296
1 0.7486979166666666 0.17685185185185184 0.044270833333333336 0.053703703703703705
1 0.5705729166666667 0.49027777777777776 0.1015625 0.15462962962962962
1 0.4158854166666667 0.19166666666666668 0.0328125 0.05
1 0.30859375 0.1648148148148148 0.03697916666666667 0.05
1 0.8986979166666667 0.18703703703703703 0.050520833333333334 0.06851851851851852
1 0.63359375 0.18888888888888888 0.04114583333333333 0.037037037037037035
1 0.28359375 0.27037037037037037 0.06197916666666667 0.1037037037037037
1 0.6080729166666666 0.14907407407407408 0.0328125 0.046296296296296294
1 0.6723958333333333 0.17916666666666667 0.029166666666666667 0.062037037037037036
1 0.28151041666666665 0.11481481481481481 0.03802083333333333 0.04814814814814815
1 0.39947916666666666 0.1814814814814815 0.034375 0.05740740740740741
1 0.44765625 0.21342592592592594 0.04739583333333333 0.075
1 0.6815104166666667 0.12731481481481483 0.028645833333333332 0.041666666666666664
1 0.61875 0.26064814814814813 0.059375 0.09907407407407408
1 0.3502604166666667 0.1337962962962963 0.030729166666666665 0.049074074074074076
1 0.32890625 0.07453703703703704 0.030729166666666665 0.030555555555555555
1 0.23072916666666668 0.12685185185185185 0.03125 0.04259259259259259
1 0.5713541666666667 0.15462962962962962 0.028125 0.037037037037037035
1 0.18046875 0.1537037037037037 0.0421875 0.06296296296296296
1 0.37734375 0.16157407407407406 0.033854166666666664 0.04537037037037037
1 0.3328125 0.1175925925925926 0.03229166666666667 0.044444444444444446
1 0.68828125 0.9851851851851852 0.12135416666666667 0.027777777777777776
1 0.596875 0.16527777777777777 0.03854166666666667 0.04722222222222222
1 0.6359375 0.11296296296296296 0.025 0.037037037037037035
1 0.70859375 0.11944444444444445 0.027604166666666666 0.037037037037037035
1 0.6604166666666667 0.14537037037037037 0.03333333333333333 0.044444444444444446
1 0.18828125 0.2800925925925926 0.05260416666666667 0.06759259259259259
1 0.7200520833333334 0.14722222222222223 0.03177083333333333 0.040740740740740744
1 0.8544270833333333 0.1550925925925926 0.04635416666666667 0.06388888888888888
1 0.8393229166666667 0.17407407407407408 0.03802083333333333 0.03333333333333333
1 0.36796875 0.09259259259259259 0.022395833333333334 0.03518518518518519
1 0.15807291666666667 0.08981481481481482 0.025520833333333333 0.040740740740740744
1 0.44192708333333336 0.13935185185185187 0.033854166666666664 0.05277777777777778
1 0.28828125 0.2064814814814815 0.034895833333333334 0.02962962962962963
1 0.17552083333333332 0.10555555555555556 0.027083333333333334 0.02962962962962963
1 0.26223958333333336 0.09768518518518518 0.021354166666666667 0.03611111111111111
1 0.35963541666666665 0.15324074074074073 0.0265625 0.03981481481481482
1 0.3533854166666667 0.21203703703703702 0.044270833333333336 0.07222222222222222
1 0.23671875 0.14953703703703702 0.0296875 0.041666666666666664
1 0.28411458333333334 0.15046296296296297 0.025520833333333333 0.028703703703703703
1 0.61484375 0.12638888888888888 0.030729166666666665 0.04351851851851852
1 0.6515625 0.09953703703703703 0.023958333333333335 0.041666666666666664
1 0.5739583333333333 0.10092592592592593 0.025 0.02962962962962963
1 0.5466145833333333 0.14351851851851852 0.027604166666666666 0.03148148148148148
1 0.66171875 0.17037037037037037 0.0296875 0.05185185185185185
1 0.5497395833333333 0.09398148148148149 0.019270833333333334 0.023148148148148147
1 0.6916666666666667 0.10648148148148148 0.017708333333333333 0.018518518518518517
1 0.16979166666666667 0.13194444444444445 0.036458333333333336 0.041666666666666664
1 0.175 0.2523148148148148 0.04375 0.08055555555555556
1 0.5190104166666667 0.08796296296296297 0.027604166666666666 0.03888888888888889
1 0.8046875 0.18518518518518517 0.034375 0.05740740740740741
1 0.9713541666666666 0.19490740740740742 0.04583333333333333 0.06759259259259259
1 0.5776041666666667 0.12916666666666668 0.028125 0.025
1 0.4231770833333333 0.07314814814814814 0.0265625 0.03518518518518519
1 0.5622395833333333 0.11990740740740741 0.025520833333333333 0.032407407407407406
1 0.2765625 0.22870370370370371 0.059375 0.07407407407407407
1 0.21380208333333334 0.08703703703703704 0.027604166666666666 0.03888888888888889
1 0.2526041666666667 0.1814814814814815 0.036458333333333336 0.06666666666666667
1 0.17369791666666667 0.2023148148148148 0.0484375 0.06944444444444445
1 0.3341145833333333 0.19398148148148148 0.033854166666666664 0.06759259259259259
1 0.7026041666666667 0.18564814814814815 0.051041666666666666 0.07685185185185185
1 0.5098958333333333 0.12453703703703704 0.020833333333333332 0.032407407407407406