2 0.7940104166666667 0.12638888888888888 0.06822916666666666 0.1398148148148148
1 0.92109375 0.662962962962963 0.1328125 0.15925925925925927
1 0.8734375 0.45925925925925926 0.090625 0.12037037037037036
1 0.57734375 0.8935185185185185 0.16510416666666666 0.2111111111111111
1 0.746875 0.4935185185185185 0.09479166666666666 0.13148148148148148
1 0.8734375 0.8833333333333333 0.16875 0.22592592592592592
1 0.4856770833333333 0.7430555555555556 0.17552083333333332 0.2564814814814815
1 0.7736979166666667 0.7513888888888889 0.13072916666666667 0.19166666666666668
1 0.43307291666666664 0.3263888888888889 0.07239583333333334 0.11018518518518519
1 0.6361979166666667 0.4013888888888889 0.0828125 0.10462962962962963
1 0.2986979166666667 0.29814814814814816 0.0515625 0.07037037037037037
1 0.3645833333333333 0.4703703703703704 0.084375 0.11481481481481481
1 0.5559895833333334 0.33564814814814814 0.059895833333333336 0.09722222222222222
1 0.3458333333333333 0.4217592592592593 0.084375 0.10833333333333334
1 0.5924479166666666 0.3638888888888889 0.06197916666666667 0.1037037037037037
1 0.15494791666666666 0.3907407407407407 0.07135416666666666 0.1111111111111111
1 0.39765625 0.28055555555555556 0.0515625 0.07407407407407407
1 0.5778645833333333 0.5333333333333333 0.12135416666666667 0.18888888888888888
1 0.88984375 0.30694444444444446 0.06302083333333333 0.06759259259259259
1 0.4903645833333333 0.40370370370370373 0.07447916666666667 0.12777777777777777
1 0.8075520833333333 0.387037037037037 0.0796875 0.11851851851851852
1 0.19921875 0.3087962962962963 0.05364583333333333 0.0824074074074074
1 0.7145833333333333 0.2310185185185185 0.04791666666666667 0.05648148148148148
1 0.24140625 0.875 0.14739583333333334 0.22407407407407406
1 0.28828125 0.26666666666666666 0.049479166666666664 0.06851851851851852
1 0.9658854166666667 0.36018518518518516 0.0671875 0.09074074074074075
1 0.3885416666666667 0.17592592592592593 0.035416666666666666 0.046296296296296294
1 0.4505208333333333 0.22546296296296298 0.04791666666666667 0.06759259259259259
1 0.5286458333333334 0.2064814814814815 0.04375 0.06851851851851852
1 0.3690104166666667 0.24351851851851852 0.050520833333333334 0.07222222222222222
1 0.5692708333333333 0.15694444444444444 0.03333333333333333 0.03796296296296296
1 0.525 0.45555555555555555 0.090625 0.12037037037037036
1 0.8330729166666667 0.28194444444444444 0.0640625 0.062037037037037036
1 0.6096354166666667 0.15231481481481482 0.0359375 0.04351851851851852
1 0.49375 0.18888888888888888 0.0375 0.053703703703703705
1 0.6848958333333334 0.18101851851851852 0.042708333333333334 0.06759259259259259
1 0.45703125 0.16111111111111112 0.03802083333333333 0.05555555555555555
1 0.5127604166666667 0.2800925925925926 0.059895833333333336 0.09537037037037037
1 0.3703125 0.15138888888888888 0.03333333333333333 0.04722222222222222
1 0.4546875 0.08194444444444444 0.026041666666666668 0.041666666666666664
1 0.21015625 0.7175925925925926 0.1265625 0.23333333333333334
1 0.4822916666666667 0.2513888888888889 0.04479166666666667 0.0712962962962963
1 0.9302083333333333 0.2810185185185185 0.06145833333333333 0.0787037037037037
1 0.20520833333333333 0.12268518518518519 0.028125 0.04351851851851852
1 0.17109375 0.17777777777777778 0.0359375 0.04814814814814815
1 0.265625 0.21851851851851853 0.04791666666666667 0.06111111111111111
1 0.9760416666666667 0.2625 0.046875 0.075
1 0.7559895833333333 0.18564814814814815 0.0328125 0.05648148148148148
1 0.3143229166666667 0.16805555555555557 0.0328125 0.06018518518518518
1 0.23776041666666667 0.15231481481481482 0.0390625 0.06388888888888888
1 0.33098958333333334 0.18333333333333332 0.03697916666666667 0.06296296296296296
1 0.42239583333333336 0.19398148148148148 0.040625 0.06759259259259259
1 0.76953125 0.22407407407407406 0.044270833333333336 0.05185185185185185
1 0.34869791666666666 0.13472222222222222 0.0328125 0.03796296296296296
1 0.8705729166666667 0.24861111111111112 0.05260416666666667 0.06574074074074074
1 0.5208333333333334 0.13240740740740742 0.030208333333333334 0.03333333333333333
1 0.4309895833333333 0.21851851851851853 0.025520833333333333 0.05740740740740741
1 0.9169270833333333 0.2351851851851852 0.049479166666666664 0.06111111111111111
1 0.47317708333333336 0.09305555555555556 0.0234375 0.030555555555555555
1 0.5916666666666667 0.13842592592592592 0.026041666666666668 0.041666666666666664
1 0.6122395833333333 0.12222222222222222 0.025520833333333333 0.027777777777777776
1 0.19036458333333334 0.2523148148148148 0.05260416666666667 0.05277777777777778
1 0.3536458333333333 0.08518518518518518 0.025 0.03333333333333333
1 0.9734375 0.2212962962962963 0.052083333333333336 0.053703703703703705
1 0.28541666666666665 0.12361111111111112 0.027083333333333334 0.049074074074074076
1 0.8505208333333333 0.21157407407407408 0.04895833333333333 0.06944444444444445
1 0.5783854166666667 0.12129629629629629 0.028645833333333332 0.037037037037037035
1 0.56328125 0.10277777777777777 0.0296875 0.05
1 0.2565104166666667 0.18194444444444444 0.03802083333333333 0.05462962962962963
1 0.5065104166666666 0.10601851851851851 0.024479166666666666 0.041666666666666664
1 0.17578125 0.22777777777777777 0.049479166666666664 0.07777777777777778
1 0.6408854166666667 0.13148148148148148 0.03177083333333333 0.05185185185185185
1 0.8421875 0.15416666666666667 0.040625 0.058333333333333334
1 0.18802083333333333 0.07962962962962963 0.014583333333333334 0.024074074074074074
1 0.265625 0.10046296296296296 0.029166666666666667 0.03611111111111111
1 0.27786458333333336 0.07222222222222222 0.016145833333333335 0.022222222222222223
1 0.42213541666666665 0.1287037037037037 0.0328125 0.05740740740740741
1 0.7361979166666667 0.11990740740740741 0.016145833333333335 0.05462962962962963
1 0.52421875 0.10740740740740741 0.0234375 0.025925925925925925
1 0.19296875 0.28425925925925927 0.049479166666666664 0.06851851851851852
1 0.16927083333333334 0.1361111111111111 0.03229166666666667 0.03333333333333333
1 0.33880208333333334 0.11898148148148148 0.03177083333333333 0.04351851851851852
1 0.8072916666666666 0.23935185185185184 0.052083333333333336 0.06388888888888888
1 0.2752604166666667 0.24675925925925926 0.04635416666666667 0.06759259259259259
1 0.16302083333333334 0.11435185185185186 0.029166666666666667 0.03425925925925926
1 0.6666666666666666 0.14537037037037037 0.035416666666666666 0.05555555555555555
1 0.35520833333333335 0.2125 0.041666666666666664 0.0712962962962963
1 0.44036458333333334 0.1412037037037037 0.0328125 0.041666666666666664