1 0.865625 0.5824074074074074 0.11979166666666667 0.16111111111111112
1 0.6018229166666667 0.5898148148148148 0.1296875 0.19444444444444445
1 0.95703125 0.711574074074074 0.08489583333333334 0.19722222222222222
1 0.37213541666666666 0.48333333333333334 0.08697916666666666 0.11296296296296296
1 0.20911458333333333 0.5157407407407407 0.09739583333333333 0.13148148148148148
1 0.8260416666666667 0.8310185185185185 0.16770833333333332 0.262037037037037
1 0.7333333333333333 0.45694444444444443 0.09583333333333334 0.15092592592592594
1 0.5747395833333333 0.33287037037037037 0.0703125 0.09537037037037037
1 0.9596354166666666 0.9587962962962963 0.0796875 0.08055555555555556
1 0.45989583333333334 0.3611111111111111 0.06979166666666667 0.09814814814814815
1 0.35 0.4027777777777778 0.07291666666666667 0.1
1 0.8661458333333333 0.30092592592592593 0.06979166666666667 0.05555555555555555
1 0.5453125 0.3143518518518518 0.052083333333333336 0.08425925925925926
1 0.5190104166666667 0.4388888888888889 0.08072916666666667 0.11296296296296296
1 0.046875 0.44722222222222224 0.08958333333333333 0.14629629629629629
1 0.5645833333333333 0.22962962962962963 0.05 0.07962962962962963
1 0.18203125 0.3472222222222222 0.07135416666666666 0.09074074074074075
1 0.42083333333333334 0.19768518518518519 0.041666666666666664 0.05092592592592592
1 0.6783854166666666 0.21203703703703702 0.0421875 0.046296296296296294
1 0.8411458333333334 0.1597222222222222 0.0375 0.04722222222222222
1 0.83046875 0.2125 0.044270833333333336 0.06018518518518518
1 0.5041666666666667 0.2689814814814815 0.058333333333333334 0.08981481481481482
1 0.32395833333333335 0.36712962962962964 0.06666666666666667 0.09351851851851851
1 0.2671875 0.24444444444444444 0.040625 0.06666666666666667
1 0.17083333333333334 0.23425925925925925 0.041666666666666664 0.05925925925925926
1 0.62578125 0.38101851851851853 0.07239583333333334 0.10648148148148148
1 0.29973958333333334 0.3074074074074074 0.0578125 0.07962962962962963
1 0.69140625 0.31296296296296294 0.06510416666666667 0.10185185185185185
1 0.55625 0.15046296296296297 0.03229166666666667 0.03611111111111111
1 0.5026041666666666 0.18935185185185185 0.036458333333333336 0.062037037037037036
1 0.6247395833333333 0.28194444444444444 0.058854166666666666 0.08055555555555556
1 0.3580729166666667 0.23472222222222222 0.03802083333333333 0.062037037037037036
1 0.43359375 0.33564814814814814 0.0515625 0.0824074074074074
1 0.5299479166666666 0.20833333333333334 0.043229166666666666 0.06666666666666667
1 0.38984375 0.1787037037037037 0.03802083333333333 0.053703703703703705
1 0.97578125 0.22916666666666666 0.04739583333333333 0.06574074074074074
1 0.7776041666666667 0.25324074074074077 0.06666666666666667 0.06944444444444445
1 0.1875 0.2916666666666667 0.051041666666666666 0.05925925925925926
1 0.8796875 0.2537037037037037 0.04895833333333333 0.05
1 0.75625 0.15416666666666667 0.03333333333333333 0.04722222222222222
1 0.51640625 0.11064814814814815 0.030729166666666665 0.03611111111111111
1 0.7341145833333333 0.23333333333333334 0.049479166666666664 0.05740740740740741
1 0.8122395833333333 0.14907407407407408 0.0328125 0.03888888888888889
1 0.3893229166666667 0.11018518518518519 0.027604166666666666 0.03888888888888889
1 0.6450520833333333 0.19074074074074074 0.0359375 0.040740740740740744
1 0.3375 0.1884259259259259 0.0375 0.06759259259259259
1 0.3640625 0.14537037037037037 0.027083333333333334 0.044444444444444446
1 0.315625 0.1763888888888889 0.025 0.049074074074074076
1 0.3502604166666667 0.2162037037037037 0.0390625 0.06018518518518518
1 0.8700520833333333 0.22685185185185186 0.0484375 0.07037037037037037
1 0.7203125 0.16712962962962963 0.03854166666666667 0.05277777777777778
1 0.6171875 0.15555555555555556 0.03333333333333333 0.05
1 0.66875 0.16574074074074074 0.036458333333333336 0.046296296296296294
1 0.2559895833333333 0.19814814814814816 0.049479166666666664 0.07962962962962963
1 0.39036458333333335 0.2490740740740741 0.04739583333333333 0.08148148148148149
1 0.9736979166666667 0.29953703703703705 0.0515625 0.11203703703703703
1 0.41432291666666665 0.29907407407407405 0.0609375 0.0962962962962963
1 0.48932291666666666 0.17685185185185184 0.04114583333333333 0.07037037037037037
1 0.18046875 0.20972222222222223 0.04010416666666667 0.05648148148148148
1 0.73125 0.11851851851851852 0.036458333333333336 0.044444444444444446
1 0.7625 0.2064814814814815 0.025 0.03518518518518519
1 0.2359375 0.15138888888888888 0.034375 0.041666666666666664
1 0.32005208333333335 0.10462962962962963 0.0234375 0.03333333333333333
1 0.7283854166666667 0.20277777777777778 0.043229166666666666 0.05925925925925926
1 0.6299479166666667 0.12546296296296297 0.033854166666666664 0.03425925925925926
1 0.7372395833333333 0.1712962962962963 0.0390625 0.046296296296296294
1 0.7997395833333333 0.1837962962962963 0.030729166666666665 0.05277777777777778
1 0.33489583333333334 0.07361111111111111 0.019791666666666666 0.028703703703703703
1 0.19921875 0.10462962962962963 0.024479166666666666 0.03148148148148148
1 0.9234375 0.2810185185185185 0.058333333333333334 0.09166666666666666
1 0.4453125 0.0962962962962963 0.026041666666666668 0.02962962962962963
1 0.70546875 0.11064814814814815 0.0265625 0.04351851851851852
1 0.3880208333333333 0.1476851851851852 0.035416666666666666 0.041666666666666664
1 0.34010416666666665 0.12083333333333333 0.026041666666666668 0.03611111111111111
1 0.29921875 0.14537037037037037 0.0265625 0.05185185185185185
1 0.22005208333333334 0.1050925925925926 0.0296875 0.03796296296296296
1 0.6359375 0.10694444444444444 0.026041666666666668 0.03796296296296296
1 0.46901041666666665 0.09212962962962963 0.024479166666666666 0.03611111111111111
1 0.56640625 0.12777777777777777 0.0296875 0.05185185185185185
1 0.23177083333333334 0.12453703703703704 0.034375 0.030555555555555555
1 0.6229166666666667 0.17962962962962964 0.034375 0.037037037037037035
1 0.31276041666666665 0.1587962962962963 0.034895833333333334 0.058333333333333334
1 0.24973958333333332 0.0787037037037037 0.025520833333333333 0.03333333333333333
1 0.3533854166666667 0.08564814814814815 0.0328125 0.03796296296296296
1 0.17057291666666666 0.1814814814814815 0.03802083333333333 0.053703703703703705
1 0.2921875 0.26944444444444443 0.053125 0.07222222222222222
1 0.16354166666666667 0.12314814814814815 0.042708333333333334 0.053703703703703705
1 0.3807291666666667 0.0962962962962963 0.023958333333333335 0.02962962962962963
1 0.25859375 0.0912037037037037 0.0296875 0.03796296296296296
1 0.48020833333333335 0.11018518518518519 0.027083333333333334 0.02962962962962963
1 0.4591145833333333 0.23981481481481481 0.0515625 0.06481481481481481
1 0.2734375 0.10648148148148148 0.03229166666666667 0.03333333333333333
1 0.5703125 0.10648148148148148 0.027083333333333334 0.040740740740740744
1 0.6416666666666667 0.1574074074074074 0.028125 0.02962962962962963
1 0.50390625 0.075 0.027604166666666666 0.03333333333333333
1 0.5635416666666667 0.06620370370370371 0.017708333333333333 0.01574074074074074
1 0.32473958333333336 0.9819444444444444 0.1296875 0.03425925925925926
1 0.6721354166666667 0.13564814814814816 0.033854166666666664 0.030555555555555555
1 0.2140625 0.07685185185185185 0.021875 0.024074074074074074
1 0.28802083333333334 0.12407407407407407 0.023958333333333335 0.040740740740740744
1 0.1796875 0.15601851851851853 0.034375 0.05648148148148148
1 0.5861979166666667 0.09027777777777778 0.018229166666666668 0.04351851851851852
1 0.16927083333333334 0.3055555555555556 0.051041666666666666 0.06481481481481481