1 0.20911458333333333 0.5995370370370371 0.1203125 0.15648148148148147
1 0.5197916666666667 0.7986111111111112 0.14583333333333334 0.19907407407407407
1 0.46328125 0.6842592592592592 0.13072916666666667 0.17222222222222222
1 0.9377604166666667 0.9291666666666667 0.1234375 0.1398148148148148
1 0.5763020833333333 0.3523148148148148 0.07135416666666666 0.09166666666666666
1 0.36822916666666666 0.49953703703703706 0.09375 0.12685185185185185
1 0.68046875 0.6606481481481481 0.12447916666666667 0.17685185185185184
1 0.19401041666666666 0.4828703703703704 0.09114583333333333 0.1175925925925926
1 0.9440104166666666 0.29768518518518516 0.06302083333333333 0.07685185185185185
1 0.5080729166666667 0.2810185185185185 0.05677083333333333 0.07685185185185185
1 0.43515625 0.34120370370370373 0.0546875 0.08981481481481482
1 0.6802083333333333 0.4236111111111111 0.090625 0.14351851851851852
1 0.8135416666666667 0.24074074074074073 0.051041666666666666 0.07037037037037037
1 0.7994791666666666 0.5375 0.09791666666666667 0.13425925925925927
1 0.8578125 0.5902777777777778 0.12916666666666668 0.1638888888888889
1 0.32109375 0.35694444444444445 0.06510416666666667 0.09166666666666666
1 0.76796875 0.3675925925925926 0.08072916666666667 0.12407407407407407
1 0.48489583333333336 0.37546296296296294 0.07291666666666667 0.11574074074074074
1 0.60859375 0.5810185185185185 0.10572916666666667 0.14166666666666666
1 0.41875 0.3074074074074074 0.053125 0.08148148148148149
1 0.18515625 0.3263888888888889 0.0578125 0.08425925925925926
1 0.9197916666666667 0.4847222222222222 0.09895833333333333 0.13240740740740742
1 0.3619791666666667 0.41435185185185186 0.07395833333333333 0.10462962962962963
1 0.3567708333333333 0.24074074074074073 0.03958333333333333 0.06111111111111111
1 0.37994791666666666 0.11018518518518519 0.016145833333333335 0.03518518518518519
1 0.44869791666666664 0.15324074074074073 0.033854166666666664 0.04722222222222222
1 0.83984375 0.2152777777777778 0.044270833333333336 0.06388888888888888
1 0.9346354166666667 0.24074074074074073 0.05572916666666667 0.07037037037037037
1 0.7463541666666667 0.17685185185185184 0.04375 0.053703703703703705
1 0.30859375 0.16527777777777777 0.03697916666666667 0.049074074074074076
1 0.9471354166666667 0.7180555555555556 0.1046875 0.20092592592592592
1 0.7153645833333333 0.32407407407407407 0.07135416666666666 0.10740740740740741
1 0.39114583333333336 0.25787037037037036 0.052083333333333336 0.08981481481481482
1 0.28411458333333334 0.2722222222222222 0.06302083333333333 0.1037037037037037
1 0.75625 0.21388888888888888 0.04375 0.06666666666666667
1 0.8953125 0.18611111111111112 0.05 0.06851851851851852
1 0.28125 0.11481481481481481 0.0375 0.04814814814814815
1 0.17942708333333332 0.15416666666666667 0.044270833333333336 0.062037037037037036
1 0.6317708333333333 0.1875 0.03958333333333333 0.03611111111111111
1 0.6208333333333333 0.2625 0.059375 0.09907407407407408
1 0.41640625 0.1925925925925926 0.033854166666666664 0.05
1 0.4005208333333333 0.11805555555555555 0.034375 0.05462962962962963
1 0.37838541666666664 0.16203703703703703 0.033854166666666664 0.044444444444444446
1 0.8333333333333334 0.1763888888888889 0.04375 0.03981481481481482
1 0.35052083333333334 0.13425925925925927 0.029166666666666667 0.04814814814814815
1 0.6065104166666667 0.14675925925925926 0.0328125 0.04537037037037037
1 0.44895833333333335 0.2152777777777778 0.04791666666666667 0.075
1 0.2359375 0.15185185185185185 0.027083333333333334 0.040740740740740744
1 0.6723958333333333 0.1787037037037037 0.03229166666666667 0.06481481481481481
1 0.36770833333333336 0.09351851851851851 0.020833333333333332 0.03333333333333333
1 0.18828125 0.2824074074074074 0.05260416666666667 0.07037037037037037
1 0.68046875 0.12638888888888888 0.028645833333333332 0.04351851851851852
1 0.634375 0.11342592592592593 0.027083333333333334 0.03796296296296296
1 0.33046875 0.07361111111111111 0.027604166666666666 0.028703703703703703
1 0.44140625 0.14074074074074075 0.03177083333333333 0.053703703703703705
1 0.4002604166666667 0.1824074074074074 0.033854166666666664 0.05740740740740741
1 0.59453125 0.16666666666666666 0.03802083333333333 0.04814814814814815
1 0.33229166666666665 0.1162037037037037 0.029166666666666667 0.049074074074074076
1 0.5690104166666666 0.1537037037037037 0.027604166666666666 0.03518518518518519
1 0.7177083333333333 0.14675925925925926 0.03125 0.041666666666666664
1 0.96875 0.1935185185185185 0.046875 0.06851851851851852
1 0.23072916666666668 0.12916666666666668 0.03125 0.03981481481481482
1 0.6565104166666667 0.1699074074074074 0.0234375 0.049074074074074076
1 0.5744791666666667 0.4949074074074074 0.10208333333333333 0.15648148148148147
1 0.15755208333333334 0.08981481481481482 0.024479166666666666 0.040740740740740744
1 0.6143229166666667 0.1259259259259259 0.0296875 0.04259259259259259
1 0.7072916666666667 0.12175925925925926 0.028125 0.03981481481481482
1 0.32786458333333335 0.20833333333333334 0.018229166666666668 0.040740740740740744
1 0.28515625 0.14953703703703702 0.028645833333333332 0.032407407407407406
1 0.26276041666666666 0.09861111111111111 0.0203125 0.03611111111111111
1 0.35859375 0.1550925925925926 0.0234375 0.03981481481481482
1 0.35390625 0.21203703703703702 0.043229166666666666 0.07222222222222222
1 0.6510416666666666 0.09861111111111111 0.022916666666666665 0.03981481481481482
1 0.6588541666666666 0.1439814814814815 0.03229166666666667 0.04351851851851852
1 0.21953125 0.1037037037037037 0.0265625 0.04814814814814815
1 0.29010416666666666 0.2074074074074074 0.03333333333333333 0.03148148148148148
1 0.17473958333333334 0.25416666666666665 0.044270833333333336 0.0787037037037037
1 0.6997395833333333 0.18564814814814815 0.049479166666666664 0.075
1 0.1734375 0.10185185185185185 0.022916666666666665 0.020370370370370372
1 0.85390625 0.15416666666666667 0.043229166666666666 0.06388888888888888
1 0.51796875 0.0875 0.0265625 0.03796296296296296
1 0.5729166666666666 0.10185185185185185 0.023958333333333335 0.02962962962962963
1 0.6908854166666667 0.10694444444444444 0.019270833333333334 0.023148148148148147
1 0.7911458333333333 0.1537037037037037 0.023958333333333335 0.022222222222222223
1 0.4640625 0.25046296296296294 0.05 0.06759259259259259
1 0.509375 0.12407407407407407 0.022916666666666665 0.03148148148148148
1 0.6424479166666667 0.2884259259259259 0.058854166666666666 0.09166666666666666
1 0.5755208333333334 0.1287037037037037 0.028125 0.024074074074074074
1 0.27734375 0.22870370370370371 0.06197916666666667 0.07592592592592592
1 0.2526041666666667 0.1824074074074074 0.035416666666666666 0.06666666666666667
1 0.3932291666666667 0.19212962962962962 0.01875 0.03796296296296296
1 0.8020833333333334 0.18518518518518517 0.03229166666666667 0.05740740740740741
1 0.3338541666666667 0.19537037037037036 0.030208333333333334 0.06666666666666667
1 0.1734375 0.20277777777777778 0.046875 0.06666666666666667
1 0.4734375 0.1162037037037037 0.023958333333333335 0.049074074074074076