2 0.73203125 0.1087962962962963 0.059895833333333336 0.125
2 0.6625 0.09305555555555556 0.051041666666666666 0.10092592592592593
1 0.78515625 0.5254629629629629 0.10677083333333333 0.1361111111111111
1 0.36328125 0.5662037037037037 0.10989583333333333 0.1398148148148148
1 0.9546875 0.6949074074074074 0.08958333333333333 0.19166666666666668
1 0.6393229166666666 0.6013888888888889 0.11927083333333334 0.15648148148148147
1 0.48125 0.4041666666666667 0.090625 0.1361111111111111
1 0.5846354166666666 0.5180555555555556 0.10572916666666667 0.1638888888888889
1 0.65390625 0.40879629629629627 0.08385416666666666 0.11203703703703703
1 0.20833333333333334 0.3736111111111111 0.0625 0.09907407407407408
1 0.26848958333333334 0.9532407407407407 0.1546875 0.09166666666666666
1 0.32395833333333335 0.3574074074074074 0.06145833333333333 0.08333333333333333
1 0.41822916666666665 0.6287037037037037 0.11145833333333334 0.1537037037037037
1 0.4348958333333333 0.33194444444444443 0.06145833333333333 0.08796296296296297
1 0.49583333333333335 0.1865740740740741 0.042708333333333334 0.06574074074074074
1 0.49557291666666664 0.2625 0.05677083333333333 0.07685185185185185
1 0.7020833333333333 0.46111111111111114 0.09270833333333334 0.12962962962962962
1 0.30885416666666665 0.3111111111111111 0.059375 0.07962962962962963
1 0.41875 0.20092592592592592 0.03958333333333333 0.05555555555555555
1 0.7489583333333333 0.7708333333333334 0.17395833333333333 0.2712962962962963
1 0.03177083333333333 0.4912037037037037 0.06354166666666666 0.13425925925925927
1 0.896875 0.30833333333333335 0.065625 0.07222222222222222
1 0.9411458333333333 0.1925925925925926 0.04583333333333333 0.053703703703703705
1 0.39036458333333335 0.1685185185185185 0.03697916666666667 0.04814814814814815
1 0.5994791666666667 0.33796296296296297 0.07083333333333333 0.11481481481481481
1 0.56015625 0.13148148148148148 0.03177083333333333 0.040740740740740744
1 0.9770833333333333 0.5180555555555556 0.04479166666666667 0.1527777777777778
1 0.5869791666666667 0.24351851851851852 0.051041666666666666 0.08148148148148149
1 0.39739583333333334 0.28379629629629627 0.05625 0.08055555555555556
1 0.5450520833333333 0.22175925925925927 0.044270833333333336 0.06388888888888888
1 0.534375 0.2953703703703704 0.05520833333333333 0.08518518518518518
1 0.9059895833333333 0.18287037037037038 0.0390625 0.05092592592592592
1 0.17291666666666666 0.1986111111111111 0.0375 0.05277777777777778
1 0.9427083333333334 0.29259259259259257 0.05625 0.07407407407407407
1 0.6908854166666667 0.18703703703703703 0.04114583333333333 0.05740740740740741
1 0.9856770833333334 0.26990740740740743 0.027604166666666666 0.0712962962962963
1 0.728125 0.23333333333333334 0.041666666666666664 0.05740740740740741
1 0.18567708333333333 0.325 0.06197916666666667 0.10740740740740741
1 0.8200520833333333 0.2763888888888889 0.05364583333333333 0.05648148148148148
1 0.3302083333333333 0.19027777777777777 0.034375 0.06574074074074074
1 0.28671875 0.2884259259259259 0.049479166666666664 0.075
1 0.8606770833333334 0.19305555555555556 0.04010416666666667 0.06018518518518518
1 0.7880208333333333 0.14027777777777778 0.036458333333333336 0.05648148148148148
1 0.5020833333333333 0.10277777777777777 0.025 0.037037037037037035
1 0.47161458333333334 0.2513888888888889 0.0390625 0.06759259259259259
1 0.45286458333333335 0.2212962962962963 0.0453125 0.07592592592592592
1 0.52265625 0.13148148148148148 0.027604166666666666 0.02962962962962963
1 0.8502604166666666 0.21481481481481482 0.044270833333333336 0.05925925925925926
1 0.33645833333333336 0.07407407407407407 0.027083333333333334 0.02962962962962963
1 0.8075520833333333 0.23333333333333334 0.0515625 0.07222222222222222
1 0.7591145833333334 0.2462962962962963 0.0484375 0.05555555555555555
1 0.47369791666666666 0.1648148148148148 0.034895833333333334 0.04814814814814815
1 0.44505208333333335 0.1449074074074074 0.033854166666666664 0.058333333333333334
1 0.7244791666666667 0.2023148148148148 0.04375 0.058333333333333334
1 0.2604166666666667 0.20555555555555555 0.03854166666666667 0.05740740740740741
1 0.6234375 0.1550925925925926 0.0375 0.06018518518518518
1 0.19739583333333333 0.13472222222222222 0.026041666666666668 0.04537037037037037
1 0.4578125 0.15648148148148147 0.030208333333333334 0.05185185185185185
1 0.3497395833333333 0.2074074074074074 0.04010416666666667 0.06851851851851852
1 0.36328125 0.15138888888888888 0.0328125 0.041666666666666664
1 0.3125 0.1587962962962963 0.03958333333333333 0.062037037037037036
1 0.81796875 0.1884259259259259 0.04114583333333333 0.030555555555555555
1 0.7015625 0.15555555555555556 0.035416666666666666 0.040740740740740744
1 0.40963541666666664 0.06851851851851852 0.0203125 0.024074074074074074
1 0.48020833333333335 0.11157407407407408 0.025 0.026851851851851852
1 0.17473958333333334 0.24444444444444444 0.0546875 0.05555555555555555
1 0.27708333333333335 0.25 0.05 0.07037037037037037
1 0.29401041666666666 0.13657407407407407 0.028645833333333332 0.049074074074074076
1 0.16875 0.0824074074074074 0.036458333333333336 0.03148148148148148
1 0.37473958333333335 0.24074074074074073 0.049479166666666664 0.07962962962962963
1 0.6208333333333333 0.12268518518518519 0.03229166666666667 0.04351851851851852
1 0.7572916666666667 0.1699074074074074 0.028125 0.03981481481481482
1 0.1546875 0.09861111111111111 0.03333333333333333 0.021296296296296296
1 0.98125 0.3592592592592593 0.036458333333333336 0.11481481481481481
1 0.43723958333333335 0.0712962962962963 0.0234375 0.03518518518518519
1 0.9635416666666666 0.33240740740740743 0.04583333333333333 0.05740740740740741
1 0.56796875 0.08981481481481482 0.024479166666666666 0.02962962962962963
1 0.29765625 0.08009259259259259 0.0265625 0.03796296296296296
1 0.17864583333333334 0.2791666666666667 0.05625 0.07314814814814814
1 0.5697916666666667 0.11018518518518519 0.020833333333333332 0.03333333333333333
1 0.6080729166666666 0.08611111111111111 0.021354166666666667 0.03148148148148148
1 0.5919270833333333 0.11527777777777778 0.03177083333333333 0.05277777777777778
1 0.25286458333333334 0.0824074074074074 0.022395833333333334 0.03518518518518519
1 0.6356770833333333 0.18935185185185185 0.04010416666666667 0.04537037037037037
1 0.3328125 0.10833333333333334 0.03125 0.03888888888888889
1 0.30442708333333335 0.0912037037037037 0.022395833333333334 0.032407407407407406
1 0.2755208333333333 0.10925925925925926 0.025 0.03333333333333333
1 0.35703125 0.0837962962962963 0.021354166666666667 0.028703703703703703
1 0.2713541666666667 0.21203703703703702 0.036458333333333336 0.040740740740740744
1 0.31223958333333335 0.10462962962962963 0.018229166666666668 0.03518518518518519
1 0.5333333333333333 0.09212962962962963 0.026041666666666668 0.04722222222222222
1 0.3653645833333333 0.09444444444444444 0.024479166666666666 0.03333333333333333
1 0.16875 0.16944444444444445 0.035416666666666666 0.040740740740740744
1 0.38359375 0.2689814814814815 0.04114583333333333 0.06759259259259259
1 0.75859375 0.19814814814814816 0.025520833333333333 0.040740740740740744
1 0.246875 0.16898148148148148 0.046875 0.0712962962962963
1 0.22994791666666667 0.1287037037037037 0.03177083333333333 0.03888888888888889
1 0.8671875 0.25833333333333336 0.053125 0.06851851851851852
1 0.48489583333333336 0.06666666666666667 0.020833333333333332 0.022222222222222223
1 0.15651041666666668 0.12129629629629629 0.03177083333333333 0.037037037037037035
1 0.6294270833333333 0.09212962962962963 0.021354166666666667 0.026851851851851852
1 0.47630208333333335 0.08935185185185185 0.03177083333333333 0.03796296296296296
1 0.7674479166666667 0.12407407407407407 0.016145833333333335 0.040740740740740744
1 0.3515625 0.12685185185185185 0.034375 0.040740740740740744