1 0.6479166666666667 0.662962962962963 0.14479166666666668 0.21851851851851853
1 0.9364583333333333 0.6486111111111111 0.12604166666666666 0.17685185185185184
1 0.38723958333333336 0.525 0.09322916666666667 0.12037037037037036
1 0.21458333333333332 0.5694444444444444 0.09375 0.1425925925925926
1 0.9229166666666667 0.9083333333333333 0.153125 0.1814814814814815
1 0.5481770833333334 0.47453703703703703 0.08697916666666666 0.12129629629629629
1 0.6 0.35555555555555557 0.075 0.1
1 0.18697916666666667 0.3680555555555556 0.07395833333333333 0.09537037037037037
1 0.35989583333333336 0.4337962962962963 0.078125 0.10648148148148148
1 0.48020833333333335 0.38564814814814813 0.07291666666666667 0.10648148148148148
1 0.77890625 0.49953703703703706 0.10364583333333334 0.1638888888888889
1 0.56875 0.3337962962962963 0.05625 0.08611111111111111
1 0.46848958333333335 0.25046296296296294 0.05260416666666667 0.06574074074074074
1 0.58515625 0.24351851851851852 0.05364583333333333 0.08518518518518518
1 0.33645833333333336 0.39166666666666666 0.07395833333333333 0.10185185185185185
1 0.17057291666666666 0.24537037037037038 0.043229166666666666 0.06111111111111111
1 0.44817708333333334 0.35648148148148145 0.05364583333333333 0.08703703703703704
1 0.4283854166666667 0.20833333333333334 0.043229166666666666 0.05555555555555555
1 0.5153645833333333 0.19953703703703704 0.04010416666666667 0.06574074074074074
1 0.5205729166666667 0.2824074074074074 0.059895833333333336 0.09444444444444444
1 0.7330729166666666 0.14814814814814814 0.0328125 0.05
1 0.3997395833333333 0.18888888888888888 0.0390625 0.05740740740740741
1 0.7278645833333334 0.3375 0.07135416666666666 0.10833333333333334
1 0.3078125 0.325 0.06145833333333333 0.08333333333333333
1 0.6486979166666667 0.30092592592592593 0.06197916666666667 0.08333333333333333
1 0.6578125 0.4074074074074074 0.078125 0.11296296296296296
1 0.8208333333333333 0.15324074074074073 0.03125 0.04351851851851852
1 0.6546875 0.20185185185185187 0.040625 0.044444444444444446
1 0.01484375 0.49166666666666664 0.0296875 0.15
1 0.3645833333333333 0.2462962962962963 0.03854166666666667 0.06481481481481481
1 0.7453125 0.23564814814814813 0.05625 0.06574074074074074
1 0.271875 0.2564814814814815 0.041666666666666664 0.06851851851851852
1 0.3966145833333333 0.1162037037037037 0.028645833333333332 0.03796296296296296
1 0.18828125 0.3060185185185185 0.05260416666666667 0.05462962962962963
1 0.7421875 0.1935185185185185 0.03958333333333333 0.027777777777777776
1 0.9859375 0.23333333333333334 0.027083333333333334 0.05925925925925926
1 0.42916666666666664 0.31574074074074077 0.06458333333333334 0.10185185185185185
1 0.6231770833333333 0.18287037037037038 0.034895833333333334 0.03981481481481482
1 0.2565104166666667 0.2064814814814815 0.0515625 0.08333333333333333
1 0.29244791666666664 0.1300925925925926 0.027604166666666666 0.041666666666666664
1 0.16588541666666667 0.3398148148148148 0.05260416666666667 0.1
1 0.18203125 0.21805555555555556 0.04114583333333333 0.058333333333333334
1 0.3216145833333333 0.18333333333333332 0.030729166666666665 0.05185185185185185
1 0.7057291666666666 0.21712962962962962 0.042708333333333334 0.04537037037037037
1 0.3614583333333333 0.08981481481481482 0.03125 0.040740740740740744
1 0.35651041666666666 0.2263888888888889 0.04010416666666667 0.062037037037037036
1 0.4010416666666667 0.262037037037037 0.051041666666666666 0.08518518518518518
1 0.80390625 0.2050925925925926 0.0328125 0.03796296296296296
1 0.8765625 0.262037037037037 0.05520833333333333 0.08518518518518518
1 0.6541666666666667 0.13240740740740742 0.03125 0.037037037037037035
1 0.3703125 0.1486111111111111 0.026041666666666668 0.03981481481481482
1 0.5065104166666666 0.10694444444444444 0.025520833333333333 0.03425925925925926
1 0.7184895833333333 0.11435185185185186 0.0328125 0.041666666666666664
1 0.5028645833333333 0.18564814814814815 0.0421875 0.07314814814814814
1 0.821875 0.2810185185185185 0.065625 0.05277777777777778
1 0.69921875 0.1537037037037037 0.033854166666666664 0.037037037037037035
1 0.8372395833333334 0.20972222222222223 0.0484375 0.06388888888888888
1 0.26067708333333334 0.09537037037037037 0.027604166666666666 0.03888888888888889
1 0.70234375 0.1912037037037037 0.04114583333333333 0.05462962962962963
1 0.7955729166666666 0.1597222222222222 0.025520833333333333 0.025
1 0.23776041666666667 0.1527777777777778 0.0359375 0.05740740740740741
1 0.4395833333333333 0.09259259259259259 0.023958333333333335 0.025925925925925925
1 0.6510416666666666 0.15925925925925927 0.034375 0.04259259259259259
1 0.34427083333333336 0.12731481481481483 0.027083333333333334 0.03796296296296296
1 0.3880208333333333 0.10601851851851851 0.026041666666666668 0.03796296296296296
1 0.325 0.10925925925925926 0.023958333333333335 0.03888888888888889
1 0.8036458333333333 0.1865740740740741 0.034375 0.03611111111111111
1 0.3966145833333333 0.1638888888888889 0.0390625 0.06111111111111111
1 0.7174479166666666 0.1625 0.0359375 0.03981481481481482
1 0.18072916666666666 0.17546296296296296 0.035416666666666666 0.03981481481481482
1 0.53984375 0.14305555555555555 0.034895833333333334 0.03425925925925926
1 0.54765625 0.2222222222222222 0.0453125 0.07407407407407407
1 0.9419270833333333 0.24027777777777778 0.0671875 0.05648148148148148
1 0.33880208333333334 0.07546296296296297 0.0203125 0.028703703703703703
1 0.2171875 0.08194444444444444 0.028125 0.030555555555555555
1 0.2989583333333333 0.2833333333333333 0.053125 0.07407407407407407
1 0.6036458333333333 0.14166666666666666 0.029166666666666667 0.03333333333333333
1 0.6010416666666667 0.16666666666666666 0.03333333333333333 0.03888888888888889
1 0.6924479166666667 0.10740740740740741 0.028645833333333332 0.044444444444444446
1 0.16901041666666666 0.12685185185185185 0.0359375 0.053703703703703705
1 0.31328125 0.1587962962962963 0.0453125 0.05092592592592592
1 0.36484375 0.13842592592592592 0.0296875 0.04537037037037037
1 0.4630208333333333 0.08888888888888889 0.025 0.03518518518518519
1 0.6166666666666667 0.12037037037037036 0.029166666666666667 0.02962962962962963
1 0.8388020833333333 0.23657407407407408 0.044270833333333336 0.04722222222222222
1 0.9341145833333333 0.2777777777777778 0.07552083333333333 0.10925925925925926
1 0.5776041666666667 0.09074074074074075 0.017708333333333333 0.040740740740740744
1 0.5533854166666666 0.07037037037037037 0.019270833333333334 0.025925925925925925
1 0.6231770833333333 0.10555555555555556 0.024479166666666666 0.040740740740740744
1 0.4921875 0.09537037037037037 0.026041666666666668 0.044444444444444446
1 0.6270833333333333 0.15 0.023958333333333335 0.027777777777777776
1 0.5354166666666667 0.09490740740740741 0.027083333333333334 0.04351851851851852
1 0.203125 0.11018518518518519 0.019791666666666666 0.03333333333333333
1 0.23307291666666666 0.1287037037037037 0.033854166666666664 0.03518518518518519
1 0.5596354166666667 0.1037037037037037 0.025520833333333333 0.03888888888888889
1 0.16979166666666667 0.17592592592592593 0.03333333333333333 0.027777777777777776
1 0.5197916666666667 0.09490740740740741 0.015625 0.03425925925925926
1 0.79140625 0.13703703703703704 0.028645833333333332 0.024074074074074074
1 0.27682291666666664 0.1087962962962963 0.03177083333333333 0.03611111111111111
1 0.5572916666666666 0.12314814814814815 0.023958333333333335 0.05
1 0.16822916666666668 0.08518518518518518 0.029166666666666667 0.02962962962962963
1 0.34270833333333334 0.1962962962962963 0.040625 0.07037037037037037
1 0.30390625 0.15231481481481482 0.027604166666666666 0.05462962962962963