1 0.21744791666666666 0.612037037037037 0.1140625 0.15555555555555556
1 0.4015625 0.5601851851851852 0.09895833333333333 0.12777777777777777
1 0.9661458333333334 0.7083333333333334 0.06666666666666667 0.19444444444444445
1 0.6924479166666667 0.7277777777777777 0.1578125 0.2388888888888889
1 0.3658854166666667 0.45925925925925926 0.08177083333333333 0.11481481481481481
1 0.571875 0.5037037037037037 0.09166666666666666 0.12777777777777777
1 0.5875 0.350462962962963 0.058333333333333334 0.09166666666666666
1 0.9747395833333333 0.3037037037037037 0.049479166666666664 0.09444444444444444
1 0.61875 0.37222222222222223 0.07916666666666666 0.1037037037037037
1 0.8143229166666667 0.5333333333333333 0.10989583333333333 0.17407407407407408
1 0.5994791666666667 0.25277777777777777 0.05520833333333333 0.08703703703703704
1 0.275 0.2638888888888889 0.04479166666666667 0.07037037037037037
1 0.346875 0.412962962962963 0.08333333333333333 0.10555555555555556
1 0.49583333333333335 0.4046296296296296 0.07604166666666666 0.1111111111111111
1 0.47682291666666665 0.25787037037037036 0.05364583333333333 0.06759259259259259
1 0.6674479166666667 0.3143518518518518 0.06510416666666667 0.08611111111111111
1 0.459375 0.3726851851851852 0.058333333333333334 0.09351851851851851
1 0.7557291666666667 0.3560185185185185 0.07395833333333333 0.11574074074074074
1 0.4328125 0.2152777777777778 0.04479166666666667 0.06018518518518518
1 0.37005208333333334 0.25324074074074077 0.04010416666666667 0.06759259259259259
1 0.190625 0.38472222222222224 0.075 0.10092592592592593
1 0.684375 0.42777777777777776 0.08229166666666667 0.12037037037037036
1 0.525 0.20833333333333334 0.040625 0.06666666666666667
1 0.56171875 0.23055555555555557 0.04739583333333333 0.07777777777777778
1 0.5328125 0.2935185185185185 0.06354166666666666 0.09814814814814815
1 0.7208333333333333 0.22407407407407406 0.05416666666666667 0.06296296296296296
1 0.3145833333333333 0.3375 0.06458333333333334 0.08611111111111111
1 0.3609375 0.2324074074074074 0.040625 0.06481481481481481
1 0.40703125 0.26990740740740743 0.05260416666666667 0.08796296296296297
1 0.6375 0.1925925925925926 0.03854166666666667 0.04259259259259259
1 0.7942708333333334 0.2652777777777778 0.05416666666666667 0.049074074074074076
1 0.4375 0.3287037037037037 0.06979166666666667 0.1037037037037037
1 0.7221354166666667 0.1865740740740741 0.03697916666666667 0.030555555555555555
1 0.15859375 0.3527777777777778 0.058854166666666666 0.10555555555555556
1 0.17057291666666666 0.24953703703703703 0.044270833333333336 0.06388888888888888
1 0.40130208333333334 0.11805555555555555 0.0296875 0.041666666666666664
1 0.40546875 0.19398148148148148 0.04010416666666667 0.05648148148148148
1 0.5119791666666667 0.19305555555555556 0.04479166666666667 0.07685185185185185
1 0.8033854166666666 0.14907407407407408 0.028645833333333332 0.04259259259259259
1 0.37213541666666666 0.1537037037037037 0.03177083333333333 0.044444444444444446
1 0.68515625 0.2064814814814815 0.04114583333333333 0.04259259259259259
1 0.6088541666666667 0.175 0.03125 0.037037037037037035
1 0.7739583333333333 0.14212962962962963 0.030208333333333334 0.04351851851851852
1 0.2559895833333333 0.21342592592592594 0.05260416666666667 0.0824074074074074
1 0.1828125 0.22407407407407406 0.03958333333333333 0.05925925925925926
1 0.18854166666666666 0.31342592592592594 0.05416666666666667 0.05092592592592592
1 0.32265625 0.18796296296296297 0.030729166666666665 0.05
1 0.29401041666666666 0.12962962962962962 0.028645833333333332 0.044444444444444446
1 0.7174479166666666 0.14444444444444443 0.030729166666666665 0.046296296296296294
1 0.8190104166666666 0.18981481481481483 0.04114583333333333 0.03888888888888889
1 0.9596354166666666 0.2273148148148148 0.04114583333333333 0.06388888888888888
1 0.5869791666666667 0.16296296296296298 0.03333333333333333 0.03518518518518519
1 0.6377604166666667 0.15648148148148147 0.0328125 0.04814814814814815
1 0.6869791666666667 0.14537037037037037 0.029166666666666667 0.027777777777777776
1 0.34661458333333334 0.20092592592592592 0.04114583333333333 0.07037037037037037
1 0.6830729166666667 0.1824074074074074 0.04114583333333333 0.05
1 0.3921875 0.10694444444444444 0.026041666666666668 0.03981481481481482
1 0.17942708333333332 0.17731481481481481 0.0390625 0.041666666666666664
1 0.43411458333333336 0.08842592592592592 0.021354166666666667 0.026851851851851852
1 0.21614583333333334 0.10925925925925926 0.03854166666666667 0.03888888888888889
1 0.64296875 0.12824074074074074 0.030729166666666665 0.03796296296296296
1 0.84375 0.24814814814814815 0.052083333333333336 0.08148148148148149
1 0.7083333333333334 0.11203703703703703 0.03333333333333333 0.040740740740740744
1 0.34661458333333334 0.1300925925925926 0.0265625 0.03796296296296296
1 0.5005208333333333 0.10462962962962963 0.026041666666666668 0.03333333333333333
1 0.7020833333333333 0.15694444444444444 0.034375 0.03981481481481482
1 0.21822916666666667 0.08148148148148149 0.027083333333333334 0.027777777777777776
1 0.26171875 0.09583333333333334 0.027604166666666666 0.03981481481481482
1 0.98515625 0.2300925925925926 0.028645833333333332 0.05462962962962963
1 0.6067708333333334 0.11666666666666667 0.028125 0.02962962962962963
1 0.3651041666666667 0.09212962962962963 0.029166666666666667 0.041666666666666664
1 0.8971354166666666 0.2638888888888889 0.06822916666666666 0.1037037037037037
1 0.321875 0.1648148148148148 0.036458333333333336 0.05185185185185185
1 0.32734375 0.11203703703703703 0.0234375 0.03888888888888889
1 0.30520833333333336 0.1550925925925926 0.027083333333333334 0.05462962962962963
1 0.34036458333333336 0.07685185185185185 0.019270833333333334 0.02962962962962963
1 0.30520833333333336 0.29305555555555557 0.05520833333333333 0.07685185185185185
1 0.6127604166666667 0.10277777777777777 0.0265625 0.03888888888888889
1 0.6822916666666666 0.10462962962962963 0.029166666666666667 0.04259259259259259
1 0.6151041666666667 0.14583333333333334 0.023958333333333335 0.026851851851851852
1 0.9166666666666666 0.23935185185185184 0.04479166666666667 0.0712962962962963
1 0.2598958333333333 0.17592592592592593 0.051041666666666666 0.05
1 0.16901041666666666 0.1962962962962963 0.0390625 0.06481481481481481
1 0.5684895833333333 0.08472222222222223 0.018229166666666668 0.041666666666666664
1 0.7786458333333334 0.18287037037037038 0.041666666666666664 0.0787037037037037
1 0.4002604166666667 0.16898148148148148 0.03802083333333333 0.062037037037037036
1 0.484375 0.09351851851851851 0.025 0.044444444444444446
1 0.27760416666666665 0.11018518518518519 0.03229166666666667 0.03518518518518519
1 0.23489583333333333 0.13055555555555556 0.034375 0.03333333333333333
1 0.5942708333333333 0.13425925925925927 0.030208333333333334 0.02962962962962963
1 0.5278645833333333 0.09351851851851851 0.025520833333333333 0.044444444444444446
1 0.8111979166666666 0.22592592592592592 0.0390625 0.046296296296296294
1 0.45755208333333336 0.0875 0.025520833333333333 0.03796296296296296
1 0.5533854166666666 0.10231481481481482 0.018229166666666668 0.03981481481481482
1 0.9236979166666667 0.20092592592592592 0.0421875 0.03888888888888889
1 0.49453125 0.0699074074074074 0.0234375 0.032407407407407406
1 0.30703125 0.09305555555555556 0.025520833333333333 0.03425925925925926
1 0.5270833333333333 0.13472222222222222 0.020833333333333332 0.026851851851851852
1 0.5450520833333333 0.06898148148148148 0.021354166666666667 0.026851851851851852
1 0.16484375 0.09768518518518518 0.03697916666666667 0.05648148148148148
1 0.9921875 0.18333333333333332 0.014583333333333334 0.03888888888888889
1 0.16848958333333333 0.12777777777777777 0.04010416666666667 0.05555555555555555