2 0.9575520833333333 0.17777777777777778 0.08385416666666666 0.1648148148148148
2 0.5401041666666667 0.2675925925925926 0.08229166666666667 0.1574074074074074
2 0.8580729166666666 0.10740740740740741 0.0671875 0.09814814814814815
2 0.9278645833333333 0.43472222222222223 0.14114583333333333 0.1787037037037037
1 0.4817708333333333 0.4199074074074074 0.07708333333333334 0.09907407407407408
1 0.6104166666666667 0.562962962962963 0.10833333333333334 0.14074074074074075
1 0.7302083333333333 0.4949074074074074 0.096875 0.12685185185185185
1 0.19817708333333334 0.41064814814814815 0.0703125 0.09351851851851851
1 0.5283854166666667 0.46296296296296297 0.08072916666666667 0.11666666666666667
1 0.040364583333333336 0.48333333333333334 0.08072916666666667 0.11296296296296296
1 0.684375 0.6699074074074074 0.13020833333333334 0.20462962962962963
1 0.96484375 0.33935185185185185 0.06927083333333334 0.062037037037037036
1 0.30703125 0.31203703703703706 0.059895833333333336 0.08148148148148149
1 0.48151041666666666 0.2638888888888889 0.04635416666666667 0.06666666666666667
1 0.9041666666666667 0.27685185185185185 0.058333333333333334 0.07962962962962963
1 0.7143229166666667 0.20324074074074075 0.044270833333333336 0.058333333333333334
1 0.4484375 0.225 0.042708333333333334 0.06296296296296296
1 0.4171875 0.3037037037037037 0.058333333333333334 0.08148148148148149
1 0.5932291666666667 0.35 0.08020833333333334 0.12962962962962962
1 0.8294270833333334 0.2828703703703704 0.0640625 0.05462962962962963
1 0.7984375 0.4078703703703704 0.08541666666666667 0.10833333333333334
1 0.4200520833333333 0.20324074074074075 0.043229166666666666 0.05648148148148148
1 0.35885416666666664 0.43842592592592594 0.08125 0.13425925925925927
1 0.19322916666666667 0.36712962962962964 0.06666666666666667 0.08425925925925926
1 0.8994791666666667 0.6180555555555556 0.125 0.2064814814814815
1 0.49192708333333335 0.2861111111111111 0.028645833333333332 0.07222222222222222
1 0.3880208333333333 0.2740740740740741 0.04583333333333333 0.07407407407407407
1 0.59921875 0.15185185185185185 0.034895833333333334 0.03888888888888889
1 0.27109375 0.22870370370370371 0.0484375 0.06111111111111111
1 0.20208333333333334 0.13796296296296295 0.030208333333333334 0.037037037037037035
1 0.3333333333333333 0.412962962962963 0.06666666666666667 0.10185185185185185
1 0.459375 0.8342592592592593 0.15625 0.2814814814814815
1 0.24947916666666667 0.17407407407407408 0.035416666666666666 0.046296296296296294
1 0.6354166666666666 0.16342592592592592 0.0375 0.05277777777777778
1 0.45260416666666664 0.08425925925925926 0.026041666666666668 0.03518518518518519
1 0.3736979166666667 0.2351851851851852 0.0546875 0.09074074074074075
1 0.6674479166666667 0.17314814814814813 0.0390625 0.06481481481481481
1 0.69765625 0.1884259259259259 0.03802083333333333 0.058333333333333334
1 0.396875 0.1175925925925926 0.03958333333333333 0.05
1 0.8807291666666667 0.2449074074074074 0.07083333333333333 0.0824074074074074
1 0.17317708333333334 0.3175925925925926 0.05260416666666667 0.08703703703703704
1 0.253125 0.08611111111111111 0.021875 0.03518518518518519
1 0.16666666666666666 0.12083333333333333 0.03125 0.03425925925925926
1 0.2671875 0.09768518518518518 0.029166666666666667 0.03981481481481482
1 0.6619791666666667 0.1162037037037037 0.026041666666666668 0.026851851851851852
1 0.18541666666666667 0.2111111111111111 0.03958333333333333 0.05555555555555555
1 0.2786458333333333 0.1175925925925926 0.03125 0.044444444444444446
1 0.34869791666666666 0.07777777777777778 0.022395833333333334 0.03518518518518519
1 0.3997395833333333 0.17777777777777778 0.03697916666666667 0.040740740740740744
1 0.3619791666666667 0.1412037037037037 0.035416666666666666 0.05277777777777778
1 0.29609375 0.2777777777777778 0.059895833333333336 0.10185185185185185
1 0.21484375 0.10138888888888889 0.03177083333333333 0.03796296296296296
1 0.8541666666666666 0.1925925925925926 0.04375 0.05740740740740741
1 0.5067708333333333 0.19953703703703704 0.057291666666666664 0.04537037037037037
1 0.2375 0.1597222222222222 0.041666666666666664 0.04351851851851852
1 0.36614583333333334 0.09305555555555556 0.030208333333333334 0.041666666666666664
1 0.34296875 0.2324074074074074 0.025520833333333333 0.06296296296296296
1 0.30520833333333336 0.15231481481481482 0.03229166666666667 0.04722222222222222
1 0.2942708333333333 0.1361111111111111 0.030208333333333334 0.05185185185185185
1 0.3463541666666667 0.2074074074074074 0.04583333333333333 0.06481481481481481
1 0.33984375 0.12361111111111112 0.028645833333333332 0.04537037037037037
1 0.5130208333333334 0.11064814814814815 0.025 0.04351851851851852
1 0.23489583333333333 0.13935185185185187 0.0375 0.03611111111111111
1 0.8380208333333333 0.1787037037037037 0.03854166666666667 0.06481481481481481
1 0.49947916666666664 0.09444444444444444 0.026041666666666668 0.04259259259259259
1 0.32005208333333335 0.1824074074074074 0.0390625 0.06481481481481481
1 0.5583333333333333 0.125 0.027083333333333334 0.05
1 0.18255208333333334 0.2759259259259259 0.049479166666666664 0.09074074074074075
1 0.7489583333333333 0.17175925925925925 0.04583333333333333 0.0712962962962963
1 0.478125 0.09212962962962963 0.021875 0.041666666666666664
1 0.49270833333333336 0.18935185185185185 0.03958333333333333 0.06574074074074074
1 0.8963541666666667 0.18101851851851852 0.04583333333333333 0.06018518518518518
1 0.18203125 0.1726851851851852 0.034895833333333334 0.03981481481481482
1 0.39140625 0.1537037037037037 0.0328125 0.06111111111111111
1 0.69140625 0.14074074074074075 0.04010416666666667 0.04259259259259259