2 0.9442708333333333 0.1736111111111111 0.09479166666666666 0.15833333333333333
2 0.9497395833333333 0.4689814814814815 0.09947916666666666 0.19537037037037036
2 0.5536458333333333 0.2759259259259259 0.0875 0.16111111111111112
2 0.846875 0.10601851851851851 0.065625 0.09722222222222222
1 0.7606770833333333 0.5231481481481481 0.10260416666666666 0.13518518518518519
1 0.6375 0.5986111111111111 0.11458333333333333 0.15092592592592594
1 0.5427083333333333 0.48518518518518516 0.08645833333333333 0.12222222222222222
1 0.49947916666666664 0.43796296296296294 0.08020833333333334 0.1037037037037037
1 0.8046875 0.2712962962962963 0.06145833333333333 0.05740740740740741
1 0.023177083333333334 0.5041666666666667 0.04635416666666667 0.11203703703703703
1 0.42552083333333335 0.3138888888888889 0.06041666666666667 0.08333333333333333
1 0.93359375 0.33796296296296297 0.0703125 0.08888888888888889
1 0.9447916666666667 0.6657407407407407 0.109375 0.2222222222222222
1 0.19817708333333334 0.42685185185185187 0.07135416666666666 0.09444444444444444
1 0.31171875 0.32175925925925924 0.06197916666666667 0.0824074074074074
1 0.8799479166666667 0.26481481481481484 0.05572916666666667 0.07777777777777778
1 0.45989583333333334 0.8814814814814815 0.16770833333333332 0.2351851851851852
1 0.728125 0.7291666666666666 0.140625 0.22870370370370371
1 0.6138020833333333 0.36342592592592593 0.0859375 0.1361111111111111
1 0.49114583333333334 0.2712962962962963 0.05 0.07037037037037037
1 0.7010416666666667 0.19675925925925927 0.042708333333333334 0.058333333333333334
1 0.42682291666666666 0.20925925925925926 0.043229166666666666 0.05740740740740741
1 0.19401041666666666 0.38101851851851853 0.06927083333333334 0.0824074074074074
1 0.45546875 0.23055555555555557 0.044270833333333336 0.06481481481481481
1 0.9770833333333333 0.28935185185185186 0.04479166666666667 0.075
1 0.5044270833333333 0.2967592592592593 0.03177083333333333 0.07314814814814814
1 0.2716145833333333 0.23425925925925925 0.05364583333333333 0.06296296296296296
1 0.8315104166666667 0.43148148148148147 0.09010416666666667 0.11296296296296296
1 0.3658854166666667 0.4625 0.0859375 0.13796296296296295
1 0.3966145833333333 0.2833333333333333 0.0484375 0.07962962962962963
1 0.25104166666666666 0.17824074074074073 0.036458333333333336 0.04722222222222222
1 0.19895833333333332 0.14027777777777778 0.029166666666666667 0.03981481481481482
1 0.44921875 0.0824074074074074 0.0265625 0.03333333333333333
1 0.6239583333333333 0.1587962962962963 0.034375 0.05277777777777778
1 0.34453125 0.42962962962962964 0.07760416666666667 0.10740740740740741
1 0.5895833333333333 0.1476851851851852 0.034375 0.03981481481481482
1 0.17447916666666666 0.3287037037037037 0.053125 0.08888888888888889
1 0.18489583333333334 0.2875 0.051041666666666666 0.09351851851851851
1 0.32369791666666664 0.18564814814814815 0.04114583333333333 0.06574074074074074
1 0.18255208333333334 0.1787037037037037 0.03697916666666667 0.044444444444444446
1 0.68515625 0.18287037037037038 0.03697916666666667 0.05648148148148148
1 0.21484375 0.10416666666666667 0.03177083333333333 0.041666666666666664
1 0.4002604166666667 0.12175925925925926 0.04010416666666667 0.05092592592592592
1 0.3796875 0.24259259259259258 0.05520833333333333 0.09259259259259259
1 0.3424479166666667 0.125 0.0296875 0.04814814814814815
1 0.34739583333333335 0.23657407407407408 0.028125 0.06574074074074074
1 0.65703125 0.1685185185185185 0.0390625 0.06481481481481481
1 0.40572916666666664 0.18425925925925926 0.03854166666666667 0.040740740740740744
1 0.85703125 0.23796296296296296 0.0703125 0.08148148148148149
1 0.2989583333333333 0.28703703703703703 0.0625 0.1037037037037037
1 0.5208333333333334 0.11435185185185186 0.021875 0.03981481481481482
1 0.32421875 0.11527777777777778 0.0203125 0.03425925925925926
1 0.8377604166666667 0.18703703703703703 0.0390625 0.05740740740740741
1 0.5026041666666666 0.19490740740740742 0.042708333333333334 0.06574074074074074
1 0.49557291666666664 0.09583333333333334 0.025520833333333333 0.04537037037037037
1 0.29635416666666664 0.13796296296296295 0.030208333333333334 0.05185185185185185
1 0.23984375 0.16064814814814815 0.0421875 0.04722222222222222
1 0.26848958333333334 0.09861111111111111 0.0296875 0.03981481481481482
1 0.28125 0.11944444444444445 0.03333333333333333 0.04259259259259259
1 0.1859375 0.21481481481481482 0.040625 0.05925925925925926
1 0.653125 0.11527777777777778 0.027083333333333334 0.028703703703703703
1 0.8239583333333333 0.17546296296296296 0.0375 0.06388888888888888
1 0.22916666666666666 0.12407407407407407 0.03125 0.03518518518518519
1 0.16796875 0.12314814814814815 0.030729166666666665 0.03333333333333333
1 0.7380208333333333 0.16805555555555557 0.04375 0.0712962962962963
1 0.8763020833333334 0.1814814814814815 0.049479166666666664 0.06481481481481481
1 0.35182291666666665 0.08009259259259259 0.0234375 0.03611111111111111
1 0.25442708333333336 0.08842592592592592 0.0203125 0.03425925925925926
1 0.3640625 0.1425925925925926 0.03229166666666667 0.046296296296296294
1 0.17369791666666667 0.1685185185185185 0.0328125 0.05
1 0.7013020833333333 0.12083333333333333 0.027604166666666666 0.030555555555555555
1 0.6825520833333333 0.1375 0.03802083333333333 0.03981481481481482
1 0.5080729166666667 0.10740740740740741 0.024479166666666666 0.04259259259259259
1 0.30703125 0.1550925925925926 0.033854166666666664 0.049074074074074076
1 0.353125 0.2125 0.05416666666666667 0.06574074074074074
1 0.52734375 0.2175925925925926 0.03802083333333333 0.06111111111111111