2 0.60078125 0.08518518518518518 0.09010416666666667 0.08148148148148149
1 0.46510416666666665 0.7212962962962963 0.12708333333333333 0.16296296296296298
1 0.2640625 0.8282407407407407 0.15104166666666666 0.20833333333333334
1 0.6786458333333333 0.6402777777777777 0.11666666666666667 0.16203703703703703
1 0.08802083333333334 0.41805555555555557 0.08333333333333333 0.125
1 0.39947916666666666 0.5666666666666667 0.10208333333333333 0.13518518518518519
1 0.5111979166666667 0.29212962962962963 0.0609375 0.075
1 0.75703125 0.3726851851851852 0.07552083333333333 0.10092592592592593
1 0.56015625 0.4888888888888889 0.09010416666666667 0.13148148148148148
1 0.20390625 0.45555555555555555 0.08802083333333334 0.11851851851851852
1 0.33697916666666666 0.39537037037037037 0.07291666666666667 0.0962962962962963
1 0.5057291666666667 0.4444444444444444 0.07291666666666667 0.10925925925925926
1 0.66015625 0.4148148148148148 0.07135416666666666 0.10555555555555556
1 0.4609375 0.23935185185185184 0.05 0.06574074074074074
1 0.66171875 0.29398148148148145 0.0640625 0.10092592592592593
1 0.29713541666666665 0.29814814814814816 0.0546875 0.07962962962962963
1 0.7848958333333333 0.5194444444444445 0.09791666666666667 0.14629629629629629
1 0.39505208333333336 0.2865740740740741 0.0453125 0.07685185185185185
1 0.7104166666666667 0.23333333333333334 0.053125 0.05555555555555555
1 0.9130208333333333 0.9388888888888889 0.17291666666666666 0.12037037037037036
1 0.9513020833333333 0.3074074074074074 0.06302083333333333 0.06111111111111111
1 0.42864583333333334 0.2162037037037037 0.04479166666666667 0.06018518518518518
1 0.17291666666666666 0.2800925925925926 0.052083333333333336 0.0712962962962963
1 0.3765625 0.5023148148148148 0.090625 0.1287037037037037
1 0.5854166666666667 0.33935185185185185 0.07395833333333333 0.11203703703703703
1 0.4197916666666667 0.13148148148148148 0.030208333333333334 0.04259259259259259
1 0.43072916666666666 0.3087962962962963 0.06041666666666667 0.09907407407407408
1 0.6184895833333334 0.26342592592592595 0.05572916666666667 0.08796296296296297
1 0.32395833333333335 0.3384259259259259 0.0625 0.08611111111111111
1 0.3359375 0.20833333333333334 0.036458333333333336 0.05740740740740741
1 0.5658854166666667 0.23703703703703705 0.0484375 0.07592592592592592
1 0.18489583333333334 0.3861111111111111 0.07395833333333333 0.1
1 0.6958333333333333 0.4486111111111111 0.09375 0.125
1 0.5002604166666667 0.12361111111111112 0.030729166666666665 0.03425925925925926
1 0.659375 0.19305555555555556 0.046875 0.05648148148148148
1 0.8682291666666667 0.25555555555555554 0.05520833333333333 0.08333333333333333
1 0.41822916666666665 0.1884259259259259 0.041666666666666664 0.06759259259259259
1 0.37838541666666664 0.10046296296296296 0.03177083333333333 0.04351851851851852
1 0.38333333333333336 0.2611111111111111 0.04583333333333333 0.06851851851851852
1 0.71796875 0.1699074074074074 0.03802083333333333 0.05277777777777778
1 0.4822916666666667 0.387037037037037 0.07916666666666666 0.12222222222222222
1 0.3625 0.22407407407407406 0.04479166666666667 0.07592592592592592
1 0.8346354166666666 0.2074074074074074 0.030729166666666665 0.06481481481481481
1 0.6294270833333333 0.18055555555555555 0.03177083333333333 0.03888888888888889
1 0.6072916666666667 0.1175925925925926 0.028125 0.040740740740740744
1 0.75234375 0.13194444444444445 0.024479166666666666 0.03611111111111111
1 0.9158854166666667 0.2125 0.044270833333333336 0.06388888888888888
1 0.29973958333333334 0.14305555555555555 0.03177083333333333 0.04351851851851852
1 0.59296875 0.1685185185185185 0.034895833333333334 0.037037037037037035
1 0.9440104166666666 0.25 0.0609375 0.07407407407407407
1 0.4119791666666667 0.12083333333333333 0.027083333333333334 0.04537037037037037
1 0.2682291666666667 0.2351851851851852 0.05520833333333333 0.09074074074074075
1 0.54921875 0.21805555555555556 0.050520833333333334 0.0824074074074074
1 0.5197916666666667 0.10648148148148148 0.027083333333333334 0.046296296296296294
1 0.26953125 0.10416666666666667 0.0328125 0.041666666666666664
1 0.8763020833333334 0.4375 0.0921875 0.1361111111111111
1 0.571875 0.09212962962962963 0.028125 0.030555555555555555
1 0.33880208333333334 0.11944444444444445 0.027604166666666666 0.040740740740740744
1 0.86015625 0.18796296296296297 0.033854166666666664 0.05
1 0.6755208333333333 0.1287037037037037 0.029166666666666667 0.044444444444444446
1 0.8859375 0.20092592592592592 0.0375 0.05185185185185185
1 0.95703125 0.7032407407407407 0.08489583333333334 0.22870370370370371
1 0.31666666666666665 0.17083333333333334 0.029166666666666667 0.058333333333333334
1 0.3372395833333333 0.17685185185185184 0.0390625 0.046296296296296294
1 0.6596354166666667 0.14074074074074075 0.0328125 0.03888888888888889
1 0.16901041666666666 0.22037037037037038 0.04010416666666667 0.07407407407407407
1 0.93359375 0.16342592592592592 0.05364583333333333 0.04351851851851852
1 0.95390625 0.22407407407407406 0.0515625 0.07407407407407407
1 0.4796875 0.09537037037037037 0.027083333333333334 0.03333333333333333
1 0.3567708333333333 0.1425925925925926 0.029166666666666667 0.040740740740740744
1 0.7356770833333334 0.14722222222222223 0.034895833333333334 0.05
1 0.5723958333333333 0.1527777777777778 0.030208333333333334 0.03518518518518519
1 0.7299479166666667 0.1175925925925926 0.024479166666666666 0.016666666666666666
1 0.17734375 0.11388888888888889 0.024479166666666666 0.025925925925925925
1 0.6645833333333333 0.1675925925925926 0.035416666666666666 0.037037037037037035
1 0.31692708333333336 0.10046296296296296 0.025520833333333333 0.03796296296296296
1 0.23385416666666667 0.1337962962962963 0.028125 0.03611111111111111
1 0.5041666666666667 0.08333333333333333 0.023958333333333335 0.04259259259259259
1 0.6291666666666667 0.15462962962962962 0.034375 0.03518518518518519
1 0.22369791666666666 0.11851851851851852 0.030729166666666665 0.037037037037037035
1 0.6833333333333333 0.10740740740740741 0.028125 0.04814814814814815
1 0.9513020833333333 0.27175925925925926 0.05572916666666667 0.032407407407407406
1 0.5270833333333333 0.0625 0.021875 0.025
1 0.5630208333333333 0.12037037037037036 0.025 0.025925925925925925
1 0.478125 0.06481481481481481 0.021875 0.025925925925925925
1 0.64765625 0.1287037037037037 0.0265625 0.025925925925925925
1 0.3809895833333333 0.15787037037037038 0.03177083333333333 0.05648148148148148
1 0.1796875 0.24675925925925926 0.04895833333333333 0.06574074074074074
1 0.16588541666666667 0.16620370370370371 0.027604166666666666 0.03796296296296296
1 0.60234375 0.14166666666666666 0.030729166666666665 0.044444444444444446
1 0.4161458333333333 0.08055555555555556 0.023958333333333335 0.024074074074074074
1 0.3411458333333333 0.13425925925925927 0.025 0.03518518518518519
1 0.76015625 0.16342592592592592 0.022395833333333334 0.028703703703703703
1 0.4432291666666667 0.08472222222222223 0.023958333333333335 0.03981481481481482
1 0.8015625 0.22268518518518518 0.058333333333333334 0.08981481481481482
1 0.17942708333333332 0.19722222222222222 0.0390625 0.04259259259259259
1 0.5791666666666667 0.10648148148148148 0.023958333333333335 0.027777777777777776
1 0.2484375 0.1648148148148148 0.03958333333333333 0.053703703703703705
1 0.35963541666666665 0.09907407407407408 0.011979166666666667 0.03333333333333333
1 0.28359375 0.11944444444444445 0.033854166666666664 0.03518518518518519
1 0.171875 0.1398148148148148 0.035416666666666666 0.02962962962962963
1 0.16328125 0.07731481481481481 0.022395833333333334 0.019444444444444445
1 0.6559895833333333 0.09768518518518518 0.027604166666666666 0.03981481481481482
1 0.190625 0.0763888888888889 0.016666666666666666 0.023148148148148147
1 0.2109375 0.08148148148148149 0.023958333333333335 0.03518518518518519
1 0.21927083333333333 0.10277777777777777 0.029166666666666667 0.03333333333333333
1 0.38984375 0.1685185185185185 0.030729166666666665 0.044444444444444446
1 0.9932291666666667 0.21481481481481482 0.0125 0.06851851851851852
1 0.73671875 0.21064814814814814 0.033854166666666664 0.07314814814814814
1 0.26328125 0.19722222222222222 0.059895833333333336 0.06296296296296296
1 0.7294270833333333 0.12453703703703704 0.0265625 0.030555555555555555