1 0.9502604166666667 0.6777777777777778 0.0984375 0.18518518518518517
1 0.3924479166666667 0.5421296296296296 0.09427083333333333 0.12685185185185185
1 0.215625 0.5902777777777778 0.11041666666666666 0.14907407407407408
1 0.4875 0.39490740740740743 0.07395833333333333 0.10833333333333334
1 0.18854166666666666 0.37546296296296294 0.07395833333333333 0.09907407407407408
1 0.47265625 0.25462962962962965 0.05260416666666667 0.06666666666666667
1 0.36223958333333334 0.4449074074074074 0.0796875 0.11203703703703703
1 0.5778645833333333 0.3416666666666667 0.0578125 0.08888888888888889
1 0.5596354166666667 0.48842592592592593 0.0890625 0.12314814814814815
1 0.79609375 0.5162037037037037 0.10677083333333333 0.16944444444444445
1 0.6088541666666667 0.36435185185185187 0.07708333333333334 0.10092592592592593
1 0.6705729166666666 0.41759259259259257 0.0796875 0.11666666666666667
1 0.45338541666666665 0.3638888888888889 0.05572916666666667 0.09074074074074075
1 0.3377604166666667 0.40324074074074073 0.07135416666666666 0.10462962962962963
1 0.5924479166666666 0.24861111111111112 0.05364583333333333 0.08425925925925926
1 0.7411458333333333 0.34629629629629627 0.071875 0.1111111111111111
1 0.95 0.9356481481481481 0.09895833333333333 0.12685185185185185
1 0.6572916666666667 0.3074074074074074 0.06354166666666666 0.08518518518518518
1 0.18828125 0.3087962962962963 0.05364583333333333 0.05092592592592592
1 0.8059895833333334 0.27361111111111114 0.06197916666666667 0.049074074074074076
1 0.43046875 0.21157407407407408 0.044270833333333336 0.05648148148148148
1 0.6677083333333333 0.6939814814814815 0.15 0.22870370370370371
1 0.7247395833333333 0.14722222222222223 0.03177083333333333 0.046296296296296294
1 0.3671875 0.24953703703703703 0.03958333333333333 0.06574074074074074
1 0.52578125 0.2902777777777778 0.0609375 0.09537037037037037
1 0.98515625 0.31203703703703706 0.028645833333333332 0.0962962962962963
1 0.3106770833333333 0.3277777777777778 0.06302083333333333 0.08888888888888889
1 0.5546875 0.22870370370370371 0.04583333333333333 0.08333333333333333
1 0.6466145833333333 0.19722222222222222 0.04010416666666667 0.04259259259259259
1 0.8125 0.15046296296296297 0.029166666666666667 0.04351851851851852
1 0.5208333333333334 0.20462962962962963 0.041666666666666664 0.06481481481481481
1 0.4322916666666667 0.3226851851851852 0.06458333333333334 0.10277777777777777
1 0.27317708333333335 0.26064814814814813 0.0421875 0.06944444444444445
1 0.40338541666666666 0.2662037037037037 0.0515625 0.08796296296296297
1 0.35859375 0.22870370370370371 0.04114583333333333 0.06296296296296296
1 0.25625 0.21064814814814814 0.053125 0.0824074074074074
1 0.7325520833333333 0.22916666666666666 0.0546875 0.06388888888888888
1 0.1625 0.34675925925925927 0.05416666666666667 0.10277777777777777
1 0.39895833333333336 0.11712962962962963 0.029166666666666667 0.03981481481481482
1 0.73125 0.18981481481481483 0.036458333333333336 0.027777777777777776
1 0.3046875 0.15231481481481482 0.028125 0.05648148148148148
1 0.6151041666666667 0.17962962962962964 0.03333333333333333 0.040740740740740744
1 0.6966145833333334 0.21157407407407408 0.04010416666666667 0.04537037037037037
1 0.3614583333333333 0.08981481481481482 0.034375 0.040740740740740744
1 0.1703125 0.24861111111111112 0.04375 0.062037037037037036
1 0.29244791666666664 0.13148148148148148 0.027604166666666666 0.046296296296296294
1 0.36875 0.15185185185185185 0.03333333333333333 0.04259259259259259
1 0.64375 0.15833333333333333 0.03333333333333333 0.044444444444444446
1 0.97421875 0.23148148148148148 0.03802083333333333 0.06481481481481481
1 0.8265625 0.2037037037037037 0.046875 0.05925925925925926
1 0.32265625 0.18703703703703703 0.03177083333333333 0.05185185185185185
1 0.18255208333333334 0.2212962962962963 0.04010416666666667 0.05925925925925926
1 0.16744791666666667 0.12453703703703704 0.04010416666666667 0.049074074074074076
1 0.38984375 0.10740740740740741 0.0265625 0.03888888888888889
1 0.5026041666666666 0.10601851851851851 0.026041666666666668 0.03425925925925926
1 0.23880208333333333 0.1527777777777778 0.03697916666666667 0.05740740740740741
1 0.26145833333333335 0.09490740740740741 0.029166666666666667 0.03981481481481482
1 0.71328125 0.11342592592592593 0.033854166666666664 0.041666666666666664
1 0.39817708333333335 0.16620370370370371 0.0390625 0.062037037037037036
1 0.2171875 0.08194444444444444 0.028125 0.030555555555555555
1 0.6484375 0.13472222222222222 0.03125 0.04351851851851852
1 0.86015625 0.25555555555555554 0.05364583333333333 0.08333333333333333
1 0.5075520833333333 0.18981481481481483 0.044270833333333336 0.07407407407407407
1 0.40286458333333336 0.1925925925925926 0.0390625 0.05740740740740741
1 0.69375 0.14814814814814814 0.030208333333333334 0.02962962962962963
1 0.34427083333333336 0.19907407407407407 0.040625 0.07037037037037037
1 0.5986979166666667 0.13842592592592592 0.0296875 0.030555555555555555
1 0.7091145833333333 0.1597222222222222 0.034895833333333334 0.03796296296296296
1 0.33932291666666664 0.07592592592592592 0.0203125 0.02962962962962963
1 0.32109375 0.16712962962962963 0.03802083333333333 0.06018518518518518
1 0.3263020833333333 0.10972222222222222 0.024479166666666666 0.03796296296296296
1 0.43697916666666664 0.08981481481481482 0.021875 0.027777777777777776
1 0.6197916666666666 0.14722222222222223 0.023958333333333335 0.027777777777777776
1 0.5932291666666667 0.1638888888888889 0.03229166666666667 0.03888888888888889
1 0.34479166666666666 0.12777777777777777 0.027083333333333334 0.037037037037037035
1 0.6177083333333333 0.1037037037037037 0.026041666666666668 0.03888888888888889
1 0.4596354166666667 0.08796296296296297 0.024479166666666666 0.03518518518518519
1 0.6924479166666667 0.18703703703703703 0.0421875 0.05185185185185185
1 0.16588541666666667 0.09537037037037037 0.0359375 0.05185185185185185
1 0.21354166666666666 0.10833333333333334 0.03854166666666667 0.037037037037037035
1 0.6119791666666666 0.11990740740740741 0.029166666666666667 0.030555555555555555
1 0.5346354166666667 0.1412037037037037 0.0328125 0.032407407407407406
1 0.79765625 0.1935185185185185 0.025520833333333333 0.05185185185185185
1 0.6877604166666667 0.10601851851851851 0.027604166666666666 0.04351851851851852
1 0.5729166666666666 0.08796296296296297 0.017708333333333333 0.04259259259259259
1 0.23333333333333334 0.12916666666666668 0.03333333333333333 0.03611111111111111
1 0.4861979166666667 0.09583333333333334 0.025520833333333333 0.04351851851851852
1 0.8260416666666667 0.23472222222222222 0.03854166666666667 0.05092592592592592
1 0.3015625 0.2884259259259259 0.053125 0.07685185185185185
1 0.16875 0.19583333333333333 0.0375 0.06574074074074074
1 0.9234375 0.24305555555555555 0.06666666666666667 0.07314814814814814
1 0.27682291666666664 0.10925925925925926 0.033854166666666664 0.037037037037037035
1 0.5557291666666667 0.10277777777777777 0.022916666666666665 0.03888888888888889
1 0.78203125 0.14212962962962963 0.030729166666666665 0.03981481481481482
1 0.3651041666666667 0.1300925925925926 0.028125 0.028703703703703703
1 0.9356770833333333 0.20833333333333334 0.0484375 0.046296296296296294
1 0.99140625 0.23703703703703705 0.016145833333333335 0.06111111111111111