2 0.6864583333333333 0.09537037037037037 0.052083333333333336 0.10925925925925926
1 0.29765625 0.8712962962962963 0.1640625 0.20925925925925926
1 0.8549479166666667 0.8703703703703703 0.1734375 0.22777777777777777
1 0.58046875 0.9060185185185186 0.1734375 0.18611111111111112
1 0.20364583333333333 0.4685185185185185 0.084375 0.11851851851851852
1 0.8817708333333333 0.6162037037037037 0.12604166666666666 0.17314814814814813
1 0.35703125 0.43842592592592594 0.07864583333333333 0.10092592592592593
1 0.7924479166666667 0.5199074074074074 0.10572916666666667 0.14166666666666666
1 0.9770833333333333 0.7361111111111112 0.04479166666666667 0.18333333333333332
1 0.5591145833333333 0.5236111111111111 0.11302083333333333 0.17314814814814813
1 0.49192708333333335 0.4027777777777778 0.07447916666666667 0.10185185185185185
1 0.73203125 0.7074074074074074 0.14322916666666666 0.2222222222222222
1 0.109375 0.4041666666666667 0.08020833333333334 0.13055555555555556
1 0.3377604166666667 0.37175925925925923 0.06822916666666666 0.09166666666666666
1 0.5484375 0.3106481481481482 0.065625 0.08796296296296297
1 0.44817708333333334 0.22777777777777777 0.044270833333333336 0.06296296296296296
1 0.43828125 0.3351851851851852 0.06197916666666667 0.09259259259259259
1 0.5747395833333333 0.16111111111111112 0.0359375 0.03888888888888889
1 0.6002604166666666 0.262037037037037 0.05364583333333333 0.07407407407407407
1 0.6869791666666667 0.4166666666666667 0.08645833333333333 0.13703703703703704
1 0.17838541666666666 0.32592592592592595 0.06510416666666667 0.08333333333333333
1 0.5427083333333333 0.21574074074074073 0.04791666666666667 0.07592592592592592
1 0.59296875 0.3541666666666667 0.06614583333333333 0.09907407407407408
1 0.41171875 0.18981481481481483 0.04010416666666667 0.05185185185185185
1 0.3106770833333333 0.3416666666666667 0.0578125 0.08888888888888889
1 0.82890625 0.27824074074074073 0.0765625 0.0787037037037037
1 0.5216145833333333 0.2935185185185185 0.0484375 0.07777777777777778
1 0.6549479166666666 0.2902777777777778 0.059895833333333336 0.09537037037037037
1 0.8721354166666667 0.22268518518518518 0.0484375 0.058333333333333334
1 0.5119791666666667 0.19675925925925927 0.041666666666666664 0.06574074074074074
1 0.8677083333333333 0.16898148148148148 0.03854166666666667 0.049074074074074076
1 0.48776041666666664 0.2537037037037037 0.05260416666666667 0.08518518518518518
1 0.2640625 0.2324074074074074 0.0375 0.06296296296296296
1 0.171875 0.22314814814814815 0.03958333333333333 0.05740740740740741
1 0.928125 0.3300925925925926 0.07708333333333334 0.062037037037037036
1 0.74140625 0.175 0.0359375 0.05555555555555555
1 0.84140625 0.16018518518518518 0.033854166666666664 0.04814814814814815
1 0.7736979166666667 0.24444444444444444 0.05364583333333333 0.04814814814814815
1 0.93671875 0.2759259259259259 0.05572916666666667 0.053703703703703705
1 0.35052083333333334 0.22268518518518518 0.036458333333333336 0.06018518518518518
1 0.48723958333333334 0.17916666666666667 0.0359375 0.06018518518518518
1 0.38229166666666664 0.1699074074074074 0.035416666666666666 0.049074074074074076
1 0.6739583333333333 0.2037037037037037 0.040625 0.044444444444444446
1 0.3807291666666667 0.10462962962962963 0.026041666666666668 0.037037037037037035
1 0.41744791666666664 0.3143518518518518 0.0484375 0.07685185185185185
1 0.45364583333333336 0.09953703703703703 0.027083333333333334 0.026851851851851852
1 0.39869791666666665 0.28055555555555556 0.05364583333333333 0.09074074074074075
1 0.3375 0.1175925925925926 0.025 0.03888888888888889
1 0.52421875 0.11574074074074074 0.021354166666666667 0.03518518518518519
1 0.34765625 0.08194444444444444 0.030729166666666665 0.03611111111111111
1 0.17734375 0.27824074074074073 0.059895833333333336 0.062037037037037036
1 0.6346354166666667 0.1638888888888889 0.034895833333333334 0.053703703703703705
1 0.18177083333333333 0.1476851851851852 0.0375 0.049074074074074076
1 0.4783854166666667 0.09490740740740741 0.024479166666666666 0.03611111111111111
1 0.9770833333333333 0.30833333333333335 0.04479166666666667 0.09814814814814815
1 0.8028645833333333 0.18703703703703703 0.033854166666666664 0.03888888888888889
1 0.8106770833333333 0.22685185185185186 0.043229166666666666 0.044444444444444446
1 0.16067708333333333 0.11944444444444445 0.0390625 0.05555555555555555
1 0.7856770833333333 0.15416666666666667 0.03177083333333333 0.030555555555555555
1 0.30703125 0.15231481481481482 0.0359375 0.05462962962962963
1 0.25416666666666665 0.18935185185185185 0.04479166666666667 0.07685185185185185
1 0.6934895833333333 0.17731481481481481 0.0359375 0.05462962962962963
1 0.72265625 0.11435185185185186 0.025520833333333333 0.04351851851851852
1 0.6473958333333333 0.13425925925925927 0.03125 0.03518518518518519
1 0.6513020833333333 0.10648148148148148 0.0234375 0.02962962962962963
1 0.7479166666666667 0.1259259259259259 0.035416666666666666 0.05
1 0.2747395833333333 0.11157407407407408 0.025520833333333333 0.03796296296296296
1 0.66171875 0.16712962962962963 0.0359375 0.03425925925925926
1 0.6942708333333333 0.14444444444444443 0.03333333333333333 0.03333333333333333
1 0.17916666666666667 0.20046296296296295 0.03958333333333333 0.05462962962962963
1 0.3458333333333333 0.20555555555555555 0.03958333333333333 0.05925925925925926
1 0.315625 0.10185185185185185 0.022916666666666665 0.03333333333333333
1 0.3734375 0.09166666666666666 0.023958333333333335 0.027777777777777776
1 0.7106770833333333 0.2337962962962963 0.04635416666666667 0.05648148148148148
1 0.28489583333333335 0.12129629629629629 0.023958333333333335 0.03888888888888889
1 0.9143229166666667 0.2412037037037037 0.05260416666666667 0.0787037037037037
1 0.5799479166666667 0.13518518518518519 0.033854166666666664 0.05555555555555555
1 0.49322916666666666 0.11435185185185186 0.028125 0.03425925925925926
1 0.33151041666666664 0.18055555555555555 0.03802083333333333 0.06481481481481481
1 0.19375 0.10324074074074074 0.021875 0.032407407407407406
1 0.6463541666666667 0.19305555555555556 0.03229166666666667 0.03611111111111111
1 0.5846354166666666 0.10601851851851851 0.027604166666666666 0.03425925925925926
1 0.7565104166666666 0.17777777777777778 0.030729166666666665 0.03888888888888889
1 0.4744791666666667 0.16435185185185186 0.040625 0.062037037037037036
1 0.17083333333333334 0.16805555555555557 0.040625 0.04722222222222222
1 0.3575520833333333 0.1361111111111111 0.0296875 0.04259259259259259
1 0.5981770833333333 0.09398148148148149 0.019270833333333334 0.04351851851851852
1 0.37786458333333334 0.23564814814814813 0.0453125 0.08055555555555556
1 0.5580729166666667 0.10185185185185185 0.0265625 0.046296296296296294
1 0.7552083333333334 0.21851851851851853 0.034375 0.06481481481481481
1 0.22994791666666667 0.11944444444444445 0.034895833333333334 0.03333333333333333
1 0.46536458333333336 0.06157407407407407 0.018229166666666668 0.019444444444444445
1 0.28515625 0.2550925925925926 0.049479166666666664 0.06944444444444445
1 0.43828125 0.07685185185185185 0.019270833333333334 0.025925925925925925
1 0.29270833333333335 0.2875 0.05416666666666667 0.07685185185185185
1 0.2484375 0.1648148148148148 0.04479166666666667 0.06296296296296296
1 0.37734375 0.14953703703703702 0.03697916666666667 0.05648148148148148