2 0.8872395833333333 0.15648148148148147 0.08385416666666666 0.14444444444444443
2 0.8111979166666666 0.0962962962962963 0.06302083333333333 0.09259259259259259
1 0.77265625 0.762962962962963 0.14635416666666667 0.19074074074074074
1 0.6140625 0.587037037037037 0.10208333333333333 0.14444444444444443
1 0.2015625 0.4847222222222222 0.08020833333333334 0.10833333333333334
1 0.5739583333333333 0.5162037037037037 0.08958333333333333 0.12314814814814815
1 0.8403645833333333 0.2861111111111111 0.059895833333333336 0.06666666666666667
1 0.5263020833333333 0.3013888888888889 0.059895833333333336 0.07685185185185185
1 0.3966145833333333 0.5476851851851852 0.1015625 0.16203703703703703
1 0.95703125 0.5222222222222223 0.08489583333333334 0.12777777777777777
1 0.8971354166666666 0.6462962962962963 0.1265625 0.16296296296296298
1 0.45390625 0.350462962962963 0.06927083333333334 0.09351851851851851
1 0.6825520833333333 0.41898148148148145 0.0953125 0.15833333333333333
1 0.33307291666666666 0.36064814814814816 0.06822916666666666 0.09351851851851851
1 0.8736979166666666 0.25462962962962965 0.05572916666666667 0.06851851851851852
1 0.4778645833333333 0.25324074074074077 0.04635416666666667 0.06944444444444445
1 0.6604166666666667 0.1787037037037037 0.040625 0.053703703703703705
1 0.43020833333333336 0.3162037037037037 0.053125 0.08611111111111111
1 0.27057291666666666 0.2569444444444444 0.049479166666666664 0.06759259259259259
1 0.19244791666666666 0.4356481481481482 0.07864583333333333 0.10092592592592593
1 0.7270833333333333 0.23472222222222222 0.053125 0.04722222222222222
1 0.3151041666666667 0.3189814814814815 0.07395833333333333 0.11574074074074074
1 0.3671875 0.5018518518518519 0.078125 0.12222222222222222
1 0.5325520833333334 0.21342592592592594 0.0484375 0.0712962962962963
1 0.18723958333333332 0.2337962962962963 0.044270833333333336 0.06574074074074074
1 0.9763020833333333 0.3087962962962963 0.04635416666666667 0.10462962962962963
1 0.5635416666666667 0.23657407407407408 0.04479166666666667 0.06574074074074074
1 0.9223958333333333 0.2361111111111111 0.052083333333333336 0.08333333333333333
1 0.5932291666666667 0.14629629629629629 0.034375 0.05
1 0.5598958333333334 0.1337962962962963 0.030208333333333334 0.03796296296296296
1 0.17734375 0.3685185185185185 0.06302083333333333 0.1
1 0.33567708333333335 0.2125 0.04635416666666667 0.04722222222222222
1 0.4505208333333333 0.2273148148148148 0.04479166666666667 0.062037037037037036
1 0.6455729166666667 0.16574074074074074 0.0359375 0.053703703703703705
1 0.2557291666666667 0.1912037037037037 0.035416666666666666 0.049074074074074076
1 0.403125 0.2675925925925926 0.059375 0.1
1 0.18515625 0.1935185185185185 0.03802083333333333 0.05
1 0.5473958333333333 0.33055555555555555 0.0375 0.08518518518518518
1 0.80625 0.2361111111111111 0.05 0.06851851851851852
1 0.6921875 0.1537037037037037 0.05625 0.06666666666666667
1 0.2875 0.12777777777777777 0.030208333333333334 0.046296296296296294
1 0.36744791666666665 0.2587962962962963 0.0296875 0.06944444444444445
1 0.21692708333333333 0.11435185185185186 0.030729166666666665 0.05092592592592592
1 0.51953125 0.1125 0.03177083333333333 0.049074074074074076
1 0.4359375 0.07685185185185185 0.023958333333333335 0.03333333333333333
1 0.38125 0.1037037037037037 0.03125 0.04259259259259259
1 0.4 0.16435185185185186 0.036458333333333336 0.04722222222222222
1 0.19296875 0.1537037037037037 0.0078125 0.025925925925925925
1 0.4122395833333333 0.1310185185185185 0.043229166666666666 0.05092592592592592
1 0.303125 0.1476851851851852 0.03125 0.05277777777777778
1 0.94140625 0.22037037037037038 0.05572916666666667 0.08518518518518518
1 0.6278645833333333 0.10277777777777777 0.024479166666666666 0.020370370370370372
1 0.25859375 0.09305555555555556 0.0234375 0.03796296296296296
1 0.23072916666666668 0.12962962962962962 0.029166666666666667 0.040740740740740744
1 0.375 0.15 0.035416666666666666 0.04814814814814815
1 0.4625 0.08472222222222223 0.020833333333333332 0.03796296296296296
1 0.16822916666666668 0.08333333333333333 0.029166666666666667 0.02962962962962963
1 0.3455729166666667 0.23472222222222222 0.024479166666666666 0.05648148148148148
1 0.5013020833333334 0.10648148148148148 0.015104166666666667 0.03888888888888889
1 0.62421875 0.15231481481481482 0.0359375 0.062037037037037036
1 0.2713541666666667 0.10462962962962963 0.030208333333333334 0.040740740740740744
1 0.17604166666666668 0.18333333333333332 0.03333333333333333 0.05
1 0.60234375 0.33611111111111114 0.08177083333333333 0.13333333333333333
1 0.98046875 0.1962962962962963 0.03802083333333333 0.06296296296296296
1 0.9588541666666667 0.16574074074074074 0.041666666666666664 0.02962962962962963
1 0.3614583333333333 0.0875 0.022916666666666665 0.03981481481481482
1 0.16979166666666667 0.1597222222222222 0.041666666666666664 0.05462962962962963
1 0.3190104166666667 0.10648148148148148 0.034895833333333334 0.03518518518518519
1 0.3046875 0.08842592592592592 0.034375 0.032407407407407406
1 0.31666666666666665 0.1625 0.042708333333333334 0.04722222222222222
1 0.42864583333333334 0.19583333333333333 0.034375 0.03796296296296296
1 0.37734375 0.16666666666666666 0.0234375 0.05
1 0.7776041666666667 0.16203703703703703 0.036458333333333336 0.05925925925925926
1 0.6729166666666667 0.10925925925925926 0.027083333333333334 0.024074074074074074
1 0.7260416666666667 0.14675925925925926 0.019791666666666666 0.04351851851851852
1 0.48098958333333336 0.09166666666666666 0.024479166666666666 0.04259259259259259
1 0.5247395833333334 0.0787037037037037 0.028645833333333332 0.03333333333333333
1 0.7908854166666667 0.21712962962962962 0.06510416666666667 0.0824074074074074
1 0.4036458333333333 0.2013888888888889 0.040625 0.03796296296296296
1 0.61171875 0.08518518518518518 0.028645833333333332 0.025925925925925925
1 0.16953125 0.1287037037037037 0.03697916666666667 0.037037037037037035
1 0.24088541666666666 0.1550925925925926 0.0359375 0.049074074074074076
1 0.18255208333333334 0.3194444444444444 0.07135416666666666 0.10555555555555556
1 0.9341145833333333 0.9254629629629629 0.13072916666666667 0.14722222222222223
1 0.65234375 0.125 0.030729166666666665 0.03888888888888889
1 0.25026041666666665 0.1726851851851852 0.04739583333333333 0.04351851851851852
1 0.8244791666666667 0.17453703703703705 0.04479166666666667 0.06759259259259259
1 0.37005208333333334 0.23703703703703705 0.043229166666666666 0.07592592592592592