2 0.6575520833333334 0.3587962962962963 0.10677083333333333 0.2064814814814815
2 0.8471354166666667 0.13703703703703704 0.07864583333333333 0.12037037037037036
2 0.7796875 0.09074074074074075 0.058333333333333334 0.08888888888888889
1 0.72421875 0.7407407407407407 0.13177083333333334 0.1814814814814815
1 0.6661458333333333 0.6273148148148148 0.11354166666666667 0.14722222222222223
1 0.5713541666666667 0.3351851851851852 0.065625 0.08518518518518518
1 0.3533854166666667 0.4101851851851852 0.07760416666666667 0.1037037037037037
1 0.95703125 0.9481481481481482 0.08489583333333334 0.10185185185185185
1 0.4861979166666667 0.39675925925925926 0.07552083333333333 0.10648148148148148
1 0.4473958333333333 0.6675925925925926 0.125 0.2037037037037037
1 0.4041666666666667 0.5967592592592592 0.09375 0.14722222222222223
1 0.5947916666666667 0.25925925925925924 0.052083333333333336 0.06851851851851852
1 0.67109375 0.2111111111111111 0.04739583333333333 0.044444444444444446
1 0.5057291666666667 0.2810185185185185 0.053125 0.07314814814814814
1 0.19140625 0.49953703703703706 0.09114583333333333 0.11018518518518519
1 0.2796875 0.2824074074074074 0.05625 0.07222222222222222
1 0.7622395833333333 0.4898148148148148 0.11197916666666667 0.18333333333333332
1 0.4739583333333333 0.24953703703703703 0.053125 0.06944444444444445
1 0.5614583333333333 0.23564814814814813 0.052083333333333336 0.07685185185185185
1 0.6263020833333334 0.16296296296296298 0.03697916666666667 0.05
1 0.90390625 0.2740740740740741 0.0640625 0.1
1 0.19036458333333334 0.25555555555555554 0.0484375 0.07037037037037037
1 0.3359375 0.3597222222222222 0.08125 0.1287037037037037
1 0.3614583333333333 0.25324074074074077 0.03229166666666667 0.06759259259259259
1 0.46822916666666664 0.3578703703703704 0.06041666666666667 0.09351851851851851
1 0.2630208333333333 0.20694444444444443 0.0375 0.05277777777777778
1 0.44140625 0.22314814814814815 0.0484375 0.06111111111111111
1 0.8033854166666666 0.22870370370370371 0.03177083333333333 0.06111111111111111
1 0.42109375 0.29768518518518516 0.06510416666666667 0.10833333333333334
1 0.5697916666666667 0.13518518518518519 0.03333333333333333 0.046296296296296294
1 0.8528645833333334 0.21342592592592594 0.049479166666666664 0.07685185185185185
1 0.26223958333333336 0.09814814814814815 0.0234375 0.03888888888888889
1 0.77109375 0.2518518518518518 0.0484375 0.06296296296296296
1 0.23567708333333334 0.13842592592592592 0.033854166666666664 0.041666666666666664
1 0.9341145833333333 0.1865740740740741 0.043229166666666666 0.06574074074074074
1 0.6953125 0.13425925925925927 0.020833333333333332 0.04259259259259259
1 0.3497395833333333 0.2175925925925926 0.050520833333333334 0.07592592592592592
1 0.7356770833333334 0.14074074074074075 0.0328125 0.03888888888888889
1 0.18229166666666666 0.4166666666666667 0.07083333333333333 0.10740740740740741
1 0.6658854166666667 0.14166666666666666 0.0453125 0.06296296296296296
1 0.6096354166666667 0.15231481481481482 0.033854166666666664 0.049074074074074076
1 0.24583333333333332 0.1638888888888889 0.03854166666666667 0.04814814814814815
1 0.9135416666666667 0.17453703703703705 0.03958333333333333 0.06759259259259259
1 0.4859375 0.09953703703703703 0.020833333333333332 0.03425925925925926
1 0.38671875 0.1625 0.03802083333333333 0.05462962962962963
1 0.3919270833333333 0.11064814814814815 0.033854166666666664 0.04722222222222222
1 0.7486979166666666 0.21342592592592594 0.04635416666666667 0.062037037037037036
1 0.2903645833333333 0.13425925925925927 0.034895833333333334 0.05
1 0.33151041666666664 0.1962962962962963 0.0328125 0.053703703703703705
1 0.27578125 0.10833333333333334 0.03177083333333333 0.044444444444444446
1 0.31328125 0.15694444444444444 0.0328125 0.05648148148148148
1 0.175 0.17453703703703705 0.04791666666666667 0.04722222222222222
1 0.3265625 0.11296296296296296 0.03333333333333333 0.03333333333333333
1 0.5075520833333333 0.10601851851851851 0.030729166666666665 0.04722222222222222
1 0.18619791666666666 0.20462962962962963 0.04010416666666667 0.05
1 0.35208333333333336 0.13796296296296295 0.04375 0.05185185185185185
1 0.41875 0.18472222222222223 0.03958333333333333 0.062037037037037036
1 0.5736979166666667 0.10740740740740741 0.0390625 0.044444444444444446
1 0.5986979166666667 0.13703703703703704 0.033854166666666664 0.06666666666666667
1 0.39140625 0.25972222222222224 0.0515625 0.08425925925925926
1 0.44973958333333336 0.07731481481481481 0.019270833333333334 0.03425925925925926
1 0.9731770833333333 0.1935185185185185 0.05260416666666667 0.07777777777777778
1 0.16770833333333332 0.13935185185185187 0.03333333333333333 0.03796296296296296
1 0.42578125 0.14351851851851852 0.04635416666666667 0.05555555555555555
1 0.3697916666666667 0.09398148148148149 0.025 0.04351851851851852
1 0.42421875 0.07037037037037037 0.021354166666666667 0.03148148148148148
1 0.7815104166666667 0.16203703703703703 0.0390625 0.06481481481481481
1 0.8359375 0.19722222222222222 0.04583333333333333 0.07777777777777778
1 0.18619791666666666 0.36064814814814816 0.07864583333333333 0.12129629629629629
1 0.4661458333333333 0.08472222222222223 0.01875 0.03796296296296296
1 0.39348958333333334 0.17962962962962964 0.025520833333333333 0.05555555555555555
1 0.31015625 0.09166666666666666 0.034895833333333334 0.03518518518518519
1 0.6252604166666667 0.11898148148148148 0.03177083333333333 0.03981481481481482
1 0.22630208333333332 0.12916666666666668 0.03802083333333333 0.03796296296296296
1 0.5953125 0.08472222222222223 0.027083333333333334 0.030555555555555555
1 0.16979166666666667 0.07916666666666666 0.026041666666666668 0.021296296296296296
1 0.5520833333333334 0.06712962962962964 0.026041666666666668 0.032407407407407406
1 0.20546875 0.5537037037037037 0.09114583333333333 0.1259259259259259
1 0.60625 0.09675925925925925 0.021875 0.01574074074074074
1 0.7296875 0.19537037037037036 0.04375 0.07407407407407407
1 0.76015625 0.17592592592592593 0.0234375 0.03333333333333333
1 0.6494791666666667 0.10277777777777777 0.022916666666666665 0.024074074074074074
1 0.7513020833333334 0.14814814814814814 0.027604166666666666 0.02962962962962963
1 0.3854166666666667 0.2824074074074074 0.028125 0.07407407407407407
1 0.40208333333333335 0.06805555555555555 0.020833333333333332 0.025
1 0.59375 0.37592592592592594 0.036458333333333336 0.09444444444444444
1 0.21927083333333333 0.1050925925925926 0.03854166666666667 0.030555555555555555
1 0.17005208333333333 0.09953703703703703 0.03177083333333333 0.03425925925925926
1 0.25859375 0.18564814814814815 0.0484375 0.04351851851851852