3 0.9763020833333333 0.29212962962962963 0.04635416666666667 0.11018518518518519
2 0.95 0.1925925925925926 0.096875 0.18703703703703703
1 0.42473958333333334 0.6550925925925926 0.12239583333333333 0.1638888888888889
1 0.61640625 0.9342592592592592 0.18697916666666667 0.12962962962962962
1 0.9234375 0.9106481481481481 0.15208333333333332 0.17685185185185184
1 0.6510416666666666 0.4222222222222222 0.084375 0.10925925925925926
1 0.23932291666666666 0.8444444444444444 0.1640625 0.21481481481481482
1 0.20494791666666667 0.6296296296296297 0.1171875 0.15185185185185185
1 0.40182291666666664 0.5171296296296296 0.0953125 0.1287037037037037
1 0.5059895833333333 0.287962962962963 0.059895833333333336 0.07592592592592592
1 0.5619791666666667 0.3296296296296296 0.065625 0.09074074074074075
1 0.14166666666666666 0.387037037037037 0.06666666666666667 0.09074074074074075
1 0.34869791666666666 0.4300925925925926 0.07760416666666667 0.11018518518518519
1 0.48828125 0.4078703703703704 0.0765625 0.10462962962962963
1 0.8114583333333333 0.5430555555555555 0.115625 0.1824074074074074
1 0.9739583333333334 0.7222222222222222 0.051041666666666666 0.17777777777777778
1 0.82421875 0.24444444444444444 0.050520833333333334 0.06666666666666667
1 0.7260416666666667 0.2037037037037037 0.04479166666666667 0.06111111111111111
1 0.4005208333333333 0.12175925925925926 0.020833333333333332 0.03796296296296296
1 0.7348958333333333 0.3490740740740741 0.07291666666666667 0.10925925925925926
1 0.921875 0.46620370370370373 0.10416666666666667 0.1527777777777778
1 0.82265625 0.20277777777777778 0.04739583333333333 0.06111111111111111
1 0.4557291666666667 0.3625 0.06875 0.09537037037037037
1 0.5463541666666667 0.4597222222222222 0.08854166666666667 0.1398148148148148
1 0.48463541666666665 0.175 0.03802083333333333 0.053703703703703705
1 0.18854166666666666 0.3300925925925926 0.058333333333333334 0.0824074074074074
1 0.7713541666666667 0.799537037037037 0.14479166666666668 0.19537037037037036
1 0.4231770833333333 0.2967592592592593 0.0578125 0.09722222222222222
1 0.4432291666666667 0.2199074074074074 0.036458333333333336 0.05648148148148148
1 0.5778645833333333 0.16203703703703703 0.03697916666666667 0.03518518518518519
1 0.83984375 0.39814814814814814 0.09114583333333333 0.12037037037037036
1 0.3893229166666667 0.275 0.043229166666666666 0.07037037037037037
1 0.6755208333333333 0.17962962962962964 0.03958333333333333 0.06111111111111111
1 0.42526041666666664 0.13333333333333333 0.03802083333333333 0.05925925925925926
1 0.3223958333333333 0.1824074074074074 0.04375 0.05925925925925926
1 0.303125 0.3125 0.071875 0.1175925925925926
1 0.7408854166666666 0.1449074074074074 0.027604166666666666 0.041666666666666664
1 0.3841145833333333 0.175 0.0328125 0.04814814814814815
1 0.5635416666666667 0.12546296296296297 0.028125 0.03796296296296296
1 0.7049479166666667 0.6578703703703703 0.1296875 0.2101851851851852
1 0.4041666666666667 0.18518518518518517 0.0375 0.053703703703703705
1 0.57578125 0.11203703703703703 0.030729166666666665 0.040740740740740744
1 0.37473958333333335 0.24074074074074073 0.050520833333333334 0.07962962962962963
1 0.38307291666666665 0.10277777777777777 0.025520833333333333 0.03518518518518519
1 0.4635416666666667 0.15787037037037038 0.035416666666666666 0.05462962962962963
1 0.43020833333333336 0.20416666666666666 0.03854166666666667 0.06574074074074074
1 0.5075520833333333 0.125 0.0265625 0.03148148148148148
1 0.7109375 0.16203703703703703 0.035416666666666666 0.06111111111111111
1 0.6330729166666667 0.15787037037037038 0.044270833333333336 0.06574074074074074
1 0.6854166666666667 0.14166666666666666 0.03229166666666667 0.02962962962962963
1 0.6598958333333333 0.10555555555555556 0.021875 0.03333333333333333
1 0.15625 0.09675925925925925 0.026041666666666668 0.041666666666666664
1 0.5270833333333333 0.13333333333333333 0.016666666666666666 0.03148148148148148
1 0.6049479166666667 0.1476851851851852 0.024479166666666666 0.04537037037037037
1 0.27239583333333334 0.1597222222222222 0.034375 0.062037037037037036
1 0.16328125 0.25787037037037036 0.0421875 0.06574074074074074
1 0.48151041666666666 0.24259259259259258 0.058854166666666666 0.08518518518518518
1 0.8924479166666667 0.1712962962962963 0.030729166666666665 0.06111111111111111
1 0.68203125 0.12731481481481483 0.030729166666666665 0.04351851851851852
1 0.175 0.11388888888888889 0.029166666666666667 0.03148148148148148
1 0.2677083333333333 0.10648148148148148 0.022916666666666665 0.037037037037037035
1 0.7075520833333333 0.31527777777777777 0.07239583333333334 0.11944444444444445
1 0.7880208333333333 0.12129629629629629 0.041666666666666664 0.03148148148148148
1 0.5984375 0.1 0.025 0.03333333333333333
1 0.6356770833333333 0.10787037037037037 0.0265625 0.032407407407407406
1 0.18046875 0.26805555555555555 0.0515625 0.06018518518518518
1 0.48984375 0.0787037037037037 0.024479166666666666 0.037037037037037035
1 0.36640625 0.1486111111111111 0.0328125 0.05092592592592592
1 0.17291666666666666 0.16435185185185186 0.03333333333333333 0.05092592592592592
1 0.28880208333333335 0.11898148148148148 0.03177083333333333 0.03981481481481482
1 0.52109375 0.08611111111111111 0.021354166666666667 0.022222222222222223
1 0.17838541666666666 0.2212962962962963 0.043229166666666666 0.04259259259259259
1 0.6223958333333334 0.0875 0.023958333333333335 0.03611111111111111
1 0.20677083333333332 0.16712962962962963 0.04375 0.06944444444444445
1 0.1703125 0.08425925925925926 0.023958333333333335 0.02962962962962963
1 0.8111979166666666 0.1638888888888889 0.0421875 0.06111111111111111
1 0.6169270833333333 0.11666666666666667 0.025520833333333333 0.020370370370370372
1 0.240625 0.16527777777777777 0.03229166666666667 0.05277777777777778
1 0.67265625 0.10972222222222222 0.025520833333333333 0.03425925925925926
1 0.4921875 0.11435185185185186 0.022916666666666665 0.026851851851851852
1 0.5015625 0.09444444444444444 0.022916666666666665 0.022222222222222223
1 0.16328125 0.20787037037037037 0.0328125 0.03611111111111111
1 0.31536458333333334 0.10833333333333334 0.0140625 0.02962962962962963
1 0.76796875 0.1597222222222222 0.04114583333333333 0.049074074074074076
1 0.26536458333333335 0.24444444444444444 0.03697916666666667 0.06666666666666667
1 0.35442708333333334 0.21944444444444444 0.03802083333333333 0.07222222222222222
1 0.5544270833333333 0.1398148148148148 0.022395833333333334 0.03888888888888889
1 0.3453125 0.07916666666666666 0.020833333333333332 0.032407407407407406
1 0.34713541666666664 0.12777777777777777 0.03177083333333333 0.05185185185185185
1 0.41119791666666666 0.06666666666666667 0.018229166666666668 0.024074074074074074
1 0.31197916666666664 0.09027777777777778 0.026041666666666668 0.041666666666666664
1 0.46822916666666664 0.08564814814814815 0.021875 0.03611111111111111
1 0.2565104166666667 0.20324074074074075 0.04010416666666667 0.07314814814814814
1 0.44583333333333336 0.09583333333333334 0.027083333333333334 0.026851851851851852
1 0.26979166666666665 0.20787037037037037 0.04479166666666667 0.05462962962962963
1 0.43828125 0.07731481481481481 0.0234375 0.028703703703703703
1 0.3294270833333333 0.06898148148148148 0.016145833333333335 0.021296296296296296
1 0.16484375 0.14212962962962963 0.0265625 0.03981481481481482
1 0.7692708333333333 0.18472222222222223 0.041666666666666664 0.06018518518518518