2 0.71796875 0.1037037037037037 0.05677083333333333 0.12222222222222222
2 0.6536458333333334 0.09212962962962963 0.05 0.09722222222222222
1 0.6859375 0.6620370370370371 0.13229166666666667 0.17407407407407408
1 0.62109375 0.562037037037037 0.11510416666666666 0.17592592592592593
1 0.43984375 0.6967592592592593 0.12864583333333332 0.1712962962962963
1 0.84140625 0.5722222222222222 0.1171875 0.15
1 0.33671875 0.6324074074074074 0.12135416666666667 0.15555555555555556
1 0.50078125 0.4337962962962963 0.09635416666666667 0.14351851851851852
1 0.6888020833333334 0.43703703703703706 0.09010416666666667 0.11851851851851852
1 0.4513020833333333 0.35 0.0671875 0.09074074074074075
1 0.20703125 0.3990740740740741 0.06822916666666666 0.1037037037037037
1 0.3346354166666667 0.37916666666666665 0.0671875 0.08796296296296297
1 0.84296875 0.861574074074074 0.20364583333333333 0.275
1 0.5088541666666667 0.27546296296296297 0.059375 0.0787037037037037
1 0.5091145833333334 0.19537037037037036 0.044270833333333336 0.06851851851851852
1 0.7466145833333333 0.49907407407407406 0.10052083333333334 0.1425925925925926
1 0.31692708333333336 0.32731481481481484 0.0609375 0.0824074074074074
1 0.42890625 0.20972222222222223 0.04010416666666667 0.058333333333333334
1 0.3966145833333333 0.17546296296296296 0.03802083333333333 0.05092592592592592
1 0.6734375 0.18101851851851852 0.03958333333333333 0.05648148148148148
1 0.60546875 0.25555555555555554 0.05364583333333333 0.08518518518518518
1 0.8372395833333334 0.18564814814814815 0.03802083333333333 0.05648148148148148
1 0.9177083333333333 0.18611111111111112 0.041666666666666664 0.05185185185185185
1 0.8546875 0.2898148148148148 0.06041666666666667 0.06666666666666667
1 0.5479166666666667 0.3111111111111111 0.058333333333333334 0.08888888888888889
1 0.8856770833333333 0.17685185185185184 0.03697916666666667 0.05185185185185185
1 0.6255208333333333 0.35833333333333334 0.07708333333333334 0.12037037037037036
1 0.78515625 0.2601851851851852 0.050520833333333334 0.053703703703703705
1 0.409375 0.2986111111111111 0.058333333333333334 0.0824074074074074
1 0.5598958333333334 0.2324074074074074 0.04583333333333333 0.06666666666666667
1 0.7302083333333333 0.23472222222222222 0.04895833333333333 0.05462962962962963
1 0.2942708333333333 0.30324074074074076 0.05 0.07685185185185185
1 0.1953125 0.13796296296296295 0.026041666666666668 0.046296296296296294
1 0.2625 0.21342592592592594 0.040625 0.058333333333333334
1 0.3578125 0.2162037037037037 0.041666666666666664 0.07314814814814814
1 0.4622395833333333 0.23055555555555557 0.0484375 0.07962962962962963
1 0.17421875 0.20601851851851852 0.0390625 0.05462962962962963
1 0.8994791666666667 0.2759259259259259 0.05416666666666667 0.07222222222222222
1 0.3697916666666667 0.15694444444444444 0.036458333333333336 0.04351851851851852
1 0.7049479166666667 0.18703703703703703 0.044270833333333336 0.040740740740740744
1 0.7015625 0.21666666666666667 0.040625 0.044444444444444446
1 0.49505208333333334 0.09953703703703703 0.024479166666666666 0.032407407407407406
1 0.9578125 0.25416666666666665 0.05520833333333333 0.06574074074074074
1 0.83046875 0.24675925925925926 0.049479166666666664 0.06759259259259259
1 0.4859375 0.26296296296296295 0.04375 0.07037037037037037
1 0.6854166666666667 0.1476851851851852 0.034375 0.03796296296296296
1 0.8244791666666667 0.19537037037037036 0.041666666666666664 0.037037037037037035
1 0.38125 0.2537037037037037 0.04895833333333333 0.08148148148148149
1 0.45234375 0.15092592592592594 0.03697916666666667 0.05925925925925926
1 0.7744791666666667 0.13796296296296295 0.036458333333333336 0.05740740740740741
1 0.48411458333333335 0.17592592592592593 0.03802083333333333 0.05555555555555555
1 0.29609375 0.14027777777777778 0.0328125 0.05277777777777778
1 0.17291666666666666 0.34675925925925927 0.06458333333333334 0.11018518518518519
1 0.33958333333333335 0.07592592592592592 0.027083333333333334 0.03333333333333333
1 0.31796875 0.16527777777777777 0.03802083333333333 0.06018518518518518
1 0.175 0.24861111111111112 0.05625 0.04537037037037037
1 0.9052083333333333 0.3106481481481482 0.041666666666666664 0.05648148148148148
1 0.3380208333333333 0.11296296296296296 0.0375 0.040740740740740744
1 0.7984375 0.17824074074074073 0.023958333333333335 0.025
1 0.23177083333333334 0.12731481481481483 0.03229166666666667 0.04722222222222222
1 0.27890625 0.22453703703703703 0.044270833333333336 0.049074074074074076
1 0.6088541666666667 0.14953703703703702 0.035416666666666666 0.058333333333333334
1 0.9486979166666667 0.33935185185185185 0.0796875 0.11203703703703703
1 0.278125 0.11296296296296296 0.03229166666666667 0.03888888888888889
1 0.55390625 0.12453703703703704 0.018229166666666668 0.03981481481481482
1 0.36796875 0.09675925925925925 0.0265625 0.03796296296296296
1 0.17083333333333334 0.17777777777777778 0.034375 0.04259259259259259
1 0.47239583333333335 0.11851851851851852 0.026041666666666668 0.04814814814814815
1 0.3065104166666667 0.09490740740740741 0.022395833333333334 0.032407407407407406
1 0.5140625 0.12685185185185185 0.030208333333333334 0.03333333333333333
1 0.4078125 0.06805555555555555 0.023958333333333335 0.021296296296296296
1 0.24791666666666667 0.175 0.04583333333333333 0.07037037037037037
1 0.46458333333333335 0.16342592592592592 0.03229166666666667 0.05092592592592592
1 0.2546875 0.0837962962962963 0.027083333333333334 0.03611111111111111
1 0.45234375 0.07962962962962963 0.024479166666666666 0.03148148148148148
1 0.1765625 0.2912037037037037 0.06041666666666667 0.075
1 0.55859375 0.10925925925925926 0.024479166666666666 0.040740740740740744
1 0.8057291666666667 0.21481481481481482 0.03854166666666667 0.053703703703703705
1 0.7388020833333333 0.16527777777777777 0.03697916666666667 0.04351851851851852
1 0.3606770833333333 0.13564814814814816 0.04010416666666667 0.04722222222222222
1 0.6763020833333333 0.11851851851851852 0.0296875 0.044444444444444446
1 0.478125 0.06435185185185185 0.01875 0.019444444444444445
1 0.43411458333333336 0.07175925925925926 0.0203125 0.032407407407407406
1 0.1703125 0.15185185185185185 0.03854166666666667 0.03518518518518519
1 0.6111979166666667 0.11481481481481481 0.028645833333333332 0.037037037037037035
1 0.20130208333333333 0.08333333333333333 0.022395833333333334 0.027777777777777776
1 0.5276041666666667 0.08611111111111111 0.028125 0.037037037037037035
1 0.74375 0.2101851851851852 0.0375 0.04814814814814815
1 0.3346354166666667 0.18935185185185185 0.0359375 0.05462962962962963
1 0.5817708333333333 0.11342592592592593 0.03229166666666667 0.05092592592592592
1 0.15677083333333333 0.1162037037037037 0.03229166666666667 0.05092592592592592
1 0.28359375 0.26064814814814813 0.05364583333333333 0.0712962962962963
1 0.7533854166666667 0.12175925925925926 0.0203125 0.04537037037037037
1 0.31640625 0.10833333333333334 0.018229166666666668 0.03148148148148148
1 0.6169270833333333 0.19768518518518519 0.0390625 0.07685185185185185
1 0.00390625 0.5509259259259259 0.0078125 0.07962962962962963
1 0.9895833333333334 0.2800925925925926 0.019791666666666666 0.0824074074074074
1 0.3924479166666667 0.2824074074074074 0.0421875 0.07037037037037037