1 0.5671875 0.8930555555555556 0.15625 0.20277777777777778
1 0.20651041666666667 0.5236111111111111 0.10364583333333334 0.1361111111111111
1 0.4471354166666667 0.6726851851851852 0.1203125 0.16018518518518518
1 0.35104166666666664 0.4462962962962963 0.084375 0.11296296296296296
1 0.7268229166666667 0.475462962962963 0.0828125 0.12129629629629629
1 0.6161458333333333 0.5689814814814815 0.10520833333333333 0.1527777777777778
1 0.5557291666666667 0.5087962962962963 0.09270833333333334 0.125
1 0.8013020833333333 0.7912037037037037 0.14635416666666667 0.20462962962962963
1 0.54375 0.32175925925925924 0.06666666666666667 0.08611111111111111
1 0.41510416666666666 0.3138888888888889 0.04791666666666667 0.08333333333333333
1 0.18802083333333333 0.4310185185185185 0.08229166666666667 0.10648148148148148
1 0.315625 0.975462962962963 0.134375 0.04722222222222222
1 0.7135416666666666 0.3300925925925926 0.071875 0.11203703703703703
1 0.7721354166666666 0.5157407407407407 0.10885416666666667 0.1425925925925926
1 0.63359375 0.37916666666666665 0.0828125 0.12685185185185185
1 0.8354166666666667 0.42777777777777776 0.0875 0.11666666666666667
1 0.6020833333333333 0.2625 0.05520833333333333 0.08425925925925926
1 0.42421875 0.5851851851851851 0.1140625 0.14629629629629629
1 0.18515625 0.3023148148148148 0.05572916666666667 0.08055555555555556
1 0.8622395833333333 0.6111111111111112 0.11614583333333334 0.1685185185185185
1 0.4473958333333333 0.23287037037037037 0.046875 0.062037037037037036
1 0.9674479166666666 0.5199074074074074 0.0640625 0.16203703703703703
1 0.66640625 0.29259259259259257 0.06302083333333333 0.09444444444444444
1 0.31171875 0.3277777777777778 0.059895833333333336 0.08703703703703704
1 0.3416666666666667 0.3731481481481482 0.065625 0.09074074074074075
1 0.871875 0.26435185185185184 0.058333333333333334 0.075
1 0.3763020833333333 0.2412037037037037 0.0484375 0.08055555555555556
1 0.43411458333333336 0.14351851851851852 0.0328125 0.04814814814814815
1 0.46041666666666664 0.34120370370370373 0.06770833333333333 0.10833333333333334
1 0.6221354166666667 0.17731481481481481 0.0421875 0.049074074074074076
1 0.6841145833333333 0.1574074074074074 0.034895833333333334 0.04814814814814815
1 0.2791666666666667 0.25324074074074077 0.06145833333333333 0.09722222222222222
1 0.7036458333333333 0.13425925925925927 0.03229166666666667 0.046296296296296294
1 0.6528645833333333 0.11990740740740741 0.028645833333333332 0.03981481481481482
1 0.66875 0.20416666666666666 0.042708333333333334 0.04351851851851852
1 0.43333333333333335 0.2013888888888889 0.04479166666666667 0.0712962962962963
1 0.40390625 0.18194444444444444 0.0328125 0.04722222222222222
1 0.86328125 0.20555555555555555 0.059895833333333336 0.07407407407407407
1 0.48515625 0.1125 0.027604166666666666 0.03425925925925926
1 0.36953125 0.1050925925925926 0.015104166666666667 0.03425925925925926
1 0.52578125 0.43703703703703706 0.09114583333333333 0.1425925925925926
1 0.303125 0.15555555555555556 0.03229166666666667 0.044444444444444446
1 0.9856770833333334 0.26435185185185184 0.027604166666666666 0.075
1 0.01796875 0.47685185185185186 0.0359375 0.13333333333333333
1 0.4015625 0.28425925925925927 0.04895833333333333 0.07592592592592592
1 0.9489583333333333 0.19768518518518519 0.052083333333333336 0.0712962962962963
1 0.3890625 0.11157407407407408 0.03229166666666667 0.05277777777777778
1 0.3455729166666667 0.19398148148148148 0.0421875 0.05462962962962963
1 0.7390625 0.15 0.03333333333333333 0.025925925925925925
1 0.63203125 0.16111111111111112 0.0328125 0.05
1 0.5953125 0.16527777777777777 0.028125 0.03611111111111111
1 0.72734375 0.12407407407407407 0.024479166666666666 0.03518518518518519
1 0.58515625 0.2412037037037037 0.05572916666666667 0.09166666666666666
1 0.32734375 0.18425925925925926 0.0328125 0.06296296296296296
1 0.23880208333333333 0.14305555555555555 0.03177083333333333 0.041666666666666664
1 0.22890625 0.12361111111111112 0.03177083333333333 0.03796296296296296
1 0.6661458333333333 0.1037037037037037 0.025 0.044444444444444446
1 0.4859375 0.26064814814814813 0.053125 0.06944444444444445
1 0.36796875 0.1527777777777778 0.03177083333333333 0.04259259259259259
1 0.34713541666666664 0.1287037037037037 0.030729166666666665 0.046296296296296294
1 0.88828125 0.16666666666666666 0.049479166666666664 0.07037037037037037
1 0.42421875 0.13148148148148148 0.0296875 0.05185185185185185
1 0.5669270833333333 0.15462962962962962 0.030729166666666665 0.03333333333333333
1 0.3890625 0.17222222222222222 0.03229166666666667 0.05555555555555555
1 0.5877604166666667 0.10694444444444444 0.025520833333333333 0.032407407407407406
1 0.16119791666666666 0.08796296296296297 0.0265625 0.037037037037037035
1 0.6231770833333333 0.12361111111111112 0.0234375 0.030555555555555555
1 0.5244791666666667 0.13425925925925927 0.025 0.02962962962962963
1 0.3497395833333333 0.14537037037037037 0.0265625 0.03888888888888889
1 0.7450520833333333 0.2023148148148148 0.0546875 0.08055555555555556
1 0.3609375 0.08888888888888889 0.021875 0.03148148148148148
1 0.3255208333333333 0.1087962962962963 0.029166666666666667 0.04722222222222222
1 0.4661458333333333 0.09027777777777778 0.025 0.030555555555555555
1 0.18385416666666668 0.2601851851851852 0.051041666666666666 0.053703703703703705
1 0.8213541666666667 0.18333333333333332 0.035416666666666666 0.06296296296296296
1 0.27630208333333334 0.1087962962962963 0.0328125 0.04351851851851852
1 0.634375 0.13425925925925927 0.03229166666666667 0.04259259259259259
1 0.17578125 0.15231481481481482 0.0390625 0.03611111111111111
1 0.21822916666666667 0.09907407407407408 0.026041666666666668 0.044444444444444446
1 0.5619791666666667 0.10046296296296296 0.022916666666666665 0.025
1 0.17473958333333334 0.12962962962962962 0.0359375 0.02962962962962963
1 0.6002604166666666 0.1388888888888889 0.03177083333333333 0.02962962962962963
1 0.7083333333333334 0.19305555555555556 0.0375 0.06759259259259259
1 0.2864583333333333 0.12731481481481483 0.035416666666666666 0.03611111111111111
1 0.6885416666666667 0.1875 0.025 0.058333333333333334
1 0.5046875 0.10462962962962963 0.025 0.040740740740740744
1 0.17317708333333334 0.23287037037037037 0.0421875 0.08981481481481482
1 0.40182291666666664 0.07407407407407407 0.0234375 0.024074074074074074
1 0.55390625 0.14074074074074075 0.0203125 0.03518518518518519
1 0.2828125 0.19398148148148148 0.03125 0.025
1 0.63828125 0.09259259259259259 0.0296875 0.037037037037037035
1 0.25625 0.1763888888888889 0.04375 0.05462962962962963
1 0.3450520833333333 0.225 0.03802083333333333 0.05925925925925926
1 0.79453125 0.18009259259259258 0.018229166666666668 0.03425925925925926
1 0.2565104166666667 0.20555555555555555 0.0390625 0.06111111111111111
1 0.8046875 0.23055555555555557 0.04479166666666667 0.07407407407407407
1 0.70859375 0.1087962962962963 0.019270833333333334 0.01574074074074074
1 0.2708333333333333 0.21435185185185185 0.05625 0.06759259259259259
1 0.8830729166666667 0.22916666666666666 0.049479166666666664 0.06944444444444445