1 0.4830729166666667 0.7513888888888889 0.1328125 0.16944444444444445
1 0.27265625 0.8740740740740741 0.1578125 0.22407407407407406
1 0.6986979166666667 0.6671296296296296 0.12239583333333333 0.16944444444444445
1 0.51796875 0.2986111111111111 0.06197916666666667 0.07685185185185185
1 0.40651041666666665 0.5851851851851851 0.1046875 0.1425925925925926
1 0.20338541666666668 0.46944444444444444 0.09427083333333333 0.12407407407407407
1 0.5703125 0.5046296296296297 0.090625 0.13703703703703704
1 0.06822916666666666 0.4300925925925926 0.08020833333333334 0.125
1 0.59375 0.3476851851851852 0.07708333333333334 0.11574074074074074
1 0.771875 0.38333333333333336 0.078125 0.10555555555555556
1 0.9338541666666667 0.28935185185185186 0.06145833333333333 0.08055555555555556
1 0.34010416666666665 0.40324074074074073 0.07395833333333333 0.10277777777777777
1 0.6731770833333334 0.4273148148148148 0.0734375 0.11018518518518519
1 0.71015625 0.4587962962962963 0.09635416666666667 0.1287037037037037
1 0.5153645833333333 0.4564814814814815 0.07760416666666667 0.1111111111111111
1 0.3 0.30416666666666664 0.05625 0.08055555555555556
1 0.6708333333333333 0.300462962962963 0.06458333333333334 0.10277777777777777
1 0.42291666666666666 0.13518518518518519 0.03229166666666667 0.04259259259259259
1 0.46588541666666666 0.24444444444444444 0.050520833333333334 0.06666666666666667
1 0.97421875 0.7388888888888889 0.050520833333333334 0.23703703703703705
1 0.80078125 0.5361111111111111 0.10052083333333334 0.15
1 0.853125 0.25 0.05416666666666667 0.07962962962962963
1 0.17630208333333333 0.2851851851851852 0.050520833333333334 0.07222222222222222
1 0.5721354166666667 0.24305555555555555 0.050520833333333334 0.07685185185185185
1 0.38567708333333334 0.5166666666666667 0.0953125 0.13333333333333333
1 0.4322916666666667 0.2199074074074074 0.04583333333333333 0.062037037037037036
1 0.8981770833333333 0.45231481481481484 0.0953125 0.14537037037037037
1 0.628125 0.27037037037037037 0.05625 0.09074074074074075
1 0.39895833333333336 0.2912037037037037 0.04479166666666667 0.0787037037037037
1 0.3268229166666667 0.3458333333333333 0.06302083333333333 0.08981481481481482
1 0.48932291666666666 0.39537037037037037 0.08072916666666667 0.12407407407407407
1 0.3375 0.21296296296296297 0.036458333333333336 0.05740740740740741
1 0.18567708333333333 0.3921296296296296 0.07552083333333333 0.09722222222222222
1 0.38723958333333336 0.2652777777777778 0.04635416666666667 0.07314814814814814
1 0.9861979166666667 0.2064814814814815 0.0265625 0.07592592592592592
1 0.4356770833333333 0.31527777777777777 0.0609375 0.10092592592592593
1 0.3385416666666667 0.1787037037037037 0.03958333333333333 0.044444444444444446
1 0.6510416666666666 0.18888888888888888 0.04375 0.05185185185185185
1 0.82265625 0.20092592592592592 0.033854166666666664 0.05925925925925926
1 0.7098958333333333 0.16712962962962963 0.0375 0.05092592592592592
1 0.27057291666666666 0.23935185185185184 0.05677083333333333 0.09166666666666666
1 0.9515625 0.9819444444444444 0.09583333333333334 0.03425925925925926
1 0.41432291666666665 0.12361111111111112 0.027604166666666666 0.04722222222222222
1 0.4981770833333333 0.11898148148148148 0.025520833333333333 0.03611111111111111
1 0.5872395833333334 0.1638888888888889 0.034895833333333334 0.03518518518518519
1 0.7466145833333333 0.12962962962962962 0.024479166666666666 0.037037037037037035
1 0.6703125 0.12638888888888888 0.029166666666666667 0.04351851851851852
1 0.3809895833333333 0.1050925925925926 0.03177083333333333 0.049074074074074076
1 0.70234375 0.22314814814814815 0.04739583333333333 0.04814814814814815
1 0.9026041666666667 0.20833333333333334 0.03854166666666667 0.06111111111111111
1 0.62109375 0.17731481481481481 0.0328125 0.041666666666666664
1 0.9260416666666667 0.1625 0.04895833333333333 0.04537037037037037
1 0.2328125 0.13703703703703704 0.026041666666666668 0.03888888888888889
1 0.3653645833333333 0.22777777777777777 0.04635416666666667 0.07777777777777778
1 0.171875 0.13425925925925927 0.0375 0.044444444444444446
1 0.6565104166666667 0.16435185185185186 0.034895833333333334 0.03796296296296296
1 0.5559895833333334 0.22361111111111112 0.0515625 0.08611111111111111
1 0.3927083333333333 0.1726851851851852 0.03125 0.04351851851851852
1 0.18046875 0.2513888888888889 0.04739583333333333 0.06388888888888888
1 0.27109375 0.10555555555555556 0.0328125 0.04259259259259259
1 0.31354166666666666 0.18611111111111112 0.019791666666666666 0.037037037037037035
1 0.3 0.14583333333333334 0.03125 0.04537037037037037
1 0.878125 0.1962962962962963 0.036458333333333336 0.04814814814814815
1 0.16223958333333333 0.07824074074074074 0.024479166666666666 0.021296296296296296
1 0.7278645833333334 0.14351851851851852 0.033854166666666664 0.046296296296296294
1 0.421875 0.19074074074074074 0.042708333333333334 0.06851851851851852
1 0.7463541666666667 0.20833333333333334 0.042708333333333334 0.07037037037037037
1 0.6796875 0.10648148148148148 0.027083333333333334 0.046296296296296294
1 0.5677083333333334 0.15 0.030208333333333334 0.03518518518518519
1 0.6036458333333333 0.11388888888888889 0.027083333333333334 0.037037037037037035
1 0.65390625 0.13657407407407407 0.033854166666666664 0.032407407407407406
1 0.22421875 0.12037037037037036 0.03177083333333333 0.037037037037037035
1 0.8518229166666667 0.18518518518518517 0.0328125 0.05
1 0.6411458333333333 0.12777777777777777 0.027083333333333334 0.027777777777777776
1 0.78828125 0.21805555555555556 0.0578125 0.08796296296296297
1 0.3619791666666667 0.09907407407407408 0.0125 0.03148148148148148
1 0.725 0.11435185185185186 0.022916666666666665 0.01574074074074074
1 0.7575520833333333 0.16296296296296298 0.028645833333333332 0.03148148148148148
1 0.31875 0.10324074074074074 0.029166666666666667 0.03981481481481482
1 0.47682291666666665 0.09351851851851851 0.0234375 0.02962962962962963
1 0.5583333333333333 0.11851851851851852 0.026041666666666668 0.027777777777777776
1 0.3411458333333333 0.12314814814814815 0.028125 0.044444444444444446
1 0.284375 0.12129629629629629 0.035416666666666666 0.03518518518518519
1 0.51640625 0.10787037037037037 0.0265625 0.04722222222222222
1 0.359375 0.14444444444444443 0.029166666666666667 0.03888888888888889
1 0.25 0.16805555555555557 0.041666666666666664 0.05277777777777778
1 0.43984375 0.08055555555555556 0.021354166666666667 0.03518518518518519
1 0.5013020833333334 0.08287037037037037 0.022395833333333334 0.03981481481481482
1 0.3528645833333333 0.08472222222222223 0.0203125 0.032407407407407406
1 0.57578125 0.10462962962962963 0.0234375 0.025925925925925925
1 0.5661458333333333 0.08425925925925926 0.021875 0.018518518518518517
1 0.59765625 0.13657407407407407 0.0296875 0.041666666666666664
1 0.9286458333333333 0.24351851851851852 0.057291666666666664 0.07592592592592592
1 0.41510416666666666 0.0824074074074074 0.025 0.02962962962962963
1 0.16692708333333334 0.16574074074074074 0.027604166666666666 0.03518518518518519
1 0.21953125 0.10462962962962963 0.0296875 0.03518518518518519
1 0.27447916666666666 0.18333333333333332 0.030208333333333334 0.024074074074074074
1 0.18776041666666668 0.07685185185185185 0.021354166666666667 0.022222222222222223
1 0.2109375 0.08287037037037037 0.026041666666666668 0.03611111111111111
1 0.26875 0.2152777777777778 0.058333333333333334 0.04722222222222222
1 0.62265625 0.15 0.033854166666666664 0.03518518518518519
1 0.26223958333333336 0.19907407407407407 0.05364583333333333 0.05555555555555555
1 0.3190104166666667 0.17592592592592593 0.030729166666666665 0.05740740740740741
1 0.17213541666666668 0.22546296296296298 0.0421875 0.07685185185185185
1 0.18151041666666667 0.19027777777777777 0.0390625 0.062037037037037036