2 0.6916666666666667 0.0962962962962963 0.052083333333333336 0.1111111111111111
2 0.6346354166666667 0.08935185185185185 0.0515625 0.08796296296296297
1 0.29791666666666666 0.8287037037037037 0.15625 0.20185185185185187
1 0.821875 0.8319444444444445 0.16458333333333333 0.21388888888888888
1 0.7752604166666667 0.5041666666666667 0.10364583333333334 0.13796296296296295
1 0.3533854166666667 0.4287037037037037 0.07760416666666667 0.1
1 0.20651041666666667 0.4564814814814815 0.08489583333333334 0.11481481481481481
1 0.5497395833333333 0.5064814814814815 0.11197916666666667 0.1648148148148148
1 0.5526041666666667 0.8731481481481481 0.165625 0.23148148148148148
1 0.859375 0.5944444444444444 0.11979166666666667 0.1685185185185185
1 0.9611979166666667 0.7055555555555556 0.0765625 0.1814814814814815
1 0.7125 0.6773148148148148 0.1375 0.2175925925925926
1 0.48489583333333336 0.39490740740740743 0.07291666666666667 0.10092592592592593
1 0.58046875 0.16342592592592592 0.03697916666666667 0.03981481481481482
1 0.12265625 0.39490740740740743 0.07760416666666667 0.12685185185185185
1 0.646875 0.2865740740740741 0.059375 0.09351851851851851
1 0.434375 0.3300925925925926 0.0625 0.09166666666666666
1 0.5421875 0.3050925925925926 0.065625 0.08611111111111111
1 0.409375 0.1875 0.03958333333333333 0.05092592592592592
1 0.30963541666666666 0.3351851851851852 0.05572916666666667 0.08703703703703704
1 0.44609375 0.225 0.0421875 0.06111111111111111
1 0.5848958333333333 0.3472222222222222 0.065625 0.09814814814814815
1 0.334375 0.3648148148148148 0.06770833333333333 0.09074074074074075
1 0.4830729166666667 0.25092592592592594 0.0515625 0.08333333333333333
1 0.5375 0.21342592592592594 0.046875 0.07314814814814814
1 0.67734375 0.4064814814814815 0.08489583333333334 0.13333333333333333
1 0.8481770833333333 0.16296296296296298 0.0328125 0.04814814814814815
1 0.38125 0.16944444444444445 0.036458333333333336 0.046296296296296294
1 0.9263020833333333 0.24583333333333332 0.0546875 0.08055555555555556
1 0.7481770833333333 0.1787037037037037 0.03802083333333333 0.05740740740740741
1 0.8747395833333333 0.17175925925925925 0.0390625 0.049074074074074076
1 0.8833333333333333 0.2273148148148148 0.05 0.058333333333333334
1 0.2640625 0.22916666666666666 0.0375 0.06388888888888888
1 0.34817708333333336 0.2199074074074074 0.033854166666666664 0.058333333333333334
1 0.7513020833333334 0.12962962962962962 0.0359375 0.05555555555555555
1 0.17916666666666667 0.32083333333333336 0.06458333333333334 0.0824074074074074
1 0.7846354166666667 0.2513888888888889 0.05364583333333333 0.049074074074074076
1 0.84296875 0.28425925925925927 0.07864583333333333 0.07962962962962963
1 0.5075520833333333 0.19768518518518519 0.0421875 0.0712962962962963
1 0.9463541666666667 0.3574074074074074 0.07916666666666666 0.09444444444444444
1 0.6395833333333333 0.1675925925925926 0.035416666666666666 0.053703703703703705
1 0.17213541666666668 0.22037037037037038 0.04010416666666667 0.05740740740740741
1 0.653125 0.13657407407407407 0.03229166666666667 0.03611111111111111
1 0.396875 0.2763888888888889 0.05416666666666667 0.08981481481481482
1 0.7002604166666667 0.15046296296296297 0.0359375 0.03981481481481482
1 0.4713541666666667 0.16296296296296298 0.03958333333333333 0.06111111111111111
1 0.6997395833333333 0.1814814814814815 0.03802083333333333 0.053703703703703705
1 0.821875 0.23148148148148148 0.04479166666666667 0.04259259259259259
1 0.33671875 0.11898148148148148 0.024479166666666666 0.03981481481481482
1 0.3450520833333333 0.20416666666666666 0.0390625 0.058333333333333334
1 0.65625 0.19537037037037036 0.0375 0.037037037037037035
1 0.37447916666666664 0.2324074074074074 0.04583333333333333 0.07777777777777778
1 0.48333333333333334 0.17592592592592593 0.034375 0.05740740740740741
1 0.30442708333333335 0.15138888888888888 0.0328125 0.05462962962962963
1 0.1609375 0.11898148148148148 0.03854166666666667 0.05277777777777778
1 0.37890625 0.10555555555555556 0.0265625 0.037037037037037035
1 0.29270833333333335 0.28425925925925927 0.05625 0.07592592592592592
1 0.7947916666666667 0.15833333333333333 0.030208333333333334 0.02962962962962963
1 0.95390625 0.2847222222222222 0.0578125 0.05648148148148148
1 0.72265625 0.23796296296296296 0.04635416666666667 0.05555555555555555
1 0.58359375 0.13703703703703704 0.0359375 0.05555555555555555
1 0.48125 0.09722222222222222 0.026041666666666668 0.037037037037037035
1 0.5161458333333333 0.28935185185185186 0.046875 0.07685185185185185
1 0.5604166666666667 0.10138888888888889 0.030208333333333334 0.05462962962962963
1 0.178125 0.1986111111111111 0.040625 0.05277777777777778
1 0.3463541666666667 0.0824074074074074 0.03125 0.037037037037037035
1 0.45598958333333334 0.10046296296296296 0.0265625 0.028703703703703703
1 0.41302083333333334 0.30972222222222223 0.046875 0.07685185185185185
1 0.37109375 0.09305555555555556 0.0234375 0.028703703703703703
1 0.2833333333333333 0.12083333333333333 0.023958333333333335 0.03611111111111111
1 0.5950520833333334 0.25833333333333336 0.05260416666666667 0.07407407407407407
1 0.5893229166666667 0.10694444444444444 0.0265625 0.032407407407407406
1 0.3143229166666667 0.10231481481481482 0.021354166666666667 0.032407407407407406
1 0.6830729166666667 0.20925925925925926 0.0390625 0.044444444444444446
1 0.7270833333333333 0.11527777777777778 0.025 0.041666666666666664
1 0.3567708333333333 0.13703703703703704 0.028125 0.04259259259259259
1 0.9869791666666666 0.31527777777777777 0.025 0.09537037037037037
1 0.52578125 0.11666666666666667 0.019270833333333334 0.03518518518518519
1 0.25364583333333335 0.20092592592592592 0.04375 0.05
1 0.5791666666666667 0.07175925925925926 0.019791666666666666 0.017592592592592594
1 0.23385416666666667 0.13796296296296295 0.035416666666666666 0.04814814814814815
1 0.6565104166666667 0.1050925925925926 0.021354166666666667 0.025
1 0.19114583333333332 0.10462962962962963 0.021875 0.02962962962962963
1 0.2552083333333333 0.08888888888888889 0.023958333333333335 0.03518518518518519
1 0.49557291666666664 0.11712962962962963 0.028645833333333332 0.030555555555555555
1 0.6018229166666667 0.09490740740740741 0.0203125 0.04537037037037037
1 0.28359375 0.2513888888888889 0.04739583333333333 0.06944444444444445
1 0.1828125 0.14629629629629629 0.0375 0.044444444444444446
1 0.8036458333333333 0.19907407407407407 0.035416666666666666 0.05555555555555555
1 0.2513020833333333 0.1726851851851852 0.049479166666666664 0.04537037037037037
1 0.17057291666666666 0.1763888888888889 0.04010416666666667 0.06388888888888888
1 0.7604166666666666 0.18194444444444444 0.022916666666666665 0.03796296296296296
1 0.17708333333333334 0.26944444444444443 0.058333333333333334 0.05
1 0.51640625 0.07777777777777778 0.027604166666666666 0.037037037037037035
1 0.22864583333333333 0.11805555555555555 0.034375 0.03425925925925926
1 0.27005208333333336 0.1 0.030729166666666665 0.03518518518518519
1 0.30390625 0.08703703703703704 0.028645833333333332 0.03888888888888889
1 0.6692708333333334 0.17037037037037037 0.03229166666666667 0.03333333333333333
1 0.7588541666666667 0.2212962962962963 0.028125 0.06666666666666667