2 0.9716145833333333 0.20787037037037037 0.05572916666666667 0.19907407407407407
1 0.21875 0.7310185185185185 0.14375 0.18611111111111112
1 0.61875 0.39166666666666666 0.07916666666666666 0.1037037037037037
1 0.39817708333333335 0.5851851851851851 0.10989583333333333 0.14814814814814814
1 0.19765625 0.562962962962963 0.10572916666666667 0.13703703703703704
1 0.5393229166666667 0.8495370370370371 0.1578125 0.21574074074074073
1 0.7520833333333333 0.4888888888888889 0.10520833333333333 0.1648148148148148
1 0.6544270833333333 0.950925925925926 0.18385416666666668 0.0962962962962963
1 0.6955729166666667 0.6995370370370371 0.12864583333333332 0.1712962962962963
1 0.8049479166666667 0.8134259259259259 0.16614583333333333 0.21574074074074073
1 0.9125 0.6375 0.11666666666666667 0.16018518518518518
1 0.86484375 0.2638888888888889 0.05364583333333333 0.06851851851851852
1 0.48854166666666665 0.2740740740740741 0.05625 0.07407407407407407
1 0.4674479166666667 0.38055555555555554 0.06927083333333334 0.09814814814814815
1 0.9640625 0.7138888888888889 0.07083333333333333 0.19814814814814816
1 0.8518229166666667 0.4263888888888889 0.09427083333333333 0.14351851851851852
1 0.5408854166666667 0.3101851851851852 0.06197916666666667 0.08518518518518518
1 0.6947916666666667 0.32407407407407407 0.06666666666666667 0.10185185185185185
1 0.16458333333333333 0.36157407407407405 0.06145833333333333 0.08611111111111111
1 0.7854166666666667 0.3648148148148148 0.08229166666666667 0.11296296296296296
1 0.33671875 0.399537037037037 0.07239583333333334 0.10277777777777777
1 0.7557291666666667 0.21851851851851853 0.04479166666666667 0.06296296296296296
1 0.4708333333333333 0.16666666666666666 0.036458333333333336 0.05185185185185185
1 0.5177083333333333 0.42314814814814816 0.08125 0.13148148148148148
1 0.3924479166666667 0.11851851851851852 0.0203125 0.03518518518518519
1 0.440625 0.3398148148148148 0.06041666666666667 0.08888888888888889
1 0.37473958333333335 0.26157407407407407 0.04114583333333333 0.06574074074074074
1 0.38229166666666664 0.47453703703703703 0.0875 0.12129629629629629
1 0.296875 0.2967592592592593 0.06770833333333333 0.11203703703703703
1 0.5979166666666667 0.17314814814814813 0.0375 0.03518518518518519
1 0.4661458333333333 0.23194444444444445 0.052083333333333336 0.0824074074074074
1 0.23776041666666667 0.15925925925925927 0.028645833333333332 0.04814814814814815
1 0.9229166666666667 0.18101851851851852 0.041666666666666664 0.06574074074074074
1 0.4158854166666667 0.12777777777777777 0.0359375 0.05740740740740741
1 0.31588541666666664 0.1736111111111111 0.0390625 0.058333333333333334
1 0.7416666666666667 0.17222222222222222 0.0375 0.05925925925925926
1 0.7041666666666667 0.18935185185185185 0.042708333333333334 0.0712962962962963
1 0.36614583333333334 0.2300925925925926 0.046875 0.07685185185185185
1 0.35833333333333334 0.1449074074074074 0.03125 0.049074074074074076
1 0.39375 0.17685185185185184 0.035416666666666666 0.05
1 0.58046875 0.13518518518518519 0.027604166666666666 0.03888888888888889
1 0.2765625 0.15694444444444444 0.035416666666666666 0.05277777777777778
1 0.6705729166666666 0.29398148148148145 0.06510416666666667 0.11018518518518519
1 0.69375 0.13842592592592592 0.03229166666666667 0.04722222222222222
1 0.8393229166666667 0.1736111111111111 0.04635416666666667 0.06388888888888888
1 0.6440104166666667 0.5828703703703704 0.11510416666666666 0.18425925925925926
1 0.8625 0.21712962962962962 0.05 0.06759259259259259
1 0.5890625 0.11805555555555555 0.03333333333333333 0.04351851851851852
1 0.41796875 0.19675925925925927 0.0359375 0.062037037037037036
1 0.34036458333333336 0.12453703703703704 0.033854166666666664 0.05277777777777778
1 0.6557291666666667 0.1685185185185185 0.04583333333333333 0.07037037037037037
1 0.98359375 0.5578703703703703 0.03177083333333333 0.11203703703703703
1 0.6528645833333333 0.11435185185185186 0.0265625 0.03796296296296296
1 0.371875 0.16805555555555557 0.025 0.041666666666666664
1 0.3765625 0.10046296296296296 0.023958333333333335 0.03796296296296296
1 0.43307291666666664 0.20879629629629629 0.034895833333333334 0.05277777777777778
1 0.6125 0.10416666666666667 0.025 0.03425925925925926
1 0.34661458333333334 0.21064814814814814 0.0359375 0.06944444444444445
1 0.5213541666666667 0.13287037037037036 0.026041666666666668 0.030555555555555555
1 0.6856770833333333 0.11481481481481481 0.027604166666666666 0.037037037037037035
1 0.19192708333333333 0.1625 0.0421875 0.06574074074074074
1 0.671875 0.10787037037037037 0.019791666666666666 0.03425925925925926
1 0.45807291666666666 0.10231481481481482 0.0234375 0.030555555555555555
1 0.26458333333333334 0.1037037037037037 0.021875 0.03888888888888889
1 0.7916666666666666 0.18564814814814815 0.04583333333333333 0.0824074074074074
1 0.17864583333333334 0.25416666666666665 0.046875 0.05462962962962963
1 0.3419270833333333 0.07685185185185185 0.0203125 0.02962962962962963
1 0.6328125 0.12361111111111112 0.027083333333333334 0.026851851851851852
1 0.5557291666666667 0.09675925925925925 0.021875 0.032407407407407406
1 0.4549479166666667 0.15185185185185185 0.0328125 0.05555555555555555
1 0.18723958333333332 0.31157407407407406 0.0578125 0.0787037037037037
1 0.23463541666666668 0.13564814814814816 0.033854166666666664 0.041666666666666664
1 0.16484375 0.24675925925925926 0.04114583333333333 0.062037037037037036
1 0.8135416666666667 0.1375 0.040625 0.05092592592592592
1 0.5658854166666667 0.15046296296296297 0.0359375 0.04351851851851852
1 0.6325520833333333 0.09166666666666666 0.0234375 0.037037037037037035
1 0.22395833333333334 0.1087962962962963 0.027083333333333334 0.049074074074074076
1 0.31171875 0.10787037037037037 0.0140625 0.028703703703703703
1 0.25625 0.2351851851851852 0.027083333333333334 0.06296296296296296
1 0.5096354166666667 0.09953703703703703 0.021354166666666667 0.021296296296296296
1 0.26875 0.19583333333333333 0.04479166666666667 0.04722222222222222
1 0.2859375 0.1162037037037037 0.03229166666666667 0.03981481481481482
1 0.16380208333333332 0.13935185185185187 0.025520833333333333 0.04351851851851852
1 0.21614583333333334 0.08796296296296297 0.030208333333333334 0.04259259259259259
1 0.49895833333333334 0.0837962962962963 0.025 0.03981481481481482
1 0.48932291666666666 0.11481481481481481 0.0171875 0.024074074074074074
1 0.62421875 0.15601851851851853 0.0296875 0.04722222222222222
1 0.5059895833333333 0.12175925925925926 0.024479166666666666 0.030555555555555555
1 0.29244791666666664 0.22916666666666666 0.050520833333333334 0.03425925925925926
1 0.7596354166666667 0.15601851851851853 0.024479166666666666 0.04722222222222222
1 0.41041666666666665 0.2814814814814815 0.05520833333333333 0.09444444444444444
1 0.16927083333333334 0.19814814814814816 0.035416666666666666 0.03518518518518519
1 0.6328125 0.16342592592592592 0.01875 0.06018518518518518
1 0.15703125 0.09583333333333334 0.025520833333333333 0.041666666666666664
1 0.5442708333333334 0.14166666666666666 0.023958333333333335 0.03518518518518519
1 0.47604166666666664 0.09027777777777778 0.023958333333333335 0.03425925925925926
1 0.25390625 0.19768518518518519 0.04010416666666667 0.07314814814814814
1 0.17526041666666667 0.1125 0.027604166666666666 0.032407407407407406
1 0.709375 0.14907407407407408 0.034375 0.024074074074074074
1 0.5557291666666667 0.11712962962962963 0.020833333333333332 0.023148148148148147
1 0.80078125 0.19953703703703704 0.0265625 0.05462962962962963
1 0.4161458333333333 0.0699074074074074 0.016666666666666666 0.026851851851851852