2 0.7111979166666667 0.10092592592592593 0.05572916666666667 0.12037037037037036
2 0.64921875 0.0912037037037037 0.050520833333333334 0.09537037037037037
1 0.3221354166666667 0.6708333333333333 0.12864583333333332 0.16203703703703703
1 0.7119791666666667 0.6967592592592593 0.13854166666666667 0.18055555555555555
1 0.4609375 0.7337962962962963 0.13645833333333332 0.1787037037037037
1 0.8723958333333334 0.6 0.12291666666666666 0.1537037037037037
1 0.6393229166666666 0.5851851851851851 0.11927083333333334 0.18333333333333332
1 0.33932291666666664 0.3902777777777778 0.06927083333333334 0.08981481481481482
1 0.20598958333333334 0.41064814814814815 0.07135416666666666 0.10833333333333334
1 0.5109375 0.45 0.1 0.15185185185185185
1 0.896875 0.8865740740740741 0.20520833333333333 0.225
1 0.32083333333333336 0.3347222222222222 0.0625 0.08796296296296297
1 0.7705729166666667 0.5203703703703704 0.1046875 0.14814814814814814
1 0.7065104166666667 0.4532407407407407 0.0921875 0.12129629629629629
1 0.45729166666666665 0.36064814814814816 0.06666666666666667 0.09351851851851851
1 0.43255208333333334 0.2125 0.04010416666666667 0.058333333333333334
1 0.6138020833333333 0.26296296296296295 0.0546875 0.08703703703703704
1 0.5158854166666667 0.2824074074074074 0.059895833333333336 0.08148148148148149
1 0.9791666666666666 0.2689814814814815 0.040625 0.08611111111111111
1 0.6072916666666667 0.1763888888888889 0.036458333333333336 0.041666666666666664
1 0.515625 0.2 0.04479166666666667 0.06851851851851852
1 0.4 0.1787037037037037 0.0375 0.05
1 0.63828125 0.3685185185185185 0.0765625 0.12407407407407407
1 0.9067708333333333 0.18194444444444444 0.040625 0.05277777777777778
1 0.9388020833333334 0.24675925925925926 0.0546875 0.06388888888888888
1 0.6638020833333333 0.17685185185185184 0.0390625 0.05740740740740741
1 0.41458333333333336 0.3055555555555556 0.058333333333333334 0.08518518518518518
1 0.87578125 0.17222222222222222 0.034895833333333334 0.04814814814814815
1 0.5684895833333333 0.2388888888888889 0.04635416666666667 0.06851851851851852
1 0.49270833333333336 0.26851851851851855 0.042708333333333334 0.07037037037037037
1 0.2643229166666667 0.21666666666666667 0.04114583333333333 0.06111111111111111
1 0.88046875 0.2564814814814815 0.05260416666666667 0.04814814814814815
1 0.2981770833333333 0.31157407407407406 0.05364583333333333 0.08055555555555556
1 0.5549479166666667 0.3189814814814815 0.059895833333333336 0.09166666666666666
1 0.83671875 0.27685185185185185 0.058854166666666666 0.05740740740740741
1 0.9231770833333334 0.31666666666666665 0.0765625 0.08703703703703704
1 0.71796875 0.23287037037037037 0.04739583333333333 0.06018518518518518
1 0.3619791666666667 0.21898148148148147 0.042708333333333334 0.07314814814814814
1 0.4661458333333333 0.23472222222222222 0.04895833333333333 0.08055555555555556
1 0.48984375 0.18333333333333332 0.0390625 0.06481481481481481
1 0.16223958333333333 0.35555555555555557 0.0671875 0.11296296296296296
1 0.4674479166666667 0.16574074074074074 0.03177083333333333 0.053703703703703705
1 0.67734375 0.1449074074074074 0.0328125 0.03981481481481482
1 0.8260416666666667 0.1814814814814815 0.03854166666666667 0.05740740740740741
1 0.19427083333333334 0.1388888888888889 0.023958333333333335 0.046296296296296294
1 0.7682291666666666 0.13425925925925927 0.036458333333333336 0.05555555555555555
1 0.3380208333333333 0.2064814814814815 0.03229166666666667 0.05740740740740741
1 0.371875 0.16018518518518518 0.036458333333333336 0.044444444444444446
1 0.3846354166666667 0.2574074074074074 0.049479166666666664 0.08518518518518518
1 0.28515625 0.26435185185185184 0.0546875 0.07314814814814814
1 0.7291666666666666 0.16064814814814815 0.0375 0.04351851851851852
1 0.17369791666666667 0.20925925925925926 0.0390625 0.053703703703703705
1 0.8114583333333333 0.19166666666666668 0.040625 0.037037037037037035
1 0.6018229166666667 0.14629629629629629 0.0359375 0.05925925925925926
1 0.3966145833333333 0.287962962962963 0.043229166666666666 0.07222222222222222
1 0.2984375 0.14305555555555555 0.03125 0.05277777777777778
1 0.46770833333333334 0.10740740740740741 0.027083333333333334 0.02962962962962963
1 0.5552083333333333 0.10462962962962963 0.019791666666666666 0.03333333333333333
1 0.17578125 0.29814814814814816 0.06197916666666667 0.07407407407407407
1 0.34088541666666666 0.0787037037037037 0.028645833333333332 0.03518518518518519
1 0.8825520833333333 0.3013888888888889 0.03802083333333333 0.05462962962962963
1 0.371875 0.10138888888888889 0.025 0.03425925925925926
1 0.7690104166666667 0.25277777777777777 0.0515625 0.05
1 0.6973958333333333 0.18333333333333332 0.041666666666666664 0.03888888888888889
1 0.49140625 0.09907407407407408 0.024479166666666666 0.03333333333333333
1 0.7322916666666667 0.19953703703703704 0.03854166666666667 0.062037037037037036
1 0.25546875 0.08472222222222223 0.0234375 0.03425925925925926
1 0.6885416666666667 0.21157407407407408 0.0375 0.041666666666666664
1 0.45598958333333334 0.1527777777777778 0.03802083333333333 0.06111111111111111
1 0.16822916666666668 0.1699074074074074 0.040625 0.06018518518518518
1 0.3184895833333333 0.16064814814814815 0.043229166666666666 0.04537037037037037
1 0.27890625 0.21666666666666667 0.0359375 0.027777777777777776
1 0.27734375 0.11527777777777778 0.030729166666666665 0.03981481481481482
1 0.5515625 0.12314814814814815 0.013541666666666667 0.03888888888888889
1 0.5083333333333333 0.125 0.029166666666666667 0.03333333333333333
1 0.60625 0.10925925925925926 0.027083333333333334 0.02962962962962963
1 0.3072916666666667 0.09722222222222222 0.021875 0.03148148148148148
1 0.7473958333333334 0.11898148148148148 0.019791666666666666 0.04351851851851852
1 0.17526041666666667 0.25833333333333336 0.05677083333333333 0.05740740740740741
1 0.8135416666666667 0.24027777777777778 0.05 0.06944444444444445
1 0.17552083333333332 0.18981481481481483 0.03854166666666667 0.05185185185185185
1 0.7802083333333333 0.19166666666666668 0.03958333333333333 0.05925925925925926
1 0.27760416666666665 0.22777777777777777 0.040625 0.04814814814814815
1 0.5760416666666667 0.11018518518518519 0.03125 0.04814814814814815
1 0.24713541666666666 0.16342592592592592 0.044270833333333336 0.04351851851851852