2 0.9205729166666666 0.1587962962962963 0.0859375 0.16944444444444445
2 0.7888020833333333 0.12777777777777777 0.06510416666666667 0.12777777777777777
2 0.79375 0.4708333333333333 0.13854166666666667 0.2657407407407407
1 0.66640625 0.41712962962962963 0.08385416666666666 0.10462962962962963
1 0.93671875 0.9365740740740741 0.12552083333333333 0.125
1 0.17395833333333333 0.65 0.115625 0.13703703703703704
1 0.22604166666666667 0.7416666666666667 0.121875 0.1648148148148148
1 0.5705729166666667 0.5148148148148148 0.09947916666666666 0.13518518518518519
1 0.5388020833333333 0.8782407407407408 0.15677083333333333 0.21388888888888888
1 0.3958333333333333 0.5277777777777778 0.096875 0.13148148148148148
1 0.5739583333333333 0.3388888888888889 0.06354166666666666 0.09074074074074075
1 0.521875 0.2949074074074074 0.06041666666666667 0.08055555555555556
1 0.6528645833333333 0.3189814814814815 0.06302083333333333 0.08796296296296297
1 0.36171875 0.29768518518518516 0.0546875 0.07685185185185185
1 0.5455729166666666 0.4537037037037037 0.07864583333333333 0.11851851851851852
1 0.6700520833333333 0.9416666666666667 0.19739583333333333 0.11481481481481481
1 0.19322916666666667 0.3 0.05625 0.07592592592592592
1 0.30755208333333334 0.33796296296296297 0.06510416666666667 0.08333333333333333
1 0.7078125 0.48148148148148145 0.046875 0.12037037037037036
1 0.6018229166666667 0.1726851851851852 0.03802083333333333 0.03981481481481482
1 0.9434895833333333 0.687962962962963 0.11197916666666667 0.25555555555555554
1 0.6223958333333334 0.27824074074074073 0.0625 0.08055555555555556
1 0.5778645833333333 0.1398148148148148 0.0328125 0.044444444444444446
1 0.7026041666666667 0.19166666666666668 0.040625 0.053703703703703705
1 0.9791666666666666 0.31527777777777777 0.040625 0.08055555555555556
1 0.9484375 0.32592592592592595 0.065625 0.08888888888888889
1 0.19739583333333333 0.5305555555555556 0.090625 0.13703703703703704
1 0.9190104166666667 0.2814814814814815 0.058854166666666666 0.08333333333333333
1 0.79609375 0.22870370370370371 0.05260416666666667 0.08333333333333333
1 0.26901041666666664 0.2351851851851852 0.0453125 0.05925925925925926
1 0.496875 0.2712962962962963 0.04895833333333333 0.08518518518518518
1 0.1890625 0.4425925925925926 0.08333333333333333 0.12407407407407407
1 0.44869791666666664 0.36157407407407405 0.08177083333333333 0.13055555555555556
1 0.36484375 0.45694444444444443 0.10052083333333334 0.16203703703703703
1 0.4744791666666667 0.25787037037037036 0.04375 0.07314814814814814
1 0.35208333333333336 0.22268518518518518 0.0375 0.062037037037037036
1 0.4395833333333333 0.15 0.027083333333333334 0.04259259259259259
1 0.18854166666666666 0.24351851851851852 0.04479166666666667 0.06851851851851852
1 0.40651041666666665 0.18194444444444444 0.043229166666666666 0.058333333333333334
1 0.41484375 0.12962962962962962 0.0328125 0.04259259259259259
1 0.42213541666666665 0.20324074074074075 0.034895833333333334 0.06018518518518518
1 0.25390625 0.1814814814814815 0.044270833333333336 0.05185185185185185
1 0.34479166666666666 0.12546296296296297 0.030208333333333334 0.03611111111111111
1 0.37838541666666664 0.23796296296296296 0.05677083333333333 0.06111111111111111
1 0.6203125 0.12222222222222222 0.035416666666666666 0.05740740740740741
1 0.41380208333333335 0.30462962962962964 0.0609375 0.0962962962962963
1 0.5059895833333333 0.10925925925925926 0.0265625 0.03333333333333333
1 0.4596354166666667 0.08657407407407407 0.025520833333333333 0.03425925925925926
1 0.4080729166666667 0.06666666666666667 0.022395833333333334 0.024074074074074074
1 0.30078125 0.14907407407407408 0.034895833333333334 0.06111111111111111
1 0.6651041666666667 0.2023148148148148 0.042708333333333334 0.04537037037037037
1 0.26796875 0.10648148148148148 0.025520833333333333 0.040740740740740744
1 0.2390625 0.15231481481481482 0.030208333333333334 0.04351851851851852
1 0.23125 0.13935185185185187 0.0375 0.041666666666666664
1 0.32786458333333335 0.1162037037037037 0.0234375 0.032407407407407406
1 0.8533854166666667 0.15555555555555556 0.0359375 0.06111111111111111
1 0.6580729166666667 0.16712962962962963 0.03697916666666667 0.06759259259259259
1 0.32578125 0.175 0.0359375 0.06111111111111111
1 0.4471354166666667 0.2175925925925926 0.0453125 0.07592592592592592
1 0.6903645833333333 0.15046296296296297 0.0296875 0.030555555555555555
1 0.2838541666666667 0.12546296296296297 0.028125 0.03981481481481482
1 0.16614583333333333 0.08888888888888889 0.029166666666666667 0.03333333333333333
1 0.46067708333333335 0.1638888888888889 0.03697916666666667 0.05740740740740741
1 0.3453125 0.1986111111111111 0.040625 0.06018518518518518
1 0.5888020833333333 0.11064814814814815 0.030729166666666665 0.049074074074074076
1 0.6463541666666667 0.1162037037037037 0.026041666666666668 0.041666666666666664
1 0.7333333333333333 0.16296296296296298 0.036458333333333336 0.06111111111111111
1 0.96015625 0.1875 0.0140625 0.06944444444444445
1 0.44296875 0.07731481481481481 0.019270833333333334 0.030555555555555555
1 0.6830729166666667 0.12037037037037036 0.027604166666666666 0.03148148148148148
1 0.3875 0.10648148148148148 0.028125 0.04814814814814815
1 0.48359375 0.09444444444444444 0.030729166666666665 0.044444444444444446
1 0.21041666666666667 0.10648148148148148 0.022916666666666665 0.044444444444444446
1 0.33125 0.07268518518518519 0.021875 0.025
1 0.40286458333333336 0.12083333333333333 0.030729166666666665 0.04722222222222222
1 0.6127604166666667 0.09768518518518518 0.021354166666666667 0.032407407407407406
1 0.9041666666666667 0.2351851851851852 0.05520833333333333 0.07222222222222222
1 0.37005208333333334 0.15601851851851853 0.0421875 0.05462962962962963
1 0.1796875 0.2263888888888889 0.042708333333333334 0.058333333333333334
1 0.178125 0.19814814814814816 0.04479166666666667 0.05
1 0.16770833333333332 0.15416666666666667 0.03333333333333333 0.04537037037037037
1 0.3575520833333333 0.14583333333333334 0.030729166666666665 0.03981481481481482
1 0.16380208333333332 0.11666666666666667 0.0265625 0.03333333333333333
1 0.75625 0.1814814814814815 0.029166666666666667 0.06666666666666667
1 0.5625 0.12962962962962962 0.03125 0.046296296296296294
1 0.5690104166666666 0.0763888888888889 0.0265625 0.028703703703703703
1 0.8682291666666667 0.1648148148148148 0.029166666666666667 0.05925925925925926
1 0.6744791666666666 0.17175925925925925 0.036458333333333336 0.041666666666666664
1 0.4197916666666667 0.33240740740740743 0.053125 0.08888888888888889
1 0.6953125 0.12777777777777777 0.022916666666666665 0.025925925925925925
1 0.7208333333333333 0.13425925925925927 0.035416666666666666 0.04814814814814815
1 0.16953125 0.1884259259259259 0.034895833333333334 0.06574074074074074
1 0.26666666666666666 0.20879629629629629 0.04583333333333333 0.049074074074074076
1 0.8026041666666667 0.16666666666666666 0.034375 0.05185185185185185