2 0.9677083333333333 0.20555555555555555 0.06354166666666666 0.1962962962962963
1 0.22135416666666666 0.7518518518518519 0.146875 0.19444444444444445
1 0.6247395833333333 0.399537037037037 0.08072916666666667 0.10462962962962963
1 0.40286458333333336 0.5972222222222222 0.11302083333333333 0.15
1 0.19869791666666667 0.5745370370370371 0.1078125 0.13796296296296295
1 0.83125 0.8375 0.15833333333333333 0.22314814814814815
1 0.553125 0.8703703703703703 0.165625 0.2222222222222222
1 0.7059895833333333 0.7162037037037037 0.1296875 0.17314814814814813
1 0.9346354166666667 0.6513888888888889 0.12864583333333332 0.16574074074074074
1 0.8565104166666667 0.25972222222222224 0.05364583333333333 0.06944444444444445
1 0.7625 0.49907407407407406 0.10729166666666666 0.16666666666666666
1 0.49140625 0.2763888888888889 0.05677083333333333 0.07314814814814814
1 0.5447916666666667 0.3138888888888889 0.06354166666666666 0.08703703703703704
1 0.9744791666666667 0.7351851851851852 0.05 0.2
1 0.47161458333333334 0.3861111111111111 0.07135416666666666 0.1
1 0.33880208333333334 0.40555555555555556 0.07239583333333334 0.10185185185185185
1 0.38619791666666664 0.48194444444444445 0.0890625 0.11944444444444445
1 0.7020833333333333 0.3282407407407407 0.06770833333333333 0.10092592592592593
1 0.1609375 0.3638888888888889 0.06354166666666666 0.09074074074074075
1 0.75 0.21666666666666667 0.04583333333333333 0.06296296296296296
1 0.39479166666666665 0.11944444444444445 0.019791666666666666 0.037037037037037035
1 0.7955729166666666 0.37083333333333335 0.0859375 0.11203703703703703
1 0.8643229166666667 0.4337962962962963 0.0953125 0.14537037037037037
1 0.4427083333333333 0.3435185185185185 0.06041666666666667 0.09074074074074075
1 0.6700520833333333 0.9671296296296297 0.1484375 0.06388888888888888
1 0.85390625 0.21435185185185185 0.049479166666666664 0.06388888888888888
1 0.5229166666666667 0.4305555555555556 0.08229166666666667 0.13518518518518519
1 0.29791666666666666 0.3 0.06666666666666667 0.11296296296296296
1 0.1875 0.3148148148148148 0.058333333333333334 0.08148148148148149
1 0.31796875 0.17685185185185184 0.04114583333333333 0.05555555555555555
1 0.5942708333333333 0.17083333333333334 0.0375 0.03611111111111111
1 0.4700520833333333 0.23425925925925925 0.05572916666666667 0.08333333333333333
1 0.57734375 0.13287037037037036 0.028645833333333332 0.03981481481481482
1 0.4348958333333333 0.2111111111111111 0.034375 0.053703703703703705
1 0.6981770833333333 0.18935185185185185 0.043229166666666666 0.06574074074074074
1 0.41770833333333335 0.12962962962962962 0.036458333333333336 0.05740740740740741
1 0.3690104166666667 0.23287037037037037 0.049479166666666664 0.0787037037037037
1 0.39557291666666666 0.17824074074074073 0.0359375 0.05092592592592592
1 0.6546875 0.5967592592592592 0.11770833333333333 0.19166666666666668
1 0.35989583333333336 0.14537037037037037 0.03229166666666667 0.05
1 0.3776041666666667 0.26435185185185184 0.040625 0.06759259259259259
1 0.68359375 0.11342592592592593 0.0265625 0.03425925925925926
1 0.69140625 0.13703703703703704 0.030729166666666665 0.04814814814814815
1 0.67734375 0.29768518518518516 0.0671875 0.11203703703703703
1 0.3765625 0.16944444444444445 0.030208333333333334 0.04259259259259259
1 0.6494791666666667 0.11388888888888889 0.027083333333333334 0.03333333333333333
1 0.37864583333333335 0.10185185185185185 0.022916666666666665 0.037037037037037035
1 0.7046875 0.15092592592592594 0.034375 0.02962962962962963
1 0.19453125 0.16342592592592592 0.043229166666666666 0.06574074074074074
1 0.8341145833333333 0.17175925925925925 0.0453125 0.06388888888888888
1 0.5869791666666667 0.1175925925925926 0.03229166666666667 0.04259259259259259
1 0.27578125 0.15694444444444444 0.033854166666666664 0.05462962962962963
1 0.7356770833333334 0.16944444444444445 0.03802083333333333 0.05925925925925926
1 0.23854166666666668 0.16064814814814815 0.028125 0.04722222222222222
1 0.78671875 0.18425925925925926 0.04739583333333333 0.08148148148148149
1 0.4127604166666667 0.28425925925925927 0.05572916666666667 0.09444444444444444
1 0.6091145833333333 0.10324074074074074 0.0234375 0.032407407407407406
1 0.4557291666666667 0.1537037037037037 0.03229166666666667 0.05740740740740741
1 0.33984375 0.125 0.030729166666666665 0.05185185185185185
1 0.34791666666666665 0.21435185185185185 0.035416666666666666 0.06759259259259259
1 0.6692708333333334 0.10648148148148148 0.019791666666666666 0.03148148148148148
1 0.5627604166666667 0.14814814814814814 0.0359375 0.04259259259259259
1 0.2596354166666667 0.23703703703703705 0.03177083333333333 0.06296296296296296
1 0.75703125 0.1550925925925926 0.025520833333333333 0.04537037037037037
1 0.34296875 0.07824074074074074 0.021354166666666667 0.032407407407407406
1 0.45598958333333334 0.1 0.0234375 0.027777777777777776
1 0.5192708333333333 0.13194444444444445 0.027083333333333334 0.030555555555555555
1 0.26640625 0.10462962962962963 0.0234375 0.03888888888888889
1 0.47291666666666665 0.1685185185185185 0.0375 0.05185185185185185
1 0.2877604166666667 0.11712962962962963 0.030729166666666665 0.03981481481481482
1 0.6307291666666667 0.0912037037037037 0.022916666666666665 0.03611111111111111
1 0.8067708333333333 0.13796296296296295 0.04375 0.05185185185185185
1 0.16484375 0.2490740740740741 0.043229166666666666 0.06111111111111111
1 0.23515625 0.13657407407407407 0.0328125 0.04351851851851852
1 0.2546875 0.19814814814814816 0.041666666666666664 0.07407407407407407
1 0.5286458333333334 0.08888888888888889 0.019791666666666666 0.020370370370370372
1 0.50859375 0.09768518518518518 0.021354166666666667 0.019444444444444445
1 0.17526041666666667 0.11296296296296296 0.027604166666666666 0.03148148148148148
1 0.15703125 0.09675925925925925 0.025520833333333333 0.041666666666666664
1 0.48802083333333335 0.11342592592592593 0.01875 0.025
1 0.6299479166666667 0.12314814814814815 0.027604166666666666 0.025925925925925925
1 0.3015625 0.22916666666666666 0.03854166666666667 0.03425925925925926
1 0.16848958333333333 0.20092592592592592 0.034895833333333334 0.03518518518518519
1 0.7986979166666667 0.19722222222222222 0.022395833333333334 0.05555555555555555
1 0.1640625 0.1388888888888889 0.027083333333333334 0.04259259259259259
1 0.2942708333333333 0.08009259259259259 0.022916666666666665 0.03611111111111111
1 0.21588541666666666 0.08935185185185185 0.0296875 0.041666666666666664
1 0.4979166666666667 0.08194444444444444 0.023958333333333335 0.03796296296296296
1 0.91796875 0.18009259259259258 0.04114583333333333 0.06388888888888888
1 0.6213541666666667 0.1550925925925926 0.026041666666666668 0.04722222222222222
1 0.1796875 0.21435185185185185 0.04375 0.03981481481481482
1 0.26901041666666664 0.20185185185185187 0.0453125 0.053703703703703705
1 0.6513020833333333 0.16666666666666666 0.0453125 0.06851851851851852
1 0.44375 0.08194444444444444 0.021875 0.026851851851851852
1 0.4747395833333333 0.08981481481481482 0.0234375 0.03518518518518519
1 0.4205729166666667 0.19814814814814816 0.03697916666666667 0.06296296296296296
1 0.17890625 0.274537037037037 0.0484375 0.08981481481481482
1 0.98984375 0.5740740740740741 0.019270833333333334 0.09814814814814815