2 0.7630208333333334 0.1111111111111111 0.06458333333333334 0.12037037037037036
2 0.6822916666666666 0.09768518518518518 0.053125 0.10462962962962963
1 0.9619791666666667 0.5291666666666667 0.075 0.1398148148148148
1 0.5807291666666666 0.875462962962963 0.21354166666666666 0.24722222222222223
1 0.10338541666666666 0.43148148148148147 0.0796875 0.12037037037037036
1 0.83515625 0.5703703703703704 0.10989583333333333 0.15185185185185185
1 0.92421875 0.9060185185185186 0.15052083333333333 0.18611111111111112
1 0.69609375 0.4527777777777778 0.0921875 0.11666666666666667
1 0.20494791666666667 0.3351851851851852 0.0578125 0.08888888888888889
1 0.38567708333333334 0.5305555555555556 0.0984375 0.12962962962962962
1 0.5708333333333333 0.512962962962963 0.10104166666666667 0.13518518518518519
1 0.30755208333333334 0.32222222222222224 0.05572916666666667 0.07592592592592592
1 0.41302083333333334 0.3013888888888889 0.05625 0.08055555555555556
1 0.59609375 0.36527777777777776 0.06614583333333333 0.10092592592592593
1 0.984375 0.20601851851851852 0.030208333333333334 0.05648148148148148
1 0.6755208333333333 0.2074074074074074 0.04583333333333333 0.046296296296296294
1 0.3651041666666667 0.4787037037037037 0.09791666666666667 0.12222222222222222
1 0.6390625 0.4027777777777778 0.08125 0.11666666666666667
1 0.5299479166666666 0.449537037037037 0.09322916666666667 0.14907407407407408
1 0.4739583333333333 0.1712962962962963 0.041666666666666664 0.05925925925925926
1 0.45208333333333334 0.3578703703703704 0.08229166666666667 0.11944444444444445
1 0.4703125 0.24074074074074073 0.052083333333333336 0.07222222222222222
1 0.63984375 0.6203703703703703 0.14010416666666667 0.2222222222222222
1 0.8869791666666667 0.4393518518518518 0.09583333333333334 0.1287037037037037
1 0.37864583333333335 0.2601851851851852 0.05416666666666667 0.07592592592592592
1 0.7315104166666667 0.20277777777777778 0.04114583333333333 0.06296296296296296
1 0.5544270833333333 0.2199074074074074 0.04739583333333333 0.0712962962962963
1 0.5171875 0.20185185185185187 0.03854166666666667 0.05555555555555555
1 0.5158854166666667 0.10925925925925926 0.025520833333333333 0.03888888888888889
1 0.94765625 0.2916666666666667 0.059895833333333336 0.07407407407407407
1 0.9565104166666667 0.19444444444444445 0.03802083333333333 0.05555555555555555
1 0.9736979166666667 0.3578703703703704 0.0515625 0.09537037037037037
1 0.9106770833333333 0.23472222222222222 0.0484375 0.06388888888888888
1 0.7302083333333333 0.1712962962962963 0.042708333333333334 0.05
1 0.29635416666666664 0.2847222222222222 0.05416666666666667 0.07314814814814814
1 0.40078125 0.18518518518518517 0.03802083333333333 0.05
1 0.89375 0.30972222222222223 0.06770833333333333 0.06388888888888888
1 0.5078125 0.26805555555555555 0.04791666666666667 0.0787037037037037
1 0.37786458333333334 0.15648148148148147 0.034895833333333334 0.04814814814814815
1 0.7815104166666667 0.25462962962962965 0.04739583333333333 0.053703703703703705
1 0.5841145833333333 0.1412037037037037 0.033854166666666664 0.041666666666666664
1 0.20026041666666666 0.12546296296296297 0.028645833333333332 0.04537037037037037
1 0.22317708333333333 0.8541666666666666 0.15052083333333333 0.27314814814814814
1 0.65546875 0.16666666666666666 0.04010416666666667 0.06666666666666667
1 0.4981770833333333 0.12268518518518519 0.0296875 0.032407407407407406
1 0.8677083333333333 0.25046296296296294 0.051041666666666666 0.06574074074074074
1 0.33932291666666664 0.19305555555555556 0.03697916666666667 0.06574074074074074
1 0.27708333333333335 0.26435185185185184 0.04479166666666667 0.07314814814814814
1 0.32057291666666665 0.1787037037037037 0.03177083333333333 0.05925925925925926
1 0.8153645833333333 0.22037037037037038 0.04635416666666667 0.046296296296296294
1 0.44869791666666664 0.23148148148148148 0.033854166666666664 0.06296296296296296
1 0.8244791666666667 0.27685185185185185 0.05520833333333333 0.06481481481481481
1 0.8151041666666666 0.14722222222222223 0.03958333333333333 0.05925925925925926
1 0.91484375 0.20833333333333334 0.0484375 0.06111111111111111
1 0.4354166666666667 0.20555555555555555 0.042708333333333334 0.07037037037037037
1 0.24270833333333333 0.1587962962962963 0.042708333333333334 0.06759259259259259
1 0.25703125 0.19166666666666668 0.033854166666666664 0.05555555555555555
1 0.5682291666666667 0.12777777777777777 0.025 0.040740740740740744
1 0.1703125 0.1865740740740741 0.035416666666666666 0.05092592592592592
1 0.365625 0.225 0.04479166666666667 0.07592592592592592
1 0.16979166666666667 0.13935185185185187 0.03854166666666667 0.03425925925925926
1 0.29010416666666666 0.12731481481481483 0.028125 0.04722222222222222
1 0.80625 0.1884259259259259 0.03854166666666667 0.05462962962962963
1 0.4549479166666667 0.15138888888888888 0.034895833333333334 0.04351851851851852
1 0.5486979166666667 0.30324074074074076 0.06510416666666667 0.10277777777777777
1 0.35598958333333336 0.14166666666666666 0.03177083333333333 0.040740740740740744
1 0.86484375 0.2064814814814815 0.049479166666666664 0.03888888888888889
1 0.44296875 0.1439814814814815 0.028645833333333332 0.04722222222222222
1 0.17604166666666668 0.25787037037037036 0.04791666666666667 0.06759259259259259
1 0.43255208333333334 0.13657407407407407 0.03177083333333333 0.05462962962962963
1 0.26848958333333334 0.23148148148148148 0.043229166666666666 0.06666666666666667
1 0.7161458333333334 0.11435185185185186 0.01875 0.05092592592592592
1 0.6442708333333333 0.13518518518518519 0.036458333333333336 0.053703703703703705
1 0.59140625 0.1125 0.0234375 0.026851851851851852
1 0.44453125 0.07731481481481481 0.024479166666666666 0.03796296296296296
1 0.3067708333333333 0.14166666666666666 0.035416666666666666 0.04259259259259259
1 0.2526041666666667 0.07731481481481481 0.020833333333333332 0.030555555555555555
1 0.6161458333333333 0.12175925925925926 0.03125 0.05648148148148148
1 0.17369791666666667 0.21805555555555556 0.0453125 0.03611111111111111
1 0.359375 0.08703703703703704 0.023958333333333335 0.03333333333333333
1 0.19375 0.29212962962962963 0.05520833333333333 0.09722222222222222
1 0.2265625 0.11342592592592593 0.028125 0.04351851851851852
1 0.7026041666666667 0.9893518518518518 0.13020833333333334 0.019444444444444445
1 0.5518229166666667 0.07731481481481481 0.022395833333333334 0.026851851851851852
1 0.46822916666666664 0.07685185185185185 0.03125 0.05
1 0.15755208333333334 0.10787037037037037 0.0328125 0.049074074074074076
1 0.56015625 0.11064814814814815 0.027604166666666666 0.03796296296296296
1 0.3265625 0.10277777777777777 0.029166666666666667 0.037037037037037035
1 0.40390625 0.06527777777777778 0.016145833333333335 0.021296296296296296
1 0.34609375 0.11944444444444445 0.0390625 0.040740740740740744
1 0.33098958333333334 0.07453703703703704 0.0234375 0.021296296296296296
1 0.6317708333333333 0.0912037037037037 0.019791666666666666 0.032407407407407406
1 0.19166666666666668 0.08009259259259259 0.01875 0.023148148148148147
1 0.16640625 0.1587962962962963 0.030729166666666665 0.041666666666666664
1 0.28072916666666664 0.9476851851851852 0.14791666666666667 0.10277777777777777
1 0.16770833333333332 0.07592592592592592 0.030208333333333334 0.018518518518518517
1 0.2513020833333333 0.13055555555555556 0.024479166666666666 0.03518518518518519
1 0.7669270833333334 0.21944444444444444 0.049479166666666664 0.06111111111111111