2 0.9208333333333333 0.16712962962962963 0.09166666666666666 0.15462962962962962
2 0.5755208333333334 0.28935185185185186 0.08541666666666667 0.16944444444444445
2 0.8333333333333334 0.10138888888888889 0.06458333333333334 0.09166666666666666
1 0.5658854166666667 0.5194444444444445 0.0921875 0.12777777777777777
1 0.6799479166666667 0.6513888888888889 0.12552083333333333 0.1638888888888889
1 0.8950520833333333 0.31157407407407406 0.06510416666666667 0.06759259259259259
1 0.7736979166666667 0.25416666666666665 0.058854166666666666 0.049074074074074076
1 0.80546875 0.5634259259259259 0.1109375 0.14166666666666666
1 0.46588541666666666 0.9337962962962963 0.1890625 0.13055555555555556
1 0.31927083333333334 0.3347222222222222 0.06458333333333334 0.08796296296296297
1 0.4354166666666667 0.3263888888888889 0.06041666666666667 0.08611111111111111
1 0.6388020833333333 0.3814814814814815 0.0890625 0.14444444444444443
1 0.5265625 0.46574074074074073 0.084375 0.1111111111111111
1 0.9408854166666667 0.27685185185185185 0.059895833333333336 0.07407407407407407
1 0.5026041666666666 0.2833333333333333 0.053125 0.07222222222222222
1 0.19869791666666667 0.4462962962962963 0.07447916666666667 0.1
1 0.26901041666666664 0.24259259259259258 0.04739583333333333 0.06481481481481481
1 0.684375 0.19074074074074074 0.041666666666666664 0.05555555555555555
1 0.8778645833333333 0.4634259259259259 0.09739583333333333 0.12314814814814815
1 0.46484375 0.23935185185185184 0.0453125 0.06388888888888888
1 0.19322916666666667 0.4009259259259259 0.07291666666666667 0.08888888888888889
1 0.37552083333333336 0.49027777777777776 0.09166666666666666 0.14351851851851852
1 0.8510416666666667 0.2537037037037037 0.05416666666666667 0.07407407407407407
1 0.9869791666666666 0.7421296296296296 0.025 0.2212962962962963
1 0.4078125 0.2949074074074074 0.05 0.0787037037037037
1 0.5200520833333333 0.30972222222222223 0.033854166666666664 0.07685185185185185
1 0.7971354166666667 0.8189814814814815 0.1578125 0.2638888888888889
1 0.34791666666666665 0.45555555555555555 0.06979166666666667 0.11296296296296296
1 0.43515625 0.21481481481481482 0.04635416666666667 0.05925925925925926
1 0.44479166666666664 0.07962962962962963 0.025 0.03333333333333333
1 0.53984375 0.22314814814814815 0.0390625 0.06296296296296296
1 0.19192708333333333 0.1449074074074074 0.0265625 0.03981481481481482
1 0.61171875 0.15416666666666667 0.033854166666666664 0.05277777777777778
1 0.3875 0.2513888888888889 0.05625 0.09537037037037037
1 0.5768229166666666 0.14305555555555555 0.03177083333333333 0.03796296296296296
1 0.17578125 0.34305555555555556 0.05677083333333333 0.09166666666666666
1 0.25234375 0.1814814814814815 0.0359375 0.04814814814814815
1 0.32864583333333336 0.2023148148148148 0.042708333333333334 0.04351851851851852
1 0.30364583333333334 0.29814814814814816 0.06666666666666667 0.10925925925925926
1 0.6692708333333334 0.17685185185185184 0.036458333333333336 0.05555555555555555
1 0.21588541666666666 0.10787037037037037 0.0296875 0.04722222222222222
1 0.51484375 0.2023148148148148 0.0453125 0.06759259259259259
1 0.3536458333333333 0.2439814814814815 0.029166666666666667 0.06574074074074074
1 0.35442708333333334 0.08425925925925926 0.0234375 0.03518518518518519
1 0.6421875 0.11064814814814815 0.025 0.025
1 0.5119791666666667 0.1111111111111111 0.017708333333333333 0.037037037037037035
1 0.4125 0.1884259259259259 0.03854166666666667 0.03981481481481482
1 0.8315104166666667 0.23055555555555557 0.0671875 0.08703703703703704
1 0.15572916666666667 0.16296296296296298 0.013541666666666667 0.037037037037037035
1 0.48776041666666664 0.09861111111111111 0.019270833333333334 0.03611111111111111
1 0.2421875 0.16666666666666666 0.040625 0.044444444444444446
1 0.6434895833333333 0.16342592592592592 0.03802083333333333 0.062037037037037036
1 0.1671875 0.12638888888888888 0.030208333333333334 0.03796296296296296
1 0.8057291666666667 0.16944444444444445 0.0375 0.06111111111111111
1 0.2838541666666667 0.12361111111111112 0.029166666666666667 0.04537037037037037
1 0.3671875 0.14629629629629629 0.03229166666666667 0.04814814814814815
1 0.25546875 0.08981481481481482 0.021354166666666667 0.03518518518518519
1 0.3453125 0.12777777777777777 0.030208333333333334 0.04814814814814815
1 0.39088541666666665 0.15694444444444444 0.034895833333333334 0.049074074074074076
1 0.4109375 0.125 0.029166666666666667 0.04814814814814815
1 0.3104166666666667 0.15694444444444444 0.0375 0.04722222222222222
1 0.971875 0.25277777777777777 0.05416666666666667 0.08703703703703704
1 0.26953125 0.10046296296296296 0.0296875 0.03796296296296296
1 0.81953125 0.17453703703703705 0.033854166666666664 0.041666666666666664
1 0.32734375 0.11712962962962963 0.0203125 0.032407407407407406
1 0.328125 0.17731481481481481 0.041666666666666664 0.03611111111111111
1 0.23020833333333332 0.12685185185185185 0.03125 0.037037037037037035
1 0.3536458333333333 0.22037037037037038 0.05 0.06111111111111111
1 0.6229166666666667 0.09074074074074075 0.03125 0.02962962962962963
1 0.18567708333333333 0.21944444444444444 0.04114583333333333 0.06481481481481481
1 0.4705729166666667 0.08657407407407407 0.021354166666666667 0.03796296296296296
1 0.41692708333333334 0.07037037037037037 0.013020833333333334 0.025925925925925925
1 0.39557291666666666 0.11435185185185186 0.0234375 0.03425925925925926
1 0.375 0.10046296296296296 0.029166666666666667 0.041666666666666664
1 0.23828125 0.1398148148148148 0.034895833333333334 0.025925925925925925
1 0.8546875 0.17777777777777778 0.04791666666666667 0.06111111111111111
1 0.4609375 0.06666666666666667 0.01875 0.027777777777777776
1 0.2981770833333333 0.1425925925925926 0.0296875 0.05185185185185185
1 0.73671875 0.15138888888888888 0.04010416666666667 0.05092592592592592
1 0.18385416666666668 0.18333333333333332 0.0375 0.046296296296296294
1 0.6895833333333333 0.11574074074074074 0.026041666666666668 0.027777777777777776
1 0.6703125 0.13194444444444445 0.036458333333333336 0.03981481481481482
1 0.7484375 0.1537037037037037 0.016666666666666666 0.046296296296296294
1 0.37786458333333334 0.19074074074074074 0.0359375 0.02962962962962963
1 0.9833333333333333 0.1837962962962963 0.03229166666666667 0.05092592592592592
1 0.17916666666666667 0.2986111111111111 0.06666666666666667 0.10277777777777777