2 0.7830729166666667 0.12222222222222222 0.06927083333333334 0.13703703703703704
2 0.69453125 0.08981481481481482 0.0546875 0.08888888888888889
1 0.9458333333333333 0.6995370370370371 0.10729166666666666 0.16574074074074074
1 0.903125 0.47685185185185186 0.096875 0.12777777777777777
1 0.7716145833333333 0.5157407407407407 0.0984375 0.13703703703703704
1 0.81640625 0.799537037037037 0.1421875 0.20092592592592592
1 0.6138020833333333 0.9194444444444444 0.17760416666666667 0.15925925925925927
1 0.14036458333333332 0.4009259259259259 0.07447916666666667 0.11481481481481481
1 0.9205729166666666 0.9125 0.1578125 0.17314814814814813
1 0.6526041666666667 0.41574074074074074 0.08541666666666667 0.10740740740740741
1 0.5963541666666666 0.5560185185185185 0.128125 0.19537037037037036
1 0.43802083333333336 0.3337962962962963 0.07395833333333333 0.11388888888888889
1 0.3 0.30324074074074076 0.053125 0.075
1 0.19921875 0.31666666666666665 0.0546875 0.08333333333333333
1 0.25234375 0.9055555555555556 0.15052083333333333 0.18703703703703703
1 0.40234375 0.2851851851851852 0.05364583333333333 0.07592592592592592
1 0.37135416666666665 0.48518518518518516 0.08541666666666667 0.12037037037037036
1 0.3494791666666667 0.43796296296296294 0.08645833333333333 0.11296296296296296
1 0.6091145833333333 0.37407407407407406 0.0765625 0.10740740740740741
1 0.5098958333333333 0.7847222222222222 0.18645833333333334 0.2712962962962963
1 0.56640625 0.34444444444444444 0.0609375 0.09814814814814815
1 0.4625 0.1625 0.03854166666666667 0.058333333333333334
1 0.50078125 0.4166666666666667 0.0796875 0.13333333333333333
1 0.49973958333333335 0.1912037037037037 0.03802083333333333 0.05462962962962963
1 0.6744791666666666 0.17546296296296296 0.040625 0.06759259259259259
1 0.39088541666666665 0.1787037037037037 0.0359375 0.05
1 0.5375 0.4703703703703704 0.09270833333333334 0.12222222222222222
1 0.8302083333333333 0.4009259259259259 0.08541666666666667 0.12222222222222222
1 0.37109375 0.24722222222222223 0.05260416666666667 0.07222222222222222
1 0.53515625 0.20972222222222223 0.04635416666666667 0.0712962962962963
1 0.8671875 0.2972222222222222 0.058333333333333334 0.06851851851851852
1 0.9434895833333333 0.34675925925925927 0.07239583333333334 0.09166666666666666
1 0.8166666666666667 0.27175925925925926 0.05416666666666667 0.058333333333333334
1 0.521875 0.28703703703703703 0.06145833333333333 0.0962962962962963
1 0.45546875 0.22824074074074074 0.0515625 0.06944444444444445
1 0.9528645833333333 0.21481481481481482 0.0546875 0.05555555555555555
1 0.5606770833333333 0.15185185185185185 0.03177083333333333 0.03888888888888889
1 0.9846354166666667 0.3194444444444444 0.0296875 0.08703703703703704
1 0.75390625 0.21296296296296297 0.03802083333333333 0.06481481481481481
1 0.9098958333333333 0.2671296296296296 0.05520833333333333 0.06944444444444445
1 0.16979166666666667 0.17962962962962964 0.036458333333333336 0.04814814814814815
1 0.9861979166666667 0.20185185185185187 0.0265625 0.053703703703703705
1 0.37265625 0.15092592592592594 0.033854166666666664 0.046296296296296294
1 0.4895833333333333 0.2550925925925926 0.046875 0.075
1 0.20182291666666666 0.12268518518518519 0.027604166666666666 0.04351851851851852
1 0.7497395833333333 0.18101851851851852 0.0421875 0.05648148148148148
1 0.42473958333333334 0.19675925925925927 0.04114583333333333 0.06944444444444445
1 0.7002604166666667 0.22962962962962963 0.049479166666666664 0.06851851851851852
1 0.33255208333333336 0.18472222222222223 0.03697916666666667 0.06388888888888888
1 0.23880208333333333 0.1527777777777778 0.0421875 0.06481481481481481
1 0.5127604166666667 0.12777777777777777 0.030729166666666665 0.03148148148148148
1 0.5223958333333333 0.1111111111111111 0.028125 0.03888888888888889
1 0.2908854166666667 0.27037037037037037 0.05260416666666667 0.07037037037037037
1 0.7932291666666667 0.22870370370370371 0.053125 0.06851851851851852
1 0.6578125 0.14166666666666666 0.034375 0.05555555555555555
1 0.26614583333333336 0.22083333333333333 0.04791666666666667 0.06388888888888888
1 0.3580729166666667 0.21435185185185185 0.043229166666666666 0.07314814814814814
1 0.45026041666666666 0.0787037037037037 0.025520833333333333 0.037037037037037035
1 0.6002604166666666 0.14722222222222223 0.0359375 0.044444444444444446
1 0.34921875 0.1361111111111111 0.0328125 0.03888888888888889
1 0.25677083333333334 0.18333333333333332 0.03854166666666667 0.053703703703703705
1 0.43411458333333336 0.2199074074074074 0.0265625 0.06018518518518518
1 0.28541666666666665 0.12361111111111112 0.028125 0.04722222222222222
1 0.2125 0.7560185185185185 0.13333333333333333 0.24722222222222223
1 0.27369791666666665 0.2523148148148148 0.044270833333333336 0.06574074074074074
1 0.6315104166666666 0.12638888888888888 0.03177083333333333 0.05462962962962963
1 0.35546875 0.08564814814814815 0.024479166666666666 0.032407407407407406
1 0.8325520833333333 0.15185185185185185 0.04010416666666667 0.05925925925925926
1 0.8515625 0.2388888888888889 0.052083333333333336 0.06296296296296296
1 0.30234375 0.1375 0.0359375 0.04351851851851852
1 0.42552083333333335 0.12962962962962962 0.035416666666666666 0.05555555555555555
1 0.44296875 0.14351851851851852 0.033854166666666664 0.044444444444444446
1 0.17421875 0.20925925925925926 0.04739583333333333 0.03518518518518519
1 0.46979166666666666 0.08703703703703704 0.025 0.03333333333333333
1 0.4083333333333333 0.06712962962962964 0.016666666666666666 0.025
1 0.8973958333333333 0.2263888888888889 0.052083333333333336 0.05648148148148148
1 0.8330729166666667 0.2013888888888889 0.0484375 0.05648148148148148
1 0.5591145833333333 0.09953703703703703 0.0296875 0.04722222222222222
1 0.31536458333333334 0.17083333333333334 0.03177083333333333 0.058333333333333334
1 0.17708333333333334 0.2449074074074074 0.04375 0.06388888888888888
1 0.6447916666666667 0.09305555555555556 0.021875 0.030555555555555555
1 0.6036458333333333 0.1162037037037037 0.025 0.025
1 0.1703125 0.13472222222222222 0.03854166666666667 0.032407407407407406
1 0.24713541666666666 0.125 0.022395833333333334 0.03333333333333333
1 0.5822916666666667 0.13240740740740742 0.022916666666666665 0.040740740740740744
1 0.16770833333333332 0.1527777777777778 0.03333333333333333 0.037037037037037035
1 0.9536458333333333 0.25277777777777777 0.05 0.07407407407407407
1 0.19296875 0.27685185185185185 0.05260416666666667 0.09074074074074075