2 0.9578125 0.16944444444444445 0.08229166666666667 0.17777777777777778
2 0.8088541666666667 0.13333333333333333 0.06666666666666667 0.12962962962962962
2 0.7434895833333334 0.425462962962963 0.12552083333333333 0.23981481481481481
1 0.6307291666666667 0.38333333333333336 0.07708333333333334 0.09814814814814815
1 0.9645833333333333 0.30416666666666664 0.0625 0.08796296296296297
1 0.17890625 0.587037037037037 0.10677083333333333 0.1259259259259259
1 0.21640625 0.6638888888888889 0.10989583333333333 0.14814814814814814
1 0.4786458333333333 0.7574074074074074 0.13645833333333332 0.18703703703703703
1 0.5651041666666666 0.8708333333333333 0.165625 0.2564814814814815
1 0.5346354166666667 0.4671296296296296 0.0859375 0.12129629629629629
1 0.9265625 0.9555555555555556 0.14583333333333334 0.08703703703703704
1 0.6625 0.44074074074074077 0.05 0.11296296296296296
1 0.19244791666666666 0.2814814814814815 0.0515625 0.08333333333333333
1 0.5046875 0.2777777777777778 0.057291666666666664 0.07592592592592592
1 0.3776041666666667 0.48148148148148145 0.09166666666666666 0.12037037037037036
1 0.6260416666666667 0.29907407407407405 0.057291666666666664 0.07962962962962963
1 0.51640625 0.4148148148148148 0.0734375 0.1111111111111111
1 0.62421875 0.18564814814814815 0.04114583333333333 0.03796296296296296
1 0.2953125 0.31851851851851853 0.06145833333333333 0.07962962962962963
1 0.5450520833333333 0.3175925925925926 0.059895833333333336 0.08333333333333333
1 0.7338541666666667 0.20416666666666666 0.03854166666666667 0.05648148148148148
1 0.26796875 0.22546296296296298 0.04114583333333333 0.05648148148148148
1 0.5940104166666667 0.1476851851851852 0.033854166666666664 0.04722222222222222
1 0.35598958333333336 0.41712962962962963 0.09322916666666667 0.14722222222222223
1 0.43645833333333334 0.3365740740740741 0.07395833333333333 0.12314814814814815
1 0.5979166666666667 0.2638888888888889 0.059375 0.08333333333333333
1 0.696875 0.21944444444444444 0.04583333333333333 0.05
1 0.18828125 0.40046296296296297 0.07760416666666667 0.10092592592592593
1 0.87421875 0.6055555555555555 0.13802083333333334 0.22037037037037038
1 0.34479166666666666 0.21203703703703702 0.035416666666666666 0.06111111111111111
1 0.83203125 0.2439814814814815 0.05677083333333333 0.08796296296296297
1 0.36822916666666666 0.2828703703703704 0.036458333333333336 0.07314814814814814
1 0.6372395833333333 0.12962962962962962 0.03802083333333333 0.05925925925925926
1 0.66640625 0.12314814814814815 0.022395833333333334 0.037037037037037035
1 0.24010416666666667 0.1476851851851852 0.034375 0.04537037037037037
1 0.89296875 0.17453703703703705 0.034895833333333334 0.062037037037037036
1 0.46145833333333336 0.2439814814814815 0.041666666666666664 0.06388888888888888
1 0.9481770833333333 0.25092592592592594 0.0578125 0.07407407407407407
1 0.6817708333333333 0.17685185185185184 0.03958333333333333 0.06666666666666667
1 0.19010416666666666 0.487962962962963 0.08229166666666667 0.12777777777777777
1 0.7 0.12777777777777777 0.029166666666666667 0.03148148148148148
1 0.39895833333333336 0.1763888888888889 0.040625 0.058333333333333334
1 0.26640625 0.10416666666666667 0.0265625 0.03981481481481482
1 0.5158854166666667 0.11388888888888889 0.027604166666666666 0.03333333333333333
1 0.36666666666666664 0.2388888888888889 0.051041666666666666 0.08333333333333333
1 0.36276041666666664 0.15046296296296297 0.0421875 0.05277777777777778
1 0.49296875 0.09907407407407408 0.030729166666666665 0.04259259259259259
1 0.91015625 0.18055555555555555 0.0203125 0.07222222222222222
1 0.8234375 0.825 0.15 0.19444444444444445
1 0.4786458333333333 0.2574074074074074 0.04479166666666667 0.07222222222222222
1 0.29791666666666666 0.14537037037037037 0.03333333333333333 0.05740740740740741
1 0.4510416666666667 0.08194444444444444 0.019791666666666666 0.030555555555555555
1 0.25052083333333336 0.1763888888888889 0.03958333333333333 0.05092592592592592
1 0.57734375 0.14027777777777778 0.0296875 0.04722222222222222
1 0.4078125 0.12638888888888888 0.030208333333333334 0.041666666666666664
1 0.22916666666666666 0.13657407407407407 0.034375 0.03981481481481482
1 0.18880208333333334 0.23333333333333334 0.043229166666666666 0.06851851851851852
1 0.875 0.16342592592592592 0.0375 0.06388888888888888
1 0.33932291666666664 0.12129629629629629 0.0265625 0.03518518518518519
1 0.18151041666666667 0.21574074074074073 0.0421875 0.05740740740740741
1 0.38125 0.10462962962962963 0.027083333333333334 0.04814814814814815
1 0.7135416666666666 0.13564814814814816 0.026041666666666668 0.028703703703703703
1 0.28046875 0.11805555555555555 0.027604166666666666 0.04537037037037037
1 0.2640625 0.1986111111111111 0.04375 0.049074074074074076
1 0.41328125 0.07037037037037037 0.019270833333333334 0.020370370370370372
1 0.32838541666666665 0.07314814814814814 0.021354166666666667 0.022222222222222223
1 0.3184895833333333 0.10092592592592593 0.028645833333333332 0.03518518518518519
1 0.7411458333333333 0.14351851851851852 0.035416666666666666 0.053703703703703705
1 0.3234375 0.17037037037037037 0.035416666666666666 0.05925925925925926
1 0.43828125 0.20694444444444443 0.0421875 0.07314814814814814
1 0.46770833333333334 0.09074074074074075 0.026041666666666668 0.03333333333333333
1 0.80078125 0.19027777777777777 0.027604166666666666 0.06388888888888888
1 0.6020833333333333 0.11666666666666667 0.03125 0.05185185185185185
1 0.4505208333333333 0.15694444444444444 0.034375 0.05648148148148148
1 0.34010416666666665 0.1935185185185185 0.041666666666666664 0.06111111111111111
1 0.39817708333333335 0.1175925925925926 0.028645833333333332 0.046296296296296294
1 0.5395833333333333 0.06620370370370371 0.021875 0.032407407407407406
1 0.40520833333333334 0.2791666666666667 0.052083333333333336 0.07685185185185185
1 0.5786458333333333 0.075 0.027083333333333334 0.020370370370370372
1 0.4309895833333333 0.14351851851851852 0.027604166666666666 0.03888888888888889
1 0.16744791666666667 0.08796296296296297 0.027604166666666666 0.02962962962962963
1 0.3528645833333333 0.14027777777777778 0.027604166666666666 0.03796296296296296
1 0.7135416666666666 0.16064814814814815 0.028125 0.03425925925925926
1 0.6252604166666667 0.1050925925925926 0.022395833333333334 0.03796296296296296
1 0.696875 0.18518518518518517 0.040625 0.04259259259259259
1 0.16901041666666666 0.14629629629629629 0.033854166666666664 0.04259259259259259
1 0.17552083333333332 0.18472222222222223 0.04583333333333333 0.06018518518518518
1 0.4375 0.07361111111111111 0.017708333333333333 0.030555555555555555
1 0.55390625 0.12268518518518519 0.0203125 0.03981481481481482
1 0.7572916666666667 0.17407407407407408 0.030208333333333334 0.06296296296296296
1 0.40598958333333335 0.31342592592592594 0.050520833333333334 0.08425925925925926
1 0.7671875 0.1337962962962963 0.01875 0.023148148148148147
1 0.41354166666666664 0.19537037037037036 0.03229166666666667 0.05925925925925926