1 0.6018229166666667 0.9175925925925926 0.16614583333333333 0.16296296296296298
1 0.20625 0.5425925925925926 0.109375 0.14444444444444443
1 0.46458333333333335 0.7060185185185185 0.12604166666666666 0.16944444444444445
1 0.35598958333333336 0.4615740740740741 0.08489583333333334 0.11574074074074074
1 0.63046875 0.5925925925925926 0.10885416666666667 0.15925925925925927
1 0.5528645833333333 0.3300925925925926 0.0671875 0.08796296296296297
1 0.74609375 0.49074074074074076 0.08697916666666666 0.1259259259259259
1 0.8424479166666666 0.8388888888888889 0.15572916666666667 0.21296296296296297
1 0.18984375 0.4439814814814815 0.08489583333333334 0.10833333333333334
1 0.49270833333333336 0.2652777777777778 0.05416666666666667 0.07314814814814814
1 0.72890625 0.34074074074074073 0.07552083333333333 0.11481481481481481
1 0.56953125 0.5282407407407408 0.0953125 0.13055555555555556
1 0.7932291666666667 0.5333333333333333 0.11354166666666667 0.15
1 0.6135416666666667 0.26990740740740743 0.05520833333333333 0.08425925925925926
1 0.85390625 0.2569444444444444 0.05572916666666667 0.075
1 0.45234375 0.2388888888888889 0.0484375 0.06481481481481481
1 0.315625 0.3351851851851852 0.06354166666666666 0.08888888888888889
1 0.4671875 0.350462962962963 0.06875 0.10833333333333334
1 0.40598958333333335 0.29074074074074074 0.050520833333333334 0.07777777777777778
1 0.6796875 0.2986111111111111 0.06458333333333334 0.09351851851851851
1 0.9877604166666667 0.32222222222222224 0.0234375 0.08333333333333333
1 0.18671875 0.3074074074074074 0.05677083333333333 0.08518518518518518
1 0.42083333333333334 0.32175925925925924 0.051041666666666666 0.08425925925925926
1 0.97578125 0.2564814814814815 0.04739583333333333 0.07592592592592592
1 0.43802083333333336 0.14537037037037037 0.034375 0.05
1 0.34765625 0.3861111111111111 0.06927083333333334 0.0962962962962963
1 0.88515625 0.6375 0.12447916666666667 0.1787037037037037
1 0.37994791666666666 0.2462962962962963 0.049479166666666664 0.08518518518518518
1 0.8559895833333333 0.4449074074074074 0.08802083333333334 0.12129629629629629
1 0.3723958333333333 0.10648148148148148 0.014583333333333334 0.037037037037037035
1 0.65859375 0.1986111111111111 0.0421875 0.041666666666666664
1 0.4825520833333333 0.1111111111111111 0.0265625 0.03518518518518519
1 0.34817708333333336 0.22870370370370371 0.03697916666666667 0.06111111111111111
1 0.6247395833333333 0.15601851851851853 0.03177083333333333 0.049074074074074076
1 0.40625 0.18564814814814815 0.03333333333333333 0.04722222222222222
1 0.23802083333333332 0.14444444444444443 0.03229166666666667 0.04259259259259259
1 0.9830729166666666 0.5430555555555555 0.0328125 0.16574074074074074
1 0.30442708333333335 0.15694444444444444 0.033854166666666664 0.04351851851851852
1 0.39166666666666666 0.11342592592592593 0.03333333333333333 0.05277777777777778
1 0.34713541666666664 0.13055555555555556 0.0296875 0.046296296296296294
1 0.28020833333333334 0.25833333333333336 0.06041666666666667 0.1
1 0.696875 0.13148148148148148 0.029166666666666667 0.044444444444444446
1 0.7317708333333334 0.14722222222222223 0.03333333333333333 0.024074074074074074
1 0.4278645833333333 0.13425925925925927 0.0296875 0.05185185185185185
1 0.4354166666666667 0.6125 0.11875 0.15648148148148147
1 0.5393229166666667 0.45231481481481484 0.09427083333333333 0.14722222222222223
1 0.8700520833333333 0.225 0.0484375 0.06666666666666667
1 0.6481770833333333 0.11805555555555555 0.027604166666666666 0.041666666666666664
1 0.159375 0.08888888888888889 0.023958333333333335 0.03888888888888889
1 0.7213541666666666 0.12129629629629629 0.025 0.03518518518518519
1 0.67734375 0.1537037037037037 0.033854166666666664 0.046296296296296294
1 0.6458333333333334 0.38981481481481484 0.084375 0.13148148148148148
1 0.61328125 0.1712962962962963 0.04010416666666667 0.044444444444444446
1 0.69765625 0.18935185185185185 0.033854166666666664 0.06574074074074074
1 0.32864583333333336 0.1875 0.03229166666666667 0.06018518518518518
1 0.9328125 0.1935185185185185 0.052083333333333336 0.07222222222222222
1 0.7893229166666667 0.2273148148148148 0.04739583333333333 0.06944444444444445
1 0.6625 0.10185185185185185 0.023958333333333335 0.044444444444444446
1 0.8088541666666667 0.1736111111111111 0.036458333333333336 0.049074074074074076
1 0.5958333333333333 0.24722222222222223 0.05416666666666667 0.09259259259259259
1 0.22890625 0.12407407407407407 0.03177083333333333 0.03888888888888889
1 0.32760416666666664 0.1111111111111111 0.029166666666666667 0.04259259259259259
1 0.28177083333333336 0.11203703703703703 0.042708333333333334 0.04814814814814815
1 0.5869791666666667 0.1625 0.029166666666666667 0.03796296296296296
1 0.37083333333333335 0.15462962962962962 0.03229166666666667 0.04259259259259259
1 0.1765625 0.15787037037037038 0.03958333333333333 0.04537037037037037
1 0.36328125 0.0912037037037037 0.022395833333333334 0.032407407407407406
1 0.878125 0.16342592592592592 0.04791666666666667 0.06759259259259259
1 0.5838541666666667 0.1050925925925926 0.026041666666666668 0.028703703703703703
1 0.3932291666666667 0.175 0.035416666666666666 0.05555555555555555
1 0.7309895833333333 0.19722222222222222 0.0515625 0.07962962962962963
1 0.34921875 0.15092592592592594 0.022395833333333334 0.03518518518518519
1 0.8479166666666667 0.20046296296296295 0.06979166666666667 0.07314814814814814
1 0.7734375 0.18472222222222223 0.03958333333333333 0.05092592592592592
1 0.7638020833333333 0.18518518518518517 0.019270833333333334 0.05
1 0.5575520833333333 0.1 0.0234375 0.025925925925925925
1 0.628125 0.13287037037037036 0.03229166666666667 0.04351851851851852
1 0.5325520833333334 0.09212962962962963 0.024479166666666666 0.03981481481481482
1 0.4375 0.20555555555555555 0.04479166666666667 0.07407407407407407
1 0.6174479166666667 0.12222222222222222 0.0234375 0.03148148148148148
1 0.17447916666666666 0.10231481481481482 0.027083333333333334 0.025
1 0.5932291666666667 0.13472222222222222 0.03229166666666667 0.028703703703703703
1 0.46328125 0.08842592592592592 0.0234375 0.030555555555555555
1 0.56015625 0.15046296296296297 0.0296875 0.030555555555555555
1 0.4 0.07268518518518519 0.020833333333333332 0.023148148148148147
1 0.6786458333333333 0.18055555555555555 0.025 0.05
1 0.325 0.07268518518518519 0.027083333333333334 0.025
1 0.5236979166666667 0.13472222222222222 0.025520833333333333 0.030555555555555555
1 0.346875 0.20277777777777778 0.041666666666666664 0.06666666666666667
1 0.7036458333333333 0.10787037037037037 0.019791666666666666 0.01574074074074074
1 0.571875 0.12407407407407407 0.030208333333333334 0.03518518518518519
1 0.6341145833333334 0.0912037037037037 0.028645833333333332 0.03611111111111111
1 0.2520833333333333 0.17407407407407408 0.0375 0.06296296296296296
1 0.175 0.19722222222222222 0.04791666666666667 0.07037037037037037
1 0.9877604166666667 0.19398148148148148 0.0234375 0.05092592592592592
1 0.17395833333333333 0.24583333333333332 0.042708333333333334 0.0712962962962963
1 0.43020833333333336 0.0763888888888889 0.023958333333333335 0.03611111111111111
1 0.2716145833333333 0.21851851851851853 0.05677083333333333 0.07037037037037037
1 0.00546875 0.5050925925925925 0.0109375 0.10833333333333334