3 0.9098958333333333 0.2625 0.06666666666666667 0.09907407407407408
2 0.8872395833333333 0.1763888888888889 0.0859375 0.175
2 0.91953125 0.13657407407407407 0.07864583333333333 0.15833333333333333
1 0.7125 0.4787037037037037 0.09583333333333334 0.12222222222222222
1 0.4940104166666667 0.7944444444444444 0.14635416666666667 0.19814814814814816
1 0.22682291666666668 0.7615740740740741 0.13802083333333334 0.18055555555555555
1 0.4354166666666667 0.6032407407407407 0.11041666666666666 0.14907407407407408
1 0.6057291666666667 0.5305555555555556 0.10208333333333333 0.16296296296296298
1 0.18802083333333333 0.3648148148148148 0.065625 0.09259259259259259
1 0.9299479166666667 0.9430555555555555 0.1390625 0.11203703703703703
1 0.9822916666666667 0.20462962962962963 0.034375 0.06111111111111111
1 0.5265625 0.4597222222222222 0.08541666666666667 0.11944444444444445
1 0.6861979166666666 0.1875 0.04114583333333333 0.05648148148148148
1 0.8083333333333333 0.3962962962962963 0.084375 0.12407407407407407
1 0.5994791666666667 0.36527777777777776 0.07291666666666667 0.09907407407407408
1 0.4875 0.40370370370370373 0.07291666666666667 0.1037037037037037
1 0.2986979166666667 0.9740740740740741 0.1515625 0.05
1 0.53515625 0.31666666666666665 0.0640625 0.08333333333333333
1 0.46041666666666664 0.2388888888888889 0.03958333333333333 0.06481481481481481
1 0.5059895833333333 0.1912037037037037 0.04010416666666667 0.05648148148148148
1 0.41119791666666666 0.29814814814814816 0.04739583333333333 0.07407407407407407
1 0.17630208333333333 0.1787037037037037 0.04114583333333333 0.05740740740740741
1 0.3138020833333333 0.3416666666666667 0.0796875 0.12962962962962962
1 0.93359375 0.649537037037037 0.13177083333333334 0.21574074074074073
1 0.41432291666666665 0.12962962962962962 0.0234375 0.040740740740740744
1 0.37890625 0.15787037037037038 0.033854166666666664 0.05277777777777778
1 0.3963541666666667 0.18611111111111112 0.034375 0.046296296296296294
1 0.7700520833333333 0.2222222222222222 0.04739583333333333 0.05925925925925926
1 0.3880208333333333 0.2611111111111111 0.05416666666666667 0.08518518518518518
1 0.440625 0.14351851851851852 0.040625 0.06296296296296296
1 0.6408854166666667 0.16574074074074074 0.03697916666666667 0.05740740740740741
1 0.33255208333333336 0.19814814814814816 0.0453125 0.05555555555555555
1 0.44296875 0.324537037037037 0.06302083333333333 0.10648148148148148
1 0.48125 0.17222222222222222 0.0375 0.05740740740740741
1 0.39375 0.10925925925925926 0.027083333333333334 0.037037037037037035
1 0.42161458333333335 0.19953703703703704 0.0390625 0.058333333333333334
1 0.9450520833333333 0.47129629629629627 0.10885416666666667 0.15925925925925927
1 0.7364583333333333 0.17407407407407408 0.040625 0.05555555555555555
1 0.6770833333333334 0.1486111111111111 0.0375 0.05462962962962963
1 0.7119791666666667 0.1388888888888889 0.03125 0.044444444444444446
1 0.37213541666666666 0.4898148148148148 0.08697916666666666 0.12407407407407407
1 0.8341145833333333 0.8115740740740741 0.16614583333333333 0.25833333333333336
1 0.16588541666666667 0.27870370370370373 0.049479166666666664 0.07037037037037037
1 0.76875 0.35555555555555557 0.08020833333333334 0.13148148148148148
1 0.26796875 0.16805555555555557 0.03802083333333333 0.04351851851851852
1 0.15546875 0.10092592592592593 0.0265625 0.04259259259259259
1 0.5598958333333334 0.10555555555555556 0.029166666666666667 0.03888888888888889
1 0.7578125 0.11342592592592593 0.035416666666666666 0.030555555555555555
1 0.60546875 0.1449074074074074 0.04010416666666667 0.062037037037037036
1 0.5067708333333333 0.25833333333333336 0.06875 0.07962962962962963
1 0.44557291666666665 0.22037037037037038 0.04010416666666667 0.06851851851851852
1 0.18385416666666668 0.30462962962962964 0.059375 0.08703703703703704
1 0.5536458333333333 0.14953703703703702 0.030208333333333334 0.032407407407407406
1 0.5510416666666667 0.11527777777777778 0.013541666666666667 0.030555555555555555
1 0.26145833333333335 0.22037037037037038 0.04479166666666667 0.07962962962962963
1 0.7765625 0.18564814814814815 0.04479166666666667 0.06018518518518518
1 0.4354166666666667 0.09074074074074075 0.022916666666666665 0.027777777777777776
1 0.08932291666666667 0.42777777777777776 0.08177083333333333 0.10925925925925926
1 0.6520833333333333 0.1310185185185185 0.03229166666666667 0.028703703703703703
1 0.3671875 0.23703703703703705 0.03854166666666667 0.07592592592592592
1 0.4864583333333333 0.08842592592592592 0.020833333333333332 0.019444444444444445
1 0.34375 0.125 0.028125 0.04259259259259259
1 0.2713541666666667 0.11388888888888889 0.027083333333333334 0.040740740740740744
1 0.15651041666666668 0.2412037037037037 0.043229166666666666 0.07314814814814814
1 0.58046875 0.09537037037037037 0.022395833333333334 0.03148148148148148
1 0.49114583333333334 0.11481481481481481 0.022916666666666665 0.02962962962962963
1 0.31328125 0.2810185185185185 0.06510416666666667 0.075
1 0.7734375 0.15231481481481482 0.03854166666666667 0.05277777777777778
1 0.27578125 0.2263888888888889 0.049479166666666664 0.06759259259259259
1 0.23020833333333332 0.11481481481481481 0.03125 0.05
1 0.47708333333333336 0.075 0.021875 0.03518518518518519
1 0.578125 0.1398148148148148 0.017708333333333333 0.046296296296296294
1 0.23776041666666667 0.1388888888888889 0.030729166666666665 0.02962962962962963
1 0.17135416666666667 0.08425925925925926 0.022916666666666665 0.025925925925925925
1 0.33177083333333335 0.17083333333333334 0.03229166666666667 0.025
1 0.6072916666666667 0.07777777777777778 0.021875 0.022222222222222223
1 0.4549479166666667 0.0824074074074074 0.022395833333333334 0.037037037037037035
1 0.32083333333333336 0.11527777777777778 0.015625 0.032407407407407406
1 0.4359375 0.23194444444444445 0.020833333333333332 0.04537037037037037
1 0.17473958333333334 0.12175925925925926 0.0328125 0.03611111111111111
1 0.22708333333333333 0.1787037037037037 0.04583333333333333 0.07222222222222222
1 0.36015625 0.1375 0.033854166666666664 0.05462962962962963
1 0.5216145833333333 0.12916666666666668 0.028645833333333332 0.03611111111111111
1 0.7419270833333333 0.1398148148148148 0.03177083333333333 0.024074074074074074
1 0.27890625 0.11898148148148148 0.016145833333333335 0.03796296296296296
1 0.6119791666666666 0.10648148148148148 0.023958333333333335 0.037037037037037035
1 0.35 0.08009259259259259 0.021875 0.026851851851851852
1 0.50703125 0.12407407407407407 0.016145833333333335 0.03148148148148148
1 0.171875 0.15046296296296297 0.03854166666666667 0.041666666666666664
1 0.17447916666666666 0.2361111111111111 0.04895833333333333 0.044444444444444446
1 0.29713541666666665 0.12731481481481483 0.0328125 0.041666666666666664
1 0.28958333333333336 0.275 0.04895833333333333 0.09444444444444444