2 0.9236979166666667 0.16712962962962963 0.0921875 0.15462962962962962
2 0.9744791666666667 0.5138888888888888 0.05 0.23333333333333334
2 0.8359375 0.10277777777777777 0.06458333333333334 0.09444444444444444
1 0.9005208333333333 0.3125 0.06666666666666667 0.06759259259259259
1 0.6731770833333334 0.6435185185185185 0.1234375 0.16296296296296298
1 0.5622395833333333 0.5152777777777777 0.09114583333333333 0.1287037037037037
1 0.7981770833333334 0.5583333333333333 0.10885416666666667 0.14074074074074075
1 0.37421875 0.4861111111111111 0.0890625 0.1425925925925926
1 0.46458333333333335 0.9254629629629629 0.18541666666666667 0.14722222222222223
1 0.31796875 0.3337962962962963 0.06510416666666667 0.08611111111111111
1 0.19869791666666667 0.44351851851851853 0.07447916666666667 0.1
1 0.8552083333333333 0.25462962962962965 0.05416666666666667 0.07592592592592592
1 0.5223958333333333 0.4615740740740741 0.084375 0.10833333333333334
1 0.778125 0.2564814814814815 0.059375 0.05185185185185185
1 0.43307291666666664 0.32407407407407407 0.0609375 0.08703703703703704
1 0.9473958333333333 0.27824074074074073 0.06041666666666667 0.07314814814814814
1 0.5010416666666667 0.2810185185185185 0.052083333333333336 0.0712962962962963
1 0.6361979166666667 0.37962962962962965 0.08697916666666666 0.1425925925925926
1 0.9799479166666667 0.7342592592592593 0.0390625 0.22962962962962963
1 0.6869791666666667 0.19212962962962962 0.041666666666666664 0.05648148148148148
1 0.8708333333333333 0.4583333333333333 0.09583333333333334 0.12037037037037036
1 0.19348958333333333 0.3976851851851852 0.07239583333333334 0.08981481481481482
1 0.46380208333333334 0.23796296296296296 0.04635416666666667 0.06481481481481481
1 0.51875 0.30694444444444446 0.034375 0.07685185185185185
1 0.7859375 0.8023148148148148 0.15520833333333334 0.2638888888888889
1 0.40546875 0.29398148148148145 0.0484375 0.0787037037037037
1 0.27005208333333336 0.24212962962962964 0.04635416666666667 0.06388888888888888
1 0.34661458333333334 0.45185185185185184 0.06927083333333334 0.11296296296296296
1 0.5385416666666667 0.22175925925925927 0.03854166666666667 0.062037037037037036
1 0.43385416666666665 0.2152777777777778 0.04479166666666667 0.06018518518518518
1 0.57890625 0.14351851851851852 0.0328125 0.03888888888888889
1 0.4453125 0.07962962962962963 0.025 0.03333333333333333
1 0.2518229166666667 0.1814814814814815 0.0359375 0.04814814814814815
1 0.19270833333333334 0.14351851851851852 0.028125 0.040740740740740744
1 0.6151041666666667 0.15416666666666667 0.035416666666666666 0.05277777777777778
1 0.5125 0.20046296296296295 0.04375 0.06759259259259259
1 0.17552083333333332 0.34074074074074073 0.057291666666666664 0.09074074074074075
1 0.3033854166666667 0.2962962962962963 0.0671875 0.10740740740740741
1 0.5138020833333333 0.11203703703703703 0.018229166666666668 0.03888888888888889
1 0.38619791666666664 0.24953703703703703 0.0546875 0.09351851851851851
1 0.32734375 0.2023148148148148 0.04114583333333333 0.04537037037037037
1 0.6716145833333333 0.17777777777777778 0.0359375 0.05555555555555555
1 0.6455729166666667 0.1638888888888889 0.03697916666666667 0.06296296296296296
1 0.353125 0.2439814814814815 0.029166666666666667 0.06574074074074074
1 0.48854166666666665 0.09953703703703703 0.020833333333333332 0.03611111111111111
1 0.4119791666666667 0.19027777777777777 0.03958333333333333 0.04351851851851852
1 0.9744791666666667 0.25 0.05 0.07962962962962963
1 0.6716145833333333 0.13287037037037036 0.03802083333333333 0.03981481481481482
1 0.23020833333333332 0.12546296296296297 0.030208333333333334 0.03611111111111111
1 0.3450520833333333 0.12731481481481483 0.0296875 0.04537037037037037
1 0.6440104166666667 0.11296296296296296 0.024479166666666666 0.027777777777777776
1 0.36640625 0.14583333333333334 0.0328125 0.04722222222222222
1 0.25546875 0.08935185185185185 0.021354166666666667 0.03611111111111111
1 0.2421875 0.16620370370370371 0.040625 0.04351851851851852
1 0.8083333333333333 0.17083333333333334 0.0375 0.062037037037037036
1 0.184375 0.1837962962962963 0.036458333333333336 0.04722222222222222
1 0.4041666666666667 0.12407407407407407 0.041666666666666664 0.05
1 0.31640625 0.1037037037037037 0.03697916666666667 0.03148148148148148
1 0.18619791666666666 0.21944444444444444 0.04114583333333333 0.06296296296296296
1 0.8221354166666667 0.1763888888888889 0.033854166666666664 0.04351851851851852
1 0.26953125 0.09953703703703703 0.0296875 0.03611111111111111
1 0.3268229166666667 0.11666666666666667 0.021354166666666667 0.03333333333333333
1 0.309375 0.15601851851851853 0.0375 0.04537037037037037
1 0.16640625 0.12731481481481483 0.028645833333333332 0.03611111111111111
1 0.29791666666666666 0.14166666666666666 0.030208333333333334 0.05185185185185185
1 0.8567708333333334 0.20462962962962963 0.023958333333333335 0.02962962962962963
1 0.3528645833333333 0.2199074074074074 0.0484375 0.06388888888888888
1 0.39088541666666665 0.15787037037037038 0.0359375 0.05092592592592592
1 0.6908854166666667 0.11712962962962963 0.0265625 0.028703703703703703
1 0.8356770833333333 0.23148148148148148 0.06614583333333333 0.08518518518518518
1 0.2825520833333333 0.12314814814814815 0.030729166666666665 0.044444444444444446
1 0.3541666666666667 0.0824074074074074 0.022916666666666665 0.03518518518518519
1 0.7361979166666667 0.1527777777777778 0.0453125 0.05
1 0.3768229166666667 0.1884259259259259 0.033854166666666664 0.025
1 0.47109375 0.08796296296296297 0.021354166666666667 0.037037037037037035
1 0.1859375 0.2967592592592593 0.052083333333333336 0.09907407407407408
1 0.9848958333333333 0.18518518518518517 0.029166666666666667 0.05185185185185185
1 0.23880208333333333 0.14212962962962963 0.03697916666666667 0.03425925925925926
1 0.15546875 0.16296296296296298 0.013020833333333334 0.03518518518518519
1 0.8578125 0.17777777777777778 0.04791666666666667 0.05925925925925926
1 0.46145833333333336 0.06805555555555555 0.019791666666666666 0.030555555555555555
1 0.21614583333333334 0.10694444444444444 0.029166666666666667 0.04537037037037037