1 0.9526041666666667 0.6805555555555556 0.09375 0.18518518518518517
1 0.21588541666666666 0.5930555555555556 0.1109375 0.14907407407407408
1 0.3932291666666667 0.5444444444444444 0.09479166666666666 0.12407407407407407
1 0.6713541666666667 0.6981481481481482 0.15104166666666666 0.22962962962962963
1 0.7989583333333333 0.5189814814814815 0.10729166666666666 0.1712962962962963
1 0.1890625 0.37777777777777777 0.07395833333333333 0.09814814814814815
1 0.48854166666666665 0.3962962962962963 0.075 0.10740740740740741
1 0.47239583333333335 0.25416666666666665 0.053125 0.06574074074074074
1 0.36276041666666664 0.44722222222222224 0.08072916666666667 0.1111111111111111
1 0.5794270833333334 0.34305555555555556 0.0578125 0.09166666666666666
1 0.9546875 0.9375 0.08958333333333333 0.12314814814814815
1 0.45364583333333336 0.3662037037037037 0.05520833333333333 0.08981481481481482
1 0.6729166666666667 0.4185185185185185 0.08020833333333334 0.11666666666666667
1 0.74296875 0.3472222222222222 0.07239583333333334 0.1111111111111111
1 0.6106770833333334 0.36574074074074076 0.07760416666666667 0.1037037037037037
1 0.34088541666666666 0.40370370370370373 0.07760416666666667 0.10555555555555556
1 0.6591145833333333 0.30833333333333335 0.0640625 0.08703703703703704
1 0.59375 0.24861111111111112 0.05520833333333333 0.08611111111111111
1 0.43020833333333336 0.21296296296296297 0.04479166666666667 0.05925925925925926
1 0.9838541666666667 0.3111111111111111 0.03125 0.09444444444444444
1 0.18802083333333333 0.30925925925925923 0.053125 0.05185185185185185
1 0.8041666666666667 0.2726851851851852 0.06145833333333333 0.05092592592592592
1 0.27317708333333335 0.26157407407407407 0.0421875 0.06944444444444445
1 0.5276041666666667 0.2912037037037037 0.0625 0.09537037037037037
1 0.5565104166666667 0.22453703703703703 0.0453125 0.07314814814814814
1 0.36744791666666665 0.24953703703703703 0.04010416666666667 0.06574074074074074
1 0.8111979166666666 0.14953703703703702 0.028645833333333332 0.04351851851851852
1 0.3106770833333333 0.3300925925925926 0.06197916666666667 0.08796296296296297
1 0.1703125 0.24814814814814815 0.04375 0.06296296296296296
1 0.16223958333333333 0.3476851851851852 0.05572916666666667 0.10277777777777777
1 0.35885416666666664 0.22916666666666666 0.040625 0.06388888888888888
1 0.73125 0.22870370370370371 0.053125 0.06296296296296296
1 0.39921875 0.11666666666666667 0.0296875 0.040740740740740744
1 0.4041666666666667 0.2662037037037037 0.052083333333333336 0.08796296296296297
1 0.7807291666666667 0.14166666666666666 0.03125 0.040740740740740744
1 0.7239583333333334 0.14583333333333334 0.03125 0.049074074074074076
1 0.52109375 0.2050925925925926 0.0421875 0.06574074074074074
1 0.6143229166666667 0.1787037037037037 0.0328125 0.03888888888888889
1 0.25625 0.21064814814814814 0.053125 0.0824074074074074
1 0.7296875 0.18888888888888888 0.0375 0.027777777777777776
1 0.6455729166666667 0.19675925925925927 0.04010416666666667 0.041666666666666664
1 0.43359375 0.32314814814814813 0.06614583333333333 0.10185185185185185
1 0.3692708333333333 0.15231481481481482 0.03333333333333333 0.04351851851851852
1 0.5078125 0.18935185185185185 0.04479166666666667 0.075
1 0.6432291666666666 0.15787037037037038 0.03333333333333333 0.04537037037037037
1 0.29244791666666664 0.1310185185185185 0.027604166666666666 0.04537037037037037
1 0.69375 0.2111111111111111 0.042708333333333334 0.046296296296296294
1 0.3606770833333333 0.09074074074074075 0.034895833333333334 0.04259259259259259
1 0.39036458333333335 0.10648148148148148 0.0265625 0.03888888888888889
1 0.8255208333333334 0.2037037037037037 0.04791666666666667 0.05925925925925926
1 0.3221354166666667 0.1875 0.030729166666666665 0.05092592592592592
1 0.26197916666666665 0.09583333333333334 0.030208333333333334 0.03981481481481482
1 0.4359375 0.08888888888888889 0.021875 0.025925925925925925
1 0.5020833333333333 0.10555555555555556 0.026041666666666668 0.03518518518518519
1 0.21744791666666666 0.0824074074074074 0.027604166666666666 0.02962962962962963
1 0.7130208333333333 0.11296296296296296 0.03333333333333333 0.040740740740740744
1 0.403125 0.19212962962962962 0.03854166666666667 0.05648148148148148
1 0.3450520833333333 0.12824074074074074 0.027604166666666666 0.03796296296296296
1 0.3028645833333333 0.28935185185185186 0.05572916666666667 0.07685185185185185
1 0.3963541666666667 0.1675925925925926 0.035416666666666666 0.06296296296296296
1 0.6927083333333334 0.14722222222222223 0.030208333333333334 0.02962962962962963
1 0.18255208333333334 0.2222222222222222 0.04010416666666667 0.05925925925925926
1 0.34479166666666666 0.2 0.040625 0.07037037037037037
1 0.3265625 0.11018518518518519 0.025 0.03888888888888889
1 0.9330729166666667 0.2023148148148148 0.044270833333333336 0.03425925925925926
1 0.4596354166666667 0.08842592592592592 0.025520833333333333 0.03611111111111111
1 0.57265625 0.0875 0.018229166666666668 0.041666666666666664
1 0.6479166666666667 0.1337962962962963 0.03125 0.04351851851851852
1 0.33958333333333335 0.07685185185185185 0.01875 0.03148148148148148
1 0.6908854166666667 0.1865740740740741 0.04114583333333333 0.05277777777777778
1 0.5338541666666666 0.14074074074074075 0.03229166666666667 0.03333333333333333
1 0.23854166666666668 0.15324074074074073 0.036458333333333336 0.058333333333333334
1 0.9122395833333333 0.27037037037037037 0.0703125 0.1037037037037037
1 0.3046875 0.15324074074074073 0.027083333333333334 0.05648148148148148
1 0.23385416666666667 0.12962962962962962 0.034375 0.03888888888888889
1 0.6197916666666666 0.14722222222222223 0.022916666666666665 0.027777777777777776
1 0.5484375 0.06898148148148148 0.020833333333333332 0.025
1 0.8588541666666667 0.25416666666666665 0.053125 0.0824074074074074
1 0.68671875 0.10555555555555556 0.028645833333333332 0.04259259259259259
1 0.6114583333333333 0.11898148148148148 0.029166666666666667 0.028703703703703703
1 0.6166666666666667 0.1037037037037037 0.026041666666666668 0.03888888888888889
1 0.53046875 0.09166666666666666 0.0265625 0.044444444444444446
1 0.32057291666666665 0.16712962962962963 0.03697916666666667 0.06018518518518518
1 0.21432291666666667 0.1087962962962963 0.0390625 0.03796296296296296
1 0.7971354166666667 0.19305555555555556 0.024479166666666666 0.05277777777777778
1 0.59296875 0.1625 0.0328125 0.03796296296296296
1 0.70859375 0.1597222222222222 0.034895833333333334 0.03981481481481482
1 0.5557291666666667 0.10277777777777777 0.021875 0.03888888888888889
1 0.2578125 0.1736111111111111 0.053125 0.05462962962962963
1 0.56171875 0.49074074074074076 0.09010416666666667 0.12407407407407407
1 0.9213541666666667 0.24074074074074073 0.06666666666666667 0.06851851851851852
1 0.16875 0.19722222222222222 0.0375 0.06666666666666667
1 0.5981770833333333 0.14305555555555555 0.030729166666666665 0.03981481481481482
1 0.97265625 0.23194444444444445 0.0390625 0.06388888888888888
1 0.16536458333333334 0.09351851851851851 0.0359375 0.05
1 0.27708333333333335 0.1111111111111111 0.03333333333333333 0.03518518518518519
1 0.16770833333333332 0.12314814814814815 0.040625 0.04814814814814815
1 0.54765625 0.11898148148148148 0.030729166666666665 0.05462962962962963