2 0.94609375 0.16574074074074074 0.08489583333333334 0.17407407407407408
2 0.7591145833333334 0.4375 0.1296875 0.2490740740740741
2 0.8026041666666667 0.1337962962962963 0.06458333333333334 0.13055555555555556
1 0.6419270833333334 0.39351851851851855 0.07864583333333333 0.10555555555555556
1 0.86484375 0.8736111111111111 0.1609375 0.2064814814814815
1 0.17760416666666667 0.6055555555555555 0.10729166666666666 0.13148148148148148
1 0.21979166666666666 0.687962962962963 0.1125 0.1537037037037037
1 0.5958333333333333 0.8921296296296296 0.175 0.21388888888888888
1 0.38515625 0.49583333333333335 0.09114583333333333 0.12314814814814815
1 0.5463541666666667 0.48148148148148145 0.090625 0.12777777777777777
1 0.29973958333333334 0.324537037037037 0.06302083333333333 0.08055555555555556
1 0.5109375 0.28425925925925927 0.058333333333333334 0.07592592592592592
1 0.94921875 0.2967592592592593 0.0640625 0.08611111111111111
1 0.55390625 0.324537037037037 0.059895833333333336 0.08611111111111111
1 0.19270833333333334 0.287962962962963 0.053125 0.08148148148148149
1 0.6341145833333334 0.3050925925925926 0.059895833333333336 0.08425925925925926
1 0.4953125 0.7916666666666666 0.140625 0.1925925925925926
1 0.5888020833333333 0.1449074074074074 0.033854166666666664 0.04722222222222222
1 0.35911458333333335 0.42962962962962964 0.09635416666666667 0.15185185185185185
1 0.6768229166666667 0.45416666666666666 0.049479166666666664 0.1175925925925926
1 0.52578125 0.42685185185185187 0.07447916666666667 0.11296296296296296
1 0.81953125 0.23981481481481481 0.0546875 0.08333333333333333
1 0.26848958333333334 0.2300925925925926 0.0421875 0.058333333333333334
1 0.6161458333333333 0.18287037037037038 0.041666666666666664 0.04351851851851852
1 0.6057291666666667 0.26990740740740743 0.059375 0.08425925925925926
1 0.72265625 0.2 0.04010416666666667 0.05555555555555555
1 0.37135416666666665 0.28564814814814815 0.04791666666666667 0.08055555555555556
1 0.9341145833333333 0.24537037037037038 0.058854166666666666 0.07407407407407407
1 0.18880208333333334 0.41759259259259257 0.07864583333333333 0.11296296296296296
1 0.19401041666666666 0.49907407407407406 0.08489583333333334 0.12962962962962962
1 0.5130208333333334 0.11296296296296296 0.027083333333333334 0.03333333333333333
1 0.9864583333333333 0.3449074074074074 0.026041666666666668 0.10462962962962963
1 0.41067708333333336 0.12638888888888888 0.030729166666666665 0.041666666666666664
1 0.9002604166666667 0.6300925925925925 0.14322916666666666 0.2361111111111111
1 0.8864583333333333 0.17083333333333334 0.0375 0.062037037037037036
1 0.34765625 0.2162037037037037 0.0359375 0.062037037037037036
1 0.40182291666666664 0.17824074074074073 0.04114583333333333 0.058333333333333334
1 0.2518229166666667 0.17824074074074073 0.0421875 0.05277777777777778
1 0.46588541666666666 0.24861111111111112 0.0421875 0.06759259259259259
1 0.6341145833333334 0.12638888888888888 0.043229166666666666 0.058333333333333334
1 0.41692708333333334 0.19907407407407407 0.033854166666666664 0.05925925925925926
1 0.3411458333333333 0.12222222222222222 0.026041666666666668 0.03518518518518519
1 0.8677083333333333 0.16111111111111112 0.036458333333333336 0.06111111111111111
1 0.2669270833333333 0.10462962962962963 0.025520833333333333 0.040740740740740744
1 0.46536458333333336 0.08981481481481482 0.025520833333333333 0.03333333333333333
1 0.2989583333333333 0.14583333333333334 0.03229166666666667 0.058333333333333334
1 0.6638020833333333 0.12083333333333333 0.0171875 0.03611111111111111
1 0.28229166666666666 0.11851851851851852 0.029166666666666667 0.044444444444444446
1 0.4901041666666667 0.09814814814814815 0.03125 0.044444444444444446
1 0.3997395833333333 0.11898148148148148 0.0296875 0.04722222222222222
1 0.7497395833333333 0.17037037037037037 0.0390625 0.06296296296296296
1 0.23151041666666666 0.13842592592592592 0.03697916666666667 0.03981481481481482
1 0.45364583333333336 0.15925925925925927 0.036458333333333336 0.05740740740740741
1 0.5721354166666667 0.13472222222222222 0.030729166666666665 0.04722222222222222
1 0.34401041666666665 0.19490740740740742 0.04114583333333333 0.058333333333333334
1 0.325 0.17222222222222222 0.036458333333333336 0.06111111111111111
1 0.41171875 0.06898148148148148 0.0203125 0.023148148148148147
1 0.89921875 0.17916666666666667 0.015104166666666667 0.06759259259259259
1 0.32526041666666666 0.1162037037037037 0.022395833333333334 0.03425925925925926
1 0.41041666666666665 0.29444444444444445 0.057291666666666664 0.0962962962962963
1 0.7828125 0.18981481481481483 0.04583333333333333 0.07037037037037037
1 0.48541666666666666 0.2625 0.046875 0.07685185185185185
1 0.6869791666666667 0.2152777777777778 0.041666666666666664 0.05092592592592592
1 0.18098958333333334 0.21296296296296297 0.043229166666666666 0.06851851851851852
1 0.21197916666666666 0.10601851851851851 0.025 0.04351851851851852
1 0.17005208333333333 0.18564814814814815 0.0359375 0.062037037037037036
1 0.44140625 0.21064814814814814 0.043229166666666666 0.075
1 0.26484375 0.20324074074074075 0.043229166666666666 0.049074074074074076
1 0.38385416666666666 0.10462962962962963 0.026041666666666668 0.04814814814814815
1 0.37109375 0.2439814814814815 0.05364583333333333 0.08425925925925926
1 0.7341145833333333 0.14074074074074075 0.0359375 0.053703703703703705
1 0.4393229166666667 0.3453703703703704 0.07447916666666667 0.1259259259259259
1 0.70703125 0.13287037037037036 0.025520833333333333 0.026851851851851852
1 0.5981770833333333 0.11481481481481481 0.03177083333333333 0.05185185185185185
1 0.69453125 0.12453703703703704 0.0296875 0.032407407407407406
1 0.18880208333333334 0.23703703703703705 0.043229166666666666 0.06666666666666667
1 0.3302083333333333 0.07314814814814814 0.020833333333333332 0.024074074074074074
1 0.6893229166666667 0.17731481481481481 0.0359375 0.03796296296296296
1 0.434375 0.14629629629629629 0.026041666666666668 0.04259259259259259
1 0.1671875 0.08796296296296297 0.027083333333333334 0.03148148148148148
1 0.62109375 0.10092592592592593 0.022395833333333334 0.03518518518518519
1 0.31979166666666664 0.10138888888888889 0.030208333333333334 0.03796296296296296
1 0.57578125 0.07824074074074074 0.0265625 0.030555555555555555
1 0.4359375 0.0712962962962963 0.017708333333333333 0.03148148148148148
1 0.16875 0.15046296296296297 0.034375 0.041666666666666664
1 0.81484375 0.1699074074074074 0.0390625 0.05462962962962963
1 0.67421875 0.17407407407407408 0.03802083333333333 0.06666666666666667
1 0.7059895833333333 0.15833333333333333 0.028645833333333332 0.03333333333333333
1 0.24140625 0.15138888888888888 0.034895833333333334 0.041666666666666664
1 0.36744791666666665 0.15185185185185185 0.04010416666666667 0.05185185185185185