2 0.9427083333333334 0.1648148148148148 0.08541666666666667 0.17407407407407408
2 0.76484375 0.44212962962962965 0.1296875 0.25277777777777777
2 0.8005208333333333 0.13148148148148148 0.065625 0.1259259259259259
1 0.6458333333333334 0.39814814814814814 0.07916666666666666 0.10185185185185185
1 0.17630208333333333 0.611574074074074 0.10989583333333333 0.13240740740740742
1 0.22109375 0.6939814814814815 0.1140625 0.1527777777777778
1 0.6049479166666667 0.8986111111111111 0.17864583333333334 0.20092592592592592
1 0.8770833333333333 0.887962962962963 0.1625 0.2074074074074074
1 0.3859375 0.5 0.09375 0.1259259259259259
1 0.54921875 0.48564814814814816 0.09322916666666667 0.1287037037037037
1 0.3015625 0.32592592592592595 0.0625 0.08148148148148149
1 0.5565104166666667 0.32685185185185184 0.0609375 0.08518518518518518
1 0.9442708333333333 0.29398148148148145 0.0625 0.08611111111111111
1 0.6364583333333333 0.3074074074074074 0.06041666666666667 0.08518518518518518
1 0.5125 0.28564814814814815 0.058333333333333334 0.07685185185185185
1 0.5010416666666667 0.8046296296296296 0.14270833333333333 0.19444444444444445
1 0.528125 0.43148148148148147 0.075 0.11481481481481481
1 0.8161458333333333 0.23796296296296296 0.05520833333333333 0.08703703703703704
1 0.6080729166666666 0.2712962962962963 0.0609375 0.08518518518518518
1 0.5872395833333334 0.1439814814814815 0.033854166666666664 0.04722222222222222
1 0.19322916666666667 0.28888888888888886 0.053125 0.08148148148148149
1 0.6807291666666667 0.4583333333333333 0.04791666666666667 0.11666666666666667
1 0.6135416666666667 0.18055555555555555 0.041666666666666664 0.04259259259259259
1 0.26901041666666664 0.23055555555555557 0.0421875 0.05555555555555555
1 0.6838541666666667 0.21203703703703702 0.042708333333333334 0.04814814814814815
1 0.44036458333333334 0.3476851851851852 0.07447916666666667 0.125
1 0.3692708333333333 0.287962962962963 0.04583333333333333 0.08148148148148149
1 0.7200520833333334 0.1986111111111111 0.04010416666666667 0.05462962962962963
1 0.36015625 0.4324074074074074 0.09739583333333333 0.1537037037037037
1 0.9088541666666666 0.637962962962963 0.14583333333333334 0.23703703703703705
1 0.9302083333333333 0.2439814814814815 0.058333333333333334 0.07314814814814814
1 0.18880208333333334 0.4125 0.0796875 0.09907407407407408
1 0.98125 0.3453703703703704 0.036458333333333336 0.09814814814814815
1 0.78125 0.18703703703703703 0.04895833333333333 0.07222222222222222
1 0.2671875 0.10555555555555556 0.027083333333333334 0.040740740740740744
1 0.4666666666666667 0.2513888888888889 0.041666666666666664 0.0712962962962963
1 0.19427083333333334 0.5023148148148148 0.08645833333333333 0.13240740740740742
1 0.41119791666666666 0.12685185185185185 0.030729166666666665 0.04259259259259259
1 0.51171875 0.11157407407407408 0.0265625 0.03425925925925926
1 0.2526041666666667 0.17916666666666667 0.041666666666666664 0.05277777777777778
1 0.6330729166666667 0.1259259259259259 0.043229166666666666 0.05740740740740741
1 0.40234375 0.17916666666666667 0.04114583333333333 0.058333333333333334
1 0.8838541666666667 0.17083333333333334 0.035416666666666666 0.062037037037037036
1 0.44192708333333336 0.21203703703703702 0.043229166666666666 0.07592592592592592
1 0.746875 0.16944444444444445 0.03958333333333333 0.06111111111111111
1 0.3455729166666667 0.19675925925925927 0.04114583333333333 0.06018518518518518
1 0.48932291666666666 0.09768518518518518 0.03177083333333333 0.04351851851851852
1 0.46484375 0.08935185185185185 0.025520833333333333 0.03425925925925926
1 0.28229166666666666 0.12037037037037036 0.029166666666666667 0.04814814814814815
1 0.41770833333333335 0.19953703703703704 0.034375 0.06018518518518518
1 0.39895833333333336 0.11944444444444445 0.03125 0.04814814814814815
1 0.6630208333333333 0.11990740740740741 0.016666666666666666 0.03425925925925926
1 0.26484375 0.20462962962962963 0.043229166666666666 0.04814814814814815
1 0.18932291666666667 0.23796296296296296 0.043229166666666666 0.06851851851851852
1 0.32578125 0.11574074074074074 0.022395833333333334 0.03518518518518519
1 0.2109375 0.10648148148148148 0.022916666666666665 0.044444444444444446
1 0.371875 0.24166666666666667 0.05416666666666667 0.07962962962962963
1 0.3255208333333333 0.17407407407407408 0.036458333333333336 0.05925925925925926
1 0.384375 0.10462962962962963 0.027083333333333334 0.046296296296296294
1 0.4864583333333333 0.26435185185185184 0.04895833333333333 0.07685185185185185
1 0.41119791666666666 0.06944444444444445 0.0203125 0.024074074074074074
1 0.3489583333333333 0.21805555555555556 0.035416666666666666 0.058333333333333334
1 0.29921875 0.14583333333333334 0.0328125 0.06018518518518518
1 0.365625 0.1527777777777778 0.04583333333333333 0.053703703703703705
1 0.69375 0.12361111111111112 0.029166666666666667 0.032407407407407406
1 0.3421875 0.12314814814814815 0.027083333333333334 0.037037037037037035
1 0.24088541666666666 0.15 0.033854166666666664 0.044444444444444446
1 0.865625 0.16064814814814815 0.035416666666666666 0.06388888888888888
1 0.40963541666666664 0.29583333333333334 0.05572916666666667 0.09537037037037037
1 0.446875 0.08287037037037037 0.017708333333333333 0.030555555555555555
1 0.7322916666666667 0.1388888888888889 0.036458333333333336 0.053703703703703705
1 0.16692708333333334 0.08888888888888889 0.027604166666666666 0.03148148148148148
1 0.7052083333333333 0.13240740740740742 0.025 0.025925925925925925
1 0.4348958333333333 0.14629629629629629 0.026041666666666668 0.040740740740740744
1 0.5966145833333333 0.11435185185185186 0.03177083333333333 0.049074074074074076
1 0.33098958333333334 0.07268518518518519 0.021354166666666667 0.026851851851851852
1 0.5747395833333333 0.0787037037037037 0.0265625 0.03148148148148148
1 0.16901041666666666 0.15046296296296297 0.033854166666666664 0.03981481481481482
1 0.759375 0.1300925925925926 0.01875 0.023148148148148147
1 0.31666666666666665 0.10092592592592593 0.0375 0.037037037037037035
1 0.22994791666666667 0.12962962962962962 0.034895833333333334 0.05740740740740741
1 0.18177083333333333 0.21851851851851853 0.04375 0.05925925925925926
1 0.5703125 0.13425925925925927 0.029166666666666667 0.04814814814814815
1 0.43515625 0.07083333333333333 0.016145833333333335 0.030555555555555555
1 0.6200520833333333 0.1 0.022395833333333334 0.03333333333333333
1 0.68671875 0.17731481481481481 0.03802083333333333 0.03611111111111111
1 0.1703125 0.18564814814814815 0.036458333333333336 0.062037037037037036
1 0.7041666666666667 0.15648148148148147 0.028125 0.03333333333333333
1 0.6729166666666667 0.17222222222222222 0.03958333333333333 0.06666666666666667
1 0.4544270833333333 0.17083333333333334 0.0359375 0.041666666666666664
1 0.8966145833333333 0.1787037037037037 0.0140625 0.06666666666666667
1 0.8130208333333333 0.1675925925925926 0.03854166666666667 0.05185185185185185