1 0.8583333333333333 0.575462962962963 0.11875 0.15833333333333333
1 0.5973958333333333 0.5819444444444445 0.128125 0.19166666666666668
1 0.37083333333333335 0.48009259259259257 0.08645833333333333 0.11203703703703703
1 0.20807291666666666 0.5115740740740741 0.09635416666666667 0.1287037037037037
1 0.9518229166666666 0.95 0.0953125 0.09814814814814815
1 0.95234375 0.7018518518518518 0.09427083333333333 0.2
1 0.8161458333333333 0.8189814814814815 0.16458333333333333 0.25833333333333336
1 0.3203125 0.9712962962962963 0.140625 0.05555555555555555
1 0.5723958333333333 0.33055555555555555 0.06875 0.09259259259259259
1 0.6875 0.31157407407407406 0.065625 0.10092592592592593
1 0.5161458333333333 0.4351851851851852 0.08020833333333334 0.11296296296296296
1 0.34791666666666665 0.4 0.07291666666666667 0.10185185185185185
1 0.5625 0.22870370370370371 0.05 0.07962962962962963
1 0.17057291666666666 0.23333333333333334 0.0421875 0.05925925925925926
1 0.5565104166666667 0.15092592592592594 0.034895833333333334 0.03518518518518519
1 0.4578125 0.35833333333333334 0.06875 0.09814814814814815
1 0.54296875 0.3125 0.05260416666666667 0.0824074074074074
1 0.8703125 0.30324074074074076 0.06979166666666667 0.05648148148148148
1 0.8333333333333334 0.21435185185185185 0.04479166666666667 0.062037037037037036
1 0.6229166666666667 0.3787037037037037 0.071875 0.1037037037037037
1 0.4197916666666667 0.1962962962962963 0.041666666666666664 0.05185185185185185
1 0.50234375 0.26666666666666666 0.05677083333333333 0.09074074074074075
1 0.05286458333333333 0.4425925925925926 0.08802083333333334 0.14444444444444443
1 0.26666666666666666 0.24351851851851852 0.03958333333333333 0.06666666666666667
1 0.32135416666666666 0.36527777777777776 0.06458333333333334 0.09166666666666666
1 0.18125 0.34444444444444444 0.07083333333333333 0.09259259259259259
1 0.8432291666666667 0.16157407407407406 0.0375 0.04722222222222222
1 0.5013020833333334 0.1884259259259259 0.03802083333333333 0.062037037037037036
1 0.2994791666666667 0.3050925925925926 0.058333333333333334 0.0787037037037037
1 0.5283854166666667 0.2064814814814815 0.043229166666666666 0.06481481481481481
1 0.3888020833333333 0.17731481481481481 0.03697916666666667 0.05277777777777778
1 0.43203125 0.3337962962962963 0.0515625 0.0824074074074074
1 0.35260416666666666 0.08472222222222223 0.03229166666666667 0.03796296296296296
1 0.97734375 0.2310185185185185 0.044270833333333336 0.06759259259259259
1 0.6471354166666666 0.19305555555555556 0.03697916666666667 0.041666666666666664
1 0.34921875 0.2152777777777778 0.03697916666666667 0.06018518518518518
1 0.721875 0.1675925925925926 0.03854166666666667 0.053703703703703705
1 0.6807291666666667 0.21342592592592594 0.041666666666666664 0.04351851851851852
1 0.8830729166666667 0.25462962962962965 0.0515625 0.05
1 0.6229166666666667 0.2796296296296296 0.058333333333333334 0.07777777777777778
1 0.3619791666666667 0.1439814814814815 0.030208333333333334 0.04537037037037037
1 0.66953125 0.16805555555555557 0.03802083333333333 0.04722222222222222
1 0.61796875 0.15694444444444444 0.033854166666666664 0.05277777777777778
1 0.48828125 0.17592592592592593 0.04114583333333333 0.06851851851851852
1 0.7309895833333333 0.2037037037037037 0.044270833333333336 0.06296296296296296
1 0.67421875 0.13935185185185187 0.033854166666666664 0.041666666666666664
1 0.38958333333333334 0.2462962962962963 0.046875 0.08333333333333333
1 0.75703125 0.1550925925925926 0.0296875 0.04722222222222222
1 0.18671875 0.2912037037037037 0.0515625 0.06018518518518518
1 0.5177083333333333 0.1111111111111111 0.030208333333333334 0.037037037037037035
1 0.3880208333333333 0.11018518518518519 0.028125 0.037037037037037035
1 0.87265625 0.2263888888888889 0.050520833333333334 0.07314814814814814
1 0.4127604166666667 0.2967592592592593 0.059895833333333336 0.09537037037037037
1 0.33697916666666666 0.18796296296296297 0.0375 0.06851851851851852
1 0.7330729166666666 0.11990740740740741 0.033854166666666664 0.04351851851851852
1 0.31588541666666664 0.17546296296296296 0.024479166666666666 0.049074074074074076
1 0.8151041666666666 0.15046296296296297 0.03125 0.041666666666666664
1 0.4578125 0.23935185185185184 0.051041666666666666 0.06574074074074074
1 0.9760416666666667 0.30185185185185187 0.046875 0.11481481481481481
1 0.6307291666666667 0.12638888888888888 0.03333333333333333 0.03611111111111111
1 0.7854166666666667 0.2550925925925926 0.059375 0.06944444444444445
1 0.18125 0.20833333333333334 0.03854166666666667 0.05555555555555555
1 0.2890625 0.24722222222222223 0.042708333333333334 0.03333333333333333
1 0.31927083333333334 0.10416666666666667 0.023958333333333335 0.03425925925925926
1 0.44609375 0.09490740740740741 0.025520833333333333 0.026851851851851852
1 0.33984375 0.12175925925925926 0.025520833333333333 0.03796296296296296
1 0.7731770833333333 0.20972222222222223 0.0390625 0.03611111111111111
1 0.9270833333333334 0.2828703703703704 0.057291666666666664 0.09166666666666666
1 0.35703125 0.2337962962962963 0.03697916666666667 0.062037037037037036
1 0.2989583333333333 0.14351851851851852 0.026041666666666668 0.05185185185185185
1 0.2747395833333333 0.11296296296296296 0.0296875 0.040740740740740744
1 0.70703125 0.1111111111111111 0.027604166666666666 0.044444444444444446
1 0.38723958333333336 0.14675925925925926 0.0359375 0.03981481481481482
1 0.2565104166666667 0.19722222222222222 0.049479166666666664 0.07962962962962963
1 0.7401041666666667 0.17453703703703705 0.0375 0.049074074074074076
1 0.31171875 0.15694444444444444 0.034895833333333334 0.05648148148148148
1 0.21927083333333333 0.10462962962962963 0.030208333333333334 0.03888888888888889
1 0.8002604166666667 0.18518518518518517 0.030729166666666665 0.053703703703703705
1 0.19869791666666667 0.10416666666666667 0.022395833333333334 0.030555555555555555
1 0.4700520833333333 0.09259259259259259 0.024479166666666666 0.037037037037037035
1 0.5671875 0.1287037037037037 0.030208333333333334 0.05185185185185185
1 0.23567708333333334 0.1486111111111111 0.034895833333333334 0.04722222222222222
1 0.6369791666666667 0.10740740740740741 0.026041666666666668 0.037037037037037035
1 0.28802083333333334 0.12361111111111112 0.023958333333333335 0.03981481481481482
1 0.6244791666666667 0.18055555555555555 0.035416666666666666 0.037037037037037035
1 0.3346354166666667 0.07361111111111111 0.019270833333333334 0.028703703703703703
1 0.5708333333333333 0.10555555555555556 0.026041666666666668 0.040740740740740744
1 0.72890625 0.4532407407407407 0.09427083333333333 0.14907407407407408
1 0.5640625 0.06574074074074074 0.017708333333333333 0.014814814814814815
1 0.23098958333333333 0.12407407407407407 0.033854166666666664 0.02962962962962963
1 0.21354166666666666 0.07731481481481481 0.022916666666666665 0.025
1 0.17265625 0.1675925925925926 0.04114583333333333 0.03518518518518519
1 0.7013020833333333 0.9888888888888889 0.13489583333333333 0.020370370370370372
1 0.58671875 0.0912037037037037 0.018229166666666668 0.04351851851851852
1 0.29010416666666666 0.26805555555555555 0.052083333333333336 0.07314814814814814
1 0.7380208333333333 0.23194444444444445 0.046875 0.05092592592592592
1 0.17942708333333332 0.15601851851851853 0.034895833333333334 0.05648148148148148
1 0.16927083333333334 0.3037037037037037 0.052083333333333336 0.06481481481481481
1 0.16328125 0.12222222222222222 0.043229166666666666 0.05555555555555555