3 0.9752604166666666 0.2912037037037037 0.0484375 0.11018518518518519
2 0.9473958333333333 0.19166666666666668 0.09479166666666666 0.18703703703703703
1 0.42682291666666666 0.6574074074074074 0.1234375 0.1648148148148148
1 0.24114583333333334 0.8513888888888889 0.165625 0.21944444444444444
1 0.9265625 0.9143518518518519 0.14583333333333334 0.16944444444444445
1 0.7760416666666666 0.8046296296296296 0.14583333333333334 0.1962962962962963
1 0.65234375 0.42407407407407405 0.08489583333333334 0.10925925925925926
1 0.20546875 0.6319444444444444 0.11614583333333334 0.15092592592592594
1 0.40286458333333336 0.5185185185185185 0.0953125 0.12962962962962962
1 0.140625 0.387037037037037 0.06666666666666667 0.09074074074074075
1 0.6200520833333333 0.9375 0.18802083333333333 0.12314814814814815
1 0.50625 0.2884259259259259 0.059375 0.07685185185185185
1 0.5630208333333333 0.3300925925925926 0.065625 0.09166666666666666
1 0.4895833333333333 0.40925925925925927 0.07604166666666666 0.10555555555555556
1 0.925 0.4675925925925926 0.10520833333333333 0.15555555555555556
1 0.7247395833333333 0.20324074074074075 0.044270833333333336 0.06018518518518518
1 0.3494791666666667 0.43148148148148147 0.078125 0.1111111111111111
1 0.9768229166666667 0.7268518518518519 0.0453125 0.17777777777777778
1 0.40130208333333334 0.12129629629629629 0.021354166666666667 0.03888888888888889
1 0.7369791666666666 0.3509259259259259 0.07395833333333333 0.10925925925925926
1 0.45625 0.36342592592592593 0.06770833333333333 0.09537037037037037
1 0.5479166666666667 0.462037037037037 0.08854166666666667 0.14444444444444443
1 0.48463541666666665 0.17546296296296296 0.03802083333333333 0.05277777777777778
1 0.4434895833333333 0.2199074074074074 0.0359375 0.05648148148148148
1 0.18802083333333333 0.3300925925925926 0.058333333333333334 0.08425925925925926
1 0.4236979166666667 0.2972222222222222 0.058854166666666666 0.09814814814814815
1 0.38958333333333334 0.275 0.04375 0.07037037037037037
1 0.32265625 0.1814814814814815 0.044270833333333336 0.06111111111111111
1 0.3033854166666667 0.31296296296296294 0.07135416666666666 0.11851851851851852
1 0.8427083333333333 0.40046296296296297 0.09166666666666666 0.11944444444444445
1 0.82109375 0.20185185185185187 0.04635416666666667 0.05925925925925926
1 0.57734375 0.16157407407407406 0.03697916666666667 0.03611111111111111
1 0.42604166666666665 0.13333333333333333 0.0375 0.05925925925925926
1 0.36692708333333335 0.1486111111111111 0.0328125 0.05092592592592592
1 0.8151041666666666 0.5444444444444444 0.11666666666666667 0.18518518518518517
1 0.8908854166666667 0.17083333333333334 0.030729166666666665 0.062037037037037036
1 0.6744791666666666 0.17916666666666667 0.03958333333333333 0.062037037037037036
1 0.7395833333333334 0.14583333333333334 0.027083333333333334 0.04351851851851852
1 0.3848958333333333 0.17546296296296296 0.03229166666666667 0.04537037037037037
1 0.40546875 0.18472222222222223 0.03697916666666667 0.05462962962962963
1 0.5627604166666667 0.125 0.027604166666666666 0.037037037037037035
1 0.46458333333333335 0.15925925925925927 0.035416666666666666 0.05740740740740741
1 0.375 0.24166666666666667 0.051041666666666666 0.07962962962962963
1 0.6846354166666667 0.14166666666666666 0.0328125 0.03148148148148148
1 0.15598958333333332 0.09537037037037037 0.0265625 0.040740740740740744
1 0.6322916666666667 0.15787037037037038 0.04479166666666667 0.06759259259259259
1 0.7888020833333333 0.12037037037037036 0.0390625 0.03148148148148148
1 0.5765625 0.11296296296296296 0.029166666666666667 0.03888888888888889
1 0.7098958333333333 0.31574074074074077 0.071875 0.11851851851851852
1 0.38307291666666665 0.10231481481481482 0.024479166666666666 0.03611111111111111
1 0.6815104166666667 0.12777777777777777 0.030729166666666665 0.04259259259259259
1 0.5067708333333333 0.12361111111111112 0.025 0.030555555555555555
1 0.43046875 0.20462962962962963 0.03802083333333333 0.06481481481481481
1 0.7104166666666667 0.1597222222222222 0.036458333333333336 0.058333333333333334
1 0.2721354166666667 0.1597222222222222 0.033854166666666664 0.062037037037037036
1 0.16302083333333334 0.25833333333333336 0.042708333333333334 0.06481481481481481
1 0.18125 0.2675925925925926 0.053125 0.05740740740740741
1 0.63515625 0.10694444444444444 0.0265625 0.032407407407407406
1 0.6028645833333334 0.14722222222222223 0.022395833333333334 0.046296296296296294
1 0.5973958333333333 0.09953703703703703 0.023958333333333335 0.03425925925925926
1 0.7080729166666667 0.6611111111111111 0.13072916666666667 0.21296296296296297
1 0.5265625 0.13194444444444445 0.01875 0.030555555555555555
1 0.20807291666666666 0.16666666666666666 0.0421875 0.06851851851851852
1 0.2674479166666667 0.10648148148148148 0.0234375 0.037037037037037035
1 0.175 0.11296296296296296 0.026041666666666668 0.02962962962962963
1 0.3455729166666667 0.07962962962962963 0.022395833333333334 0.03333333333333333
1 0.4825520833333333 0.24305555555555555 0.059895833333333336 0.08611111111111111
1 0.17838541666666666 0.22037037037037038 0.04635416666666667 0.04259259259259259
1 0.6721354166666667 0.1087962962962963 0.025520833333333333 0.03425925925925926
1 0.65859375 0.1050925925925926 0.019270833333333334 0.03425925925925926
1 0.49244791666666665 0.11388888888888889 0.0234375 0.025925925925925925
1 0.7591145833333334 0.18518518518518517 0.0265625 0.05925925925925926
1 0.809375 0.16296296296296298 0.042708333333333334 0.06111111111111111
1 0.48880208333333336 0.07962962962962963 0.024479166666666666 0.03888888888888889
1 0.8223958333333333 0.24351851851851852 0.05 0.06666666666666667
1 0.346875 0.12824074074074074 0.03125 0.05277777777777778
1 0.3294270833333333 0.06898148148148148 0.016145833333333335 0.019444444444444445
1 0.315625 0.10694444444444444 0.013541666666666667 0.030555555555555555
1 0.6216145833333333 0.08796296296296297 0.024479166666666666 0.037037037037037035
1 0.30182291666666666 0.25972222222222224 0.0609375 0.07314814814814814
1 0.5208333333333334 0.08564814814814815 0.021875 0.023148148148148147
1 0.44583333333333336 0.09537037037037037 0.025 0.025925925925925925
1 0.6098958333333333 0.1537037037037037 0.014583333333333334 0.053703703703703705
1 0.41067708333333336 0.06712962962962964 0.019270833333333334 0.023148148148148147
1 0.49973958333333335 0.09444444444444444 0.0203125 0.020370370370370372
1 0.6158854166666666 0.11666666666666667 0.025520833333333333 0.020370370370370372
1 0.35494791666666664 0.2199074074074074 0.03802083333333333 0.0712962962962963
1 0.24036458333333333 0.16435185185185186 0.030729166666666665 0.05092592592592592
1 0.26510416666666664 0.24444444444444444 0.036458333333333336 0.06666666666666667
1 0.553125 0.13935185185185187 0.023958333333333335 0.03981481481481482
1 0.28932291666666665 0.11666666666666667 0.030729166666666665 0.03518518518518519
1 0.4375 0.0763888888888889 0.020833333333333332 0.026851851851851852
1 0.2565104166666667 0.2050925925925926 0.04114583333333333 0.07314814814814814
1 0.2703125 0.20833333333333334 0.04583333333333333 0.05555555555555555
1 0.31171875 0.08935185185185185 0.025520833333333333 0.041666666666666664
1 0.17369791666666667 0.16574074074074074 0.034895833333333334 0.053703703703703705