2 0.8583333333333333 0.1398148148148148 0.07916666666666666 0.12222222222222222
2 0.6411458333333333 0.3449074074074074 0.10104166666666667 0.19722222222222222
2 0.78828125 0.09212962962962963 0.058854166666666666 0.08981481481481482
1 0.6854166666666667 0.6912037037037037 0.12291666666666666 0.1712962962962963
1 0.91875 0.9097222222222222 0.16145833333333334 0.1787037037037037
1 0.78984375 0.2587962962962963 0.050520833333333334 0.06388888888888888
1 0.5578125 0.32407407407407407 0.06354166666666666 0.08333333333333333
1 0.34713541666666664 0.39537037037037037 0.0765625 0.1
1 0.20416666666666666 0.5324074074074074 0.08854166666666667 0.11851851851851852
1 0.63828125 0.5925925925925926 0.1078125 0.1388888888888889
1 0.73828125 0.46805555555555556 0.10677083333333333 0.1712962962962963
1 0.27578125 0.275 0.0546875 0.07037037037037037
1 0.42890625 0.6296296296296297 0.1171875 0.18888888888888888
1 0.5518229166666667 0.22870370370370371 0.0484375 0.07407407407407407
1 0.45703125 0.3439814814814815 0.0578125 0.09166666666666666
1 0.39453125 0.5671296296296297 0.09427083333333333 0.1398148148148148
1 0.49765625 0.2712962962962963 0.0515625 0.07222222222222222
1 0.19114583333333332 0.47962962962962963 0.08854166666666667 0.10740740740740741
1 0.6848958333333334 0.21574074074074073 0.04895833333333333 0.04259259259259259
1 0.58671875 0.2518518518518518 0.049479166666666664 0.06481481481481481
1 0.3302083333333333 0.34675925925925927 0.08125 0.125
1 0.475 0.38333333333333336 0.07083333333333333 0.1037037037037037
1 0.5791666666666667 0.36203703703703705 0.03229166666666667 0.09074074074074075
1 0.6346354166666667 0.16712962962962963 0.03802083333333333 0.05092592592592592
1 0.92578125 0.2824074074074074 0.06614583333333333 0.10185185185185185
1 0.8143229166666667 0.2351851851851852 0.049479166666666664 0.06111111111111111
1 0.8697916666666666 0.21898148148148147 0.052083333333333336 0.0787037037037037
1 0.94609375 0.19027777777777777 0.044270833333333336 0.06759259259259259
1 0.35598958333333336 0.2462962962962963 0.0296875 0.06666666666666667
1 0.57578125 0.13842592592592592 0.0328125 0.04722222222222222
1 0.41640625 0.2884259259259259 0.06197916666666667 0.10648148148148148
1 0.9815104166666667 0.7722222222222223 0.0359375 0.18518518518518517
1 0.18932291666666667 0.25092592592592594 0.04635416666666667 0.06851851851851852
1 0.75625 0.2175925925925926 0.03229166666666667 0.06481481481481481
1 0.9796875 0.1962962962962963 0.03958333333333333 0.07962962962962963
1 0.18645833333333334 0.20277777777777778 0.03958333333333333 0.04814814814814815
1 0.3828125 0.15925925925925927 0.0375 0.05185185185185185
1 0.18020833333333333 0.4027777777777778 0.06770833333333333 0.10740740740740741
1 0.2755208333333333 0.10833333333333334 0.03125 0.04259259259259259
1 0.48984375 0.10231481481481482 0.0171875 0.03611111111111111
1 0.34453125 0.22824074074074074 0.0484375 0.049074074074074076
1 0.5104166666666666 0.10694444444444444 0.03125 0.049074074074074076
1 0.6192708333333333 0.15555555555555556 0.034375 0.05
1 0.61171875 0.09814814814814815 0.022395833333333334 0.016666666666666666
1 0.26119791666666664 0.0962962962962963 0.022395833333333334 0.037037037037037035
1 0.7440104166666667 0.20046296296296295 0.0453125 0.075
1 0.36692708333333335 0.09351851851851851 0.025520833333333333 0.044444444444444446
1 0.18541666666666667 0.34814814814814815 0.078125 0.11481481481481481
1 0.26067708333333334 0.20277777777777778 0.03697916666666667 0.053703703703703705
1 0.23411458333333332 0.1361111111111111 0.0328125 0.040740740740740744
1 0.46770833333333334 0.24212962962962964 0.051041666666666666 0.06759259259259259
1 0.32473958333333336 0.1111111111111111 0.0296875 0.03148148148148148
1 0.703125 0.13842592592592592 0.020833333333333332 0.04351851851851852
1 0.42213541666666665 0.1375 0.0453125 0.05462962962962963
1 0.3888020833333333 0.10787037037037037 0.033854166666666664 0.04722222222222222
1 0.22421875 0.1287037037037037 0.03802083333333333 0.037037037037037035
1 0.3893229166666667 0.17592592592592593 0.0265625 0.053703703703703705
1 0.41302083333333334 0.18194444444444444 0.03958333333333333 0.062037037037037036
1 0.32838541666666665 0.19027777777777777 0.033854166666666664 0.05462962962962963
1 0.3229166666666667 0.1699074074074074 0.04479166666666667 0.04722222222222222
1 0.3802083333333333 0.27546296296296297 0.027083333333333334 0.07314814814814814
1 0.42682291666666666 0.2222222222222222 0.0421875 0.06111111111111111
1 0.16927083333333334 0.08009259259259259 0.028125 0.025
1 0.4674479166666667 0.08888888888888889 0.016145833333333335 0.03518518518518519
1 0.6325520833333333 0.11990740740740741 0.030729166666666665 0.03981481481481482
1 0.6768229166666667 0.14444444444444443 0.04010416666666667 0.06296296296296296
1 0.7471354166666667 0.14444444444444443 0.034895833333333334 0.040740740740740744
1 0.7625 0.15138888888888888 0.029166666666666667 0.030555555555555555
1 0.31015625 0.15416666666666667 0.03177083333333333 0.05648148148148148
1 0.4453125 0.19953703703703704 0.036458333333333336 0.026851851851851852
1 0.16796875 0.13796296296296295 0.033854166666666664 0.03518518518518519
1 0.3859375 0.2537037037037037 0.046875 0.08148148148148149
1 0.6552083333333333 0.13657407407407407 0.021875 0.04537037037037037
1 0.21875 0.1050925925925926 0.03854166666666667 0.030555555555555555
1 0.9247395833333333 0.17824074074074073 0.0390625 0.06759259259259259
1 0.5994791666666667 0.08472222222222223 0.029166666666666667 0.032407407407407406
1 0.6049479166666667 0.1398148148148148 0.0328125 0.06481481481481481
1 0.17421875 0.1712962962962963 0.04739583333333333 0.04814814814814815
1 0.3385416666666667 0.12685185185185185 0.021875 0.03333333333333333
1 0.28880208333333335 0.13148148148148148 0.033854166666666664 0.046296296296296294
1 0.7940104166666667 0.16574074074074074 0.03802083333333333 0.06481481481481481
1 0.24453125 0.16064814814814815 0.0390625 0.04722222222222222
1 0.45286458333333335 0.07962962962962963 0.019270833333333334 0.03333333333333333
1 0.42734375 0.07268518518518519 0.022395833333333334 0.032407407407407406
1 0.40625 0.0699074074074074 0.022916666666666665 0.028703703703703703
1 0.6565104166666667 0.10462962962962963 0.0234375 0.022222222222222223
1 0.2559895833333333 0.18287037037037038 0.049479166666666664 0.04537037037037037
1 0.35625 0.13703703703703704 0.03333333333333333 0.05