2 0.859375 0.1439814814814815 0.07291666666666667 0.15648148148148147
2 0.92265625 0.586574074074074 0.15364583333333334 0.33055555555555555
2 0.7486979166666666 0.11481481481481481 0.0640625 0.11296296296296296
1 0.20182291666666666 0.812962962962963 0.14427083333333332 0.17592592592592593
1 0.7354166666666667 0.37037037037037035 0.07395833333333333 0.1
1 0.6604166666666667 0.6365740740740741 0.12291666666666666 0.1638888888888889
1 0.44765625 0.6518518518518519 0.11927083333333334 0.16111111111111112
1 0.9604166666666667 0.3578703703703704 0.07708333333333334 0.09907407407407408
1 0.7541666666666667 0.5037037037037037 0.09895833333333333 0.12407407407407407
1 0.63671875 0.39305555555555555 0.07447916666666667 0.10833333333333334
1 0.6200520833333333 0.5541666666666667 0.0953125 0.14166666666666666
1 0.1890625 0.3351851851851852 0.06145833333333333 0.09074074074074075
1 0.5611979166666666 0.3351851851851852 0.06822916666666666 0.09259259259259259
1 0.40208333333333335 0.28055555555555556 0.06354166666666666 0.09444444444444444
1 0.7408854166666666 0.2074074074074074 0.04739583333333333 0.07407407407407407
1 0.3997395833333333 0.5537037037037037 0.1328125 0.19444444444444445
1 0.82421875 0.5875 0.059895833333333336 0.15092592592592594
1 0.3302083333333333 0.3851851851851852 0.07395833333333333 0.0962962962962963
1 0.4901041666666667 0.1814814814814815 0.03958333333333333 0.06296296296296296
1 0.48723958333333334 0.42314814814814816 0.09739583333333333 0.15
1 0.809375 0.27175925925925926 0.05520833333333333 0.062037037037037036
1 0.6575520833333334 0.17314814814814813 0.0390625 0.05
1 0.19427083333333334 0.2671296296296296 0.04895833333333333 0.07314814814814814
1 0.3377604166666667 0.34305555555555556 0.0671875 0.08611111111111111
1 0.28229166666666666 0.9222222222222223 0.15520833333333334 0.1537037037037037
1 0.43984375 0.34120370370370373 0.06510416666666667 0.11018518518518519
1 0.69140625 0.3199074074074074 0.0671875 0.09907407407407408
1 0.28229166666666666 0.25972222222222224 0.046875 0.06388888888888888
1 0.21875 0.6458333333333334 0.10416666666666667 0.1638888888888889
1 0.50546875 0.287962962962963 0.049479166666666664 0.08148148148148149
1 0.56484375 0.15601851851851853 0.0328125 0.03796296296296296
1 0.8890625 0.27685185185185185 0.06145833333333333 0.07592592592592592
1 0.5317708333333333 0.30833333333333335 0.05625 0.08888888888888889
1 0.6127604166666667 0.17962962962962964 0.04010416666666667 0.03888888888888889
1 0.8325520833333333 0.2111111111111111 0.04739583333333333 0.05925925925925926
1 0.2 0.5462962962962963 0.09895833333333333 0.17777777777777778
1 0.45859375 0.37916666666666665 0.0640625 0.10092592592592593
1 0.42213541666666665 0.2 0.04635416666666667 0.06296296296296296
1 0.8489583333333334 0.2449074074074074 0.04583333333333333 0.06388888888888888
1 0.35546875 0.13657407407407407 0.03177083333333333 0.04351851851851852
1 0.43020833333333336 0.14351851851851852 0.034375 0.04814814814814815
1 0.3924479166666667 0.17407407407407408 0.03802083333333333 0.06111111111111111
1 0.23333333333333334 0.14074074074074075 0.0375 0.05925925925925926
1 0.3697916666666667 0.1587962962962963 0.03125 0.04537037037037037
1 0.44557291666666665 0.22268518518518518 0.04010416666666667 0.06574074074074074
1 0.715625 0.16574074074074074 0.0375 0.06111111111111111
1 0.33671875 0.12407407407407407 0.027604166666666666 0.03518518518518519
1 0.4708333333333333 0.08935185185185185 0.030208333333333334 0.041666666666666664
1 0.46145833333333336 0.16574074074074074 0.029166666666666667 0.044444444444444446
1 0.371875 0.24583333333333332 0.040625 0.06574074074074074
1 0.9760416666666667 0.2986111111111111 0.046875 0.0787037037037037
1 0.59375 0.11296296296296296 0.034375 0.053703703703703705
1 0.48984375 0.10231481481481482 0.025520833333333333 0.032407407407407406
1 0.9018229166666667 0.17314814814814813 0.027604166666666666 0.06666666666666667
1 0.3572916666666667 0.21851851851851853 0.040625 0.06481481481481481
1 0.25859375 0.19814814814814816 0.04635416666666667 0.05555555555555555
1 0.20989583333333334 0.11435185185185186 0.023958333333333335 0.03796296296296296
1 0.27708333333333335 0.11481481481481481 0.030208333333333334 0.044444444444444446
1 0.8135416666666667 0.14537037037037037 0.025 0.05925925925925926
1 0.4015625 0.1162037037037037 0.029166666666666667 0.05277777777777778
1 0.51796875 0.10972222222222222 0.028645833333333332 0.04351851851851852
1 0.33645833333333336 0.19212962962962962 0.03958333333333333 0.06388888888888888
1 0.3140625 0.1648148148148148 0.03333333333333333 0.05925925925925926
1 0.33984375 0.07546296296296297 0.025520833333333333 0.032407407407407406
1 0.16640625 0.08935185185185185 0.028645833333333332 0.026851851851851852
1 0.27239583333333334 0.2361111111111111 0.04375 0.06111111111111111
1 0.5674479166666667 0.10185185185185185 0.0265625 0.040740740740740744
1 0.6520833333333333 0.13703703703703704 0.027083333333333334 0.027777777777777776
1 0.171875 0.16064814814814815 0.03333333333333333 0.03981481481481482
1 0.18125 0.25 0.04479166666666667 0.05925925925925926
1 0.16901041666666666 0.1398148148148148 0.030729166666666665 0.03148148148148148
1 0.9567708333333333 0.24722222222222223 0.059375 0.08518518518518518
1 0.34401041666666665 0.21064814814814814 0.028645833333333332 0.05462962962962963
1 0.39869791666666665 0.06712962962962964 0.0203125 0.021296296296296296
1 0.6893229166666667 0.14722222222222223 0.034895833333333334 0.05740740740740741
1 0.7083333333333334 0.11527777777777778 0.01875 0.032407407407407406
1 0.44114583333333335 0.07546296296296297 0.022916666666666665 0.03796296296296296
1 0.2942708333333333 0.13148148148148148 0.03125 0.05
1 0.62109375 0.1300925925925926 0.0296875 0.023148148148148147
1 0.590625 0.0837962962962963 0.021875 0.017592592592592594
1 0.5481770833333334 0.12638888888888888 0.0390625 0.03981481481481482
1 0.3033854166666667 0.15324074074074073 0.0296875 0.05462962962962963
1 0.8184895833333333 0.15694444444444444 0.015104166666666667 0.05462962962962963
1 0.6348958333333333 0.1587962962962963 0.03333333333333333 0.04537037037037037
1 0.4669270833333333 0.24259259259259258 0.050520833333333334 0.08518518518518518
1 0.4473958333333333 0.08287037037037037 0.021875 0.026851851851851852
1 0.76171875 0.14953703703703702 0.03697916666666667 0.04537037037037037
1 0.17578125 0.2050925925925926 0.049479166666666664 0.06759259259259259
1 0.24869791666666666 0.1648148148148148 0.0390625 0.05
1 0.6138020833333333 0.14907407407407408 0.0234375 0.027777777777777776