1 0.23489583333333333 0.700925925925926 0.128125 0.17777777777777778
1 0.42552083333333335 0.6273148148148148 0.11145833333333334 0.14351851851851852
1 0.19791666666666666 0.4152777777777778 0.08125 0.11018518518518519
1 0.7861979166666667 0.8578703703703704 0.1859375 0.2824074074074074
1 0.6171875 0.562037037037037 0.10104166666666667 0.1425925925925926
1 0.49296875 0.27546296296296297 0.058854166666666666 0.07314814814814814
1 0.8817708333333333 0.6013888888888889 0.12395833333333334 0.19722222222222222
1 0.37838541666666664 0.5018518518518519 0.0890625 0.1259259259259259
1 0.7315104166666667 0.4671296296296296 0.0890625 0.13055555555555556
1 0.5244791666666667 0.44166666666666665 0.08229166666666667 0.12037037037037036
1 0.6283854166666667 0.2722222222222222 0.058854166666666666 0.09259259259259259
1 0.6200520833333333 0.37916666666666665 0.06510416666666667 0.09722222222222222
1 0.48020833333333335 0.4050925925925926 0.06354166666666666 0.10092592592592593
1 0.13671875 0.3819444444444444 0.07135416666666666 0.11203703703703703
1 0.5552083333333333 0.31574074074074077 0.06875 0.1037037037037037
1 0.28411458333333334 0.28055555555555556 0.049479166666666664 0.07407407407407407
1 0.35572916666666665 0.4532407407407407 0.078125 0.11574074074074074
1 0.6526041666666667 0.4060185185185185 0.08541666666666667 0.11388888888888889
1 0.8072916666666666 0.3902777777777778 0.08125 0.125
1 0.3260416666666667 0.3638888888888889 0.06770833333333333 0.08888888888888889
1 0.54453125 0.22175925925925927 0.0453125 0.07314814814814814
1 0.1890625 0.33796296296296297 0.06041666666666667 0.05740740740740741
1 0.9830729166666666 0.2712962962962963 0.0328125 0.07962962962962963
1 0.38203125 0.26944444444444443 0.0421875 0.07037037037037037
1 0.7075520833333333 0.34120370370370373 0.0703125 0.09351851851851851
1 0.6924479166666667 0.20925925925925926 0.0515625 0.05925925925925926
1 0.7486979166666666 0.18287037037037038 0.04114583333333333 0.05648148148148148
1 0.171875 0.26435185185185184 0.046875 0.06759259259259259
1 0.92578125 0.2810185185185185 0.06197916666666667 0.08981481481481482
1 0.41822916666666665 0.2884259259259259 0.05520833333333333 0.09166666666666666
1 0.41770833333333335 0.2050925925925926 0.04375 0.06018518518518518
1 0.45755208333333336 0.35555555555555557 0.07447916666666667 0.1111111111111111
1 0.44453125 0.2273148148148148 0.04739583333333333 0.062037037037037036
1 0.6947916666666667 0.17824074074074073 0.036458333333333336 0.032407407407407406
1 0.37161458333333336 0.24583333333333332 0.0421875 0.06574074074074074
1 0.5885416666666666 0.24537037037037038 0.04895833333333333 0.07962962962962963
1 0.18229166666666666 0.23657407407407408 0.042708333333333334 0.062037037037037036
1 0.38177083333333334 0.16111111111111112 0.029166666666666667 0.04259259259259259
1 0.29765625 0.13564814814814816 0.0296875 0.04351851851851852
1 0.32916666666666666 0.19907407407407407 0.03333333333333333 0.053703703703703705
1 0.9625 0.22546296296296298 0.053125 0.06018518518518518
1 0.88125 0.22546296296296298 0.025 0.06574074074074074
1 0.6588541666666666 0.19444444444444445 0.034375 0.040740740740740744
1 0.7489583333333333 0.2490740740740741 0.057291666666666664 0.05
1 0.696875 0.13703703703703704 0.030208333333333334 0.046296296296296294
1 0.6828125 0.14953703703703702 0.03229166666666667 0.03796296296296296
1 0.62421875 0.12685185185185185 0.0328125 0.04259259259259259
1 0.49140625 0.10138888888888889 0.0265625 0.032407407407407406
1 0.33177083333333335 0.16944444444444445 0.03854166666666667 0.044444444444444446
1 0.22057291666666667 0.11296296296296296 0.034895833333333334 0.040740740740740744
1 0.7783854166666667 0.1425925925925926 0.0265625 0.040740740740740744
1 0.3140625 0.3143518518518518 0.057291666666666664 0.0824074074074074
1 0.8955729166666667 0.20277777777777778 0.0359375 0.05740740740740741
1 0.5591145833333333 0.08564814814814815 0.019270833333333334 0.04351851851851852
1 0.28515625 0.12824074074074074 0.027604166666666666 0.041666666666666664
1 0.3723958333333333 0.09722222222222222 0.030208333333333334 0.04259259259259259
1 0.3338541666666667 0.11805555555555555 0.027083333333333334 0.041666666666666664
1 0.69765625 0.10833333333333334 0.0296875 0.037037037037037035
1 0.65859375 0.17037037037037037 0.03802083333333333 0.04259259259259259
1 0.51796875 0.08888888888888889 0.0265625 0.03888888888888889
1 0.66796875 0.13657407407407407 0.028645833333333332 0.025
1 0.79921875 0.17824074074074073 0.025520833333333333 0.03425925925925926
1 0.5161458333333333 0.13194444444444445 0.030208333333333334 0.03611111111111111
1 0.26067708333333334 0.22453703703703703 0.0546875 0.08611111111111111
1 0.35260416666666666 0.13564814814814816 0.028125 0.03796296296296296
1 0.3546875 0.21342592592592594 0.042708333333333334 0.07314814814814814
1 0.56875 0.15648148148148147 0.029166666666666667 0.03148148148148148
1 0.40963541666666664 0.17916666666666667 0.04114583333333333 0.06574074074074074
1 0.75234375 0.13518518518518519 0.027604166666666666 0.040740740740740744
1 0.5924479166666666 0.16527777777777777 0.030729166666666665 0.03796296296296296
1 0.45208333333333334 0.08935185185185185 0.026041666666666668 0.03981481481481482
1 0.6174479166666667 0.1814814814814815 0.03802083333333333 0.037037037037037035
1 0.16953125 0.0912037037037037 0.0296875 0.025
1 0.5807291666666666 0.12962962962962962 0.027083333333333334 0.02962962962962963
1 0.40234375 0.11481481481481481 0.027604166666666666 0.044444444444444446
1 0.1828125 0.1875 0.034375 0.041666666666666664
1 0.3450520833333333 0.08055555555555556 0.0203125 0.03148148148148148
1 0.28072916666666664 0.1162037037037037 0.035416666666666666 0.03425925925925926
1 0.8505208333333333 0.24212962962962964 0.06354166666666666 0.09907407407407408
1 0.3065104166666667 0.17407407407407408 0.019270833333333334 0.03518518518518519
1 0.17135416666666667 0.12824074074074074 0.03958333333333333 0.04537037037037037
1 0.17005208333333333 0.20416666666666666 0.0390625 0.062037037037037036
1 0.21953125 0.08472222222222223 0.0265625 0.028703703703703703
1 0.26484375 0.10046296296296296 0.027604166666666666 0.041666666666666664
1 0.621875 0.15 0.03333333333333333 0.046296296296296294
1 0.6708333333333333 0.1050925925925926 0.028125 0.04351851851851852
1 0.47682291666666665 0.09027777777777778 0.0234375 0.041666666666666664
1 0.2328125 0.13055555555555556 0.028125 0.037037037037037035
1 0.41041666666666665 0.12638888888888888 0.03125 0.041666666666666664
1 0.5377604166666666 0.06620370370370371 0.022395833333333334 0.026851851851851852
1 0.5950520833333334 0.09953703703703703 0.028645833333333332 0.03611111111111111
1 0.265625 0.1865740740740741 0.051041666666666666 0.05092592592592592
1 0.4276041666666667 0.08518518518518518 0.020833333333333332 0.025925925925925925
1 0.5291666666666667 0.20601851851851852 0.04583333333333333 0.08055555555555556
1 0.33619791666666665 0.1300925925925926 0.022395833333333334 0.03425925925925926
1 0.790625 0.2310185185185185 0.06875 0.0787037037037037
1 0.76015625 0.15462962962962962 0.0328125 0.040740740740740744
1 0.24427083333333333 0.16018518518518518 0.03958333333333333 0.05925925925925926
1 0.31197916666666664 0.09814814814814815 0.027083333333333334 0.037037037037037035
1 0.9731770833333333 0.1736111111111111 0.05260416666666667 0.041666666666666664
1 0.92421875 0.21435185185185185 0.04010416666666667 0.05462962962962963
1 0.37447916666666664 0.15046296296296297 0.029166666666666667 0.05092592592592592
1 0.48776041666666664 0.06712962962962964 0.024479166666666666 0.026851851851851852
1 0.3111979166666667 0.16296296296296298 0.0296875 0.05740740740740741
1 0.9927083333333333 0.3282407407407407 0.013541666666666667 0.08611111111111111