1 0.4609375 0.7134259259259259 0.12604166666666666 0.16203703703703703
1 0.26145833333333335 0.8166666666666667 0.14791666666666667 0.2037037037037037
1 0.6731770833333334 0.6342592592592593 0.11510416666666666 0.16111111111111112
1 0.55703125 0.4842592592592593 0.0890625 0.13148148148148148
1 0.3958333333333333 0.5606481481481481 0.09791666666666667 0.13796296296296295
1 0.9520833333333333 0.6925925925925925 0.09479166666666666 0.22592592592592592
1 0.09114583333333333 0.4148148148148148 0.078125 0.12222222222222222
1 0.20286458333333332 0.45185185185185184 0.08697916666666666 0.11851851851851852
1 0.7528645833333333 0.3699074074074074 0.0765625 0.10092592592592593
1 0.6567708333333333 0.41203703703703703 0.071875 0.10555555555555556
1 0.3359375 0.3939814814814815 0.071875 0.09537037037037037
1 0.5028645833333333 0.4393518518518518 0.07135416666666666 0.11018518518518519
1 0.509375 0.29074074074074074 0.059375 0.07592592592592592
1 0.4596354166666667 0.23842592592592593 0.049479166666666664 0.06574074074074074
1 0.6588541666666666 0.2916666666666667 0.06458333333333334 0.1
1 0.37447916666666664 0.4986111111111111 0.090625 0.12685185185185185
1 0.2950520833333333 0.29583333333333334 0.0546875 0.0787037037037037
1 0.6921875 0.4444444444444444 0.09375 0.12407407407407407
1 0.9049479166666666 0.9375 0.1890625 0.12314814814814815
1 0.4276041666666667 0.21435185185185185 0.04479166666666667 0.062037037037037036
1 0.5640625 0.23657407407407408 0.04895833333333333 0.07685185185185185
1 0.43020833333333336 0.3074074074074074 0.059375 0.09814814814814815
1 0.17239583333333333 0.27824074074074073 0.05 0.0712962962962963
1 0.5833333333333334 0.3375 0.07604166666666666 0.11018518518518519
1 0.41875 0.1310185185185185 0.03125 0.04351851851851852
1 0.6158854166666666 0.262037037037037 0.0546875 0.08703703703703704
1 0.7122395833333334 0.23333333333333334 0.05364583333333333 0.053703703703703705
1 0.18463541666666666 0.38287037037037036 0.07239583333333334 0.09907407407407408
1 0.7807291666666667 0.5143518518518518 0.096875 0.14351851851851852
1 0.8723958333333334 0.25833333333333336 0.05520833333333333 0.08333333333333333
1 0.36223958333333334 0.22361111111111112 0.0453125 0.07685185185185185
1 0.38229166666666664 0.2601851851851852 0.04583333333333333 0.07037037037037037
1 0.39427083333333335 0.2861111111111111 0.04479166666666667 0.07592592592592592
1 0.1796875 0.24583333333333332 0.04583333333333333 0.06574074074074074
1 0.33541666666666664 0.2074074074074074 0.0375 0.05740740740740741
1 0.5010416666666667 0.12314814814814815 0.03125 0.03518518518518519
1 0.6622395833333333 0.19537037037037036 0.04739583333333333 0.05555555555555555
1 0.63125 0.1814814814814815 0.03333333333333333 0.03888888888888889
1 0.7541666666666667 0.13287037037037036 0.025 0.03796296296296296
1 0.26640625 0.23472222222222222 0.05572916666666667 0.09166666666666666
1 0.31614583333333335 0.1699074074074074 0.029166666666666667 0.06018518518518518
1 0.9200520833333333 0.21296296296296297 0.0453125 0.06296296296296296
1 0.7205729166666667 0.17083333333333334 0.0390625 0.05277777777777778
1 0.54765625 0.21712962962962962 0.049479166666666664 0.08425925925925926
1 0.38958333333333334 0.1685185185185185 0.03125 0.044444444444444446
1 0.2986979166666667 0.1425925925925926 0.03177083333333333 0.04259259259259259
1 0.378125 0.1 0.03125 0.04259259259259259
1 0.83828125 0.2101851851851852 0.030729166666666665 0.06296296296296296
1 0.32369791666666664 0.33611111111111114 0.0640625 0.08703703703703704
1 0.6096354166666667 0.11805555555555555 0.027604166666666666 0.03981481481481482
1 0.5955729166666667 0.17083333333333334 0.034895833333333334 0.03981481481481482
1 0.88984375 0.20185185185185187 0.0390625 0.053703703703703705
1 0.946875 0.2513888888888889 0.058333333333333334 0.07314814814814814
1 0.48020833333333335 0.3837962962962963 0.078125 0.12129629629629629
1 0.8635416666666667 0.18935185185185185 0.03229166666666667 0.05092592592592592
1 0.7377604166666667 0.14814814814814814 0.0328125 0.04814814814814815
1 0.6669270833333333 0.1675925925925926 0.0359375 0.03518518518518519
1 0.3390625 0.11944444444444445 0.028125 0.040740740740740744
1 0.41119791666666666 0.12222222222222222 0.027604166666666666 0.04814814814814815
1 0.4817708333333333 0.0962962962962963 0.026041666666666668 0.03148148148148148
1 0.6765625 0.1287037037037037 0.029166666666666667 0.04259259259259259
1 0.5283854166666667 0.06342592592592593 0.021354166666666667 0.025
1 0.5203125 0.1050925925925926 0.026041666666666668 0.04722222222222222
1 0.26953125 0.1037037037037037 0.0328125 0.044444444444444446
1 0.41692708333333334 0.1884259259259259 0.04114583333333333 0.06759259259259259
1 0.9377604166666667 0.16574074074074074 0.05260416666666667 0.046296296296296294
1 0.5736979166666667 0.09259259259259259 0.027604166666666666 0.03148148148148148
1 0.8705729166666667 0.43287037037037035 0.09010416666666667 0.1361111111111111
1 0.17135416666666667 0.14212962962962963 0.0375 0.032407407407407406
1 0.33619791666666665 0.17546296296296296 0.04010416666666667 0.04537037037037037
1 0.6309895833333333 0.15787037037037038 0.0359375 0.03796296296296296
1 0.6619791666666667 0.14166666666666666 0.03333333333333333 0.03888888888888889
1 0.16848958333333333 0.12129629629629629 0.03697916666666667 0.025925925925925925
1 0.6841145833333333 0.1087962962962963 0.027604166666666666 0.04537037037037037
1 0.35651041666666666 0.1412037037037037 0.0296875 0.03981481481481482
1 0.5809895833333333 0.10787037037037037 0.024479166666666666 0.028703703703703703
1 0.7328125 0.1175925925925926 0.021875 0.014814814814814815
1 0.50546875 0.0824074074074074 0.022395833333333334 0.040740740740740744
1 0.5651041666666666 0.12175925925925926 0.027083333333333334 0.028703703703703703
1 0.7388020833333333 0.20277777777777778 0.0328125 0.05555555555555555
1 0.575 0.1537037037037037 0.028125 0.03518518518518519
1 0.16822916666666668 0.22083333333333333 0.040625 0.07685185185185185
1 0.3802083333333333 0.15787037037037038 0.03229166666666667 0.05462962962962963
1 0.35 0.08425925925925926 0.020833333333333332 0.03148148148148148
1 0.24010416666666667 0.13657407407407407 0.041666666666666664 0.03611111111111111
1 0.17864583333333334 0.11481481481481481 0.020833333333333332 0.024074074074074074
1 0.359375 0.09768518518518518 0.0125 0.032407407407407406
1 0.9604166666666667 0.2263888888888889 0.053125 0.075
1 0.4791666666666667 0.06342592592592593 0.021875 0.025
1 0.55390625 0.14583333333333334 0.025520833333333333 0.032407407407407406
1 0.34088541666666666 0.13425925925925927 0.0234375 0.03518518518518519
1 0.2234375 0.11898148148148148 0.03125 0.03611111111111111
1 0.8049479166666667 0.22453703703703703 0.059895833333333336 0.08981481481481482
1 0.24765625 0.1648148148148148 0.04010416666666667 0.05185185185185185
1 0.4440104166666667 0.08564814814814815 0.024479166666666666 0.03981481481481482
1 0.6041666666666666 0.14074074074074075 0.03229166666666667 0.04259259259259259
1 0.246875 0.19398148148148148 0.030208333333333334 0.058333333333333334
1 0.75625 0.21574074074074073 0.0375 0.07037037037037037
1 0.16666666666666666 0.16620370370370371 0.030208333333333334 0.03611111111111111
1 0.6580729166666667 0.09675925925925925 0.027604166666666666 0.03796296296296296
1 0.19114583333333332 0.0763888888888889 0.015625 0.021296296296296296
1 0.16354166666666667 0.07731481481481481 0.022916666666666665 0.019444444444444445
1 0.7609375 0.16574074074074074 0.020833333333333332 0.027777777777777776
1 0.21276041666666667 0.0824074074074074 0.028645833333333332 0.03333333333333333
1 0.2833333333333333 0.11898148148148148 0.034375 0.03425925925925926
1 0.73046875 0.12638888888888888 0.0265625 0.032407407407407406
1 0.18203125 0.18703703703703703 0.03802083333333333 0.06111111111111111
1 0.6484375 0.1300925925925926 0.026041666666666668 0.025
1 0.21953125 0.1037037037037037 0.0296875 0.03518518518518519
1 0.9955729166666667 0.2212962962962963 0.0078125 0.05740740740740741
1 0.9565104166666667 0.29953703703703705 0.0640625 0.08425925925925926