2 0.9635416666666666 0.17314814814814813 0.071875 0.18333333333333332
2 0.7296875 0.4134259259259259 0.12395833333333334 0.23425925925925925
2 0.8153645833333333 0.13564814814814816 0.06510416666666667 0.13055555555555556
2 0.7559895833333333 0.08472222222222223 0.0546875 0.0824074074074074
1 0.7919270833333333 0.7875 0.1421875 0.1824074074074074
1 0.62109375 0.37592592592592594 0.07552083333333333 0.09814814814814815
1 0.9723958333333333 0.30972222222222223 0.05416666666666667 0.08981481481481482
1 0.9002604166666667 0.9291666666666667 0.17552083333333332 0.1398148148148148
1 0.18203125 0.5717592592592593 0.0984375 0.12314814814814815
1 0.5234375 0.4550925925925926 0.084375 0.12129629629629629
1 0.21458333333333332 0.6453703703703704 0.10625 0.1425925925925926
1 0.5401041666666667 0.8361111111111111 0.16145833333333334 0.25555555555555554
1 0.5372395833333333 0.3125 0.05677083333333333 0.08055555555555556
1 0.2921875 0.31203703703703706 0.059375 0.07777777777777778
1 0.4640625 0.7277777777777777 0.12916666666666668 0.17592592592592593
1 0.6515625 0.4287037037037037 0.04895833333333333 0.10925925925925926
1 0.62109375 0.29212962962962963 0.05572916666666667 0.0787037037037037
1 0.3763020833333333 0.46944444444444444 0.0859375 0.11851851851851852
1 0.19244791666666666 0.2791666666666667 0.0515625 0.075
1 0.50078125 0.2740740740740741 0.05677083333333333 0.07407407407407407
1 0.63125 0.19027777777777777 0.03958333333333333 0.03981481481481482
1 0.8421875 0.2490740740740741 0.05625 0.08888888888888889
1 0.5903645833333333 0.25972222222222224 0.05364583333333333 0.0824074074074074
1 0.43333333333333335 0.3300925925925926 0.07083333333333333 0.11944444444444445
1 0.59921875 0.15092592592592594 0.034895833333333334 0.04814814814814815
1 0.7091145833333333 0.22962962962962963 0.043229166666666666 0.06296296296296296
1 0.2677083333333333 0.22314814814814815 0.040625 0.05555555555555555
1 0.74296875 0.2074074074074074 0.03802083333333333 0.05925925925925926
1 0.8541666666666666 0.5833333333333334 0.13333333333333333 0.21481481481481482
1 0.50859375 0.40555555555555556 0.07135416666666666 0.10740740740740741
1 0.64296875 0.13148148148148148 0.03802083333333333 0.06111111111111111
1 0.3528645833333333 0.4074074074074074 0.09114583333333333 0.1425925925925926
1 0.3963541666666667 0.175 0.0375 0.05555555555555555
1 0.9609375 0.2564814814814815 0.059375 0.07407407407407407
1 0.5192708333333333 0.11527777777777778 0.027083333333333334 0.03611111111111111
1 0.49583333333333335 0.10138888888888889 0.03125 0.04351851851851852
1 0.40625 0.12407407407407407 0.029166666666666667 0.04259259259259259
1 0.45859375 0.24027777777777778 0.04114583333333333 0.062037037037037036
1 0.18958333333333333 0.475 0.08229166666666667 0.12037037037037036
1 0.24088541666666666 0.14675925925925926 0.034895833333333334 0.041666666666666664
1 0.7041666666666667 0.12916666666666668 0.029166666666666667 0.032407407407407406
1 0.29635416666666664 0.1439814814814815 0.03333333333333333 0.05462962962962963
1 0.16875 0.08518518518518518 0.028125 0.02962962962962963
1 0.5828125 0.14212962962962963 0.030208333333333334 0.04722222222222222
1 0.4708333333333333 0.09305555555555556 0.026041666666666668 0.03425925925925926
1 0.3640625 0.23796296296296296 0.052083333333333336 0.08148148148148149
1 0.26484375 0.1050925925925926 0.024479166666666666 0.03981481481481482
1 0.91875 0.18981481481481483 0.025 0.06111111111111111
1 0.22994791666666667 0.12777777777777777 0.034895833333333334 0.05555555555555555
1 0.3645833333333333 0.14953703703703702 0.0375 0.05277777777777778
1 0.41067708333333336 0.19398148148148148 0.03177083333333333 0.058333333333333334
1 0.45286458333333335 0.08333333333333333 0.0171875 0.03148148148148148
1 0.39010416666666664 0.2763888888888889 0.07708333333333334 0.075
1 0.8049479166666667 0.19583333333333333 0.0359375 0.0712962962962963
1 0.25 0.17407407407407408 0.03958333333333333 0.05185185185185185
1 0.43515625 0.20462962962962963 0.04114583333333333 0.07407407407407407
1 0.7184895833333333 0.13703703703703704 0.0265625 0.027777777777777776
1 0.3377604166666667 0.18981481481481483 0.043229166666666666 0.05740740740740741
1 0.3424479166666667 0.21064814814814814 0.034895833333333334 0.058333333333333334
1 0.37942708333333336 0.10416666666666667 0.025520833333333333 0.049074074074074076
1 0.88046875 0.16527777777777777 0.03697916666666667 0.06388888888888888
1 0.3221354166666667 0.1685185185185185 0.034895833333333334 0.05925925925925926
1 0.4484375 0.1550925925925926 0.03333333333333333 0.05648148148148148
1 0.18802083333333333 0.3958333333333333 0.07916666666666666 0.10833333333333334
1 0.8989583333333333 0.17685185185185184 0.036458333333333336 0.06296296296296296
1 0.6888020833333334 0.17962962962962964 0.0390625 0.07037037037037037
1 0.18854166666666666 0.22962962962962963 0.042708333333333334 0.06666666666666667
1 0.6057291666666667 0.11990740740740741 0.030208333333333334 0.05277777777777778
1 0.58203125 0.08009259259259259 0.028645833333333332 0.026851851851851852
1 0.3380208333333333 0.12083333333333333 0.028125 0.03425925925925926
1 0.4036458333333333 0.30833333333333335 0.04791666666666667 0.08333333333333333
1 0.5559895833333334 0.12546296296296297 0.022395833333333334 0.03981481481481482
1 0.41432291666666665 0.0712962962962963 0.018229166666666668 0.024074074074074074
1 0.74609375 0.14537037037037037 0.0359375 0.053703703703703705
1 0.7046875 0.19675925925925927 0.041666666666666664 0.05462962962962963
1 0.2638020833333333 0.19907407407407407 0.0453125 0.046296296296296294
1 0.3971354166666667 0.1162037037037037 0.027604166666666666 0.04722222222222222
1 0.76875 0.1763888888888889 0.040625 0.06388888888888888
1 0.17786458333333333 0.1884259259259259 0.043229166666666666 0.04722222222222222
1 0.67109375 0.12685185185185185 0.021354166666666667 0.037037037037037035
1 0.3697916666666667 0.2777777777777778 0.0375 0.07037037037037037
1 0.16744791666666667 0.14907407407407408 0.0328125 0.040740740740740744
1 0.5408854166666667 0.06620370370370371 0.024479166666666666 0.032407407407407406
1 0.32838541666666665 0.07083333333333333 0.0203125 0.021296296296296296
1 0.428125 0.1425925925925926 0.026041666666666668 0.03888888888888889
1 0.43854166666666666 0.07361111111111111 0.019791666666666666 0.032407407407407406
1 0.6294270833333333 0.10740740740740741 0.0234375 0.03888888888888889
1 0.18151041666666667 0.21203703703703702 0.0421875 0.05925925925925926
1 0.7200520833333334 0.16435185185185186 0.027604166666666666 0.03796296296296296
1 0.17213541666666668 0.13425925925925927 0.027604166666666666 0.03518518518518519
1 0.47265625 0.25 0.044270833333333336 0.06481481481481481