2 0.9643229166666667 0.1726851851851852 0.0703125 0.1824074074074074
2 0.8169270833333333 0.13518518518518519 0.06510416666666667 0.12962962962962962
2 0.728125 0.41203703703703703 0.121875 0.23333333333333334
1 0.7872395833333333 0.7814814814814814 0.14114583333333333 0.1814814814814815
1 0.6203125 0.37546296296296294 0.075 0.09722222222222222
1 0.18255208333333334 0.5699074074074074 0.0984375 0.12129629629629629
1 0.9739583333333334 0.3111111111111111 0.051041666666666666 0.08888888888888889
1 0.521875 0.4537037037037037 0.08333333333333333 0.12037037037037036
1 0.49947916666666664 0.27314814814814814 0.057291666666666664 0.07407407407407407
1 0.5359375 0.31157407407407406 0.057291666666666664 0.0824074074074074
1 0.21432291666666667 0.6416666666666667 0.10572916666666667 0.1425925925925926
1 0.29192708333333334 0.3111111111111111 0.059895833333333336 0.07777777777777778
1 0.8958333333333334 0.9231481481481482 0.178125 0.15185185185185185
1 0.375 0.4685185185185185 0.08541666666666667 0.11851851851851852
1 0.6203125 0.2916666666666667 0.05520833333333333 0.07777777777777778
1 0.5377604166666666 0.8296296296296296 0.1578125 0.25555555555555554
1 0.64921875 0.42592592592592593 0.049479166666666664 0.10740740740740741
1 0.19296875 0.27824074074074073 0.0515625 0.075
1 0.5901041666666667 0.25925925925925924 0.05520833333333333 0.08333333333333333
1 0.5994791666666667 0.15046296296296297 0.035416666666666666 0.049074074074074076
1 0.6333333333333333 0.1912037037037037 0.0375 0.03981481481481482
1 0.8442708333333333 0.24953703703703703 0.057291666666666664 0.09166666666666666
1 0.43307291666666664 0.32916666666666666 0.0703125 0.11944444444444445
1 0.2677083333333333 0.22268518518518518 0.03958333333333333 0.05648148148148148
1 0.74453125 0.20787037037037037 0.03802083333333333 0.058333333333333334
1 0.6432291666666666 0.13240740740740742 0.0375 0.06111111111111111
1 0.5075520833333333 0.40370370370370373 0.0703125 0.10740740740740741
1 0.7104166666666667 0.22870370370370371 0.04375 0.05925925925925926
1 0.18880208333333334 0.47314814814814815 0.0828125 0.12037037037037036
1 0.45807291666666666 0.23935185185185184 0.04010416666666667 0.06388888888888888
1 0.18802083333333333 0.39351851851851855 0.07916666666666666 0.10555555555555556
1 0.396875 0.17453703703703705 0.03854166666666667 0.05462962962962963
1 0.3703125 0.27824074074074073 0.0375 0.06944444444444445
1 0.40651041666666665 0.12407407407407407 0.028645833333333332 0.04259259259259259
1 0.5197916666666667 0.11712962962962963 0.028125 0.03425925925925926
1 0.6716145833333333 0.12638888888888888 0.022395833333333334 0.03981481481481482
1 0.96328125 0.2564814814814815 0.058854166666666666 0.07592592592592592
1 0.49557291666666664 0.10138888888888889 0.030729166666666665 0.04537037037037037
1 0.3533854166666667 0.40694444444444444 0.09114583333333333 0.14351851851851852
1 0.9005208333333333 0.1763888888888889 0.0375 0.06388888888888888
1 0.9205729166666666 0.18333333333333332 0.025520833333333333 0.07222222222222222
1 0.4708333333333333 0.09351851851851851 0.026041666666666668 0.037037037037037035
1 0.4354166666666667 0.20462962962962963 0.040625 0.07407407407407407
1 0.29635416666666664 0.1439814814814815 0.03333333333333333 0.05277777777777778
1 0.41067708333333336 0.19305555555555556 0.03177083333333333 0.058333333333333334
1 0.4622395833333333 0.7231481481481481 0.12864583333333332 0.17592592592592593
1 0.240625 0.14675925925925926 0.035416666666666666 0.04351851851851852
1 0.25026041666666665 0.17407407407407408 0.04010416666666667 0.05185185185185185
1 0.23020833333333332 0.13564814814814816 0.036458333333333336 0.03981481481481482
1 0.3651041666666667 0.15 0.0375 0.05185185185185185
1 0.18854166666666666 0.23055555555555557 0.041666666666666664 0.06666666666666667
1 0.80546875 0.19398148148148148 0.03802083333333333 0.06759259259259259
1 0.16796875 0.08564814814814815 0.027604166666666666 0.028703703703703703
1 0.8505208333333333 0.5800925925925926 0.13229166666666667 0.21388888888888888
1 0.265625 0.10416666666666667 0.023958333333333335 0.03981481481481482
1 0.8815104166666666 0.16527777777777777 0.03697916666666667 0.06388888888888888
1 0.453125 0.0837962962962963 0.01875 0.032407407407407406
1 0.34270833333333334 0.2101851851851852 0.035416666666666666 0.05740740740740741
1 0.3223958333333333 0.16805555555555557 0.034375 0.058333333333333334
1 0.7057291666666666 0.13148148148148148 0.030208333333333334 0.03333333333333333
1 0.5565104166666667 0.125 0.0234375 0.03888888888888889
1 0.18177083333333333 0.20416666666666666 0.042708333333333334 0.07314814814814814
1 0.3390625 0.18935185185185185 0.03958333333333333 0.05648148148148148
1 0.16770833333333332 0.18055555555555555 0.03125 0.06111111111111111
1 0.37942708333333336 0.10324074074074074 0.0265625 0.04722222222222222
1 0.71953125 0.13796296296296295 0.0265625 0.027777777777777776
1 0.41458333333333336 0.07083333333333333 0.017708333333333333 0.023148148148148147
1 0.32864583333333336 0.0712962962962963 0.019791666666666666 0.020370370370370372
1 0.6903645833333333 0.18101851851851852 0.04010416666666667 0.06759259259259259
1 0.47265625 0.25046296296296294 0.04114583333333333 0.06574074074074074
1 0.7471354166666667 0.14675925925925926 0.0359375 0.05462962962962963
1 0.31953125 0.11527777777777778 0.025520833333333333 0.03611111111111111
1 0.54140625 0.06574074074074074 0.024479166666666666 0.03148148148148148
1 0.3971354166666667 0.11666666666666667 0.027604166666666666 0.04814814814814815
1 0.35234375 0.1375 0.0296875 0.03611111111111111
1 0.7057291666666666 0.19675925925925927 0.041666666666666664 0.05462962962962963
1 0.40390625 0.30833333333333335 0.04739583333333333 0.08333333333333333
1 0.26484375 0.1986111111111111 0.04739583333333333 0.04537037037037037
1 0.6294270833333333 0.10740740740740741 0.022395833333333334 0.03888888888888889
1 0.58203125 0.07731481481481481 0.027604166666666666 0.025
1 0.7697916666666667 0.17777777777777778 0.03958333333333333 0.06296296296296296
1 0.60625 0.11990740740740741 0.030208333333333334 0.05277777777777778
1 0.16822916666666668 0.14722222222222223 0.034375 0.04259259259259259
1 0.7213541666666666 0.1648148148148148 0.028125 0.037037037037037035
1 0.42864583333333334 0.14074074074074075 0.025 0.037037037037037035
1 0.40390625 0.28055555555555556 0.050520833333333334 0.08518518518518518
1 0.33828125 0.11990740740740741 0.027604166666666666 0.03425925925925926
1 0.4973958333333333 0.06759259259259259 0.021875 0.027777777777777776
1 0.36380208333333336 0.23657407407407408 0.05260416666666667 0.0824074074074074
1 0.43828125 0.07453703703703704 0.0203125 0.03425925925925926
1 0.4484375 0.15416666666666667 0.03125 0.05462962962962963
1 0.5830729166666667 0.14212962962962963 0.0296875 0.04722222222222222