2 0.7177083333333333 0.10972222222222222 0.06770833333333333 0.11574074074074074
2 0.80859375 0.13194444444444445 0.07135416666666666 0.14537037037037037
1 0.8643229166666667 0.6092592592592593 0.1203125 0.14629629629629629
1 0.26979166666666665 0.9587962962962963 0.18020833333333333 0.08055555555555556
1 0.8294270833333334 0.4305555555555556 0.0859375 0.11481481481481481
1 0.9645833333333333 0.7263888888888889 0.06979166666666667 0.18425925925925926
1 0.52890625 0.8162037037037037 0.1484375 0.20277777777777778
1 0.7174479166666666 0.6814814814814815 0.11927083333333334 0.17222222222222222
1 0.33828125 0.39675925925925926 0.0796875 0.10092592592592593
1 0.61171875 0.38101851851851853 0.07760416666666667 0.10092592592592593
1 0.7966145833333333 0.8004629629629629 0.15364583333333334 0.20462962962962963
1 0.7104166666666667 0.46296296296296297 0.08854166666666667 0.12037037037037036
1 0.35572916666666665 0.4412037037037037 0.078125 0.11018518518518519
1 0.5174479166666667 0.19907407407407407 0.0421875 0.06666666666666667
1 0.17083333333333334 0.37175925925925923 0.06770833333333333 0.10648148148148148
1 0.8627604166666667 0.2986111111111111 0.06510416666666667 0.06574074074074074
1 0.7338541666666667 0.23657407407407408 0.051041666666666666 0.049074074074074076
1 0.5002604166666667 0.4300925925925926 0.07552083333333333 0.11203703703703703
1 0.4747395833333333 0.3851851851851852 0.07239583333333334 0.12222222222222222
1 0.4236979166666667 0.3125 0.06822916666666666 0.10648148148148148
1 0.453125 0.6787037037037037 0.16145833333333334 0.23333333333333334
1 0.82734375 0.24722222222222223 0.05677083333333333 0.06666666666666667
1 0.24010416666666667 0.7958333333333333 0.12916666666666668 0.20277777777777778
1 0.9291666666666667 0.32592592592592595 0.06458333333333334 0.07407407407407407
1 0.54921875 0.49675925925925923 0.1140625 0.17685185185185184
1 0.53828125 0.32037037037037036 0.05572916666666667 0.09074074074074075
1 0.39036458333333335 0.26990740740740743 0.0484375 0.0712962962962963
1 0.496875 0.26990740740740743 0.057291666666666664 0.09166666666666666
1 0.5807291666666666 0.16435185185185186 0.036458333333333336 0.03981481481481482
1 0.771875 0.36666666666666664 0.075 0.11296296296296296
1 0.1984375 0.29583333333333334 0.051041666666666666 0.07685185185185185
1 0.62265625 0.1597222222222222 0.03697916666666667 0.04351851851851852
1 0.5736979166666667 0.34629629629629627 0.06614583333333333 0.1
1 0.44296875 0.21805555555555556 0.0484375 0.06759259259259259
1 0.48489583333333336 0.18194444444444444 0.03333333333333333 0.05092592592592592
1 0.7 0.18796296296296297 0.04375 0.07222222222222222
1 0.36484375 0.2361111111111111 0.049479166666666664 0.06851851851851852
1 0.94609375 0.2449074074074074 0.0515625 0.06574074074074074
1 0.46901041666666665 0.24305555555555555 0.0421875 0.0712962962962963
1 0.38385416666666666 0.17222222222222222 0.035416666666666666 0.04814814814814815
1 0.32760416666666664 0.17916666666666667 0.03854166666666667 0.062037037037037036
1 0.9666666666666667 0.29814814814814816 0.06354166666666666 0.08518518518518518
1 0.8989583333333333 0.262037037037037 0.05520833333333333 0.06851851851851852
1 0.20572916666666666 0.12222222222222222 0.027083333333333334 0.044444444444444446
1 0.6791666666666667 0.15138888888888888 0.036458333333333336 0.05648148148148148
1 0.41458333333333336 0.18888888888888888 0.040625 0.06666666666666667
1 0.5713541666666667 0.10648148148148148 0.03229166666666667 0.05185185185185185
1 0.459375 0.08472222222222223 0.026041666666666668 0.041666666666666664
1 0.3111979166666667 0.16527777777777777 0.03177083333333333 0.058333333333333334
1 0.47708333333333336 0.0962962962962963 0.025 0.03148148148148148
1 0.3645833333333333 0.14675925925925926 0.03125 0.04537037037037037
1 0.43411458333333336 0.13796296296296295 0.030729166666666665 0.04259259259259259
1 0.2825520833333333 0.2574074074074074 0.04739583333333333 0.06481481481481481
1 0.34765625 0.2064814814814815 0.0421875 0.07037037037037037
1 0.85859375 0.15833333333333333 0.0359375 0.05555555555555555
1 0.26276041666666666 0.21296296296296297 0.0484375 0.06111111111111111
1 0.17109375 0.17407407407407408 0.034895833333333334 0.046296296296296294
1 0.6213541666666667 0.12638888888888888 0.027083333333333334 0.028703703703703703
1 0.4236979166666667 0.21157407407407408 0.024479166666666666 0.06018518518518518
1 0.20677083333333332 0.6638888888888889 0.11770833333333333 0.21851851851851853
1 0.25286458333333334 0.17685185185185184 0.03802083333333333 0.05185185185185185
1 0.8763020833333334 0.2222222222222222 0.05364583333333333 0.07407407407407407
1 0.35182291666666665 0.0837962962962963 0.022395833333333334 0.030555555555555555
1 0.6526041666666667 0.13564814814814816 0.03229166666666667 0.05277777777777778
1 0.16614583333333333 0.10046296296296296 0.03333333333333333 0.03796296296296296
1 0.23359375 0.14953703703703702 0.03697916666666667 0.06388888888888888
1 0.34609375 0.13240740740740742 0.03177083333333333 0.037037037037037035
1 0.5890625 0.12824074074074074 0.029166666666666667 0.03425925925925926
1 0.5526041666666667 0.09814814814814815 0.017708333333333333 0.037037037037037035
1 0.63203125 0.10555555555555556 0.0234375 0.02962962962962963
1 0.19036458333333334 0.2722222222222222 0.04739583333333333 0.06666666666666667
1 0.3346354166666667 0.1162037037037037 0.0390625 0.04351851851851852
1 0.18541666666666667 0.24305555555555555 0.052083333333333336 0.05277777777777778
1 0.60390625 0.14351851851851852 0.027604166666666666 0.040740740740740744
1 0.6057291666666667 0.1037037037037037 0.023958333333333335 0.03148148148148148
1 0.2989583333333333 0.1388888888888889 0.03229166666666667 0.05185185185185185
1 0.6567708333333333 0.09583333333333334 0.022916666666666665 0.026851851851851852
1 0.7791666666666667 0.19305555555555556 0.04375 0.058333333333333334
1 0.4322916666666667 0.07824074074074074 0.023958333333333335 0.030555555555555555
1 0.2734375 0.24166666666666667 0.04375 0.06111111111111111
1 0.28359375 0.12083333333333333 0.027604166666666666 0.04537037037037037
1 0.4161458333333333 0.1310185185185185 0.030208333333333334 0.04351851851851852
1 0.17578125 0.2212962962962963 0.049479166666666664 0.07407407407407407
1 0.6760416666666667 0.10740740740740741 0.01875 0.03148148148148148
1 0.44947916666666665 0.15462962962962962 0.036458333333333336 0.05555555555555555
1 0.7880208333333333 0.2263888888888889 0.046875 0.06759259259259259
1 0.5729166666666666 0.07685185185185185 0.021875 0.014814814814814815
1 0.18463541666666666 0.08009259259259259 0.011979166666666667 0.023148148148148147
1 0.9895833333333334 0.3800925925925926 0.019791666666666666 0.08611111111111111
1 0.2942708333333333 0.28564814814814815 0.051041666666666666 0.06944444444444445
1 0.99140625 0.2337962962962963 0.016145833333333335 0.062037037037037036