2 0.71875 0.10324074074074074 0.06041666666666667 0.12129629629629629
2 0.6544270833333333 0.09212962962962963 0.050520833333333334 0.09722222222222222
1 0.68203125 0.6597222222222222 0.13385416666666666 0.17314814814814813
1 0.33828125 0.6282407407407408 0.12135416666666667 0.15648148148148147
1 0.43828125 0.6916666666666667 0.12552083333333333 0.1685185185185185
1 0.83828125 0.5694444444444444 0.11614583333333334 0.14814814814814814
1 0.5 0.43194444444444446 0.096875 0.14351851851851852
1 0.6190104166666667 0.5583333333333333 0.1140625 0.17407407407407408
1 0.68671875 0.43657407407407406 0.09010416666666667 0.11944444444444445
1 0.334375 0.37824074074074077 0.06666666666666667 0.08611111111111111
1 0.20703125 0.3972222222222222 0.06822916666666666 0.1037037037037037
1 0.45026041666666666 0.34953703703703703 0.06822916666666666 0.08981481481481482
1 0.5083333333333333 0.274537037037037 0.059375 0.08055555555555556
1 0.5083333333333333 0.19444444444444445 0.04375 0.06666666666666667
1 0.4276041666666667 0.20925925925925926 0.03854166666666667 0.05740740740740741
1 0.31640625 0.3263888888888889 0.0609375 0.0824074074074074
1 0.7442708333333333 0.49675925925925923 0.1 0.1398148148148148
1 0.8356770833333333 0.8583333333333333 0.2015625 0.2814814814814815
1 0.7869791666666667 0.26064814814814813 0.051041666666666666 0.05277777777777778
1 0.3963541666666667 0.17546296296296296 0.03854166666666667 0.05092592592592592
1 0.546875 0.3106481481481482 0.058333333333333334 0.08796296296296297
1 0.6244791666666667 0.3574074074074074 0.07604166666666666 0.11851851851851852
1 0.91875 0.18703703703703703 0.041666666666666664 0.05185185185185185
1 0.6044270833333333 0.2550925925925926 0.05260416666666667 0.08611111111111111
1 0.48489583333333336 0.2625 0.042708333333333334 0.06944444444444445
1 0.85625 0.2898148148148148 0.0625 0.06481481481481481
1 0.8861979166666667 0.17685185185185184 0.03697916666666667 0.05185185185185185
1 0.67421875 0.18194444444444444 0.0390625 0.05648148148148148
1 0.40989583333333335 0.29768518518518516 0.06145833333333333 0.0824074074074074
1 0.9596354166666666 0.25462962962962965 0.0578125 0.06666666666666667
1 0.8385416666666666 0.18564814814814815 0.03958333333333333 0.05648148148148148
1 0.7322916666666667 0.23425925925925925 0.04791666666666667 0.05185185185185185
1 0.29375 0.30277777777777776 0.05 0.07962962962962963
1 0.19557291666666668 0.1375 0.025520833333333333 0.04722222222222222
1 0.37005208333333334 0.15648148148148147 0.03697916666666667 0.044444444444444446
1 0.3572916666666667 0.21481481481481482 0.040625 0.07037037037037037
1 0.33489583333333334 0.20092592592592592 0.034375 0.05925925925925926
1 0.6174479166666667 0.18009259259259258 0.03802083333333333 0.041666666666666664
1 0.2638020833333333 0.21203703703703702 0.0421875 0.05925925925925926
1 0.9013020833333333 0.2763888888888889 0.05364583333333333 0.0712962962962963
1 0.51484375 0.12824074074074074 0.0296875 0.03611111111111111
1 0.46197916666666666 0.2300925925925926 0.04791666666666667 0.0787037037037037
1 0.775 0.1375 0.0375 0.05648148148148148
1 0.6864583333333333 0.1486111111111111 0.034375 0.03981481481481482
1 0.17369791666666667 0.2064814814814815 0.0390625 0.05555555555555555
1 0.4953125 0.10046296296296296 0.023958333333333335 0.03425925925925926
1 0.8268229166666666 0.1962962962962963 0.0421875 0.03888888888888889
1 0.17421875 0.3449074074074074 0.0640625 0.11203703703703703
1 0.8322916666666667 0.24814814814814815 0.05 0.06851851851851852
1 0.33932291666666664 0.07546296296296297 0.027604166666666666 0.032407407407407406
1 0.9515625 0.3435185185185185 0.08020833333333334 0.11666666666666667
1 0.3919270833333333 0.28055555555555556 0.043229166666666666 0.07037037037037037
1 0.3807291666666667 0.25324074074074077 0.04895833333333333 0.08055555555555556
1 0.70703125 0.18518518518518517 0.0421875 0.037037037037037035
1 0.7026041666666667 0.2162037037037037 0.040625 0.04537037037037037
1 0.6096354166666667 0.15138888888888888 0.0359375 0.05648148148148148
1 0.9078125 0.31203703703703706 0.041666666666666664 0.05555555555555555
1 0.296875 0.14027777777777778 0.034375 0.05277777777777778
1 0.175 0.2518518518518518 0.05625 0.053703703703703705
1 0.24765625 0.175 0.04635416666666667 0.07037037037037037
1 0.740625 0.1638888888888889 0.035416666666666666 0.040740740740740744
1 0.7994791666666666 0.1787037037037037 0.026041666666666668 0.024074074074074074
1 0.4635416666666667 0.16342592592592592 0.03125 0.05092592592592592
1 0.48385416666666664 0.17175925925925925 0.03854166666666667 0.04722222222222222
1 0.45208333333333334 0.15046296296296297 0.0375 0.06018518518518518
1 0.3690104166666667 0.09861111111111111 0.024479166666666666 0.03611111111111111
1 0.559375 0.10740740740740741 0.022916666666666665 0.037037037037037035
1 0.23151041666666666 0.12824074074074074 0.03177083333333333 0.04722222222222222
1 0.2828125 0.25833333333333336 0.053125 0.07407407407407407
1 0.25442708333333336 0.0837962962962963 0.027604166666666666 0.03425925925925926
1 0.47265625 0.10925925925925926 0.0265625 0.02962962962962963
1 0.31614583333333335 0.15787037037037038 0.03958333333333333 0.04722222222222222
1 0.17630208333333333 0.28888888888888886 0.058854166666666666 0.07222222222222222
1 0.5546875 0.12685185185185185 0.01875 0.03888888888888889
1 0.2791666666666667 0.22268518518518518 0.04479166666666667 0.04722222222222222
1 0.45026041666666666 0.08148148148148149 0.021354166666666667 0.02962962962962963
1 0.16953125 0.17453703703703705 0.03697916666666667 0.04537037037037037
1 0.5825520833333333 0.11388888888888889 0.0328125 0.05185185185185185
1 0.61171875 0.11342592592592593 0.028645833333333332 0.03425925925925926
1 0.559375 0.23194444444444445 0.04583333333333333 0.06574074074074074
1 0.3614583333333333 0.08333333333333333 0.019791666666666666 0.022222222222222223
1 0.5286458333333334 0.08657407407407407 0.028125 0.03796296296296296
1 0.43463541666666666 0.07037037037037037 0.018229166666666668 0.03148148148148148
1 0.8057291666666667 0.21666666666666667 0.03854166666666667 0.05555555555555555
1 0.74375 0.20277777777777778 0.03958333333333333 0.06481481481481481
1 0.15703125 0.12314814814814815 0.030729166666666665 0.03518518518518519
1 0.005729166666666666 0.5453703703703704 0.011458333333333333 0.08888888888888889
1 0.99140625 0.2828703703703704 0.016145833333333335 0.0824074074074074