3 0.9122395833333333 0.26296296296296295 0.06614583333333333 0.1
2 0.8890625 0.17685185185185184 0.08541666666666667 0.17407407407407408
2 0.9213541666666667 0.13657407407407407 0.07916666666666666 0.15833333333333333
1 0.49140625 0.788425925925926 0.14635416666666667 0.19537037037037036
1 0.7098958333333333 0.4759259259259259 0.09583333333333334 0.12222222222222222
1 0.09036458333333333 0.4263888888888889 0.0796875 0.10833333333333334
1 0.43411458333333336 0.6018518518518519 0.10989583333333333 0.14444444444444443
1 0.22604166666666667 0.7560185185185185 0.1375 0.1787037037037037
1 0.9265625 0.9384259259259259 0.14583333333333334 0.12129629629629629
1 0.29583333333333334 0.9689814814814814 0.15520833333333334 0.06018518518518518
1 0.5247395833333334 0.45740740740740743 0.0859375 0.11851851851851852
1 0.18854166666666666 0.362962962962963 0.065625 0.09259259259259259
1 0.6033854166666667 0.5282407407407408 0.10260416666666666 0.16203703703703703
1 0.6875 0.18703703703703703 0.041666666666666664 0.05740740740740741
1 0.37161458333333336 0.48842592592592593 0.08697916666666666 0.12314814814814815
1 0.8059895833333334 0.3939814814814815 0.08385416666666666 0.12129629629629629
1 0.5338541666666666 0.31527777777777777 0.06354166666666666 0.0824074074074074
1 0.4861979166666667 0.4027777777777778 0.0734375 0.10555555555555556
1 0.5981770833333333 0.3638888888888889 0.07239583333333334 0.1
1 0.9830729166666666 0.20601851851851852 0.0328125 0.06018518518518518
1 0.41432291666666665 0.1300925925925926 0.0234375 0.03981481481481482
1 0.5052083333333334 0.19027777777777777 0.040625 0.058333333333333334
1 0.9309895833333334 0.6467592592592593 0.13697916666666668 0.21388888888888888
1 0.4596354166666667 0.23842592592592593 0.04010416666666667 0.06388888888888888
1 0.41067708333333336 0.29814814814814816 0.04739583333333333 0.07407407407407407
1 0.17578125 0.17824074074074073 0.04114583333333333 0.058333333333333334
1 0.4421875 0.32407407407407407 0.0625 0.10740740740740741
1 0.3143229166666667 0.3398148148148148 0.07864583333333333 0.12962962962962962
1 0.37838541666666664 0.15787037037037038 0.033854166666666664 0.05277777777777778
1 0.39609375 0.18564814814814815 0.033854166666666664 0.04537037037037037
1 0.94296875 0.4685185185185185 0.11197916666666667 0.15925925925925927
1 0.771875 0.22314814814814815 0.046875 0.05925925925925926
1 0.33203125 0.19722222222222222 0.04635416666666667 0.05555555555555555
1 0.6421875 0.16574074074074074 0.036458333333333336 0.05740740740740741
1 0.39348958333333334 0.10925925925925926 0.0265625 0.037037037037037035
1 0.48046875 0.17083333333333334 0.03697916666666667 0.05648148148148148
1 0.6778645833333333 0.14953703703703702 0.03697916666666667 0.05462962962962963
1 0.42161458333333335 0.19953703703703704 0.03802083333333333 0.058333333333333334
1 0.38776041666666666 0.2611111111111111 0.05364583333333333 0.08518518518518518
1 0.82890625 0.8055555555555556 0.1640625 0.25555555555555554
1 0.43984375 0.14305555555555555 0.04010416666666667 0.06388888888888888
1 0.60625 0.14537037037037037 0.041666666666666664 0.06296296296296296
1 0.7380208333333333 0.17407407407407408 0.040625 0.05555555555555555
1 0.50546875 0.25601851851851853 0.06927083333333334 0.07685185185185185
1 0.7127604166666667 0.13842592592592592 0.03177083333333333 0.04351851851851852
1 0.15520833333333334 0.09768518518518518 0.026041666666666668 0.03796296296296296
1 0.16666666666666666 0.27824074074074073 0.051041666666666666 0.0712962962962963
1 0.4453125 0.21944444444444444 0.040625 0.06851851851851852
1 0.5541666666666667 0.1486111111111111 0.030208333333333334 0.032407407407407406
1 0.35911458333333335 0.1361111111111111 0.0328125 0.05555555555555555
1 0.18411458333333333 0.30324074074074076 0.058854166666666666 0.08611111111111111
1 0.22604166666666667 0.17777777777777778 0.04583333333333333 0.07222222222222222
1 0.2669270833333333 0.16805555555555557 0.0390625 0.04537037037037037
1 0.26171875 0.22037037037037038 0.044270833333333336 0.07777777777777778
1 0.55078125 0.1162037037037037 0.013020833333333334 0.030555555555555555
1 0.49192708333333335 0.11435185185185186 0.021354166666666667 0.028703703703703703
1 0.56015625 0.10601851851851851 0.0296875 0.03796296296296296
1 0.7778645833333333 0.18518518518518517 0.044270833333333336 0.06111111111111111
1 0.5815104166666667 0.09537037037037037 0.022395833333333334 0.03148148148148148
1 0.7580729166666667 0.11435185185185186 0.0359375 0.030555555555555555
1 0.2760416666666667 0.225 0.04895833333333333 0.06481481481481481
1 0.15598958333333332 0.24027777777777778 0.04114583333333333 0.07314814814814814
1 0.775 0.15231481481481482 0.0375 0.05092592592592592
1 0.35078125 0.08333333333333333 0.022395833333333334 0.03333333333333333
1 0.17447916666666666 0.23657407407407408 0.04895833333333333 0.04537037037037037
1 0.2713541666666667 0.11203703703703703 0.025 0.03888888888888889
1 0.4359375 0.08981481481481482 0.021875 0.027777777777777776
1 0.6526041666666667 0.13194444444444445 0.03229166666666667 0.030555555555555555
1 0.23072916666666668 0.11574074074074074 0.03229166666666667 0.05
1 0.23697916666666666 0.1412037037037037 0.03333333333333333 0.03611111111111111
1 0.17604166666666668 0.12175925925925926 0.03125 0.03611111111111111
1 0.47734375 0.07407407407407407 0.021354166666666667 0.03518518518518519
1 0.5080729166666667 0.07962962962962963 0.0203125 0.018518518518518517
1 0.6125 0.10648148148148148 0.025 0.037037037037037035
1 0.7666666666666667 0.35462962962962963 0.08125 0.13148148148148148
1 0.33151041666666664 0.17037037037037037 0.030729166666666665 0.024074074074074074
1 0.2984375 0.15324074074074073 0.03333333333333333 0.04351851851851852
1 0.4869791666666667 0.08888888888888889 0.020833333333333332 0.018518518518518517
1 0.31328125 0.2800925925925926 0.06510416666666667 0.07685185185185185
1 0.29739583333333336 0.12638888888888888 0.03229166666666667 0.03981481481481482
1 0.5794270833333334 0.14074074074074075 0.0171875 0.046296296296296294
1 0.6447916666666667 0.10092592592592593 0.025 0.03518518518518519
1 0.50703125 0.12453703703703704 0.0171875 0.032407407407407406
1 0.6075520833333333 0.08287037037037037 0.024479166666666666 0.032407407407407406
1 0.21875 0.0912037037037037 0.030208333333333334 0.04722222222222222
1 0.36666666666666664 0.23703703703703705 0.03854166666666667 0.07592592592592592
1 0.4041666666666667 0.06898148148148148 0.022916666666666665 0.025
1 0.17161458333333332 0.15046296296296297 0.03802083333333333 0.041666666666666664
1 0.5221354166666666 0.1287037037037037 0.027604166666666666 0.03518518518518519
1 0.27838541666666666 0.11898148148148148 0.015104166666666667 0.03611111111111111
1 0.2760416666666667 0.2611111111111111 0.04791666666666667 0.07222222222222222
1 0.28802083333333334 0.274537037037037 0.046875 0.09351851851851851