2 0.9247395833333333 0.16805555555555557 0.0921875 0.15462962962962962
2 0.5692708333333333 0.28564814814814815 0.08125 0.1675925925925926
2 0.97265625 0.5111111111111111 0.05364583333333333 0.23333333333333334
2 0.8369791666666667 0.10324074074074074 0.06354166666666666 0.09351851851851851
1 0.6700520833333333 0.6402777777777777 0.12239583333333333 0.16018518518518518
1 0.9033854166666667 0.31342592592592594 0.06614583333333333 0.06759259259259259
1 0.7950520833333333 0.5546296296296296 0.1078125 0.1388888888888889
1 0.5604166666666667 0.5120370370370371 0.090625 0.12777777777777777
1 0.31744791666666666 0.33240740740740743 0.06510416666666667 0.08518518518518518
1 0.46380208333333334 0.9212962962962963 0.18385416666666668 0.15555555555555556
1 0.43307291666666664 0.3236111111111111 0.0609375 0.08611111111111111
1 0.3734375 0.4842592592592593 0.08958333333333333 0.14074074074074075
1 0.9510416666666667 0.2796296296296296 0.06041666666666667 0.07407407407407407
1 0.5208333333333334 0.4597222222222222 0.084375 0.10833333333333334
1 0.68828125 0.19212962962962962 0.04114583333333333 0.05648148148148148
1 0.19869791666666667 0.44166666666666665 0.07447916666666667 0.1
1 0.8677083333333333 0.45694444444444443 0.09583333333333334 0.11944444444444445
1 0.9768229166666667 0.7245370370370371 0.0453125 0.2361111111111111
1 0.5010416666666667 0.2796296296296296 0.05416666666666667 0.07222222222222222
1 0.78046875 0.25833333333333336 0.059895833333333336 0.053703703703703705
1 0.78125 0.7962962962962963 0.15416666666666667 0.25555555555555554
1 0.6338541666666667 0.37777777777777777 0.0875 0.14074074074074075
1 0.8575520833333333 0.2550925925925926 0.0546875 0.075
1 0.4049479166666667 0.2935185185185185 0.0484375 0.07777777777777778
1 0.34765625 0.45092592592592595 0.0734375 0.11296296296296296
1 0.5171875 0.30648148148148147 0.034375 0.07777777777777778
1 0.19348958333333333 0.3958333333333333 0.07239583333333334 0.08796296296296297
1 0.43333333333333335 0.21435185185185185 0.04375 0.06018518518518518
1 0.46328125 0.23703703703703705 0.04635416666666667 0.06481481481481481
1 0.2518229166666667 0.18101851851851852 0.0359375 0.049074074074074076
1 0.5791666666666667 0.14351851851851852 0.03229166666666667 0.03888888888888889
1 0.44609375 0.08009259259259259 0.0234375 0.032407407407407406
1 0.2734375 0.24166666666666667 0.057291666666666664 0.06481481481481481
1 0.17578125 0.3384259259259259 0.0578125 0.09351851851851851
1 0.6151041666666667 0.1537037037037037 0.034375 0.053703703703703705
1 0.5375 0.2212962962962963 0.03854166666666667 0.06296296296296296
1 0.21510416666666668 0.10694444444444444 0.030208333333333334 0.04537037037037037
1 0.6731770833333334 0.17777777777777778 0.03697916666666667 0.05555555555555555
1 0.38619791666666664 0.24953703703703703 0.0546875 0.09351851851851851
1 0.30364583333333334 0.2949074074074074 0.06354166666666666 0.10648148148148148
1 0.19322916666666667 0.14305555555555555 0.028125 0.03981481481481482
1 0.3268229166666667 0.20185185185185187 0.04114583333333333 0.044444444444444446
1 0.18645833333333334 0.21944444444444444 0.040625 0.06296296296296296
1 0.5143229166666666 0.1125 0.018229166666666668 0.03796296296296296
1 0.8231770833333333 0.17962962962962964 0.034895833333333334 0.05
1 0.41119791666666666 0.18796296296296297 0.03802083333333333 0.03888888888888889
1 0.15598958333333332 0.16296296296296298 0.013020833333333334 0.037037037037037035
1 0.3528645833333333 0.24305555555555555 0.03177083333333333 0.06574074074074074
1 0.6463541666666667 0.16342592592592592 0.0375 0.06574074074074074
1 0.18385416666666668 0.1824074074074074 0.0375 0.044444444444444446
1 0.3450520833333333 0.12638888888888888 0.0296875 0.04537037037037037
1 0.8364583333333333 0.23194444444444445 0.06770833333333333 0.08425925925925926
1 0.8098958333333334 0.17083333333333334 0.036458333333333336 0.062037037037037036
1 0.25546875 0.08981481481481482 0.0203125 0.03518518518518519
1 0.6721354166666667 0.13333333333333333 0.03697916666666667 0.03888888888888889
1 0.97578125 0.25046296296296294 0.04739583333333333 0.07685185185185185
1 0.16770833333333332 0.12453703703703704 0.029166666666666667 0.03796296296296296
1 0.24192708333333332 0.16620370370370371 0.04010416666666667 0.04351851851851852
1 0.64453125 0.10972222222222222 0.024479166666666666 0.025
1 0.35390625 0.08287037037037037 0.022395833333333334 0.03611111111111111
1 0.6921875 0.11712962962962963 0.026041666666666668 0.028703703703703703
1 0.26927083333333335 0.10092592592592593 0.029166666666666667 0.03888888888888889
1 0.3265625 0.11712962962962963 0.020833333333333332 0.03425925925925926
1 0.18645833333333334 0.29583333333333334 0.051041666666666666 0.09907407407407408
1 0.23046875 0.125 0.030729166666666665 0.03518518518518519
1 0.859375 0.20601851851851852 0.023958333333333335 0.028703703703703703
1 0.30963541666666666 0.15462962962962962 0.0359375 0.044444444444444446
1 0.29791666666666666 0.14166666666666666 0.030208333333333334 0.05185185185185185
1 0.7520833333333333 0.15648148148148147 0.014583333333333334 0.04259259259259259
1 0.3768229166666667 0.18981481481481483 0.034895833333333334 0.027777777777777776
1 0.28203125 0.12175925925925926 0.03177083333333333 0.04351851851851852
1 0.23958333333333334 0.14074074074074075 0.0375 0.03148148148148148
1 0.35234375 0.22037037037037038 0.04739583333333333 0.06296296296296296
1 0.4713541666666667 0.08796296296296297 0.020833333333333332 0.037037037037037035
1 0.390625 0.1574074074074074 0.035416666666666666 0.05
1 0.859375 0.17685185185185184 0.05 0.05925925925925926
1 0.43776041666666665 0.07268518518518519 0.0203125 0.03611111111111111
1 0.4890625 0.09537037037037037 0.021875 0.04259259259259259
1 0.39505208333333336 0.11388888888888889 0.0234375 0.03518518518518519
1 0.46197916666666666 0.06712962962962964 0.01875 0.026851851851851852
1 0.9875 0.1865740740740741 0.023958333333333335 0.05277777777777778
1 0.7276041666666667 0.1638888888888889 0.042708333333333334 0.06851851851851852
1 0.36640625 0.1449074074074074 0.0328125 0.04722222222222222
1 0.5106770833333333 0.2 0.04114583333333333 0.06851851851851852
1 0.5979166666666667 0.11574074074074074 0.025 0.040740740740740744
1 0.0049479166666666664 0.5370370370370371 0.009895833333333333 0.08148148148148149