1 0.5200520833333333 0.8175925925925925 0.14322916666666666 0.18518518518518517
1 0.2916666666666667 0.9231481481481482 0.175 0.15185185185185185
1 0.7440104166666667 0.725462962962963 0.1328125 0.1824074074074074
1 0.42421875 0.6277777777777778 0.11197916666666667 0.15
1 0.5302083333333333 0.3106481481481482 0.06354166666666666 0.08055555555555556
1 0.20442708333333334 0.4949074074074074 0.10052083333333334 0.12685185185185185
1 0.83046875 0.5717592592592593 0.10885416666666667 0.16203703703703703
1 0.3455729166666667 0.42453703703703705 0.07760416666666667 0.10462962962962963
1 0.5911458333333334 0.5356481481481481 0.09583333333333334 0.14351851851851852
1 0.18645833333333334 0.4101851851851852 0.07916666666666666 0.1
1 0.7401041666666667 0.48518518518518516 0.103125 0.13518518518518519
1 0.8020833333333334 0.40370370370370373 0.08333333333333333 0.1111111111111111
1 0.40546875 0.5504629629629629 0.1078125 0.13796296296296295
1 0.61328125 0.36203703703703705 0.07864583333333333 0.12037037037037036
1 0.47578125 0.2523148148148148 0.0515625 0.06759259259259259
1 0.69140625 0.3148148148148148 0.0671875 0.10555555555555556
1 0.4401041666666667 0.2273148148148148 0.046875 0.062037037037037036
1 0.30755208333333334 0.31574074074074077 0.059895833333333336 0.08333333333333333
1 0.90234375 0.27685185185185185 0.059895833333333336 0.07777777777777778
1 0.9734375 0.20277777777777778 0.052083333333333336 0.07407407407407407
1 0.5354166666666667 0.47962962962962963 0.0875 0.11851851851851852
1 0.03723958333333333 0.45 0.07447916666666667 0.12962962962962962
1 0.4473958333333333 0.3277777777777778 0.06458333333333334 0.10185185185185185
1 0.39375 0.274537037037037 0.04791666666666667 0.07314814814814814
1 0.5854166666666667 0.25324074074074077 0.052083333333333336 0.0787037037037037
1 0.40703125 0.30324074074074076 0.04635416666666667 0.08055555555555556
1 0.6846354166666667 0.21203703703703702 0.0453125 0.044444444444444446
1 0.18020833333333333 0.2935185185185185 0.052083333333333336 0.07592592592592592
1 0.6471354166666666 0.28055555555555556 0.058854166666666666 0.08888888888888889
1 0.6354166666666666 0.1837962962962963 0.04375 0.049074074074074076
1 0.4283854166666667 0.13796296296296295 0.0328125 0.044444444444444446
1 0.33359375 0.36064814814814816 0.0640625 0.08796296296296297
1 0.39791666666666664 0.17731481481481481 0.03125 0.04722222222222222
1 0.6614583333333334 0.12268518518518519 0.029166666666666667 0.04351851851851852
1 0.3411458333333333 0.21898148148148147 0.0375 0.06018518518518518
1 0.8265625 0.24027777777777778 0.052083333333333336 0.07685185185185185
1 0.49166666666666664 0.11712962962962963 0.027083333333333334 0.03611111111111111
1 0.30234375 0.15 0.033854166666666664 0.040740740740740744
1 0.9408854166666667 0.4828703703703704 0.10052083333333334 0.1527777777777778
1 0.6075520833333333 0.17222222222222222 0.028645833333333332 0.03888888888888889
1 0.42734375 0.1962962962962963 0.044270833333333336 0.07037037037037037
1 0.9036458333333334 0.2351851851851852 0.05520833333333333 0.06111111111111111
1 0.2752604166666667 0.24583333333333332 0.058854166666666666 0.09537037037037037
1 0.16145833333333334 0.08425925925925926 0.025 0.03333333333333333
1 0.3221354166666667 0.18009259259259258 0.030729166666666665 0.06018518518518518
1 0.8033854166666666 0.19675925925925927 0.0328125 0.05648148148148148
1 0.69609375 0.1625 0.0359375 0.05092592592592592
1 0.5046875 0.41574074074074074 0.08333333333333333 0.13148148148148148
1 0.8622395833333333 0.1925925925925926 0.030729166666666665 0.04814814814814815
1 0.5768229166666666 0.1597222222222222 0.033854166666666664 0.03425925925925926
1 0.3854166666666667 0.16666666666666666 0.03125 0.05555555555555555
1 0.5286458333333334 0.13842592592592592 0.015625 0.025
1 0.3841145833333333 0.1087962962962963 0.03177083333333333 0.05092592592592592
1 0.3653645833333333 0.10092592592592593 0.0140625 0.03333333333333333
1 0.22682291666666668 0.12175925925925926 0.030729166666666665 0.03796296296296296
1 0.7364583333333333 0.12777777777777777 0.023958333333333335 0.03518518518518519
1 0.34140625 0.18564814814814815 0.04114583333333333 0.04722222222222222
1 0.6734375 0.10601851851851851 0.025 0.04537037037037037
1 0.8924479166666667 0.21203703703703702 0.05364583333333333 0.07592592592592592
1 0.34296875 0.125 0.028645833333333332 0.046296296296296294
1 0.5526041666666667 0.11666666666666667 0.01875 0.027777777777777776
1 0.8346354166666666 0.18287037037037038 0.03177083333333333 0.05277777777777778
1 0.5580729166666667 0.14444444444444443 0.030729166666666665 0.03518518518518519
1 0.27369791666666665 0.10694444444444444 0.0328125 0.041666666666666664
1 0.56953125 0.23287037037037037 0.05260416666666667 0.08796296296296297
1 0.36276041666666664 0.14907407407407408 0.030729166666666665 0.040740740740740744
1 0.471875 0.09166666666666666 0.022916666666666665 0.02962962962962963
1 0.5953125 0.11064814814814815 0.027083333333333334 0.03611111111111111
1 0.7153645833333333 0.1388888888888889 0.0328125 0.046296296296296294
1 0.321875 0.10462962962962963 0.026041666666666668 0.040740740740740744
1 0.6440104166666667 0.16666666666666666 0.033854166666666664 0.05185185185185185
1 0.6442708333333333 0.13472222222222222 0.03229166666666667 0.03611111111111111
1 0.34661458333333334 0.14074074074074075 0.024479166666666666 0.037037037037037035
1 0.5104166666666666 0.1037037037037037 0.027083333333333334 0.05
1 0.41901041666666666 0.12777777777777777 0.028645833333333332 0.05
1 0.6986979166666667 0.45092592592592595 0.07864583333333333 0.11666666666666667
1 0.2859375 0.125 0.036458333333333336 0.03333333333333333
1 0.18203125 0.2569444444444444 0.049479166666666664 0.06388888888888888
1 0.63203125 0.1259259259259259 0.025520833333333333 0.02962962962962963
1 0.9057291666666667 0.17175925925925925 0.05 0.07314814814814814
1 0.7255208333333333 0.20046296296296295 0.040625 0.06944444444444445
1 0.5690104166666666 0.10185185185185185 0.022395833333333334 0.024074074074074074
1 0.6122395833333333 0.1439814814814815 0.03177083333333333 0.030555555555555555
1 0.7658854166666667 0.20972222222222223 0.05572916666666667 0.08611111111111111
1 0.35625 0.0875 0.021875 0.032407407407407406
1 0.5533854166666666 0.08703703703703704 0.0234375 0.024074074074074074
1 0.17734375 0.20601851851851852 0.0453125 0.04537037037037037
1 0.2677083333333333 0.20925925925925926 0.053125 0.06666666666666667
1 0.4361979166666667 0.08101851851851852 0.022395833333333334 0.03425925925925926
1 0.74921875 0.15694444444444444 0.03177083333333333 0.028703703703703703
1 0.21145833333333333 0.08287037037037037 0.026041666666666668 0.03611111111111111
1 0.6450520833333333 0.09444444444444444 0.0296875 0.037037037037037035
1 0.7182291666666667 0.11018518518518519 0.020833333333333332 0.016666666666666666
1 0.40859375 0.0763888888888889 0.018229166666666668 0.021296296296296296
1 0.58828125 0.13240740740740742 0.0296875 0.037037037037037035
1 0.17161458333333332 0.23287037037037037 0.04114583333333333 0.075
1 0.1859375 0.07824074074074074 0.017708333333333333 0.023148148148148147
1 0.3697916666666667 0.23564814814814813 0.046875 0.08055555555555556
1 0.496875 0.07824074074074074 0.019791666666666666 0.03611111111111111
1 0.25364583333333335 0.1726851851851852 0.042708333333333334 0.05648148148148148