2 0.6080729166666666 0.08425925925925926 0.0953125 0.08148148148148149
1 0.43776041666666665 0.6606481481481481 0.1171875 0.14907407407407408
1 0.24453125 0.7453703703703703 0.13385416666666666 0.18703703703703703
1 0.6403645833333333 0.5884259259259259 0.1078125 0.15092592592592594
1 0.4986979166666667 0.28194444444444444 0.0578125 0.07314814814814814
1 0.8372395833333334 0.8888888888888888 0.20364583333333333 0.22037037037037038
1 0.97890625 0.31296296296296294 0.04114583333333333 0.08518518518518518
1 0.3846354166666667 0.5263888888888889 0.09322916666666667 0.13055555555555556
1 0.53671875 0.4601851851851852 0.0859375 0.12777777777777777
1 0.3302083333333333 0.375 0.06979166666666667 0.09259259259259259
1 0.48880208333333336 0.4203703703703704 0.0671875 0.10185185185185185
1 0.2 0.4310185185185185 0.084375 0.11388888888888889
1 0.6346354166666667 0.3907407407407407 0.0671875 0.1037037037037037
1 0.7520833333333333 0.48564814814814816 0.09166666666666666 0.1361111111111111
1 0.11875 0.3939814814814815 0.07291666666666667 0.11574074074074074
1 0.66796875 0.4212962962962963 0.0890625 0.11851851851851852
1 0.6403645833333333 0.28055555555555556 0.059895833333333336 0.0962962962962963
1 0.45078125 0.23194444444444445 0.0484375 0.06388888888888888
1 0.565625 0.32314814814814813 0.071875 0.10740740740740741
1 0.36666666666666664 0.47314814814814815 0.09166666666666666 0.12222222222222222
1 0.2877604166666667 0.2861111111111111 0.050520833333333334 0.07777777777777778
1 0.9184895833333333 0.637962962962963 0.1328125 0.20925925925925926
1 0.38671875 0.27546296296296297 0.043229166666666666 0.07314814814814814
1 0.7263020833333333 0.3537037037037037 0.07239583333333334 0.0962962962962963
1 0.5106770833333333 0.12685185185185185 0.028645833333333332 0.03518518518518519
1 0.31588541666666664 0.32175925925925924 0.0578125 0.08425925925925926
1 0.7359375 0.1763888888888889 0.040625 0.05462962962962963
1 0.5979166666666667 0.25277777777777777 0.05625 0.08518518518518518
1 0.17213541666666668 0.2712962962962963 0.04739583333333333 0.06666666666666667
1 0.4231770833333333 0.2972222222222222 0.0578125 0.09444444444444444
1 0.18489583333333334 0.3486111111111111 0.07083333333333333 0.06018518518518518
1 0.971875 0.2625 0.05520833333333333 0.07685185185185185
1 0.67890625 0.20601851851851852 0.050520833333333334 0.062037037037037036
1 0.8619791666666666 0.21666666666666667 0.026041666666666668 0.06481481481481481
1 0.6078125 0.175 0.036458333333333336 0.037037037037037035
1 0.7669270833333334 0.13518518518518519 0.025520833333333333 0.03518518518518519
1 0.4669270833333333 0.36712962962962964 0.07760416666666667 0.11574074074074074
1 0.6455729166666667 0.18796296296296297 0.034895833333333334 0.04259259259259259
1 0.37473958333333335 0.10138888888888889 0.030729166666666665 0.04722222222222222
1 0.16848958333333333 0.2125 0.04010416666666667 0.07314814814814814
1 0.3848958333333333 0.16435185185185186 0.030208333333333334 0.04351851851851852
1 0.5359375 0.2101851851851852 0.05 0.08148148148148149
1 0.9580729166666667 0.17037037037037037 0.0546875 0.044444444444444446
1 0.8328125 0.4074074074074074 0.08541666666666667 0.13148148148148148
1 0.4864583333333333 0.09814814814814815 0.025 0.03333333333333333
1 0.2638020833333333 0.22824074074074074 0.05677083333333333 0.08796296296296297
1 0.41302083333333334 0.12777777777777777 0.030208333333333334 0.04259259259259259
1 0.9013020833333333 0.2708333333333333 0.0578125 0.08611111111111111
1 0.2986979166666667 0.1388888888888889 0.03177083333333333 0.03888888888888889
1 0.6729166666666667 0.1439814814814815 0.034375 0.03796296296296296
1 0.5833333333333334 0.16157407407407406 0.030208333333333334 0.03425925925925926
1 0.9434895833333333 0.21851851851851853 0.0515625 0.06296296296296296
1 0.3572916666666667 0.21712962962962962 0.042708333333333334 0.075
1 0.6875 0.13240740740740742 0.030208333333333334 0.044444444444444446
1 0.3346354166666667 0.11666666666666667 0.0265625 0.04259259259259259
1 0.6140625 0.14722222222222223 0.03229166666666667 0.046296296296296294
1 0.18151041666666667 0.18935185185185185 0.03697916666666667 0.04351851851851852
1 0.16979166666666667 0.1361111111111111 0.03958333333333333 0.05740740740740741
1 0.33307291666666666 0.17037037037037037 0.0390625 0.04259259259259259
1 0.3765625 0.15324074074074073 0.03125 0.05092592592592592
1 0.8799479166666667 0.19398148148148148 0.0328125 0.05277777777777778
1 0.9075520833333334 0.20462962962962963 0.0390625 0.04814814814814815
1 0.5736979166666667 0.12546296296296297 0.027604166666666666 0.028703703703703703
1 0.5541666666666667 0.0837962962962963 0.019791666666666666 0.04722222222222222
1 0.33697916666666666 0.1310185185185185 0.020833333333333332 0.03611111111111111
1 0.22135416666666666 0.1125 0.03229166666666667 0.04351851851851852
1 0.18125 0.23981481481481481 0.04375 0.06296296296296296
1 0.6919270833333333 0.10787037037037037 0.027604166666666666 0.04351851851851852
1 0.55859375 0.15138888888888888 0.03177083333333333 0.028703703703703703
1 0.5109375 0.08518518518518518 0.023958333333333335 0.04259259259259259
1 0.33098958333333334 0.20277777777777778 0.034895833333333334 0.05555555555555555
1 0.31328125 0.16527777777777777 0.028645833333333332 0.058333333333333334
1 0.7338541666666667 0.2388888888888889 0.052083333333333336 0.04814814814814815
1 0.58671875 0.09953703703703703 0.0265625 0.03981481481481482
1 0.34661458333333334 0.08194444444444444 0.019270833333333334 0.030555555555555555
1 0.4119791666666667 0.1814814814814815 0.041666666666666664 0.06481481481481481
1 0.40625 0.1175925925925926 0.027083333333333334 0.044444444444444446
1 0.44817708333333334 0.0875 0.025520833333333333 0.041666666666666664
1 0.6177083333333333 0.12268518518518519 0.030208333333333334 0.04351851851851852
1 0.37526041666666665 0.25092592592592594 0.044270833333333336 0.06851851851851852
1 0.5330729166666667 0.06388888888888888 0.021354166666666667 0.027777777777777776
1 0.5520833333333334 0.22824074074074074 0.04583333333333333 0.07314814814814814
1 0.26614583333333336 0.10092592592592593 0.029166666666666667 0.04259259259259259
1 0.16666666666666666 0.16157407407407406 0.029166666666666667 0.03611111111111111
1 0.24557291666666667 0.16111111111111112 0.0390625 0.053703703703703705
1 0.28151041666666665 0.1162037037037037 0.034895833333333334 0.03425925925925926
1 0.659375 0.13287037037037036 0.025 0.026851851851851852
1 0.79296875 0.1712962962962963 0.013020833333333334 0.027777777777777776
1 0.6455729166666667 0.16666666666666666 0.03697916666666667 0.044444444444444446
1 0.47291666666666665 0.08796296296296297 0.021875 0.040740740740740744
1 0.7825520833333334 0.22268518518518518 0.04739583333333333 0.07685185185185185
1 0.8307291666666666 0.23148148148148148 0.0625 0.09814814814814815
1 0.7552083333333334 0.20925925925925926 0.03125 0.053703703703703705
1 0.665625 0.09953703703703703 0.028125 0.03981481481481482
1 0.42109375 0.20879629629629629 0.044270833333333336 0.06018518518518518
1 0.7513020833333334 0.15231481481481482 0.0359375 0.049074074074074076
1 0.3541666666666667 0.13796296296296295 0.029166666666666667 0.03888888888888889
1 0.6815104166666667 0.17037037037037037 0.0359375 0.02962962962962963
1 0.78203125 0.16712962962962963 0.034895833333333334 0.03611111111111111
1 0.9872395833333333 0.21203703703703702 0.024479166666666666 0.03333333333333333
1 0.2609375 0.19305555555555556 0.057291666666666664 0.058333333333333334
1 0.74375 0.12037037037037036 0.022916666666666665 0.018518518518518517