1 0.45859375 0.7092592592592593 0.12447916666666667 0.16111111111111112
1 0.2598958333333333 0.8101851851851852 0.146875 0.2037037037037037
1 0.09322916666666667 0.4134259259259259 0.07708333333333334 0.12129629629629629
1 0.39479166666666665 0.5578703703703703 0.096875 0.1361111111111111
1 0.5541666666666667 0.48194444444444445 0.0875 0.13240740740740742
1 0.6703125 0.6296296296296297 0.11458333333333333 0.15925925925925927
1 0.95 0.6884259259259259 0.09895833333333333 0.225
1 0.20260416666666667 0.45 0.08645833333333333 0.11851851851851852
1 0.6552083333333333 0.41064814814814815 0.07083333333333333 0.10462962962962963
1 0.5088541666666667 0.2898148148148148 0.06041666666666667 0.07407407407407407
1 0.33541666666666664 0.3921296296296296 0.071875 0.09537037037037037
1 0.9013020833333333 0.9337962962962963 0.19635416666666666 0.13055555555555556
1 0.68984375 0.44212962962962965 0.09322916666666667 0.125
1 0.37109375 0.49537037037037035 0.0859375 0.1259259259259259
1 0.29401041666666666 0.29583333333333334 0.0546875 0.0787037037037037
1 0.65703125 0.2916666666666667 0.06302083333333333 0.1
1 0.5020833333333333 0.43796296296296294 0.07083333333333333 0.10925925925925926
1 0.77734375 0.5120370370370371 0.10052083333333334 0.14444444444444443
1 0.4296875 0.3060185185185185 0.059375 0.09537037037037037
1 0.17369791666666667 0.27824074074074073 0.04739583333333333 0.0712962962962963
1 0.5815104166666667 0.33564814814814814 0.07552083333333333 0.11203703703703703
1 0.41848958333333336 0.13055555555555556 0.03177083333333333 0.044444444444444446
1 0.18489583333333334 0.38287037037037036 0.07291666666666667 0.10277777777777777
1 0.3932291666666667 0.2851851851851852 0.04479166666666667 0.07592592592592592
1 0.5638020833333334 0.23472222222222222 0.0484375 0.075
1 0.6151041666666667 0.2601851851851852 0.053125 0.08518518518518518
1 0.9588541666666667 0.3111111111111111 0.06354166666666666 0.06296296296296296
1 0.8747395833333333 0.25925925925925924 0.05572916666666667 0.08333333333333333
1 0.3619791666666667 0.22268518518518518 0.04479166666666667 0.075
1 0.3338541666666667 0.20787037037037037 0.034375 0.05648148148148148
1 0.503125 0.12314814814814815 0.028125 0.03333333333333333
1 0.478125 0.3819444444444444 0.07708333333333334 0.12129629629629629
1 0.38125 0.2587962962962963 0.04583333333333333 0.06944444444444445
1 0.6630208333333333 0.1962962962962963 0.04791666666666667 0.05555555555555555
1 0.7153645833333333 0.23333333333333334 0.05260416666666667 0.05185185185185185
1 0.75546875 0.13333333333333333 0.024479166666666666 0.037037037037037035
1 0.31588541666666664 0.16944444444444445 0.0296875 0.05925925925925926
1 0.3885416666666667 0.1685185185185185 0.03125 0.044444444444444446
1 0.26666666666666666 0.2337962962962963 0.05520833333333333 0.09166666666666666
1 0.29921875 0.14074074074074075 0.0328125 0.046296296296296294
1 0.8674479166666667 0.43148148148148147 0.09010416666666667 0.13703703703703704
1 0.6328125 0.1824074074074074 0.03229166666666667 0.03888888888888889
1 0.9213541666666667 0.21388888888888888 0.04375 0.06296296296296296
1 0.321875 0.3351851851851852 0.06041666666666667 0.08703703703703704
1 0.546875 0.2162037037037037 0.04791666666666667 0.0824074074074074
1 0.59609375 0.16944444444444445 0.034895833333333334 0.037037037037037035
1 0.6104166666666667 0.11898148148148148 0.027083333333333334 0.03981481481481482
1 0.840625 0.21157407407407408 0.029166666666666667 0.062037037037037036
1 0.9484375 0.2518518518518518 0.058333333333333334 0.07407407407407407
1 0.8911458333333333 0.20277777777777778 0.03854166666666667 0.05185185185185185
1 0.33828125 0.11944444444444445 0.0265625 0.040740740740740744
1 0.17942708333333332 0.24583333333333332 0.04635416666666667 0.06574074074074074
1 0.67734375 0.12962962962962962 0.028645833333333332 0.04259259259259259
1 0.5744791666666667 0.09259259259259259 0.028125 0.03148148148148148
1 0.4817708333333333 0.0962962962962963 0.026041666666666668 0.03333333333333333
1 0.37786458333333334 0.1 0.030729166666666665 0.04259259259259259
1 0.5208333333333334 0.10648148148148148 0.026041666666666668 0.044444444444444446
1 0.33645833333333336 0.17546296296296296 0.040625 0.04351851851851852
1 0.6684895833333333 0.17222222222222222 0.03697916666666667 0.04259259259259259
1 0.8640625 0.18981481481481483 0.03333333333333333 0.05185185185185185
1 0.41041666666666665 0.12222222222222222 0.028125 0.04814814814814815
1 0.4171875 0.1875 0.042708333333333334 0.06759259259259259
1 0.7390625 0.1476851851851852 0.034375 0.04722222222222222
1 0.3567708333333333 0.14166666666666666 0.029166666666666667 0.040740740740740744
1 0.7510416666666667 0.36898148148148147 0.07604166666666666 0.10092592592592593
1 0.528125 0.06342592592592593 0.020833333333333332 0.026851851851851852
1 0.2682291666666667 0.10324074074074074 0.03125 0.04351851851851852
1 0.565625 0.12222222222222222 0.027083333333333334 0.027777777777777776
1 0.9393229166666667 0.16620370370370371 0.05260416666666667 0.04537037037037037
1 0.96484375 0.22777777777777777 0.049479166666666664 0.07777777777777778
1 0.17005208333333333 0.13148148148148148 0.0390625 0.04259259259259259
1 0.3497395833333333 0.0837962962962963 0.0203125 0.032407407407407406
1 0.6328125 0.15833333333333333 0.035416666666666666 0.040740740740740744
1 0.6848958333333334 0.1087962962962963 0.028125 0.04537037037037037
1 0.45859375 0.23796296296296296 0.049479166666666664 0.06481481481481481
1 0.24791666666666667 0.1638888888888889 0.040625 0.05185185185185185
1 0.5057291666666667 0.08333333333333333 0.021875 0.040740740740740744
1 0.18177083333333333 0.18611111111111112 0.03854166666666667 0.06111111111111111
1 0.22369791666666666 0.1175925925925926 0.030729166666666665 0.037037037037037035
1 0.6627604166666666 0.14166666666666666 0.0328125 0.03888888888888889
1 0.31484375 0.1 0.027604166666666666 0.037037037037037035
1 0.96015625 0.2740740740740741 0.05572916666666667 0.03148148148148148
1 0.7611979166666667 0.16620370370370371 0.0203125 0.028703703703703703
1 0.57578125 0.15324074074074073 0.028645833333333332 0.03611111111111111
1 0.7338541666666667 0.11805555555555555 0.022916666666666665 0.01574074074074074
1 0.47994791666666664 0.06342592592592593 0.022395833333333334 0.025
1 0.35911458333333335 0.09814814814814815 0.011979166666666667 0.03333333333333333
1 0.46848958333333335 0.08657407407407407 0.022395833333333334 0.041666666666666664
1 0.16979166666666667 0.22037037037037038 0.040625 0.07407407407407407
1 0.55 0.08009259259259259 0.01875 0.03981481481481482
1 0.44427083333333334 0.08472222222222223 0.023958333333333335 0.03981481481481482
1 0.34010416666666665 0.13472222222222222 0.021875 0.03425925925925926
1 0.5541666666666667 0.14583333333333334 0.025 0.03425925925925926
1 0.5817708333333333 0.10740740740740741 0.025 0.02962962962962963
1 0.721875 0.1712962962962963 0.03854166666666667 0.053703703703703705
1 0.37916666666666665 0.15787037037037038 0.030208333333333334 0.05462962962962963
1 0.6049479166666667 0.1412037037037037 0.03177083333333333 0.041666666666666664
1 0.26067708333333334 0.19583333333333333 0.0546875 0.05648148148148148
1 0.8104166666666667 0.22453703703703703 0.053125 0.09166666666666666
1 0.24010416666666667 0.1361111111111111 0.040625 0.037037037037037035
1 0.16640625 0.1648148148148148 0.0296875 0.037037037037037035
1 0.65859375 0.09675925925925925 0.027604166666666666 0.03611111111111111
1 0.2830729166666667 0.11898148148148148 0.034895833333333334 0.03611111111111111
1 0.42682291666666666 0.21481481481481482 0.0453125 0.06111111111111111
1 0.7502604166666667 0.21388888888888888 0.050520833333333334 0.07407407407407407
1 0.64921875 0.12962962962962962 0.0265625 0.025925925925925925
1 0.9966145833333333 0.22453703703703703 0.005729166666666666 0.05277777777777778