2 0.7080729166666667 0.3976851851851852 0.1171875 0.22685185185185186
2 0.8247395833333333 0.14027777777777778 0.06927083333333334 0.1361111111111111
2 0.9734375 0.17592592592592593 0.052083333333333336 0.1814814814814815
2 0.7635416666666667 0.08888888888888889 0.05416666666666667 0.08703703703703704
1 0.74765625 0.7296296296296296 0.1328125 0.17037037037037037
1 0.8388020833333333 0.8916666666666667 0.15885416666666666 0.21481481481481482
1 0.6057291666666667 0.3638888888888889 0.07291666666666667 0.09259259259259259
1 0.5114583333333333 0.4361111111111111 0.084375 0.11666666666666667
1 0.21171875 0.6148148148148148 0.1015625 0.1388888888888889
1 0.3692708333333333 0.45 0.08333333333333333 0.11481481481481481
1 0.5263020833333333 0.30277777777777776 0.05572916666666667 0.07962962962962963
1 0.6328125 0.4115740740740741 0.04583333333333333 0.10462962962962963
1 0.18671875 0.5476851851851852 0.10052083333333334 0.11944444444444445
1 0.61328125 0.28194444444444444 0.0546875 0.07685185185185185
1 0.49244791666666665 0.2657407407407407 0.05572916666666667 0.07407407407407407
1 0.6440104166666667 0.19537037037037036 0.04010416666666667 0.03888888888888889
1 0.5072916666666667 0.7777777777777778 0.14791666666666667 0.23703703703703705
1 0.19296875 0.2708333333333333 0.049479166666666664 0.075
1 0.8236979166666667 0.5518518518518518 0.12552083333333333 0.20555555555555555
1 0.6075520833333333 0.15462962962962962 0.034895833333333334 0.04814814814814815
1 0.7276041666666667 0.23333333333333334 0.04479166666666667 0.05740740740740741
1 0.8609375 0.25601851851851853 0.058333333333333334 0.09166666666666666
1 0.58125 0.2518518518518518 0.053125 0.08148148148148149
1 0.26666666666666666 0.21805555555555556 0.03958333333333333 0.05277777777777778
1 0.9848958333333333 0.32037037037037036 0.029166666666666667 0.09074074074074075
1 0.4401041666666667 0.6819444444444445 0.11458333333333333 0.16574074074074074
1 0.4947916666666667 0.38981481481481484 0.065625 0.10185185185185185
1 0.36770833333333336 0.2712962962962963 0.034375 0.06666666666666667
1 0.18802083333333333 0.4527777777777778 0.07708333333333334 0.10925925925925926
1 0.81640625 0.20185185185185187 0.04635416666666667 0.07407407407407407
1 0.23880208333333333 0.14537037037037037 0.033854166666666664 0.04259259259259259
1 0.5231770833333333 0.11851851851851852 0.024479166666666666 0.03148148148148148
1 0.24817708333333333 0.1712962962962963 0.03697916666666667 0.05
1 0.43020833333333336 0.3199074074074074 0.06770833333333333 0.11574074074074074
1 0.18723958333333332 0.38287037037037036 0.0796875 0.10833333333333334
1 0.2877604166666667 0.30277777777777776 0.0578125 0.07592592592592592
1 0.59140625 0.1449074074074074 0.0328125 0.049074074074074076
1 0.6502604166666667 0.13518518518518519 0.04010416666666667 0.06111111111111111
1 0.39375 0.17222222222222222 0.03854166666666667 0.05555555555555555
1 0.6786458333333333 0.12962962962962962 0.021875 0.04259259259259259
1 0.16901041666666666 0.08425925925925926 0.027604166666666666 0.027777777777777776
1 0.34791666666666665 0.3925925925925926 0.0875 0.14074074074074075
1 0.75703125 0.21296296296296297 0.03802083333333333 0.05555555555555555
1 0.5 0.10231481481481482 0.030208333333333334 0.04722222222222222
1 0.2643229166666667 0.10324074074074074 0.024479166666666666 0.03796296296296296
1 0.4588541666666667 0.08333333333333333 0.022916666666666665 0.037037037037037035
1 0.4317708333333333 0.21157407407407408 0.040625 0.04722222222222222
1 0.4041666666666667 0.19027777777777777 0.028125 0.05648148148148148
1 0.35989583333333336 0.23194444444444445 0.052083333333333336 0.08055555555555556
1 0.7575520833333333 0.1486111111111111 0.03697916666666667 0.05462962962962963
1 0.2625 0.19537037037037036 0.04583333333333333 0.044444444444444446
1 0.7127604166666667 0.13333333333333333 0.030729166666666665 0.03518518518518519
1 0.29453125 0.14212962962962963 0.0328125 0.05462962962962963
1 0.5591145833333333 0.12824074074074074 0.027604166666666666 0.041666666666666664
1 0.890625 0.16898148148148148 0.036458333333333336 0.06574074074074074
1 0.45364583333333336 0.2324074074074074 0.040625 0.05740740740740741
1 0.43203125 0.18611111111111112 0.04114583333333333 0.044444444444444446
1 0.71875 0.20046296296296295 0.04479166666666667 0.06018518518518518
1 0.9356770833333333 0.18564814814814815 0.033854166666666664 0.07685185185185185
1 0.3619791666666667 0.14814814814814814 0.03333333333333333 0.05
1 0.41770833333333335 0.07037037037037037 0.01875 0.025925925925925925
1 0.4010416666666667 0.28703703703703703 0.04895833333333333 0.10740740740740741
1 0.16796875 0.14675925925925926 0.033854166666666664 0.04351851851851852
1 0.3203125 0.16527777777777777 0.03333333333333333 0.058333333333333334
1 0.46119791666666665 0.24583333333333332 0.044270833333333336 0.06574074074074074
1 0.5942708333333333 0.09444444444444444 0.021875 0.018518518518518517
1 0.7015625 0.18472222222222223 0.041666666666666664 0.06944444444444445
1 0.3497395833333333 0.13796296296296295 0.028645833333333332 0.03888888888888889
1 0.47682291666666665 0.0962962962962963 0.0234375 0.03333333333333333
1 0.58515625 0.13240740740740742 0.03177083333333333 0.05925925925925926
1 0.7278645833333334 0.1398148148148148 0.0265625 0.027777777777777776
1 0.32708333333333334 0.0712962962962963 0.019791666666666666 0.020370370370370372
1 0.7315104166666667 0.16805555555555557 0.0265625 0.03425925925925926
1 0.63515625 0.10555555555555556 0.0234375 0.03518518518518519
1 0.7848958333333333 0.13796296296296295 0.014583333333333334 0.025925925925925925
1 0.5859375 0.07824074074074074 0.028125 0.023148148148148147
1 0.7869791666666667 0.18194444444444444 0.03958333333333333 0.06574074074074074
1 0.403125 0.12222222222222222 0.029166666666666667 0.03888888888888889
1 0.18125 0.2111111111111111 0.040625 0.05185185185185185
1 0.9098958333333333 0.17962962962962964 0.03854166666666667 0.06296296296296296
1 0.4421875 0.07592592592592592 0.01875 0.03148148148148148
1 0.2296875 0.13425925925925927 0.036458333333333336 0.037037037037037035
1 0.1765625 0.18472222222222223 0.04895833333333333 0.04722222222222222
1 0.3390625 0.20833333333333334 0.03333333333333333 0.053703703703703705
1 0.42526041666666664 0.14027777777777778 0.024479166666666666 0.03981481481481482
1 0.6127604166666667 0.11388888888888889 0.030729166666666665 0.037037037037037035
1 0.44375 0.15324074074074073 0.03333333333333333 0.05462962962962963
1 0.5450520833333333 0.06574074074074074 0.022395833333333334 0.03148148148148148
1 0.3372395833333333 0.1875 0.03802083333333333 0.05462962962962963
1 0.18776041666666668 0.22685185185185186 0.0421875 0.07222222222222222
1 0.9765625 0.26435185185185184 0.04583333333333333 0.07685185185185185