2 0.8619791666666666 0.5287037037037037 0.15729166666666666 0.3
2 0.8854166666666666 0.15046296296296297 0.075 0.16018518518518518
2 0.76640625 0.12268518518518519 0.06614583333333333 0.12314814814814815
1 0.18125 0.7314814814814815 0.13020833333333334 0.1574074074074074
1 0.25078125 0.8453703703703703 0.1390625 0.18703703703703703
1 0.7109375 0.46064814814814814 0.090625 0.11388888888888889
1 0.6927083333333334 0.34629629629629627 0.07395833333333333 0.0962962962962963
1 0.61640625 0.5763888888888888 0.11197916666666667 0.15092592592592594
1 0.42135416666666664 0.5898148148148148 0.109375 0.14814814814814814
1 0.34739583333333335 0.32222222222222224 0.06354166666666666 0.08148148148148149
1 0.7674479166666667 0.5375 0.049479166666666664 0.1361111111111111
1 0.60859375 0.36944444444444446 0.06927083333333334 0.09814814814814815
1 0.31979166666666664 0.3625 0.06875 0.09166666666666666
1 0.58359375 0.5050925925925925 0.08802083333333334 0.1287037037037037
1 0.92578125 0.29398148148148145 0.0671875 0.0787037037037037
1 0.5419270833333333 0.31712962962962965 0.06510416666666667 0.08796296296296297
1 0.19244791666666666 0.3189814814814815 0.058854166666666666 0.08425925925925926
1 0.6263020833333334 0.9629629629629629 0.14947916666666666 0.07222222222222222
1 0.5822916666666667 0.16527777777777777 0.035416666666666666 0.03981481481481482
1 0.27630208333333334 0.24953703703703703 0.0453125 0.062037037037037036
1 0.6776041666666667 0.1824074074074074 0.03958333333333333 0.05185185185185185
1 0.46588541666666666 0.39490740740740743 0.0890625 0.1398148148148148
1 0.47552083333333334 0.17453703703703705 0.03854166666666667 0.062037037037037036
1 0.42421875 0.324537037037037 0.06197916666666667 0.10277777777777777
1 0.5161458333333333 0.2916666666666667 0.051041666666666666 0.08518518518518518
1 0.5627604166666667 0.13333333333333333 0.03177083333333333 0.046296296296296294
1 0.20911458333333333 0.5879629629629629 0.09739583333333333 0.15
1 0.6341145833333334 0.19074074074074074 0.0421875 0.04259259259259259
1 0.3921875 0.2671296296296296 0.06145833333333333 0.08981481481481482
1 0.38229166666666664 0.5060185185185185 0.12083333333333333 0.17685185185185184
1 0.8625 0.22314814814814815 0.05 0.06481481481481481
1 0.4166666666666667 0.19212962962962962 0.04479166666666667 0.058333333333333334
1 0.8611979166666667 0.29583333333333334 0.06927083333333334 0.0712962962962963
1 0.45026041666666666 0.15925925925925927 0.0296875 0.044444444444444446
1 0.7643229166666666 0.21666666666666667 0.050520833333333334 0.07962962962962963
1 0.25703125 0.1912037037037037 0.04635416666666667 0.05648148148148148
1 0.36328125 0.23564814814814813 0.0390625 0.06388888888888888
1 0.42291666666666666 0.1375 0.03333333333333333 0.04722222222222222
1 0.73671875 0.17314814814814813 0.0390625 0.06296296296296296
1 0.19140625 0.25787037037037036 0.04635416666666667 0.0712962962962963
1 0.19635416666666666 0.48657407407407405 0.09583333333333334 0.13796296296296295
1 0.45755208333333336 0.23287037037037037 0.04739583333333333 0.08055555555555556
1 0.43854166666666666 0.35694444444444445 0.059375 0.09537037037037037
1 0.434375 0.21435185185185185 0.03854166666666667 0.062037037037037036
1 0.24427083333333333 0.16064814814814815 0.034375 0.04722222222222222
1 0.27291666666666664 0.22870370370370371 0.051041666666666666 0.06111111111111111
1 0.496875 0.10462962962962963 0.026041666666666668 0.03333333333333333
1 0.47708333333333336 0.09259259259259259 0.030208333333333334 0.044444444444444446
1 0.6065104166666667 0.11851851851851852 0.0390625 0.05555555555555555
1 0.17109375 0.16064814814814815 0.034895833333333334 0.04722222222222222
1 0.16692708333333334 0.09259259259259259 0.030729166666666665 0.03148148148148148
1 0.3645833333333333 0.1537037037037037 0.030208333333333334 0.04259259259259259
1 0.41119791666666666 0.12731481481481483 0.03177083333333333 0.05092592592592592
1 0.66875 0.14444444444444443 0.030208333333333334 0.03148148148148148
1 0.38307291666666665 0.16620370370370371 0.04010416666666667 0.05648148148148148
1 0.30885416666666665 0.15925925925925927 0.034375 0.05555555555555555
1 0.27369791666666665 0.11203703703703703 0.0265625 0.04259259259259259
1 0.35078125 0.13194444444444445 0.0296875 0.03796296296296296
1 0.39557291666666666 0.11203703703703703 0.028645833333333332 0.05
1 0.2328125 0.13842592592592592 0.036458333333333336 0.058333333333333334
1 0.33046875 0.18472222222222223 0.03697916666666667 0.06388888888888888
1 0.6572916666666667 0.30092592592592593 0.06458333333333334 0.09259259259259259
1 0.35260416666666666 0.2101851851851852 0.03854166666666667 0.06296296296296296
1 0.66953125 0.11527777777777778 0.022395833333333334 0.028703703703703703
1 0.70859375 0.15462962962962962 0.034895833333333334 0.05740740740740741
1 0.98515625 0.26296296296296295 0.028645833333333332 0.09259259259259259
1 0.5776041666666667 0.10555555555555556 0.028125 0.044444444444444446
1 0.20963541666666666 0.12083333333333333 0.0203125 0.028703703703703703
1 0.3333333333333333 0.12129629629629629 0.025 0.03333333333333333
1 0.6473958333333333 0.11064814814814815 0.026041666666666668 0.03611111111111111
1 0.453125 0.08472222222222223 0.022916666666666665 0.032407407407407406
1 0.92734375 0.17962962962962964 0.021354166666666667 0.06851851851851852
1 0.8341145833333333 0.15138888888888888 0.034895833333333334 0.06018518518518518
1 0.5994791666666667 0.09074074074074075 0.022916666666666665 0.024074074074074074
1 0.703125 0.13148148148148148 0.0375 0.04814814814814815
1 0.68046875 0.12685185185185185 0.0203125 0.03518518518518519
1 0.18151041666666667 0.2375 0.0453125 0.06388888888888888
1 0.5609375 0.07314814814814814 0.025 0.025925925925925925
1 0.6559895833333333 0.16620370370370371 0.0328125 0.04537037037037037
1 0.30104166666666665 0.1486111111111111 0.03125 0.05277777777777778
1 0.3375 0.20324074074074075 0.022916666666666665 0.05462962962962963
1 0.6390625 0.1375 0.028125 0.025
1 0.5234375 0.1125 0.025 0.04351851851851852
1 0.63125 0.16157407407407406 0.023958333333333335 0.032407407407407406
1 0.49140625 0.2763888888888889 0.0453125 0.07685185185185185
1 0.40338541666666666 0.06805555555555555 0.022395833333333334 0.023148148148148147
1 0.84140625 0.1638888888888889 0.0203125 0.053703703703703705
1 0.33645833333333336 0.07546296296296297 0.021875 0.028703703703703703
1 0.8807291666666667 0.2569444444444444 0.05 0.06388888888888888
1 0.32447916666666665 0.10833333333333334 0.03125 0.040740740740740744
1 0.43463541666666666 0.07592592592592592 0.0171875 0.03148148148148148
1 0.17786458333333333 0.18333333333333332 0.044270833333333336 0.03333333333333333
1 0.17682291666666666 0.19907407407407407 0.04739583333333333 0.06481481481481481