2 0.7966145833333333 0.12685185185185185 0.06822916666666666 0.14074074074074075
2 0.7111979166666667 0.10555555555555556 0.06927083333333334 0.10925925925925926
1 0.9072916666666667 0.65 0.13020833333333334 0.1574074074074074
1 0.86328125 0.4527777777777778 0.09010416666666667 0.12037037037037036
1 0.56484375 0.8768518518518519 0.16197916666666667 0.22407407407407406
1 0.7604166666666666 0.7356481481481482 0.128125 0.18796296296296297
1 0.34322916666666664 0.41712962962962963 0.08229166666666667 0.10648148148148148
1 0.8546875 0.8643518518518518 0.16458333333333333 0.22314814814814815
1 0.7388020833333333 0.48657407407407405 0.0921875 0.1287037037037037
1 0.15859375 0.3861111111111111 0.07135416666666666 0.1111111111111111
1 0.63046875 0.3976851851851852 0.0796875 0.10277777777777777
1 0.478125 0.7300925925925926 0.17291666666666666 0.2564814814814815
1 0.7174479166666666 0.23287037037037037 0.050520833333333334 0.05648148148148148
1 0.5716145833333334 0.5263888888888889 0.11927083333333334 0.18611111111111112
1 0.48671875 0.40046296296296297 0.0765625 0.1287037037037037
1 0.5520833333333334 0.3333333333333333 0.058333333333333334 0.0962962962962963
1 0.36328125 0.4634259259259259 0.08072916666666667 0.11574074074074074
1 0.8966145833333333 0.3106481481481482 0.0640625 0.06944444444444445
1 0.3966145833333333 0.2773148148148148 0.0515625 0.07314814814814814
1 0.23828125 0.8550925925925926 0.14427083333333332 0.2212962962962963
1 0.19921875 0.3050925925925926 0.05260416666666667 0.08055555555555556
1 0.58828125 0.3592592592592593 0.06302083333333333 0.1037037037037037
1 0.8390625 0.28564814814814815 0.06458333333333334 0.062037037037037036
1 0.7997395833333333 0.3819444444444444 0.0796875 0.11574074074074074
1 0.4557291666666667 0.16018518518518518 0.03958333333333333 0.05740740740740741
1 0.81015625 0.24027777777777778 0.05572916666666667 0.06388888888888888
1 0.5203125 0.45 0.08854166666666667 0.11666666666666667
1 0.38723958333333336 0.17453703703703705 0.034895833333333334 0.04537037037037037
1 0.5263020833333333 0.2050925925925926 0.044270833333333336 0.06759259259259259
1 0.7734375 0.22175925925925927 0.04479166666666667 0.062037037037037036
1 0.9697916666666667 0.36157407407407405 0.059375 0.08425925925925926
1 0.49244791666666665 0.18796296296296297 0.0359375 0.053703703703703705
1 0.29765625 0.2949074074074074 0.0515625 0.0712962962962963
1 0.36796875 0.24259259259259258 0.0515625 0.07222222222222222
1 0.6125 0.15324074074074073 0.0375 0.04537037037037037
1 0.43072916666666666 0.3226851851851852 0.06979166666666667 0.11018518518518519
1 0.9796875 0.26296296296296295 0.03958333333333333 0.07222222222222222
1 0.5708333333333333 0.15833333333333333 0.035416666666666666 0.03888888888888889
1 0.44869791666666664 0.22453703703703703 0.0484375 0.06759259259259259
1 0.5091145833333334 0.2773148148148148 0.059895833333333336 0.09537037037037037
1 0.6880208333333333 0.18287037037037038 0.042708333333333334 0.06759259259259259
1 0.2869791666666667 0.2638888888888889 0.05 0.06851851851851852
1 0.3690104166666667 0.15 0.0328125 0.046296296296296294
1 0.4557291666666667 0.08194444444444444 0.026041666666666668 0.041666666666666664
1 0.20494791666666667 0.12268518518518519 0.027604166666666666 0.04351851851851852
1 0.41953125 0.19305555555555556 0.04010416666666667 0.06574074074074074
1 0.9768229166666667 0.2222222222222222 0.0453125 0.05555555555555555
1 0.17083333333333334 0.1787037037037037 0.035416666666666666 0.05
1 0.5229166666666667 0.13240740740740742 0.029166666666666667 0.03518518518518519
1 0.23671875 0.15138888888888888 0.04010416666666667 0.06574074074074074
1 0.32916666666666666 0.1824074074074074 0.035416666666666666 0.06111111111111111
1 0.9372395833333333 0.2851851851851852 0.06197916666666667 0.08333333333333333
1 0.3536458333333333 0.2111111111111111 0.041666666666666664 0.07222222222222222
1 0.42942708333333335 0.21666666666666667 0.0265625 0.05740740740740741
1 0.4778645833333333 0.25 0.044270833333333336 0.07222222222222222
1 0.8755208333333333 0.25046296296296294 0.05416666666666667 0.06759259259259259
1 0.27265625 0.24583333333333332 0.043229166666666666 0.06759259259259259
1 0.6138020833333333 0.12361111111111112 0.025520833333333333 0.028703703703703703
1 0.6690104166666667 0.14629629629629629 0.034895833333333334 0.05740740740740741
1 0.3138020833333333 0.1675925925925926 0.0328125 0.05925925925925926
1 0.2552083333333333 0.18055555555555555 0.0375 0.05555555555555555
1 0.58046875 0.12268518518518519 0.0296875 0.03611111111111111
1 0.20911458333333333 0.7046296296296296 0.12447916666666667 0.22962962962962963
1 0.47369791666666666 0.09259259259259259 0.024479166666666666 0.03148148148148148
1 0.17526041666666667 0.2273148148148148 0.049479166666666664 0.07685185185185185
1 0.85546875 0.21574074074074073 0.050520833333333334 0.07037037037037037
1 0.353125 0.08472222222222223 0.023958333333333335 0.032407407407407406
1 0.43802083333333336 0.14074074074074075 0.03229166666666667 0.04259259259259259
1 0.9229166666666667 0.23703703703703705 0.05 0.06296296296296296
1 0.5651041666666666 0.1037037037037037 0.03125 0.05
1 0.284375 0.12222222222222222 0.029166666666666667 0.04814814814814815
1 0.6427083333333333 0.13240740740740742 0.03229166666666667 0.05185185185185185
1 0.34765625 0.13333333333333333 0.03177083333333333 0.03888888888888889
1 0.7583333333333333 0.18796296296296297 0.028125 0.05740740740740741
1 0.5671875 0.07592592592592592 0.021875 0.014814814814814815
1 0.49453125 0.10092592592592593 0.019270833333333334 0.037037037037037035
1 0.30052083333333335 0.13657407407407407 0.03333333333333333 0.04351851851851852
1 0.2669270833333333 0.10092592592592593 0.0265625 0.03333333333333333
1 0.5981770833333333 0.10046296296296296 0.0234375 0.028703703703703703
1 0.84609375 0.1537037037037037 0.03802083333333333 0.05740740740740741
1 0.7385416666666667 0.12083333333333333 0.014583333333333334 0.05462962962962963
1 0.3375 0.1175925925925926 0.03229166666666667 0.04259259259259259
1 0.5934895833333333 0.1375 0.025520833333333333 0.041666666666666664
1 0.1921875 0.2814814814814815 0.04895833333333333 0.06851851851851852
1 0.18645833333333334 0.2490740740740741 0.05625 0.05185185185185185
1 0.5203125 0.11203703703703703 0.030208333333333334 0.03888888888888889
1 0.16302083333333334 0.10601851851851851 0.03125 0.049074074074074076
1 0.16901041666666666 0.13564814814814816 0.0328125 0.03611111111111111
1 0.26484375 0.21712962962962962 0.0484375 0.062037037037037036
1 0.42161458333333335 0.13518518518518519 0.0328125 0.044444444444444446
1 0.9932291666666667 0.7953703703703704 0.0125 0.14629629629629629