2 0.7197916666666667 0.10462962962962963 0.058333333333333334 0.12222222222222222
2 0.6546875 0.09212962962962963 0.05 0.09722222222222222
1 0.834375 0.5675925925925925 0.115625 0.14814814814814814
1 0.4986979166666667 0.42962962962962964 0.09635416666666667 0.14074074074074075
1 0.4388020833333333 0.6875 0.12864583333333332 0.1675925925925926
1 0.33958333333333335 0.6259259259259259 0.12083333333333333 0.1574074074074074
1 0.6799479166666667 0.6550925925925926 0.13072916666666667 0.16944444444444445
1 0.6841145833333333 0.43472222222222223 0.09010416666666667 0.11944444444444445
1 0.8286458333333333 0.8550925925925926 0.2 0.287962962962963
1 0.4479166666666667 0.34814814814814815 0.06458333333333334 0.08888888888888889
1 0.2078125 0.39537037037037037 0.06666666666666667 0.10185185185185185
1 0.6169270833333333 0.5555555555555556 0.11302083333333333 0.17407407407407408
1 0.3338541666666667 0.3768518518518518 0.06666666666666667 0.08703703703703704
1 0.7408854166666666 0.49444444444444446 0.09947916666666666 0.14074074074074075
1 0.5075520833333333 0.274537037037037 0.058854166666666666 0.0787037037037037
1 0.315625 0.32592592592592595 0.06041666666666667 0.08148148148148149
1 0.39609375 0.17546296296296296 0.03802083333333333 0.05092592592592592
1 0.5458333333333333 0.3101851851851852 0.058333333333333334 0.08703703703703704
1 0.7885416666666667 0.262037037037037 0.052083333333333336 0.05185185185185185
1 0.8588541666666667 0.29259259259259257 0.0625 0.06851851851851852
1 0.6234375 0.3560185185185185 0.075 0.1175925925925926
1 0.61875 0.18101851851851852 0.0375 0.041666666666666664
1 0.6026041666666667 0.25462962962962965 0.053125 0.08518518518518518
1 0.4088541666666667 0.2962962962962963 0.059375 0.08333333333333333
1 0.48359375 0.262037037037037 0.0421875 0.06851851851851852
1 0.8877604166666667 0.17777777777777778 0.03697916666666667 0.05
1 0.5583333333333333 0.23055555555555557 0.04583333333333333 0.06481481481481481
1 0.9203125 0.18703703703703703 0.041666666666666664 0.05185185185185185
1 0.5075520833333333 0.19398148148148148 0.044270833333333336 0.06759259259259259
1 0.83984375 0.1865740740740741 0.0390625 0.05648148148148148
1 0.33515625 0.20185185185185187 0.034895833333333334 0.05925925925925926
1 0.73359375 0.2337962962962963 0.049479166666666664 0.05092592592592592
1 0.46119791666666665 0.23055555555555557 0.0484375 0.07777777777777778
1 0.2635416666666667 0.21203703703703702 0.041666666666666664 0.05740740740740741
1 0.9622395833333334 0.2550925925925926 0.05677083333333333 0.06388888888888888
1 0.17473958333333334 0.3425925925925926 0.0640625 0.11296296296296296
1 0.19557291666666668 0.13657407407407407 0.025520833333333333 0.04722222222222222
1 0.6747395833333333 0.18194444444444444 0.0390625 0.05648148148148148
1 0.17395833333333333 0.2050925925925926 0.03854166666666667 0.05462962962962963
1 0.35703125 0.21481481481481482 0.04114583333333333 0.07037037037037037
1 0.42734375 0.20833333333333334 0.03802083333333333 0.05740740740740741
1 0.36953125 0.15648148148148147 0.0359375 0.04259259259259259
1 0.29322916666666665 0.3023148148148148 0.05 0.0787037037037037
1 0.9098958333333333 0.31342592592592594 0.041666666666666664 0.05462962962962963
1 0.6869791666666667 0.14953703703703702 0.034375 0.041666666666666664
1 0.4828125 0.17083333333333334 0.03854166666666667 0.04722222222222222
1 0.5546875 0.12638888888888888 0.019791666666666666 0.03796296296296296
1 0.49557291666666664 0.10046296296296296 0.024479166666666666 0.032407407407407406
1 0.8278645833333333 0.19675925925925927 0.04114583333333333 0.03796296296296296
1 0.70390625 0.21712962962962962 0.04114583333333333 0.04537037037037037
1 0.70625 0.19074074074074074 0.04479166666666667 0.046296296296296294
1 0.834375 0.24861111111111112 0.052083333333333336 0.06944444444444445
1 0.90390625 0.2763888888888889 0.05364583333333333 0.0712962962962963
1 0.38046875 0.2523148148148148 0.0484375 0.0824074074074074
1 0.7760416666666666 0.13842592592592592 0.036458333333333336 0.05648148148148148
1 0.8 0.17916666666666667 0.027083333333333334 0.023148148148148147
1 0.29583333333333334 0.1388888888888889 0.03333333333333333 0.05
1 0.6104166666666667 0.14953703703703702 0.035416666666666666 0.06018518518518518
1 0.7416666666666667 0.16527777777777777 0.036458333333333336 0.04351851851851852
1 0.45208333333333334 0.15046296296296297 0.036458333333333336 0.06018518518518518
1 0.39114583333333336 0.2791666666666667 0.041666666666666664 0.0712962962962963
1 0.17473958333333334 0.25092592592592594 0.05677083333333333 0.05185185185185185
1 0.3658854166666667 0.09398148148148149 0.030729166666666665 0.03981481481481482
1 0.33984375 0.07592592592592592 0.027604166666666666 0.03333333333333333
1 0.5598958333333334 0.10694444444444444 0.022916666666666665 0.03611111111111111
1 0.47291666666666665 0.11064814814814815 0.026041666666666668 0.030555555555555555
1 0.23125 0.1287037037037037 0.03229166666666667 0.046296296296296294
1 0.3380208333333333 0.11203703703703703 0.035416666666666666 0.037037037037037035
1 0.5145833333333333 0.12824074074074074 0.030208333333333334 0.03425925925925926
1 0.1734375 0.17731481481481481 0.036458333333333336 0.04351851851851852
1 0.2552083333333333 0.08425925925925926 0.025 0.03518518518518519
1 0.7453125 0.20277777777777778 0.03958333333333333 0.06481481481481481
1 0.2825520833333333 0.2574074074074074 0.05260416666666667 0.07407407407407407
1 0.4518229166666667 0.07962962962962963 0.022395833333333334 0.03148148148148148
1 0.40703125 0.06805555555555555 0.022395833333333334 0.023148148148148147
1 0.30625 0.09351851851851851 0.023958333333333335 0.02962962962962963
1 0.5825520833333333 0.11296296296296296 0.03177083333333333 0.05
1 0.1765625 0.287962962962963 0.058333333333333334 0.07037037037037037
1 0.52890625 0.08842592592592592 0.027604166666666666 0.03981481481481482
1 0.43463541666666666 0.07037037037037037 0.018229166666666668 0.03148148148148148
1 0.4630208333333333 0.16296296296296298 0.030208333333333334 0.05185185185185185
1 0.20026041666666666 0.0837962962962963 0.022395833333333334 0.025
1 0.5994791666666667 0.07962962962962963 0.020833333333333332 0.024074074074074074
1 0.2786458333333333 0.22361111111111112 0.04583333333333333 0.049074074074074076
1 0.24713541666666666 0.17546296296296296 0.04635416666666667 0.0712962962962963
1 0.80546875 0.21712962962962962 0.03802083333333333 0.05462962962962963
1 0.9557291666666666 0.3449074074074074 0.07916666666666666 0.1175925925925926
1 0.16848958333333333 0.1648148148148148 0.0421875 0.06111111111111111
1 0.47890625 0.06527777777777778 0.019270833333333334 0.021296296296296296
1 0.25677083333333334 0.14351851851851852 0.027083333333333334 0.037037037037037035
1 0.15520833333333334 0.1 0.03229166666666667 0.022222222222222223
1 0.99140625 0.2847222222222222 0.016145833333333335 0.08055555555555556
1 0.007552083333333333 0.5407407407407407 0.015104166666666667 0.10555555555555556