1 0.49296875 0.7708333333333334 0.1359375 0.175
1 0.278125 0.8925925925925926 0.1625 0.21296296296296297
1 0.71171875 0.6842592592592592 0.12447916666666667 0.17222222222222222
1 0.5208333333333334 0.3023148148148148 0.06145833333333333 0.07685185185185185
1 0.20364583333333333 0.4777777777777778 0.096875 0.12777777777777777
1 0.4109375 0.5976851851851852 0.10625 0.14166666666666666
1 0.05755208333333333 0.4361111111111111 0.08072916666666667 0.1259259259259259
1 0.57734375 0.513425925925926 0.09322916666666667 0.13796296296296295
1 0.3932291666666667 0.5263888888888889 0.103125 0.13425925925925927
1 0.80859375 0.5453703703703704 0.10572916666666667 0.1537037037037037
1 0.6776041666666667 0.3037037037037037 0.06666666666666667 0.1037037037037037
1 0.6807291666666667 0.4337962962962963 0.075 0.11018518518518519
1 0.60078125 0.35185185185185186 0.07760416666666667 0.11666666666666667
1 0.5223958333333333 0.4648148148148148 0.08541666666666667 0.11666666666666667
1 0.34322916666666664 0.4111111111111111 0.078125 0.1
1 0.7815104166666667 0.3888888888888889 0.0796875 0.10555555555555556
1 0.18619791666666666 0.3958333333333333 0.07552083333333333 0.09722222222222222
1 0.3020833333333333 0.30694444444444446 0.05625 0.08055555555555556
1 0.9244791666666666 0.2851851851851852 0.06041666666666667 0.07962962962962963
1 0.46848958333333335 0.2462962962962963 0.050520833333333334 0.06666666666666667
1 0.71953125 0.46574074074074073 0.09947916666666666 0.13148148148148148
1 0.43463541666666666 0.22037037037037038 0.0453125 0.06296296296296296
1 0.57578125 0.24537037037037038 0.050520833333333334 0.07962962962962963
1 0.4244791666666667 0.13472222222222222 0.03229166666666667 0.04537037037037037
1 0.40130208333333334 0.2953703703703704 0.0453125 0.07777777777777778
1 0.6958333333333333 0.21805555555555556 0.05 0.049074074074074076
1 0.6341145833333334 0.2712962962962963 0.05677083333333333 0.08703703703703704
1 0.9111979166666667 0.46064814814814814 0.09635416666666667 0.14722222222222223
1 0.8450520833333334 0.2449074074074074 0.05364583333333333 0.0824074074074074
1 0.3890625 0.2671296296296296 0.046875 0.0712962962962963
1 0.3385416666666667 0.21435185185185185 0.036458333333333336 0.058333333333333334
1 0.6466145833333333 0.1875 0.044270833333333336 0.05277777777777778
1 0.17786458333333333 0.2875 0.050520833333333334 0.0712962962962963
1 0.43984375 0.3189814814814815 0.06197916666666667 0.10092592592592593
1 0.49453125 0.40185185185185185 0.0828125 0.12777777777777777
1 0.4953125 0.11944444444444445 0.029166666666666667 0.040740740740740744
1 0.66796875 0.12546296296296297 0.0296875 0.041666666666666664
1 0.7052083333333333 0.16527777777777777 0.036458333333333336 0.05092592592592592
1 0.98515625 0.7675925925925926 0.028645833333333332 0.23148148148148148
1 0.39401041666666664 0.17314814814814813 0.03177083333333333 0.046296296296296294
1 0.34010416666666665 0.17962962962962964 0.03958333333333333 0.044444444444444446
1 0.38177083333333334 0.10648148148148148 0.03229166666666667 0.04814814814814815
1 0.32916666666666666 0.3490740740740741 0.0625 0.08888888888888889
1 0.8158854166666667 0.20046296296296295 0.033854166666666664 0.06018518518518518
1 0.9822916666666667 0.20555555555555555 0.034375 0.07592592592592592
1 0.4231770833333333 0.19212962962962962 0.043229166666666666 0.06759259259259259
1 0.6528645833333333 0.1685185185185185 0.0359375 0.05
1 0.2721354166666667 0.24027777777777778 0.058854166666666666 0.09351851851851851
1 0.8463541666666666 0.1824074074074074 0.03125 0.04814814814814815
1 0.7434895833333334 0.1287037037037037 0.024479166666666666 0.03518518518518519
1 0.30078125 0.14629629629629629 0.0328125 0.044444444444444446
1 0.75625 0.16157407407407406 0.03333333333333333 0.030555555555555555
1 0.16223958333333333 0.07962962962962963 0.024479166666666666 0.024074074074074074
1 0.41510416666666666 0.12546296296296297 0.027083333333333334 0.049074074074074076
1 0.6177083333333333 0.17453703703703705 0.030208333333333334 0.03981481481481482
1 0.22604166666666667 0.12083333333333333 0.03125 0.03796296296296296
1 0.678125 0.10555555555555556 0.025 0.046296296296296294
1 0.5846354166666666 0.1625 0.033854166666666664 0.03425925925925926
1 0.5604166666666667 0.225 0.052083333333333336 0.08703703703703704
1 0.7815104166666667 0.21574074074074073 0.05677083333333333 0.08518518518518518
1 0.4119791666666667 0.07731481481481481 0.020833333333333332 0.023148148148148147
1 0.3828125 0.1625 0.03125 0.05277777777777778
1 0.5653645833333333 0.1486111111111111 0.028645833333333332 0.03425925925925926
1 0.8731770833333333 0.1935185185185185 0.030729166666666665 0.04814814814814815
1 0.17213541666666668 0.13425925925925927 0.03697916666666667 0.04259259259259259
1 0.89453125 0.20601851851851852 0.0328125 0.062037037037037036
1 0.7244791666666667 0.14166666666666666 0.03333333333333333 0.046296296296296294
1 0.36328125 0.09907407407407408 0.0140625 0.02962962962962963
1 0.6388020833333333 0.1259259259259259 0.0265625 0.027777777777777776
1 0.6505208333333333 0.13472222222222222 0.034375 0.032407407407407406
1 0.18098958333333334 0.25277777777777777 0.04739583333333333 0.06666666666666667
1 0.3536458333333333 0.08472222222222223 0.019791666666666666 0.030555555555555555
1 0.31979166666666664 0.10277777777777777 0.027083333333333334 0.03888888888888889
1 0.3606770833333333 0.14629629629629629 0.0296875 0.040740740740740744
1 0.27239583333333334 0.1050925925925926 0.03333333333333333 0.041666666666666664
1 0.3450520833333333 0.13703703703703704 0.0265625 0.037037037037037035
1 0.61875 0.14814814814814814 0.034375 0.03518518518518519
1 0.9200520833333333 0.20601851851851852 0.050520833333333334 0.05277777777777778
1 0.17213541666666668 0.22870370370370371 0.04114583333333333 0.07592592592592592
1 0.6013020833333333 0.11296296296296296 0.027604166666666666 0.03518518518518519
1 0.475 0.09398148148148149 0.026041666666666668 0.028703703703703703
1 0.28541666666666665 0.12175925925925926 0.036458333333333336 0.03425925925925926
1 0.23411458333333332 0.13796296296296295 0.0265625 0.040740740740740744
1 0.9208333333333333 0.24074074074074073 0.05520833333333333 0.07222222222222222
1 0.3424479166666667 0.12361111111111112 0.028645833333333332 0.04537037037037037
1 0.2513020833333333 0.1685185185185185 0.0421875 0.05185185185185185
1 0.5151041666666667 0.10416666666666667 0.028125 0.049074074074074076
1 0.56015625 0.08842592592592592 0.027604166666666666 0.028703703703703703
1 0.4388020833333333 0.08101851851851852 0.022395833333333334 0.03425925925925926
1 0.9197916666666667 0.16527777777777777 0.04895833333333333 0.05277777777777778
1 0.5567708333333333 0.11805555555555555 0.023958333333333335 0.026851851851851852
1 0.2903645833333333 0.13657407407407407 0.028645833333333332 0.041666666666666664
1 0.73984375 0.20555555555555555 0.04114583333333333 0.06851851851851852
1 0.1671875 0.16666666666666666 0.028125 0.03148148148148148
1 0.5953125 0.13425925925925927 0.029166666666666667 0.037037037037037035
1 0.6502604166666667 0.09444444444444444 0.028645833333333332 0.037037037037037035
1 0.7229166666666667 0.11296296296296296 0.022916666666666665 0.014814814814814815
1 0.3203125 0.17546296296296296 0.030208333333333334 0.06018518518518518
1 0.22005208333333334 0.1037037037037037 0.030729166666666665 0.03148148148148148
1 0.2640625 0.2013888888888889 0.053125 0.058333333333333334
1 0.24375 0.14444444444444443 0.041666666666666664 0.03148148148148148
1 0.275 0.18425925925925926 0.03125 0.024074074074074074
1 0.21145833333333333 0.0837962962962963 0.025 0.03425925925925926
1 0.17942708333333332 0.2 0.04114583333333333 0.046296296296296294
1 0.36822916666666666 0.20972222222222223 0.042708333333333334 0.03981481481481482
1 0.36640625 0.2300925925925926 0.04635416666666667 0.0787037037037037
1 0.19036458333333334 0.07731481481481481 0.018229166666666668 0.023148148148148147
1 0.5 0.08009259259259259 0.022916666666666665 0.03611111111111111