1 0.46328125 0.7166666666666667 0.1265625 0.16111111111111112
1 0.6755208333333333 0.6370370370370371 0.115625 0.16111111111111112
1 0.08932291666666667 0.41574074074074074 0.08072916666666667 0.12222222222222222
1 0.55859375 0.48657407407407405 0.09010416666666667 0.13240740740740742
1 0.39765625 0.5638888888888889 0.09947916666666666 0.13703703703703704
1 0.9544270833333334 0.6972222222222222 0.09010416666666667 0.22777777777777777
1 0.33671875 0.39444444444444443 0.07239583333333334 0.09444444444444444
1 0.65859375 0.412962962962963 0.07135416666666666 0.10555555555555556
1 0.50390625 0.4412037037037037 0.07239583333333334 0.10648148148148148
1 0.203125 0.4537037037037037 0.08854166666666667 0.11851851851851852
1 0.29635416666666664 0.2962962962962963 0.05520833333333333 0.07962962962962963
1 0.51015625 0.2916666666666667 0.059895833333333336 0.07592592592592592
1 0.7546875 0.3712962962962963 0.07604166666666666 0.10185185185185185
1 0.37526041666666665 0.5 0.09010416666666667 0.12777777777777777
1 0.46041666666666664 0.23935185185185184 0.05 0.06574074074074074
1 0.69375 0.44675925925925924 0.09375 0.125
1 0.6604166666666667 0.29259259259259257 0.06354166666666666 0.1
1 0.95390625 0.3087962962962963 0.06302083333333333 0.062037037037037036
1 0.17317708333333334 0.2796296296296296 0.050520833333333334 0.07037037037037037
1 0.4283854166666667 0.21481481481481482 0.0453125 0.06111111111111111
1 0.43046875 0.30833333333333335 0.059895833333333336 0.09814814814814815
1 0.41953125 0.1310185185185185 0.030729166666666665 0.04351851851851852
1 0.584375 0.3388888888888889 0.075 0.1111111111111111
1 0.8703125 0.2564814814814815 0.05520833333333333 0.08333333333333333
1 0.6177083333333333 0.26296296296296295 0.05416666666666667 0.08703703703703704
1 0.7828125 0.5171296296296296 0.09791666666666667 0.14537037037037037
1 0.39453125 0.2861111111111111 0.044270833333333336 0.07592592592592592
1 0.5645833333333333 0.23657407407407408 0.04895833333333333 0.07685185185185185
1 0.184375 0.38425925925925924 0.07395833333333333 0.09814814814814815
1 0.38307291666666665 0.26064814814814813 0.0453125 0.06944444444444445
1 0.5005208333333333 0.12407407407407407 0.030208333333333334 0.03333333333333333
1 0.36276041666666664 0.22361111111111112 0.0453125 0.07685185185185185
1 0.32447916666666665 0.3375 0.0625 0.08611111111111111
1 0.753125 0.13287037037037036 0.025 0.03611111111111111
1 0.7106770833333333 0.23333333333333334 0.0546875 0.053703703703703705
1 0.33515625 0.2074074074074074 0.0359375 0.05555555555555555
1 0.9182291666666667 0.2125 0.04479166666666667 0.06388888888888888
1 0.7192708333333333 0.17083333333333334 0.03854166666666667 0.05277777777777778
1 0.6609375 0.1925925925925926 0.046875 0.053703703703703705
1 0.2986979166666667 0.14305555555555555 0.03177083333333333 0.04351851851851852
1 0.8364583333333333 0.20833333333333334 0.030208333333333334 0.06296296296296296
1 0.6078125 0.11712962962962963 0.029166666666666667 0.03981481481481482
1 0.5942708333333333 0.16712962962962963 0.034375 0.03425925925925926
1 0.48072916666666665 0.3851851851851852 0.078125 0.12037037037037036
1 0.909375 0.9388888888888889 0.18020833333333333 0.12037037037037036
1 0.26796875 0.23472222222222222 0.05572916666666667 0.09166666666666666
1 0.3893229166666667 0.16898148148148148 0.03177083333333333 0.04537037037037037
1 0.9455729166666667 0.25092592592592594 0.059895833333333336 0.07407407407407407
1 0.67578125 0.12916666666666668 0.0296875 0.04351851851851852
1 0.8609375 0.18935185185185185 0.03333333333333333 0.05092592592592592
1 0.48125 0.0962962962962963 0.027083333333333334 0.03148148148148148
1 0.54765625 0.21805555555555556 0.050520833333333334 0.0824074074074074
1 0.33932291666666664 0.11990740740740741 0.028645833333333332 0.041666666666666664
1 0.665625 0.16944444444444445 0.035416666666666666 0.040740740740740744
1 0.7361979166666667 0.1476851851851852 0.034895833333333334 0.049074074074074076
1 0.31666666666666665 0.17037037037037037 0.029166666666666667 0.05925925925925926
1 0.41171875 0.12175925925925926 0.027604166666666666 0.04722222222222222
1 0.4171875 0.18796296296296297 0.040625 0.06851851851851852
1 0.37838541666666664 0.10046296296296296 0.030729166666666665 0.041666666666666664
1 0.3372395833333333 0.17546296296296296 0.0390625 0.04351851851851852
1 0.5197916666666667 0.10694444444444444 0.027083333333333334 0.04722222222222222
1 0.8885416666666667 0.2013888888888889 0.0375 0.05277777777777778
1 0.8734375 0.43472222222222223 0.090625 0.1361111111111111
1 0.5729166666666666 0.09259259259259259 0.028125 0.03148148148148148
1 0.26953125 0.1037037037037037 0.0328125 0.04259259259259259
1 0.35703125 0.14212962962962963 0.0296875 0.041666666666666664
1 0.2625 0.8226851851851852 0.14895833333333333 0.2064814814814815
1 0.9359375 0.1648148148148148 0.053125 0.044444444444444446
1 0.6302083333333334 0.18101851851851852 0.03229166666666667 0.03981481481481482
1 0.5283854166666667 0.06342592592592593 0.0203125 0.025
1 0.31614583333333335 0.1 0.027083333333333334 0.03888888888888889
1 0.6838541666666667 0.10787037037037037 0.027083333333333334 0.04722222222222222
1 0.16953125 0.12083333333333333 0.03697916666666667 0.026851851851851852
1 0.3502604166666667 0.08425925925925926 0.021354166666666667 0.03148148148148148
1 0.22447916666666667 0.11944444444444445 0.03125 0.03518518518518519
1 0.63046875 0.15601851851851853 0.034895833333333334 0.03611111111111111
1 0.17161458333333332 0.14074074074074075 0.03697916666666667 0.03148148148148148
1 0.8041666666666667 0.22314814814814815 0.058333333333333334 0.09074074074074075
1 0.35963541666666665 0.09768518518518518 0.011979166666666667 0.030555555555555555
1 0.64765625 0.12916666666666668 0.0265625 0.025
1 0.5049479166666667 0.08333333333333333 0.0234375 0.040740740740740744
1 0.5645833333333333 0.12129629629629629 0.026041666666666668 0.027777777777777776
1 0.46901041666666665 0.08564814814814815 0.022395833333333334 0.03981481481481482
1 0.16380208333333332 0.07731481481481481 0.0234375 0.021296296296296296
1 0.5744791666666667 0.1527777777777778 0.028125 0.03333333333333333
1 0.44375 0.08425925925925926 0.025 0.040740740740740744
1 0.37994791666666666 0.1574074074074074 0.03177083333333333 0.05555555555555555
1 0.5802083333333333 0.10833333333333334 0.023958333333333335 0.03148148148148148
1 0.24817708333333333 0.1648148148148148 0.04010416666666667 0.05185185185185185
1 0.16614583333333333 0.16666666666666666 0.029166666666666667 0.037037037037037035
1 0.16901041666666666 0.22083333333333333 0.04010416666666667 0.075
1 0.34140625 0.13425925925925927 0.025520833333333333 0.03518518518518519
1 0.9575520833333333 0.22546296296296298 0.050520833333333334 0.07685185185185185
1 0.41692708333333334 0.08009259259259259 0.0234375 0.023148148148148147
1 0.6609375 0.1412037037037037 0.03333333333333333 0.03796296296296296
1 0.21927083333333333 0.10324074074074074 0.029166666666666667 0.03425925925925926
1 0.6033854166666667 0.14212962962962963 0.03177083333333333 0.04351851851851852
1 0.7375 0.20277777777777778 0.03229166666666667 0.05740740740740741
1 0.9559895833333333 0.2722222222222222 0.05677083333333333 0.03148148148148148
1 0.5536458333333333 0.14537037037037037 0.023958333333333335 0.03148148148148148
1 0.65703125 0.09722222222222222 0.027604166666666666 0.03888888888888889
1 0.2638020833333333 0.19722222222222222 0.06197916666666667 0.05925925925925926
1 0.2833333333333333 0.11944444444444445 0.034375 0.03518518518518519
1 0.17994791666666668 0.24583333333333332 0.0484375 0.06574074074074074
1 0.75546875 0.21388888888888888 0.03802083333333333 0.07037037037037037
1 0.7315104166666667 0.11712962962962963 0.022395833333333334 0.01574074074074074
1 0.19088541666666667 0.07731481481481481 0.016145833333333335 0.023148148148148147
1 0.18046875 0.19675925925925927 0.0390625 0.04351851851851852
1 0.9940104166666667 0.21851851851851853 0.0109375 0.06111111111111111
1 0.4783854166666667 0.06435185185185185 0.022395833333333334 0.025
1 0.24114583333333334 0.14027777777777778 0.041666666666666664 0.030555555555555555
1 0.4544270833333333 0.06666666666666667 0.016145833333333335 0.025925925925925925
1 0.7291666666666666 0.125 0.027083333333333334 0.03148148148148148
1 0.7609375 0.1648148148148148 0.021875 0.027777777777777776