1 0.29713541666666665 0.8490740740740741 0.15989583333333332 0.20555555555555555
1 0.78359375 0.5120370370370371 0.10572916666666667 0.14074074074074075
1 0.5541666666666667 0.5138888888888888 0.1125 0.1685185185185185
1 0.35494791666666664 0.43425925925925923 0.07864583333333333 0.10185185185185185
1 0.20625 0.4625 0.0875 0.11574074074074074
1 0.5661458333333333 0.8958333333333334 0.16875 0.2064814814814815
1 0.9690104166666667 0.7212962962962963 0.0609375 0.18518518518518517
1 0.8380208333333333 0.85 0.16875 0.22037037037037038
1 0.48854166666666665 0.39861111111111114 0.07395833333333333 0.10277777777777777
1 0.8700520833333333 0.6060185185185185 0.12239583333333333 0.16944444444444445
1 0.5455729166666666 0.3074074074074074 0.06510416666666667 0.08888888888888889
1 0.115625 0.40046296296296297 0.07916666666666666 0.1287037037037037
1 0.65078125 0.2875 0.059895833333333336 0.09351851851851851
1 0.43697916666666664 0.33240740740740743 0.06354166666666666 0.09259259259259259
1 0.33671875 0.3685185185185185 0.06822916666666666 0.09074074074074075
1 0.7221354166666667 0.6930555555555555 0.14114583333333333 0.225
1 0.17890625 0.3236111111111111 0.06302083333333333 0.0824074074074074
1 0.4859375 0.2523148148148148 0.052083333333333336 0.08425925925925926
1 0.5885416666666666 0.35 0.06666666666666667 0.1
1 0.4109375 0.18888888888888888 0.03958333333333333 0.05185185185185185
1 0.9377604166666667 0.33564814814814814 0.07760416666666667 0.062037037037037036
1 0.5783854166666667 0.16296296296296298 0.034895833333333334 0.03888888888888889
1 0.31015625 0.33796296296296297 0.0578125 0.08703703703703704
1 0.8356770833333333 0.2800925925925926 0.07864583333333333 0.07685185185185185
1 0.4473958333333333 0.22685185185185186 0.042708333333333334 0.06111111111111111
1 0.87109375 0.17083333333333334 0.0390625 0.049074074074074076
1 0.68203125 0.4111111111111111 0.0859375 0.13703703703703704
1 0.2640625 0.23055555555555557 0.0375 0.06296296296296296
1 0.8776041666666666 0.22407407407407406 0.05 0.05740740740740741
1 0.7434895833333334 0.17685185185185184 0.034895833333333334 0.05555555555555555
1 0.17239583333333333 0.22175925925925927 0.03854166666666667 0.058333333333333334
1 0.3494791666666667 0.2212962962962963 0.036458333333333336 0.05925925925925926
1 0.8450520833333334 0.16111111111111112 0.0328125 0.04814814814814815
1 0.5973958333333333 0.25972222222222224 0.052083333333333336 0.07314814814814814
1 0.71640625 0.2351851851851852 0.04635416666666667 0.05555555555555555
1 0.18255208333333334 0.1476851851851852 0.0390625 0.049074074074074076
1 0.9200520833333333 0.24259259259259258 0.05260416666666667 0.07962962962962963
1 0.6372395833333333 0.16620370370370371 0.0359375 0.05277777777777778
1 0.7497395833333333 0.12731481481481483 0.0359375 0.05277777777777778
1 0.5190104166666667 0.2916666666666667 0.0484375 0.07777777777777778
1 0.415625 0.31203703703703706 0.046875 0.07777777777777778
1 0.6489583333333333 0.13564814814814816 0.03229166666666667 0.03611111111111111
1 0.48515625 0.17685185185185184 0.034895833333333334 0.05925925925925926
1 0.39791666666666664 0.2791666666666667 0.053125 0.08981481481481482
1 0.5098958333333333 0.19490740740740742 0.040625 0.06388888888888888
1 0.3372395833333333 0.11898148148148148 0.024479166666666666 0.03981481481481482
1 0.7794270833333333 0.24861111111111112 0.05364583333333333 0.049074074074074076
1 0.17708333333333334 0.27824074074074073 0.059375 0.06574074074074074
1 0.67890625 0.20833333333333334 0.04010416666666667 0.044444444444444446
1 0.7890625 0.15462962962962962 0.034375 0.03148148148148148
1 0.65234375 0.19444444444444445 0.03802083333333333 0.03888888888888889
1 0.30494791666666665 0.15138888888888888 0.03177083333333333 0.05462962962962963
1 0.5252604166666667 0.11527777777777778 0.021354166666666667 0.03425925925925926
1 0.5596354166666667 0.10416666666666667 0.028645833333333332 0.04722222222222222
1 0.37994791666666666 0.10462962962962963 0.025520833333333333 0.03518518518518519
1 0.9442708333333333 0.2814814814814815 0.059375 0.05555555555555555
1 0.4552083333333333 0.10092592592592593 0.026041666666666668 0.027777777777777776
1 0.16067708333333333 0.11944444444444445 0.0390625 0.053703703703703705
1 0.5817708333333333 0.1361111111111111 0.035416666666666666 0.05555555555555555
1 0.38229166666666664 0.1699074074074074 0.036458333333333336 0.049074074074074076
1 0.25390625 0.18888888888888888 0.04635416666666667 0.07592592592592592
1 0.98203125 0.30787037037037035 0.034895833333333334 0.08796296296296297
1 0.2747395833333333 0.11296296296296296 0.025520833333333333 0.03518518518518519
1 0.37213541666666666 0.09166666666666666 0.0234375 0.025925925925925925
1 0.3450520833333333 0.2050925925925926 0.0390625 0.058333333333333334
1 0.6971354166666667 0.14814814814814814 0.033854166666666664 0.03888888888888889
1 0.3572916666666667 0.13657407407407407 0.029166666666666667 0.04351851851851852
1 0.48046875 0.09583333333333334 0.025520833333333333 0.03611111111111111
1 0.28411458333333334 0.12083333333333333 0.0234375 0.03796296296296296
1 0.5135416666666667 0.1037037037037037 0.027083333333333334 0.044444444444444446
1 0.19270833333333334 0.1037037037037037 0.021875 0.03148148148148148
1 0.34765625 0.0824074074074074 0.0296875 0.03518518518518519
1 0.696875 0.18055555555555555 0.035416666666666666 0.05185185185185185
1 0.28489583333333335 0.2523148148148148 0.04895833333333333 0.06944444444444445
1 0.321875 0.11388888888888889 0.017708333333333333 0.03333333333333333
1 0.17734375 0.19953703703703704 0.043229166666666666 0.05462962962962963
1 0.8033854166666666 0.18888888888888888 0.033854166666666664 0.040740740740740744
1 0.8153645833333333 0.23055555555555557 0.04635416666666667 0.044444444444444446
1 0.31484375 0.10046296296296296 0.021354166666666667 0.032407407407407406
1 0.6661458333333333 0.16944444444444445 0.034375 0.03518518518518519
1 0.5877604166666667 0.10555555555555556 0.0265625 0.03333333333333333
1 0.7591145833333334 0.17824074074074073 0.0265625 0.03796296296296296
1 0.72421875 0.11481481481481481 0.027604166666666666 0.044444444444444446
1 0.37604166666666666 0.2337962962962963 0.046875 0.0787037037037037
1 0.4934895833333333 0.11574074074074074 0.0265625 0.03148148148148148
1 0.5395833333333333 0.21481481481481482 0.04791666666666667 0.07407407407407407
1 0.6 0.09305555555555556 0.020833333333333332 0.04351851851851852
1 0.23359375 0.13796296296296295 0.033854166666666664 0.05
1 0.22942708333333334 0.11805555555555555 0.034895833333333334 0.03611111111111111
1 0.31484375 0.16666666666666666 0.027604166666666666 0.04814814814814815
1 0.47265625 0.16342592592592592 0.0390625 0.062037037037037036
1 0.578125 0.07962962962962963 0.019791666666666666 0.03518518518518519
1 0.4036458333333333 0.0712962962962963 0.023958333333333335 0.02962962962962963
1 0.17135416666666667 0.17731481481481481 0.040625 0.06574074074074074
1 0.4666666666666667 0.062037037037037036 0.01875 0.016666666666666666
1 0.6533854166666667 0.10787037037037037 0.022395833333333334 0.030555555555555555
1 0.75703125 0.21851851851851853 0.0328125 0.06481481481481481
1 0.29192708333333334 0.2847222222222222 0.0546875 0.0787037037037037