2 0.8192708333333333 0.13333333333333333 0.06666666666666667 0.14629629629629629
2 0.7231770833333333 0.1111111111111111 0.0671875 0.11666666666666667
1 0.8434895833333333 0.5888888888888889 0.11614583333333334 0.1425925925925926
1 0.2578125 0.9402777777777778 0.17291666666666666 0.1175925925925926
1 0.5106770833333333 0.7837962962962963 0.1453125 0.19537037037037036
1 0.9505208333333334 0.700462962962963 0.09791666666666667 0.18055555555555555
1 0.7684895833333333 0.7685185185185185 0.14635416666666667 0.19814814814814816
1 0.8125 0.4185185185185185 0.08229166666666667 0.11296296296296296
1 0.6966145833333334 0.4513888888888889 0.0859375 0.11944444444444445
1 0.6020833333333333 0.3736111111111111 0.07604166666666666 0.09722222222222222
1 0.17526041666666667 0.36435185185185187 0.0671875 0.10833333333333334
1 0.8783854166666667 0.30648148148148147 0.06822916666666666 0.06666666666666667
1 0.6973958333333333 0.6569444444444444 0.11354166666666667 0.1675925925925926
1 0.33697916666666666 0.38796296296296295 0.078125 0.09814814814814815
1 0.58671875 0.16712962962962963 0.03697916666666667 0.03981481481481482
1 0.5317708333333333 0.3148148148148148 0.05520833333333333 0.08703703703703704
1 0.41953125 0.30648148148148147 0.0671875 0.10185185185185185
1 0.35208333333333336 0.43148148148148147 0.07708333333333334 0.10555555555555556
1 0.44140625 0.6546296296296297 0.15572916666666667 0.23148148148148148
1 0.8369791666666667 0.2518518518518518 0.057291666666666664 0.06851851851851852
1 0.19791666666666666 0.2902777777777778 0.051041666666666666 0.07685185185185185
1 0.4674479166666667 0.3773148148148148 0.06927083333333334 0.11944444444444445
1 0.7440104166666667 0.2439814814814815 0.05260416666666667 0.05277777777777778
1 0.7598958333333333 0.3587962962962963 0.078125 0.11018518518518519
1 0.49192708333333335 0.4212962962962963 0.07239583333333334 0.1111111111111111
1 0.4908854166666667 0.26481481481481484 0.05677083333333333 0.09074074074074075
1 0.48098958333333336 0.17916666666666667 0.03177083333333333 0.049074074074074076
1 0.9473958333333333 0.3458333333333333 0.065625 0.09722222222222222
1 0.5682291666666667 0.3384259259259259 0.0625 0.09722222222222222
1 0.5127604166666667 0.19583333333333333 0.04114583333333333 0.06574074074074074
1 0.5372395833333333 0.4842592592592593 0.10989583333333333 0.17222222222222222
1 0.23776041666666667 0.7666666666666667 0.1265625 0.1962962962962963
1 0.628125 0.16111111111111112 0.036458333333333336 0.046296296296296294
1 0.43776041666666665 0.21574074074074073 0.049479166666666664 0.06481481481481481
1 0.91171875 0.2675925925925926 0.0578125 0.07222222222222222
1 0.29244791666666664 0.2814814814814815 0.049479166666666664 0.06851851851851852
1 0.3807291666666667 0.16898148148148148 0.03333333333333333 0.04537037037037037
1 0.95859375 0.2490740740740741 0.05364583333333333 0.06481481481481481
1 0.4453125 0.15324074074074073 0.035416666666666666 0.05277777777777778
1 0.4640625 0.23981481481481481 0.042708333333333334 0.07037037037037037
1 0.36354166666666665 0.23287037037037037 0.04583333333333333 0.06944444444444445
1 0.28098958333333335 0.25324074074074077 0.0484375 0.06574074074074074
1 0.26171875 0.20972222222222223 0.04739583333333333 0.058333333333333334
1 0.20703125 0.11944444444444445 0.0265625 0.040740740740740744
1 0.46119791666666665 0.08518518518518518 0.0265625 0.040740740740740744
1 0.2518229166666667 0.17314814814814813 0.03697916666666667 0.05185185185185185
1 0.4114583333333333 0.1875 0.041666666666666664 0.06759259259259259
1 0.975 0.3 0.04895833333333333 0.07777777777777778
1 0.4270833333333333 0.07314814814814814 0.035416666666666666 0.03518518518518519
1 0.5752604166666667 0.10740740740740741 0.0328125 0.05
1 0.32447916666666665 0.1763888888888889 0.036458333333333336 0.06018518518518518
1 0.34479166666666666 0.2037037037037037 0.042708333333333334 0.06851851851851852
1 0.23333333333333334 0.1476851851851852 0.0375 0.062037037037037036
1 0.4791666666666667 0.09768518518518518 0.023958333333333335 0.032407407407407406
1 0.8651041666666667 0.16157407407407406 0.036458333333333336 0.06018518518518518
1 0.17057291666666666 0.12685185185185185 0.03177083333333333 0.025925925925925925
1 0.2984375 0.1375 0.03333333333333333 0.05277777777777778
1 0.18723958333333332 0.2412037037037037 0.05260416666666667 0.05462962962962963
1 0.171875 0.17037037037037037 0.035416666666666666 0.044444444444444446
1 0.59296875 0.12916666666666668 0.030729166666666665 0.03796296296296296
1 0.20598958333333334 0.638425925925926 0.1140625 0.2101851851851852
1 0.6268229166666667 0.12777777777777777 0.025520833333333333 0.027777777777777776
1 0.88984375 0.22685185185185186 0.0546875 0.07407407407407407
1 0.28151041666666665 0.11851851851851852 0.027604166666666666 0.044444444444444446
1 0.36328125 0.14537037037037037 0.030729166666666665 0.04259259259259259
1 0.5380208333333333 0.14166666666666666 0.030208333333333334 0.03148148148148148
1 0.6848958333333334 0.1537037037037037 0.036458333333333336 0.05740740740740741
1 0.3489583333333333 0.08333333333333333 0.022916666666666665 0.03148148148148148
1 0.6591145833333333 0.13842592592592592 0.0328125 0.05462962962962963
1 0.5765625 0.07824074074074074 0.021875 0.013888888888888888
1 0.43072916666666666 0.13518518518518519 0.03125 0.040740740740740744
1 0.3299479166666667 0.11342592592592593 0.034895833333333334 0.03796296296296296
1 0.3453125 0.1300925925925926 0.03125 0.03425925925925926
1 0.5544270833333333 0.09907407407407408 0.021354166666666667 0.03888888888888889
1 0.54296875 0.0699074074074074 0.024479166666666666 0.028703703703703703
1 0.6807291666666667 0.10787037037037037 0.01875 0.032407407407407406
1 0.4125 0.10694444444444444 0.029166666666666667 0.023148148148148147
1 0.16979166666666667 0.14629629629629629 0.030208333333333334 0.037037037037037035
1 0.609375 0.10324074074074074 0.023958333333333335 0.030555555555555555
1 0.6098958333333333 0.14537037037037037 0.027083333333333334 0.04259259259259259
1 0.6361979166666667 0.10555555555555556 0.0203125 0.02962962962962963
1 0.3098958333333333 0.1625 0.03229166666666667 0.058333333333333334
1 0.18333333333333332 0.07916666666666666 0.0125 0.023148148148148147
1 0.5169270833333334 0.10972222222222222 0.025520833333333333 0.04537037037037037
1 0.65859375 0.09351851851851851 0.024479166666666666 0.022222222222222223
1 0.6471354166666666 0.11851851851851852 0.0203125 0.037037037037037035
1 0.17760416666666667 0.19768518518518519 0.04375 0.032407407407407406
1 0.38723958333333336 0.2652777777777778 0.04635416666666667 0.06944444444444445
1 0.7981770833333334 0.18333333333333332 0.0234375 0.03518518518518519
1 0.53671875 0.11851851851851852 0.030729166666666665 0.040740740740740744
1 0.70625 0.19027777777777777 0.04479166666666667 0.07314814814814814
1 0.79609375 0.2300925925925926 0.0484375 0.06574074074074074
1 0.75234375 0.12453703703703704 0.009895833333333333 0.05462962962962963
1 0.25364583333333335 0.07777777777777778 0.028125 0.027777777777777776
1 0.41067708333333336 0.13194444444444445 0.0265625 0.04351851851851852
1 0.17526041666666667 0.21805555555555556 0.0484375 0.07314814814814814
1 0.27395833333333336 0.23796296296296296 0.04583333333333333 0.06296296296296296
1 0.16640625 0.11064814814814815 0.030729166666666665 0.03425925925925926
1 0.2713541666666667 0.11342592592592593 0.015625 0.03981481481481482
1 0.7875 0.19583333333333333 0.04479166666666667 0.06018518518518518