3 0.8486979166666667 0.23796296296296296 0.06197916666666667 0.09259259259259259
2 0.8427083333333333 0.16342592592592592 0.08020833333333334 0.16574074074074074
2 0.8903645833333333 0.12638888888888888 0.07239583333333334 0.1527777777777778
1 0.25703125 0.9050925925925926 0.16614583333333333 0.18796296296296297
1 0.47760416666666666 0.6976851851851852 0.12604166666666666 0.175
1 0.7817708333333333 0.5370370370370371 0.109375 0.1388888888888889
1 0.4044270833333333 0.5527777777777778 0.09947916666666666 0.14074074074074075
1 0.9578125 0.9199074074074074 0.08333333333333333 0.15833333333333333
1 0.029947916666666668 0.4740740740740741 0.059895833333333336 0.10925925925925926
1 0.58984375 0.913425925925926 0.18177083333333333 0.1712962962962963
1 0.18671875 0.3958333333333333 0.0703125 0.10462962962962963
1 0.5690104166666666 0.5115740740740741 0.09635416666666667 0.13055555555555556
1 0.6388020833333333 0.399537037037037 0.0796875 0.11018518518518519
1 0.7291666666666666 0.2050925925925926 0.04375 0.05648148148148148
1 0.5661458333333333 0.34305555555555556 0.06979166666666667 0.08981481481481482
1 0.67265625 0.6037037037037037 0.1140625 0.18703703703703703
1 0.9489583333333333 0.1935185185185185 0.04479166666666667 0.05740740740740741
1 0.47890625 0.25416666666666665 0.044270833333333336 0.06944444444444445
1 0.884375 0.44722222222222224 0.09375 0.13518518518518519
1 0.6549479166666666 0.1726851851851852 0.0390625 0.05277777777777778
1 0.52890625 0.20416666666666666 0.043229166666666666 0.06018518518518518
1 0.9565104166666667 0.2916666666666667 0.07239583333333334 0.10555555555555556
1 0.325 0.36944444444444446 0.08854166666666667 0.1388888888888889
1 0.4265625 0.13657407407407407 0.025 0.041666666666666664
1 0.428125 0.3212962962962963 0.052083333333333336 0.08148148148148149
1 0.7471354166666667 0.1726851851851852 0.04010416666666667 0.05462962962962963
1 0.4625 0.3527777777777778 0.06770833333333333 0.11666666666666667
1 0.3421875 0.2064814814814815 0.04479166666666667 0.06111111111111111
1 0.5239583333333333 0.4439814814814815 0.08229166666666667 0.11574074074074074
1 0.40546875 0.1962962962962963 0.0359375 0.05
1 0.40130208333333334 0.2800925925925926 0.0578125 0.08981481481481482
1 0.4361979166666667 0.21064814814814814 0.0390625 0.06018518518518518
1 0.71015625 0.16296296296296298 0.03802083333333333 0.05185185185185185
1 0.6927083333333334 0.13148148148148148 0.030208333333333334 0.044444444444444446
1 0.3885416666666667 0.16620370370370371 0.035416666666666666 0.05648148148148148
1 0.4979166666666667 0.18333333333333332 0.03958333333333333 0.06111111111111111
1 0.4041666666666667 0.11481481481481481 0.027083333333333334 0.03888888888888889
1 0.17578125 0.1259259259259259 0.034895833333333334 0.03888888888888889
1 0.45859375 0.23333333333333334 0.04114583333333333 0.07222222222222222
1 0.1765625 0.1865740740740741 0.040625 0.058333333333333334
1 0.3796875 0.2513888888888889 0.041666666666666664 0.08055555555555556
1 0.6177083333333333 0.1527777777777778 0.035416666666666666 0.053703703703703705
1 0.6518229166666667 0.13472222222222222 0.033854166666666664 0.049074074074074076
1 0.2674479166666667 0.23425925925925925 0.0453125 0.08333333333333333
1 0.2755208333333333 0.11574074074074074 0.03125 0.04259259259259259
1 0.7330729166666666 0.10555555555555556 0.034895833333333334 0.027777777777777776
1 0.2752604166666667 0.17175925925925925 0.0265625 0.04537037037037037
1 0.45416666666666666 0.1537037037037037 0.041666666666666664 0.06851851851851852
1 0.23307291666666666 0.11990740740740741 0.0328125 0.05462962962962963
1 0.584375 0.13472222222222222 0.03854166666666667 0.058333333333333334
1 0.15572916666666667 0.10185185185185185 0.027083333333333334 0.044444444444444446
1 0.2830729166666667 0.12314814814814815 0.0203125 0.040740740740740744
1 0.35104166666666664 0.13333333333333333 0.021875 0.040740740740740744
1 0.6276041666666666 0.12222222222222222 0.030208333333333334 0.02962962962962963
1 0.23958333333333334 0.15092592592592594 0.03854166666666667 0.040740740740740744
1 0.24453125 0.18564814814814815 0.0453125 0.075
1 0.17942708333333332 0.33564814814814814 0.0640625 0.10648148148148148
1 0.35390625 0.08518518518518518 0.0234375 0.03333333333333333
1 0.8296875 0.39305555555555555 0.09166666666666666 0.1398148148148148
1 0.2552083333333333 0.07407407407407407 0.025 0.025925925925925925
1 0.16979166666666667 0.29583333333333334 0.057291666666666664 0.075
1 0.5622395833333333 0.12962962962962962 0.0203125 0.05185185185185185
1 0.30234375 0.08842592592592592 0.025520833333333333 0.03611111111111111
1 0.5072916666666667 0.11944444444444445 0.03333333333333333 0.037037037037037035
1 0.17265625 0.1638888888888889 0.04010416666666667 0.05185185185185185
1 0.55234375 0.10046296296296296 0.0171875 0.032407407407407406
1 0.4796875 0.10648148148148148 0.021875 0.027777777777777776
1 0.4015625 0.06620370370370371 0.020833333333333332 0.025
1 0.46848958333333335 0.0699074074074074 0.021354166666666667 0.032407407407407406
1 0.31979166666666664 0.3013888888888889 0.06979166666666667 0.08055555555555556
1 0.28177083333333336 0.23935185185185184 0.052083333333333336 0.0712962962962963
1 0.4471354166666667 0.07731481481481481 0.021354166666666667 0.03981481481481482
1 0.26901041666666664 0.2847222222222222 0.0234375 0.062037037037037036
1 0.3028645833333333 0.14583333333333334 0.03802083333333333 0.07314814814814814
1 0.30026041666666664 0.29305555555555557 0.05260416666666667 0.09722222222222222
1 0.36744791666666665 0.15138888888888888 0.03177083333333333 0.04537037037037037
1 0.15598958333333332 0.2537037037037037 0.04739583333333333 0.07962962962962963
1 0.5401041666666667 0.28425925925925927 0.0625 0.09814814814814815
1 0.51015625 0.2740740740740741 0.0359375 0.08148148148148149