2 0.9533854166666667 0.19490740740740742 0.09114583333333333 0.18981481481481483
1 0.23567708333333334 0.8268518518518518 0.1609375 0.20925925925925926
1 0.7591145833333334 0.7837962962962963 0.14114583333333333 0.19166666666666668
1 0.9140625 0.8972222222222223 0.17083333333333334 0.2037037037037037
1 0.6036458333333333 0.924537037037037 0.18229166666666666 0.14907407407407408
1 0.6466145833333333 0.41898148148148145 0.08385416666666666 0.10833333333333334
1 0.203125 0.6180555555555556 0.11458333333333333 0.15092592592592594
1 0.9666666666666667 0.7078703703703704 0.065625 0.1787037037037037
1 0.39921875 0.5097222222222222 0.0953125 0.12685185185185185
1 0.503125 0.28703703703703703 0.059375 0.07592592592592592
1 0.1453125 0.38101851851851853 0.06666666666666667 0.09537037037037037
1 0.34713541666666664 0.4273148148148148 0.0765625 0.11203703703703703
1 0.803125 0.5347222222222222 0.115625 0.1787037037037037
1 0.4856770833333333 0.4041666666666667 0.07552083333333333 0.10277777777777777
1 0.9111979166666667 0.46111111111111114 0.10260416666666666 0.15185185185185185
1 0.8296875 0.24675925925925926 0.051041666666666666 0.06759259259259259
1 0.828125 0.20462962962962963 0.04791666666666667 0.06111111111111111
1 0.3997395833333333 0.12129629629629629 0.021354166666666667 0.03888888888888889
1 0.4825520833333333 0.17407407407407408 0.0390625 0.05185185185185185
1 0.7302083333333333 0.2064814814814815 0.04479166666666667 0.06111111111111111
1 0.7286458333333333 0.3458333333333333 0.071875 0.10833333333333334
1 0.45338541666666665 0.3592592592592593 0.06510416666666667 0.09259259259259259
1 0.321875 0.18333333333333332 0.041666666666666664 0.05555555555555555
1 0.42083333333333334 0.6439814814814815 0.12083333333333333 0.16203703703703703
1 0.3028645833333333 0.3111111111111111 0.07135416666666666 0.11666666666666667
1 0.58125 0.1638888888888889 0.0375 0.03518518518518519
1 0.8315104166666667 0.39444444444444443 0.09010416666666667 0.12037037037037036
1 0.38697916666666665 0.27361111111111114 0.042708333333333334 0.06944444444444445
1 0.42109375 0.2949074074074074 0.0578125 0.09907407407407408
1 0.44244791666666666 0.21851851851851853 0.0359375 0.05555555555555555
1 0.42421875 0.13287037037037036 0.03802083333333333 0.058333333333333334
1 0.8971354166666666 0.17314814814814813 0.033854166666666664 0.06296296296296296
1 0.1875 0.3263888888888889 0.059375 0.08425925925925926
1 0.3651041666666667 0.14814814814814814 0.03229166666666667 0.05
1 0.6794270833333333 0.18194444444444444 0.0390625 0.06018518518518518
1 0.20416666666666666 0.16620370370370371 0.04375 0.06759259259259259
1 0.6380208333333334 0.10972222222222222 0.028125 0.03425925925925926
1 0.5666666666666667 0.12731481481481483 0.027083333333333334 0.03611111111111111
1 0.38307291666666665 0.175 0.03177083333333333 0.04814814814814815
1 0.40260416666666665 0.18425925925925926 0.036458333333333336 0.053703703703703705
1 0.38229166666666664 0.10277777777777777 0.023958333333333335 0.037037037037037035
1 0.5416666666666666 0.45601851851851855 0.0875 0.14166666666666666
1 0.6955729166666667 0.6462962962962963 0.12760416666666666 0.20925925925925926
1 0.68359375 0.1300925925925926 0.030729166666666665 0.04351851851851852
1 0.4796875 0.24212962962962964 0.059375 0.08611111111111111
1 0.5783854166666667 0.11296296296296296 0.03177083333333333 0.03888888888888889
1 0.7927083333333333 0.12361111111111112 0.03854166666666667 0.030555555555555555
1 0.15651041666666668 0.09583333333333334 0.025520833333333333 0.03981481481481482
1 0.3734375 0.23935185185185184 0.05 0.0787037037037037
1 0.7153645833333333 0.1638888888888889 0.0390625 0.05925925925925926
1 0.5096354166666667 0.12453703703703704 0.0265625 0.030555555555555555
1 0.27291666666666664 0.1597222222222222 0.035416666666666666 0.062037037037037036
1 0.7028645833333333 0.3125 0.06927083333333334 0.11574074074074074
1 0.24010416666666667 0.16203703703703703 0.03125 0.046296296296296294
1 0.6604166666666667 0.10648148148148148 0.020833333333333332 0.03333333333333333
1 0.44921875 0.09583333333333334 0.0234375 0.026851851851851852
1 0.16328125 0.25601851851851853 0.0421875 0.06388888888888888
1 0.67421875 0.11157407407407408 0.0265625 0.03425925925925926
1 0.559375 0.32685185185185184 0.06458333333333334 0.09074074074074075
1 0.60078125 0.10092592592592593 0.025520833333333333 0.03333333333333333
1 0.2674479166666667 0.10648148148148148 0.0234375 0.037037037037037035
1 0.1796875 0.26666666666666666 0.05 0.05925925925925926
1 0.81484375 0.16527777777777777 0.0421875 0.062037037037037036
1 0.4283854166666667 0.20324074074074075 0.0390625 0.06574074074074074
1 0.7442708333333333 0.1476851851851852 0.029166666666666667 0.04351851851851852
1 0.46197916666666666 0.15833333333333333 0.034375 0.05555555555555555
1 0.6083333333333333 0.14814814814814814 0.025 0.046296296296296294
1 0.28880208333333335 0.11805555555555555 0.03177083333333333 0.03796296296296296
1 0.6192708333333333 0.11805555555555555 0.025 0.021296296296296296
1 0.5231770833333333 0.09212962962962963 0.0203125 0.030555555555555555
1 0.26484375 0.24351851851851852 0.03697916666666667 0.06666666666666667
1 0.9807291666666667 0.2972222222222222 0.0375 0.1111111111111111
1 0.2359375 0.1361111111111111 0.03229166666666667 0.03333333333333333
1 0.5283854166666667 0.13333333333333333 0.016145833333333335 0.02962962962962963
1 0.178125 0.2212962962962963 0.042708333333333334 0.044444444444444446
1 0.34609375 0.12731481481481483 0.03177083333333333 0.05277777777777778
1 0.34479166666666666 0.08009259259259259 0.022916666666666665 0.032407407407407406
1 0.4127604166666667 0.07037037037037037 0.022395833333333334 0.02962962962962963
1 0.2921875 0.2587962962962963 0.07291666666666667 0.07685185185185185
1 0.68828125 0.1439814814814815 0.0328125 0.030555555555555555
1 0.6244791666666667 0.08842592592592592 0.021875 0.03425925925925926
1 0.2703125 0.20416666666666666 0.04479166666666667 0.049074074074074076
1 0.25625 0.2037037037037037 0.040625 0.07222222222222222
1 0.5033854166666667 0.09583333333333334 0.0234375 0.021296296296296296
1 0.16640625 0.2064814814814815 0.03697916666666667 0.03518518518518519
1 0.46927083333333336 0.08611111111111111 0.022916666666666665 0.03518518518518519
1 0.5559895833333334 0.1412037037037037 0.025520833333333333 0.03796296296296296
1 0.32890625 0.06944444444444445 0.016145833333333335 0.022222222222222223
1 0.3533854166666667 0.2175925925925926 0.03697916666666667 0.07407407407407407
1 0.7723958333333333 0.1884259259259259 0.042708333333333334 0.06018518518518518
1 0.17161458333333332 0.16111111111111112 0.030729166666666665 0.05185185185185185
1 0.49166666666666664 0.08101851851851852 0.025 0.03425925925925926
1 0.63671875 0.1597222222222222 0.044270833333333336 0.06759259259259259