2 0.6328125 0.09166666666666666 0.1 0.0962962962962963
1 0.6447916666666667 0.6583333333333333 0.14375 0.21666666666666667
1 0.38671875 0.5222222222222223 0.09322916666666667 0.12037037037037036
1 0.21145833333333333 0.5662037037037037 0.09895833333333333 0.14351851851851852
1 0.91953125 0.9046296296296297 0.15989583333333332 0.18888888888888888
1 0.7747395833333334 0.4962962962962963 0.10677083333333333 0.16296296296296298
1 0.35911458333333335 0.43194444444444446 0.07760416666666667 0.10648148148148148
1 0.5979166666666667 0.35509259259259257 0.07395833333333333 0.10092592592592593
1 0.4786458333333333 0.38425925925925924 0.071875 0.10555555555555556
1 0.18671875 0.36666666666666664 0.0734375 0.09444444444444444
1 0.8244791666666667 0.28194444444444444 0.065625 0.05277777777777778
1 0.5838541666666667 0.24259259259259258 0.052083333333333336 0.08518518518518518
1 0.428125 0.20694444444444443 0.04375 0.05462962962962963
1 0.5463541666666667 0.47314814814814815 0.08645833333333333 0.11851851851851852
1 0.17057291666666666 0.2449074074074074 0.043229166666666666 0.062037037037037036
1 0.3346354166666667 0.39166666666666666 0.07239583333333334 0.1
1 0.5674479166666667 0.3333333333333333 0.05572916666666667 0.08703703703703704
1 0.934375 0.6439814814814815 0.13020833333333334 0.175
1 0.46822916666666664 0.25 0.052083333333333336 0.06481481481481481
1 0.5145833333333333 0.19953703703703704 0.040625 0.06574074074074074
1 0.72578125 0.33564814814814814 0.0703125 0.10833333333333334
1 0.4473958333333333 0.3560185185185185 0.05416666666666667 0.08796296296296297
1 0.1890625 0.30462962962962964 0.052083333333333336 0.05555555555555555
1 0.821875 0.15324074074074073 0.03125 0.04351851851851852
1 0.5177083333333333 0.2810185185185185 0.06354166666666666 0.09537037037037037
1 0.35572916666666665 0.22546296296296298 0.03958333333333333 0.062037037037037036
1 0.6471354166666666 0.29907407407407405 0.06302083333333333 0.08333333333333333
1 0.6559895833333333 0.40555555555555556 0.07760416666666667 0.11481481481481481
1 0.39947916666666666 0.1875 0.040625 0.058333333333333334
1 0.7338541666666667 0.1486111111111111 0.03229166666666667 0.049074074074074076
1 0.4005208333333333 0.25972222222222224 0.051041666666666666 0.08796296296296297
1 0.9869791666666666 0.2337962962962963 0.025 0.058333333333333334
1 0.2716145833333333 0.2564814814814815 0.0421875 0.06851851851851852
1 0.65625 0.2013888888888889 0.03958333333333333 0.03981481481481482
1 0.30755208333333334 0.3236111111111111 0.0609375 0.0824074074074074
1 0.74453125 0.23564814814814813 0.059895833333333336 0.062037037037037036
1 0.3640625 0.24537037037037038 0.03854166666666667 0.06481481481481481
1 0.35989583333333336 0.08981481481481482 0.035416666666666666 0.040740740740740744
1 0.3958333333333333 0.11574074074074074 0.029166666666666667 0.03888888888888889
1 0.016927083333333332 0.49027777777777776 0.033854166666666664 0.15092592592592594
1 0.18229166666666666 0.2175925925925926 0.040625 0.05925925925925926
1 0.70703125 0.2162037037037037 0.0453125 0.04351851851851852
1 0.5471354166666667 0.22268518518518518 0.0453125 0.075
1 0.42890625 0.31527777777777777 0.0640625 0.10092592592592593
1 0.7432291666666667 0.19444444444444445 0.03854166666666667 0.02962962962962963
1 0.25625 0.2064814814814815 0.051041666666666666 0.08333333333333333
1 0.3958333333333333 0.16342592592592592 0.03958333333333333 0.062037037037037036
1 0.29192708333333334 0.13055555555555556 0.027604166666666666 0.04259259259259259
1 0.7940104166666667 0.1375 0.027604166666666666 0.025
1 0.6239583333333333 0.18287037037037038 0.034375 0.03981481481481482
1 0.8046875 0.20601851851851852 0.03333333333333333 0.03981481481481482
1 0.23802083333333332 0.15185185185185185 0.036458333333333336 0.05740740740740741
1 0.325 0.1087962962962963 0.025 0.03796296296296296
1 0.5018229166666667 0.18518518518518517 0.0421875 0.07407407407407407
1 0.8049479166666667 0.18796296296296297 0.034895833333333334 0.03518518518518519
1 0.7002604166666667 0.16064814814814815 0.034895833333333334 0.049074074074074076
1 0.1671875 0.3384259259259259 0.052083333333333336 0.10092592592592593
1 0.65546875 0.13472222222222222 0.03177083333333333 0.03981481481481482
1 0.32109375 0.18287037037037038 0.030729166666666665 0.05092592592592592
1 0.8393229166666667 0.2101851851851852 0.0484375 0.06296296296296296
1 0.26067708333333334 0.09444444444444444 0.028645833333333332 0.03888888888888889
1 0.38645833333333335 0.10555555555555556 0.027083333333333334 0.03888888888888889
1 0.8783854166666667 0.26342592592592595 0.05364583333333333 0.08611111111111111
1 0.7182291666666667 0.16296296296296298 0.035416666666666666 0.03888888888888889
1 0.34401041666666665 0.12824074074074074 0.0265625 0.03796296296296296
1 0.8408854166666667 0.23935185185185184 0.043229166666666666 0.05277777777777778
1 0.5408854166666667 0.14305555555555555 0.034895833333333334 0.03425925925925926
1 0.50703125 0.10740740740740741 0.025520833333333333 0.03333333333333333
1 0.65234375 0.1597222222222222 0.033854166666666664 0.04351851851851852
1 0.4395833333333333 0.09351851851851851 0.023958333333333335 0.027777777777777776
1 0.33828125 0.07592592592592592 0.019270833333333334 0.02962962962962963
1 0.7036458333333333 0.19212962962962962 0.040625 0.05462962962962963
1 0.7190104166666667 0.11527777777777778 0.033854166666666664 0.04351851851851852
1 0.6044270833333333 0.14305555555555555 0.030729166666666665 0.03611111111111111
1 0.3424479166666667 0.19675925925925927 0.04010416666666667 0.0712962962962963
1 0.16901041666666666 0.12777777777777777 0.034895833333333334 0.05185185185185185
1 0.31875 0.1638888888888889 0.036458333333333336 0.05740740740740741
1 0.9473958333333333 0.2064814814814815 0.05 0.03518518518518519
1 0.2986979166666667 0.2824074074074074 0.05260416666666667 0.07407407407407407
1 0.36484375 0.1388888888888889 0.0296875 0.046296296296296294
1 0.6171875 0.12175925925925926 0.028125 0.028703703703703703
1 0.4630208333333333 0.08935185185185185 0.025 0.03611111111111111
1 0.21744791666666666 0.08055555555555556 0.028645833333333332 0.02962962962962963
1 0.6020833333333333 0.16620370370370371 0.03125 0.03981481481481482
1 0.16848958333333333 0.08842592592592592 0.030729166666666665 0.03981481481481482
1 0.7963541666666667 0.16157407407407406 0.026041666666666668 0.028703703703703703
1 0.5776041666666667 0.08981481481481482 0.017708333333333333 0.04259259259259259
1 0.6278645833333333 0.15046296296296297 0.0234375 0.026851851851851852
1 0.5572916666666666 0.12268518518518519 0.023958333333333335 0.05092592592592592
1 0.5536458333333333 0.0699074074074074 0.021875 0.023148148148148147
1 0.6234375 0.10601851851851851 0.025 0.03981481481481482
1 0.9369791666666667 0.27685185185185185 0.07604166666666666 0.11481481481481481
1 0.23307291666666666 0.1287037037037037 0.034895833333333334 0.03518518518518519
1 0.69296875 0.10694444444444444 0.028645833333333332 0.04351851851851852
1 0.5361979166666667 0.09398148148148149 0.0265625 0.04351851851851852
1 0.3690104166666667 0.14907407407407408 0.027604166666666666 0.040740740740740744
1 0.5609375 0.10416666666666667 0.023958333333333335 0.03981481481481482
1 0.16979166666666667 0.17546296296296296 0.035416666666666666 0.030555555555555555
1 0.4713541666666667 0.10740740740740741 0.026041666666666668 0.027777777777777776
1 0.2765625 0.1087962962962963 0.03229166666666667 0.03796296296296296
1 0.17005208333333333 0.1912037037037037 0.03802083333333333 0.062037037037037036
1 0.20364583333333333 0.10972222222222222 0.021875 0.03425925925925926
1 0.95 0.25092592592592594 0.05625 0.07777777777777778
1 0.3033854166666667 0.15231481481481482 0.027604166666666666 0.05277777777777778