2 0.9302083333333333 0.16898148148148148 0.09270833333333334 0.15648148148148147
2 0.5671875 0.2828703703703704 0.08541666666666667 0.16574074074074074
2 0.965625 0.5023148148148148 0.06770833333333333 0.22685185185185186
2 0.83984375 0.10324074074074074 0.0640625 0.09351851851851851
1 0.7854166666666667 0.5467592592592593 0.10625 0.1361111111111111
1 0.5552083333333333 0.5046296296296297 0.08854166666666667 0.1259259259259259
1 0.9111979166666667 0.3175925925925926 0.0671875 0.06851851851851852
1 0.5145833333333333 0.4537037037037037 0.08333333333333333 0.10555555555555556
1 0.9604166666666667 0.2833333333333333 0.0625 0.07407407407407407
1 0.46197916666666666 0.9092592592592592 0.17916666666666667 0.17962962962962964
1 0.69140625 0.19398148148148148 0.043229166666666666 0.05648148148148148
1 0.31536458333333334 0.3296296296296296 0.0640625 0.08518518518518518
1 0.1984375 0.43796296296296294 0.07291666666666667 0.0962962962962963
1 0.9674479166666666 0.7060185185185185 0.0640625 0.2361111111111111
1 0.6278645833333333 0.3731481481481482 0.0859375 0.1388888888888889
1 0.6606770833333333 0.6282407407407408 0.12135416666666667 0.16018518518518518
1 0.4317708333333333 0.32083333333333336 0.0625 0.08611111111111111
1 0.37161458333333336 0.4787037037037037 0.08802083333333334 0.14074074074074075
1 0.8640625 0.25833333333333336 0.05416666666666667 0.07592592592592592
1 0.46067708333333335 0.23425925925925925 0.044270833333333336 0.06481481481481481
1 0.49895833333333334 0.2777777777777778 0.05416666666666667 0.07222222222222222
1 0.51328125 0.30277777777777776 0.033854166666666664 0.07777777777777778
1 0.7653645833333333 0.7791666666666667 0.15052083333333333 0.2490740740740741
1 0.43072916666666666 0.21296296296296297 0.042708333333333334 0.05740740740740741
1 0.7869791666666667 0.2611111111111111 0.06041666666666667 0.05
1 0.19479166666666667 0.14212962962962963 0.028125 0.03981481481481482
1 0.40338541666666666 0.29074074074074074 0.050520833333333334 0.07962962962962963
1 0.6177083333333333 0.1550925925925926 0.034375 0.05462962962962963
1 0.8572916666666667 0.4486111111111111 0.09375 0.11388888888888889
1 0.5822916666666667 0.1449074074074074 0.03229166666666667 0.03796296296296296
1 0.44635416666666666 0.07962962962962963 0.025 0.03333333333333333
1 0.17526041666666667 0.33611111111111114 0.05677083333333333 0.09259259259259259
1 0.8424479166666666 0.23287037037037037 0.06822916666666666 0.0824074074074074
1 0.21510416666666668 0.10601851851851851 0.029166666666666667 0.04351851851851852
1 0.34401041666666665 0.1259259259259259 0.0296875 0.046296296296296294
1 0.26927083333333335 0.23935185185185184 0.046875 0.062037037037037036
1 0.5346354166666667 0.21944444444444444 0.0390625 0.06111111111111111
1 0.18619791666666666 0.21712962962962962 0.04114583333333333 0.06018518518518518
1 0.6760416666666667 0.17916666666666667 0.036458333333333336 0.05648148148148148
1 0.3846354166666667 0.24861111111111112 0.05572916666666667 0.09537037037037037
1 0.5177083333333333 0.11157407407407408 0.020833333333333332 0.03981481481481482
1 0.409375 0.18796296296296297 0.0375 0.040740740740740744
1 0.6463541666666667 0.11157407407407408 0.025 0.025
1 0.30078125 0.29259259259259257 0.0671875 0.10555555555555556
1 0.18567708333333333 0.29305555555555557 0.0515625 0.09722222222222222
1 0.3658854166666667 0.14351851851851852 0.03177083333333333 0.04814814814814815
1 0.19375 0.39305555555555555 0.071875 0.08796296296296297
1 0.35130208333333335 0.24027777777777778 0.03177083333333333 0.06759259259259259
1 0.3533854166666667 0.08194444444444444 0.0234375 0.03611111111111111
1 0.51015625 0.19814814814814816 0.0453125 0.06666666666666667
1 0.2513020833333333 0.17962962962962964 0.0359375 0.046296296296296294
1 0.18333333333333332 0.18055555555555555 0.0375 0.046296296296296294
1 0.8143229166666667 0.17222222222222222 0.03697916666666667 0.06296296296296296
1 0.29739583333333336 0.14027777777777778 0.030208333333333334 0.05092592592592592
1 0.3255208333333333 0.11574074074074074 0.019791666666666666 0.03333333333333333
1 0.64921875 0.16435185185185186 0.03802083333333333 0.06388888888888888
1 0.9794270833333333 0.2513888888888889 0.04010416666666667 0.075
1 0.25546875 0.08935185185185185 0.0203125 0.03611111111111111
1 0.40286458333333336 0.12314814814814815 0.04010416666666667 0.05185185185185185
1 0.4901041666666667 0.10046296296296296 0.01875 0.03611111111111111
1 0.4627604166666667 0.06805555555555555 0.018229166666666668 0.028703703703703703
1 0.26927083333333335 0.09953703703703703 0.030208333333333334 0.03981481481481482
1 0.39088541666666665 0.15694444444444444 0.03697916666666667 0.05277777777777778
1 0.1671875 0.12268518518518519 0.030208333333333334 0.03611111111111111
1 0.24166666666666667 0.1648148148148148 0.041666666666666664 0.044444444444444446
1 0.2296875 0.12546296296296297 0.030208333333333334 0.03611111111111111
1 0.625 0.09259259259259259 0.03229166666666667 0.03333333333333333
1 0.7541666666666667 0.1574074074074074 0.016666666666666666 0.044444444444444446
1 0.8645833333333334 0.17777777777777778 0.04791666666666667 0.05740740740740741
1 0.309375 0.1537037037037037 0.034375 0.044444444444444446
1 0.375 0.1875 0.034375 0.026851851851851852
1 0.37265625 0.09814814814814815 0.033854166666666664 0.04259259259259259
1 0.3177083333333333 0.10324074074074074 0.03333333333333333 0.032407407407407406
1 0.47213541666666664 0.08796296296296297 0.022395833333333334 0.040740740740740744
1 0.6747395833333333 0.13425925925925927 0.03802083333333333 0.03888888888888889
1 0.8270833333333333 0.1824074074074074 0.036458333333333336 0.05555555555555555
1 0.23854166666666668 0.13935185185185187 0.036458333333333336 0.028703703703703703
1 0.28177083333333336 0.12129629629629629 0.03125 0.044444444444444446
1 0.6942708333333333 0.11851851851851852 0.027083333333333334 0.02962962962962963
1 0.3020833333333333 0.08425925925925926 0.030208333333333334 0.03333333333333333
1 0.9880208333333333 0.1884259259259259 0.022916666666666665 0.05277777777777778
1 0.7028645833333333 0.15185185185185185 0.0234375 0.040740740740740744
1 0.8427083333333333 0.9564814814814815 0.2552083333333333 0.08518518518518518
1 0.009635416666666667 0.5231481481481481 0.019270833333333334 0.10740740740740741
1 0.34661458333333334 0.44537037037037036 0.0734375 0.10925925925925926
1 0.35104166666666664 0.21851851851851853 0.04791666666666667 0.06111111111111111
1 0.32760416666666664 0.18981481481481483 0.04479166666666667 0.06666666666666667
1 0.7291666666666666 0.16527777777777777 0.04375 0.06944444444444445