2 0.8661458333333333 0.1449074074074074 0.07291666666666667 0.15833333333333333
2 0.9114583333333334 0.5699074074074074 0.16875 0.3212962962962963
2 0.75390625 0.11574074074074074 0.0640625 0.11481481481481481
1 0.19505208333333332 0.7875 0.14010416666666667 0.16944444444444445
1 0.7421875 0.49074074074074076 0.09583333333333334 0.11851851851851852
1 0.2734375 0.9083333333333333 0.15 0.1814814814814815
1 0.7239583333333334 0.36342592592592593 0.071875 0.09722222222222222
1 0.62890625 0.3861111111111111 0.07447916666666667 0.1037037037037037
1 0.5549479166666667 0.3296296296296296 0.0671875 0.08888888888888889
1 0.4390625 0.6328703703703704 0.115625 0.15648148148148147
1 0.6471354166666666 0.6180555555555556 0.11927083333333334 0.16018518518518518
1 0.96796875 0.3611111111111111 0.06302083333333333 0.09259259259259259
1 0.8083333333333333 0.5726851851851852 0.05625 0.14722222222222223
1 0.18984375 0.3287037037037037 0.059895833333333336 0.09074074074074075
1 0.3890625 0.5398148148148149 0.11875 0.18888888888888888
1 0.8986979166666667 0.2810185185185185 0.06197916666666667 0.075
1 0.60703125 0.5388888888888889 0.0890625 0.13703703703703704
1 0.32734375 0.37824074074074077 0.07239583333333334 0.09722222222222222
1 0.68203125 0.31296296296296294 0.06822916666666666 0.09444444444444444
1 0.50234375 0.28379629629629627 0.0484375 0.0787037037037037
1 0.48671875 0.17962962962962964 0.03802083333333333 0.06111111111111111
1 0.746875 0.20925925925925926 0.04895833333333333 0.07592592592592592
1 0.43723958333333335 0.3351851851851852 0.06822916666666666 0.10740740740740741
1 0.6184895833333334 0.1824074074074074 0.04114583333333333 0.040740740740740744
1 0.6635416666666667 0.17546296296296296 0.03958333333333333 0.049074074074074076
1 0.28098958333333335 0.2569444444444444 0.04635416666666667 0.06388888888888888
1 0.34010416666666665 0.3365740740740741 0.065625 0.0824074074074074
1 0.8203125 0.27824074074074073 0.06041666666666667 0.06574074074074074
1 0.39895833333333336 0.2773148148148148 0.06041666666666667 0.09166666666666666
1 0.21796875 0.6291666666666667 0.10677083333333333 0.15833333333333333
1 0.3697916666666667 0.24212962962962964 0.03958333333333333 0.06574074074074074
1 0.19322916666666667 0.26435185185185184 0.04791666666666667 0.07314814814814814
1 0.4205729166666667 0.19675925925925927 0.04739583333333333 0.06574074074074074
1 0.19791666666666666 0.5305555555555556 0.096875 0.17037037037037037
1 0.453125 0.37222222222222223 0.0625 0.1
1 0.8403645833333333 0.21481481481481482 0.0484375 0.06296296296296296
1 0.5703125 0.15833333333333333 0.03229166666666667 0.040740740740740744
1 0.48072916666666665 0.4152777777777778 0.09375 0.15092592592592594
1 0.55703125 0.12638888888888888 0.027604166666666666 0.03981481481481482
1 0.39114583333333336 0.17083333333333334 0.041666666666666664 0.058333333333333334
1 0.528125 0.3023148148148148 0.05625 0.08796296296296297
1 0.72109375 0.16712962962962963 0.03802083333333333 0.06018518518518518
1 0.23307291666666666 0.13935185185185187 0.03697916666666667 0.06018518518518518
1 0.36822916666666666 0.15787037037037038 0.030208333333333334 0.04537037037037037
1 0.428125 0.1412037037037037 0.034375 0.05092592592592592
1 0.91015625 0.17453703703703705 0.0234375 0.06759259259259259
1 0.3536458333333333 0.13518518518518519 0.029166666666666667 0.03888888888888889
1 0.45859375 0.1638888888888889 0.028645833333333332 0.044444444444444446
1 0.4005208333333333 0.11527777777777778 0.029166666666666667 0.05277777777777778
1 0.9838541666666667 0.29074074074074074 0.03125 0.053703703703703705
1 0.59765625 0.11342592592592593 0.0359375 0.05277777777777778
1 0.35651041666666666 0.2152777777777778 0.04114583333333333 0.06388888888888888
1 0.44244791666666666 0.22037037037037038 0.0390625 0.06481481481481481
1 0.27578125 0.11296296296296296 0.027604166666666666 0.04259259259259259
1 0.49192708333333335 0.10231481481481482 0.025520833333333333 0.032407407407407406
1 0.47317708333333336 0.08888888888888889 0.028645833333333332 0.04259259259259259
1 0.5192708333333333 0.11018518518518519 0.028125 0.044444444444444446
1 0.25729166666666664 0.19537037037037036 0.04583333333333333 0.05740740740740741
1 0.3375 0.12407407407407407 0.026041666666666668 0.03518518518518519
1 0.29322916666666665 0.1287037037037037 0.03125 0.04814814814814815
1 0.6559895833333333 0.13796296296296295 0.0296875 0.027777777777777776
1 0.2109375 0.11388888888888889 0.023958333333333335 0.040740740740740744
1 0.5703125 0.10324074074074074 0.027083333333333334 0.04351851851851852
1 0.17161458333333332 0.1574074074074074 0.033854166666666664 0.037037037037037035
1 0.64140625 0.1597222222222222 0.03177083333333333 0.04537037037037037
1 0.33489583333333334 0.18888888888888888 0.0375 0.06666666666666667
1 0.3411458333333333 0.20787037037037037 0.023958333333333335 0.05462962962962963
1 0.18203125 0.24722222222222223 0.0453125 0.05925925925925926
1 0.8192708333333333 0.14722222222222223 0.027083333333333334 0.06111111111111111
1 0.24322916666666666 0.16203703703703703 0.029166666666666667 0.04814814814814815
1 0.16640625 0.09166666666666666 0.028645833333333332 0.03148148148148148
1 0.17838541666666666 0.1865740740740741 0.044270833333333336 0.03425925925925926
1 0.6950520833333333 0.1486111111111111 0.033854166666666664 0.05648148148148148
1 0.46484375 0.23935185185185184 0.049479166666666664 0.08425925925925926
1 0.31302083333333336 0.16296296296296298 0.034375 0.05740740740740741
1 0.2734375 0.23333333333333334 0.04583333333333333 0.06296296296296296
1 0.52890625 0.0837962962962963 0.025520833333333333 0.023148148148148147
1 0.96796875 0.2518518518518518 0.06197916666666667 0.08888888888888889
1 0.325 0.10833333333333334 0.036458333333333336 0.03888888888888889
1 0.33958333333333335 0.07546296296296297 0.023958333333333335 0.032407407407407406
1 0.8252604166666667 0.15833333333333333 0.016145833333333335 0.05555555555555555
1 0.44765625 0.08287037037037037 0.025520833333333333 0.030555555555555555
1 0.3033854166666667 0.15185185185185185 0.030729166666666665 0.05555555555555555
1 0.16875 0.13842592592592592 0.03125 0.032407407407407406
1 0.6190104166666667 0.15046296296296297 0.022395833333333334 0.026851851851851852
1 0.5513020833333333 0.09074074074074075 0.018229166666666668 0.03518518518518519
1 0.85703125 0.2490740740740741 0.04739583333333333 0.06666666666666667
1 0.7609375 0.15138888888888888 0.023958333333333335 0.04351851851851852
1 0.26640625 0.21944444444444444 0.03802083333333333 0.05740740740740741
1 0.1765625 0.20324074074074075 0.04895833333333333 0.06759259259259259