3 0.8208333333333333 0.22592592592592592 0.058333333333333334 0.08888888888888889
2 0.8231770833333333 0.15324074074074073 0.0734375 0.16018518518518518
2 0.8768229166666667 0.11898148148148148 0.07135416666666666 0.14907407407407408
1 0.5078125 0.7546296296296297 0.13645833333333332 0.18703703703703703
1 0.41953125 0.587037037037037 0.10364583333333334 0.15
1 0.18776041666666668 0.412962962962963 0.0734375 0.10740740740740741
1 0.5947916666666667 0.5412037037037037 0.10104166666666667 0.1398148148148148
1 0.9296875 0.1837962962962963 0.04583333333333333 0.05648148148148148
1 0.9848958333333333 0.23194444444444445 0.029166666666666667 0.06759259259259259
1 0.27786458333333336 0.9495370370370371 0.18385416666666668 0.09907407407407408
1 0.646875 0.9652777777777778 0.15833333333333333 0.06759259259259259
1 0.6609375 0.4166666666666667 0.084375 0.11666666666666667
1 0.5848958333333333 0.35555555555555557 0.07291666666666667 0.09444444444444444
1 0.63984375 0.16342592592592592 0.03697916666666667 0.05277777777777778
1 0.7158854166666667 0.6476851851851851 0.12239583333333333 0.20277777777777778
1 0.9221354166666667 0.27314814814814814 0.06927083333333334 0.1
1 0.5450520833333333 0.4671296296296296 0.08697916666666666 0.11574074074074074
1 0.43255208333333334 0.13935185185185187 0.027604166666666666 0.04351851851851852
1 0.48932291666666666 0.25972222222222224 0.0453125 0.0712962962962963
1 0.475 0.36574074074074076 0.071875 0.12037037037037036
1 0.7109375 0.19444444444444445 0.041666666666666664 0.05555555555555555
1 0.8255208333333334 0.5680555555555555 0.11458333333333333 0.14907407407407408
1 0.4625 0.15648148148148147 0.042708333333333334 0.06851851851851852
1 0.9265625 0.47314814814814815 0.10104166666666667 0.14629629629629629
1 0.54140625 0.2101851851851852 0.0453125 0.06481481481481481
1 0.7333333333333333 0.1638888888888889 0.03854166666666667 0.053703703703703705
1 0.3494791666666667 0.20972222222222223 0.04895833333333333 0.06388888888888888
1 0.43802083333333336 0.3296296296296296 0.05416666666666667 0.08333333333333333
1 0.6828125 0.125 0.030208333333333334 0.044444444444444446
1 0.44296875 0.21296296296296297 0.0421875 0.05925925925925926
1 0.39375 0.16805555555555557 0.035416666666666666 0.05462962962962963
1 0.011197916666666667 0.49907407407407406 0.022395833333333334 0.11296296296296296
1 0.33229166666666665 0.3851851851851852 0.08958333333333333 0.14074074074074075
1 0.4114583333333333 0.2865740740740741 0.057291666666666664 0.09351851851851851
1 0.4671875 0.23796296296296296 0.04479166666666667 0.07407407407407407
1 0.5549479166666667 0.29305555555555557 0.06510416666666667 0.09907407407407408
1 0.4114583333333333 0.2 0.036458333333333336 0.05
1 0.40989583333333335 0.1162037037037037 0.027083333333333334 0.041666666666666664
1 0.5078125 0.1865740740740741 0.040625 0.062037037037037036
1 0.17708333333333334 0.1884259259259259 0.040625 0.058333333333333334
1 0.6979166666666666 0.1550925925925926 0.0375 0.049074074074074076
1 0.5236979166666667 0.10185185185185185 0.025520833333333333 0.027777777777777776
1 0.6057291666666667 0.14305555555555555 0.036458333333333336 0.05277777777777778
1 0.3880208333333333 0.25555555555555554 0.04479166666666667 0.08333333333333333
1 0.3059895833333333 0.1361111111111111 0.03802083333333333 0.053703703703703705
1 0.17135416666666667 0.3439814814814815 0.065625 0.11388888888888889
1 0.28020833333333334 0.11574074074074074 0.03333333333333333 0.044444444444444446
1 0.15625 0.09861111111111111 0.027083333333333334 0.041666666666666664
1 0.3065104166666667 0.3013888888888889 0.0546875 0.09907407407407408
1 0.5260416666666666 0.2810185185185185 0.04583333333333333 0.08425925925925926
1 0.7223958333333333 0.10046296296296296 0.034375 0.030555555555555555
1 0.49765625 0.11157407407407408 0.033854166666666664 0.03425925925925926
1 0.64140625 0.12453703703703704 0.030729166666666665 0.041666666666666664
1 0.37161458333333336 0.15185185185185185 0.03177083333333333 0.044444444444444446
1 0.32916666666666666 0.11481481481481481 0.015625 0.03148148148148148
1 0.5541666666666667 0.12175925925925926 0.016666666666666666 0.05092592592592592
1 0.17734375 0.29305555555555557 0.05677083333333333 0.06018518518518518
1 0.2716145833333333 0.23703703703703705 0.0484375 0.08518518518518518
1 0.5739583333333333 0.12407407407407407 0.036458333333333336 0.06111111111111111
1 0.23385416666666667 0.11851851851851852 0.03333333333333333 0.053703703703703705
1 0.28020833333333334 0.175 0.021875 0.044444444444444446
1 0.25677083333333334 0.0712962962962963 0.03125 0.027777777777777776
1 0.4739583333333333 0.10416666666666667 0.021875 0.032407407407407406
1 0.2859375 0.12314814814814815 0.021875 0.040740740740740744
1 0.5236979166666667 0.1287037037037037 0.0296875 0.03148148148148148
1 0.4640625 0.06388888888888888 0.020833333333333332 0.03148148148148148
1 0.6359375 0.09166666666666666 0.023958333333333335 0.027777777777777776
1 0.17552083333333332 0.16666666666666666 0.04583333333333333 0.05185185185185185
1 0.5893229166666667 0.09398148148148149 0.024479166666666666 0.03796296296296296
1 0.34427083333333336 0.1787037037037037 0.03229166666666667 0.022222222222222223
1 0.24114583333333334 0.15231481481481482 0.0375 0.041666666666666664
1 0.26484375 0.08981481481481482 0.025520833333333333 0.03518518518518519
1 0.35130208333333335 0.11527777777777778 0.033854166666666664 0.058333333333333334
1 0.71796875 0.12777777777777777 0.0421875 0.037037037037037035
1 0.3106770833333333 0.16342592592592592 0.034895833333333334 0.041666666666666664
1 0.340625 0.0712962962962963 0.021875 0.027777777777777776
1 0.17708333333333334 0.13518518518518519 0.035416666666666666 0.024074074074074074
1 0.2864583333333333 0.24305555555555555 0.052083333333333336 0.06759259259259259
1 0.32317708333333334 0.09259259259259259 0.028645833333333332 0.03888888888888889
1 0.36640625 0.1337962962962963 0.044270833333333336 0.041666666666666664
1 0.17239583333333333 0.08009259259259259 0.022916666666666665 0.023148148148148147
1 0.421875 0.0787037037037037 0.023958333333333335 0.025925925925925925
1 0.32395833333333335 0.3111111111111111 0.075 0.08518518518518518
1 0.4002604166666667 0.062037037037037036 0.0203125 0.024074074074074074
1 0.5924479166666666 0.07407407407407407 0.022395833333333334 0.03333333333333333
1 0.61875 0.12129629629629629 0.026041666666666668 0.03888888888888889
1 0.25234375 0.18703703703703703 0.04635416666666667 0.07777777777777778
1 0.8645833333333334 0.41435185185185186 0.09583333333333334 0.14722222222222223
1 0.1578125 0.23796296296296296 0.042708333333333334 0.040740740740740744
1 0.28489583333333335 0.28425925925925927 0.04895833333333333 0.07592592592592592
1 0.16744791666666667 0.2657407407407407 0.0578125 0.06666666666666667