3 0.8276041666666667 0.22870370370370371 0.06145833333333333 0.08888888888888889
1 0.49973958333333335 0.7402777777777778 0.13385416666666666 0.18796296296296297
1 0.6369791666666667 0.9541666666666667 0.190625 0.08981481481481482
1 0.8143229166666667 0.5611111111111111 0.11510416666666666 0.14629629629629629
1 0.18776041666666668 0.41064814814814815 0.07239583333333334 0.10648148148148148
1 0.41692708333333334 0.5791666666666667 0.1046875 0.14907407407407408
1 0.27291666666666664 0.9393518518518519 0.178125 0.11944444444444445
1 0.6557291666666667 0.4134259259259259 0.08333333333333333 0.11574074074074074
1 0.58046875 0.3537037037037037 0.07135416666666666 0.09259259259259259
1 0.5885416666666666 0.5347222222222222 0.1 0.1361111111111111
1 0.6434895833333333 0.16620370370370371 0.03802083333333333 0.05277777777777778
1 0.9299479166666667 0.2777777777777778 0.06927083333333334 0.1
1 0.5401041666666667 0.4634259259259259 0.08645833333333333 0.12129629629629629
1 0.7057291666666666 0.637962962962963 0.12083333333333333 0.19814814814814816
1 0.7151041666666667 0.19768518518518519 0.042708333333333334 0.05648148148148148
1 0.016145833333333335 0.4935185185185185 0.03229166666666667 0.11666666666666667
1 0.47161458333333334 0.3638888888888889 0.07135416666666666 0.12037037037037036
1 0.4875 0.25972222222222224 0.04479166666666667 0.06944444444444445
1 0.43515625 0.3282407407407407 0.05364583333333333 0.0824074074074074
1 0.5388020833333333 0.20972222222222223 0.0453125 0.06388888888888888
1 0.9169270833333333 0.4675925925925926 0.0984375 0.1425925925925926
1 0.934375 0.1865740740740741 0.04583333333333333 0.058333333333333334
1 0.7369791666666666 0.16574074074074074 0.03958333333333333 0.053703703703703705
1 0.46015625 0.15648148148148147 0.0421875 0.06851851851851852
1 0.9885416666666667 0.2361111111111111 0.021875 0.06481481481481481
1 0.3932291666666667 0.1685185185185185 0.036458333333333336 0.05740740740740741
1 0.409375 0.28564814814814815 0.057291666666666664 0.09351851851851851
1 0.3299479166666667 0.3800925925925926 0.09114583333333333 0.14537037037037037
1 0.44114583333333335 0.21157407407407408 0.040625 0.06018518518518518
1 0.17734375 0.19027777777777777 0.04114583333333333 0.06018518518518518
1 0.34661458333333334 0.20972222222222223 0.0453125 0.06388888888888888
1 0.6856770833333333 0.1259259259259259 0.030729166666666665 0.044444444444444446
1 0.5513020833333333 0.29259259259259257 0.06510416666666667 0.1
1 0.4317708333333333 0.13935185185185187 0.028125 0.04537037037037037
1 0.41015625 0.2 0.0359375 0.05185185185185185
1 0.4083333333333333 0.11527777777777778 0.027083333333333334 0.03981481481481482
1 0.1765625 0.12638888888888888 0.0375 0.03981481481481482
1 0.24140625 0.1527777777777778 0.04010416666666667 0.04259259259259259
1 0.7013020833333333 0.15648148148148147 0.03802083333333333 0.05185185185185185
1 0.309375 0.16435185185185186 0.03333333333333333 0.041666666666666664
1 0.5052083333333334 0.18796296296296297 0.041666666666666664 0.06666666666666667
1 0.30520833333333336 0.13657407407407407 0.0375 0.05462962962962963
1 0.3846354166666667 0.25416666666666665 0.043229166666666666 0.0824074074074074
1 0.6088541666666667 0.14583333333333334 0.035416666666666666 0.05277777777777778
1 0.5252604166666667 0.10277777777777777 0.024479166666666666 0.027777777777777776
1 0.6427083333333333 0.13055555555555556 0.034375 0.04814814814814815
1 0.46484375 0.23796296296296296 0.0421875 0.07407407407407407
1 0.15546875 0.10138888888888889 0.0265625 0.04351851851851852
1 0.7247395833333333 0.10185185185185185 0.034895833333333334 0.027777777777777776
1 0.27317708333333335 0.28888888888888886 0.028645833333333332 0.06666666666666667
1 0.5265625 0.13240740740740742 0.030208333333333334 0.03518518518518519
1 0.6369791666666667 0.09351851851851851 0.023958333333333335 0.025925925925925925
1 0.28541666666666665 0.12361111111111112 0.021875 0.03981481481481482
1 0.35598958333333336 0.08148148148148149 0.022395833333333334 0.025925925925925925
1 0.8575520833333333 0.4097222222222222 0.09427083333333333 0.14722222222222223
1 0.17447916666666666 0.3439814814814815 0.06145833333333333 0.11018518518518519
1 0.5768229166666666 0.12685185185185185 0.03802083333333333 0.06111111111111111
1 0.278125 0.1162037037037037 0.029166666666666667 0.04351851851851852
1 0.23359375 0.11944444444444445 0.0328125 0.05555555555555555
1 0.52421875 0.2796296296296296 0.0453125 0.08333333333333333
1 0.5552083333333333 0.12407407407407407 0.017708333333333333 0.05
1 0.2552083333333333 0.07175925925925926 0.030208333333333334 0.025
1 0.33958333333333335 0.07268518518518519 0.019791666666666666 0.026851851851851852
1 0.7247395833333333 0.13148148148148148 0.03802083333333333 0.037037037037037035
1 0.5932291666666667 0.07592592592592592 0.022916666666666665 0.03148148148148148
1 0.17421875 0.29444444444444445 0.06302083333333333 0.06111111111111111
1 0.62578125 0.08981481481481482 0.0203125 0.025925925925925925
1 0.2796875 0.17546296296296296 0.022916666666666665 0.041666666666666664
1 0.56796875 0.06851851851851852 0.028645833333333332 0.03518518518518519
1 0.2708333333333333 0.23657407407407408 0.046875 0.08611111111111111
1 0.5013020833333334 0.11435185185185186 0.0328125 0.03611111111111111
1 0.4002604166666667 0.06481481481481481 0.0203125 0.025925925925925925
1 0.6208333333333333 0.1162037037037037 0.028125 0.026851851851851852
1 0.328125 0.11666666666666667 0.016666666666666666 0.03148148148148148
1 0.590625 0.09490740740740741 0.023958333333333335 0.03796296296296296
1 0.17239583333333333 0.07962962962962963 0.025 0.024074074074074074
1 0.5598958333333334 0.09166666666666666 0.027083333333333334 0.046296296296296294
1 0.37005208333333334 0.15185185185185185 0.030729166666666665 0.046296296296296294
1 0.32447916666666665 0.3101851851851852 0.07708333333333334 0.08518518518518518
1 0.4239583333333333 0.08194444444444444 0.025 0.026851851851851852
1 0.30442708333333335 0.30092592592592593 0.0546875 0.1
1 0.17317708333333334 0.16574074074074074 0.04114583333333333 0.05555555555555555
1 0.25078125 0.18796296296296297 0.0453125 0.07777777777777778
1 0.28515625 0.24166666666666667 0.05364583333333333 0.06666666666666667
1 0.16770833333333332 0.2657407407407407 0.057291666666666664 0.06481481481481481