2 0.6067708333333334 0.08472222222222223 0.09270833333333334 0.08055555555555556
1 0.24895833333333334 0.7597222222222222 0.13854166666666667 0.19166666666666668
1 0.4421875 0.6731481481481482 0.11875 0.1537037037037037
1 0.85390625 0.8972222222222223 0.2078125 0.2037037037037037
1 0.5013020833333334 0.28379629629629627 0.058854166666666666 0.07314814814814814
1 0.38697916666666665 0.5347222222222222 0.09375 0.13055555555555556
1 0.11276041666666667 0.3990740740740741 0.07447916666666667 0.11851851851851852
1 0.9747395833333333 0.30972222222222223 0.049479166666666664 0.08425925925925926
1 0.20026041666666666 0.4361111111111111 0.08489583333333334 0.11481481481481481
1 0.3690104166666667 0.4791666666666667 0.09322916666666667 0.12129629629629629
1 0.6395833333333333 0.3962962962962963 0.06770833333333333 0.10185185185185185
1 0.5692708333333333 0.32685185185185184 0.071875 0.10925925925925926
1 0.6731770833333334 0.42592592592592593 0.09010416666666667 0.11851851851851852
1 0.49270833333333336 0.4236111111111111 0.06770833333333333 0.10462962962962963
1 0.6447916666666667 0.2833333333333333 0.06145833333333333 0.0962962962962963
1 0.759375 0.49027777777777776 0.09375 0.1398148148148148
1 0.33125 0.37916666666666665 0.07083333333333333 0.09166666666666666
1 0.45234375 0.23333333333333334 0.0484375 0.06296296296296296
1 0.54140625 0.4648148148148148 0.08697916666666666 0.1259259259259259
1 0.7328125 0.35694444444444445 0.07395833333333333 0.09907407407407408
1 0.2908854166666667 0.28935185185185186 0.05572916666666667 0.07685185185185185
1 0.7307291666666667 0.23657407407407408 0.05 0.04722222222222222
1 0.42213541666666665 0.2101851851851852 0.043229166666666666 0.06111111111111111
1 0.5552083333333333 0.22962962962962963 0.046875 0.07407407407407407
1 0.5083333333333333 0.12824074074074074 0.029166666666666667 0.03796296296296296
1 0.93125 0.6504629629629629 0.13645833333333332 0.21388888888888888
1 0.8419270833333333 0.4125 0.08697916666666666 0.13055555555555556
1 0.42421875 0.29907407407407405 0.0578125 0.09444444444444444
1 0.6473958333333333 0.5990740740740741 0.109375 0.1537037037037037
1 0.6028645833333334 0.25324074074074077 0.05364583333333333 0.08425925925925926
1 0.38828125 0.2777777777777778 0.044270833333333336 0.07407407407407407
1 0.9388020833333334 0.21712962962962962 0.0515625 0.062037037037037036
1 0.3765625 0.2523148148148148 0.04479166666666667 0.06944444444444445
1 0.6778645833333333 0.17083333333333334 0.0359375 0.032407407407407406
1 0.41432291666666665 0.12777777777777777 0.030729166666666665 0.04259259259259259
1 0.17213541666666668 0.2726851851851852 0.04739583333333333 0.06759259259259259
1 0.7333333333333333 0.175 0.040625 0.053703703703703705
1 0.6747395833333333 0.2013888888888889 0.050520833333333334 0.058333333333333334
1 0.46875 0.37222222222222223 0.07708333333333334 0.11666666666666667
1 0.2989583333333333 0.1412037037037037 0.03229166666666667 0.03796296296296296
1 0.8942708333333333 0.26805555555555555 0.057291666666666664 0.08425925925925926
1 0.9036458333333334 0.20277777777777778 0.03958333333333333 0.04814814814814815
1 0.96875 0.25925925925925924 0.06145833333333333 0.07777777777777778
1 0.7638020833333333 0.13564814814814816 0.025520833333333333 0.03611111111111111
1 0.48515625 0.09861111111111111 0.025520833333333333 0.032407407407407406
1 0.18046875 0.2412037037037037 0.0453125 0.06388888888888888
1 0.184375 0.3712962962962963 0.07083333333333333 0.1
1 0.33359375 0.17175925925925925 0.0390625 0.03981481481481482
1 0.37552083333333336 0.1 0.030208333333333334 0.04814814814814815
1 0.35833333333333334 0.21805555555555556 0.04479166666666667 0.075
1 0.5388020833333333 0.21157407407407408 0.049479166666666664 0.0824074074074074
1 0.73984375 0.1300925925925926 0.025520833333333333 0.03796296296296296
1 0.3359375 0.11805555555555555 0.028125 0.04537037037037037
1 0.6049479166666667 0.17453703703703705 0.03697916666666667 0.03981481481481482
1 0.2640625 0.2300925925925926 0.05520833333333333 0.08981481481481482
1 0.9830729166666666 0.20879629629629629 0.0328125 0.032407407407407406
1 0.6434895833333333 0.18564814814814815 0.03177083333333333 0.03981481481481482
1 0.8565104166666667 0.21574074074074073 0.025520833333333333 0.06481481481481481
1 0.615625 0.12083333333333333 0.029166666666666667 0.03981481481481482
1 0.684375 0.13148148148148148 0.030208333333333334 0.04259259259259259
1 0.221875 0.11388888888888889 0.03229166666666667 0.040740740740740744
1 0.38515625 0.1648148148148148 0.030729166666666665 0.044444444444444446
1 0.40677083333333336 0.1175925925925926 0.027083333333333334 0.044444444444444446
1 0.16953125 0.13518518518518519 0.04010416666666667 0.05555555555555555
1 0.6703125 0.14351851851851852 0.03229166666666667 0.037037037037037035
1 0.3546875 0.1388888888888889 0.029166666666666667 0.040740740740740744
1 0.2703125 0.1787037037037037 0.035416666666666666 0.027777777777777776
1 0.6416666666666667 0.1648148148148148 0.0375 0.044444444444444446
1 0.7489583333333333 0.15185185185185185 0.035416666666666666 0.04814814814814815
1 0.5713541666666667 0.12453703703703704 0.028125 0.028703703703703703
1 0.68984375 0.10925925925925926 0.028645833333333332 0.04814814814814815
1 0.31666666666666665 0.32592592592592595 0.058333333333333334 0.08518518518518518
1 0.33828125 0.13240740740740742 0.022395833333333334 0.03518518518518519
1 0.34791666666666665 0.0824074074074074 0.020833333333333332 0.03148148148148148
1 0.61171875 0.1439814814814815 0.03177083333333333 0.04351851851851852
1 0.5244791666666667 0.1125 0.023958333333333335 0.041666666666666664
1 0.5815104166666667 0.09444444444444444 0.028645833333333332 0.02962962962962963
1 0.55703125 0.15138888888888888 0.030729166666666665 0.028703703703703703
1 0.5536458333333333 0.08287037037037037 0.01875 0.04351851851851852
1 0.53125 0.06435185185185185 0.022916666666666665 0.026851851851851852
1 0.9533854166666667 0.1712962962962963 0.0546875 0.04814814814814815
1 0.5809895833333333 0.16111111111111112 0.0296875 0.03518518518518519
1 0.509375 0.08657407407407407 0.021875 0.03981481481481482
1 0.4466145833333333 0.08564814814814815 0.024479166666666666 0.03981481481481482
1 0.33125 0.2037037037037037 0.03333333333333333 0.05555555555555555
1 0.16927083333333334 0.21481481481481482 0.03958333333333333 0.07592592592592592
1 0.48203125 0.06435185185185185 0.022395833333333334 0.025
1 0.8763020833333334 0.1935185185185185 0.033854166666666664 0.053703703703703705
1 0.5864583333333333 0.10787037037037037 0.025 0.026851851851851852
1 0.31302083333333336 0.09861111111111111 0.028125 0.03796296296296296
1 0.8247395833333333 0.2310185185185185 0.0609375 0.09537037037037037
1 0.28125 0.11851851851851852 0.034375 0.03518518518518519
1 0.23880208333333333 0.13518518518518519 0.03802083333333333 0.03888888888888889
1 0.6567708333333333 0.13055555555555556 0.026041666666666668 0.025925925925925925
1 0.3138020833333333 0.16712962962962963 0.028645833333333332 0.05648148148148148
1 0.7786458333333334 0.16712962962962963 0.035416666666666666 0.03611111111111111
1 0.18203125 0.18333333333333332 0.03697916666666667 0.05925925925925926
1 0.4122395833333333 0.18287037037037038 0.04010416666666667 0.06574074074074074
1 0.2916666666666667 0.1310185185185185 0.036458333333333336 0.03981481481481482
1 0.66328125 0.09861111111111111 0.0265625 0.03796296296296296
1 0.47239583333333335 0.0875 0.023958333333333335 0.041666666666666664
1 0.26197916666666665 0.19398148148148148 0.058333333333333334 0.058333333333333334
1 0.24583333333333332 0.16296296296296298 0.03854166666666667 0.053703703703703705