1 0.20833333333333334 0.5791666666666667 0.115625 0.15092592592592594
1 0.4973958333333333 0.7648148148148148 0.13854166666666667 0.18518518518518517
1 0.6598958333333333 0.6351851851851852 0.11979166666666667 0.16666666666666666
1 0.7778645833333333 0.5199074074074074 0.0921875 0.13240740740740742
1 0.9651041666666667 0.3060185185185185 0.06354166666666666 0.08055555555555556
1 0.31796875 0.34953703703703703 0.06302083333333333 0.09166666666666666
1 0.45364583333333336 0.6583333333333333 0.12916666666666668 0.1648148148148148
1 0.5677083333333334 0.34305555555555556 0.06979166666666667 0.09166666666666666
1 0.42890625 0.3337962962962963 0.05364583333333333 0.08796296296296297
1 0.1921875 0.4685185185185185 0.08854166666666667 0.11666666666666667
1 0.8322916666666667 0.5675925925925925 0.121875 0.16111111111111112
1 0.36432291666666666 0.48518518518518516 0.0921875 0.12407407407407407
1 0.9161458333333333 0.9055555555555556 0.16666666666666666 0.18703703703703703
1 0.5018229166666667 0.27546296296296297 0.05572916666666667 0.075
1 0.6682291666666667 0.9643518518518519 0.16875 0.06944444444444445
1 0.8958333333333334 0.4703703703703704 0.096875 0.12777777777777777
1 0.5947916666666667 0.5611111111111111 0.103125 0.13518518518518519
1 0.6669270833333333 0.41203703703703703 0.08802083333333334 0.13703703703703704
1 0.6315104166666666 0.2810185185185185 0.0578125 0.08796296296296297
1 0.8268229166666666 0.24537037037037038 0.05364583333333333 0.07222222222222222
1 0.7526041666666666 0.3578703703703704 0.07916666666666666 0.12129629629629629
1 0.7018229166666666 0.31203703703703706 0.06927083333333334 0.09814814814814815
1 0.18515625 0.32083333333333336 0.05572916666666667 0.0824074074074074
1 0.35625 0.40324074074074073 0.07395833333333333 0.10277777777777777
1 0.2825520833333333 0.2671296296296296 0.0609375 0.10277777777777777
1 0.47682291666666665 0.36574074074074076 0.07135416666666666 0.11296296296296296
1 0.41380208333333335 0.300462962962963 0.05260416666666667 0.08055555555555556
1 0.38619791666666664 0.25416666666666665 0.049479166666666664 0.08425925925925926
1 0.44505208333333335 0.14953703703703702 0.034895833333333334 0.04722222222222222
1 0.3966145833333333 0.11574074074074074 0.033854166666666664 0.053703703703703705
1 0.23776041666666667 0.14814814814814814 0.030729166666666665 0.04259259259259259
1 0.9328125 0.687962962962963 0.13333333333333333 0.19074074074074074
1 0.17786458333333333 0.1527777777777778 0.043229166666666666 0.06111111111111111
1 0.3072916666666667 0.16157407407407406 0.035416666666666666 0.049074074074074076
1 0.8505208333333333 0.2175925925925926 0.04375 0.06481481481481481
1 0.3765625 0.10787037037037037 0.015625 0.03425925925925926
1 0.47578125 0.10925925925925926 0.025520833333333333 0.03333333333333333
1 0.35260416666666666 0.23703703703703705 0.0375 0.05925925925925926
1 0.41328125 0.18981481481481483 0.0328125 0.05
1 0.7520833333333333 0.18055555555555555 0.03854166666666667 0.053703703703703705
1 0.28125 0.11435185185185186 0.03854166666666667 0.04722222222222222
1 0.4434895833333333 0.21064814814814814 0.04635416666666667 0.075
1 0.18723958333333332 0.2777777777777778 0.05364583333333333 0.06851851851851852
1 0.35078125 0.20925925925925926 0.043229166666666666 0.07222222222222222
1 0.6125 0.15138888888888888 0.03229166666666667 0.049074074074074076
1 0.6848958333333334 0.12731481481481483 0.03125 0.04351851851851852
1 0.9072916666666667 0.1884259259259259 0.051041666666666666 0.06944444444444445
1 0.63984375 0.19027777777777777 0.04114583333333333 0.03611111111111111
1 0.46015625 0.2449074074074074 0.050520833333333334 0.06388888888888888
1 0.5606770833333333 0.47824074074074074 0.0984375 0.14907407407407408
1 0.37526041666666665 0.16018518518518518 0.033854166666666664 0.044444444444444446
1 0.60078125 0.16805555555555557 0.0390625 0.04722222222222222
1 0.721875 0.1476851851851852 0.03229166666666667 0.041666666666666664
1 0.3484375 0.13333333333333333 0.029166666666666667 0.04814814814814815
1 0.23020833333333332 0.12731481481481483 0.03125 0.041666666666666664
1 0.67890625 0.18101851851851852 0.0296875 0.06574074074074074
1 0.365625 0.09212962962962963 0.020833333333333332 0.032407407407407406
1 0.32890625 0.07268518518518519 0.0265625 0.026851851851851852
1 0.6645833333333333 0.14722222222222223 0.03333333333333333 0.046296296296296294
1 0.4361979166666667 0.13703703703703704 0.030729166666666665 0.05185185185185185
1 0.32890625 0.11574074074074074 0.0265625 0.040740740740740744
1 0.6385416666666667 0.11342592592592593 0.026041666666666668 0.03611111111111111
1 0.5744791666666667 0.15648148148148147 0.027083333333333334 0.037037037037037035
1 0.65390625 0.1 0.024479166666666666 0.04259259259259259
1 0.3966145833333333 0.18055555555555555 0.034895833333333334 0.05925925925925926
1 0.33177083333333335 0.1925925925925926 0.03229166666666667 0.06666666666666667
1 0.6125 0.2569444444444444 0.057291666666666664 0.09722222222222222
1 0.28567708333333336 0.1439814814814815 0.028645833333333332 0.03981481481481482
1 0.15807291666666667 0.09027777777777778 0.0234375 0.03981481481481482
1 0.5528645833333333 0.09537037037037037 0.018229166666666668 0.024074074074074074
1 0.3578125 0.1527777777777778 0.026041666666666668 0.040740740740740744
1 0.2526041666666667 0.17962962962962964 0.036458333333333336 0.06666666666666667
1 0.5763020833333333 0.10277777777777777 0.025520833333333333 0.03148148148148148
1 0.26328125 0.09768518518518518 0.0234375 0.03425925925925926
1 0.709375 0.18888888888888888 0.051041666666666666 0.07592592592592592
1 0.7122395833333334 0.11944444444444445 0.0265625 0.03333333333333333
1 0.6625 0.175 0.020833333333333332 0.05185185185185185
1 0.17473958333333334 0.1037037037037037 0.0265625 0.025925925925925925
1 0.32395833333333335 0.09444444444444444 0.030208333333333334 0.044444444444444446
1 0.6174479166666667 0.12824074074074074 0.033854166666666664 0.04537037037037037
1 0.16432291666666668 0.13148148148148148 0.0265625 0.040740740740740744
1 0.7989583333333333 0.1597222222222222 0.023958333333333335 0.032407407407407406
1 0.8591145833333333 0.15833333333333333 0.049479166666666664 0.06851851851851852
1 0.5536458333333333 0.1449074074074074 0.021875 0.030555555555555555
1 0.5817708333333333 0.1310185185185185 0.029166666666666667 0.026851851851851852
1 0.7674479166666667 0.2175925925925926 0.0453125 0.06666666666666667
1 0.97734375 0.19675925925925927 0.044270833333333336 0.06759259259259259
1 0.39765625 0.07083333333333333 0.018229166666666668 0.023148148148148147
1 0.628125 0.08842592592592592 0.026041666666666668 0.03425925925925926
1 0.45807291666666666 0.08657407407407407 0.021354166666666667 0.028703703703703703
1 0.5122395833333333 0.1259259259259259 0.0265625 0.03148148148148148
1 0.28619791666666666 0.2037037037037037 0.033854166666666664 0.02962962962962963
1 0.8098958333333334 0.19305555555555556 0.04375 0.06574074074074074
1 0.17421875 0.2513888888888889 0.043229166666666666 0.0787037037037037
1 0.4942708333333333 0.09861111111111111 0.022916666666666665 0.03796296296296296
1 0.5221354166666666 0.08796296296296297 0.024479166666666666 0.03888888888888889
1 0.27421875 0.22546296296296298 0.058854166666666666 0.07314814814814814
1 0.21354166666666666 0.08611111111111111 0.029166666666666667 0.03888888888888889
1 0.1734375 0.19953703703703704 0.046875 0.06759259259259259
1 0.95078125 0.24583333333333332 0.05677083333333333 0.0712962962962963