2 0.9505208333333334 0.1726851851851852 0.09791666666666667 0.16018518518518518
2 0.9434895833333333 0.46064814814814814 0.11197916666666667 0.19537037037037036
2 0.5497395833333333 0.27361111111111114 0.08697916666666666 0.16018518518518518
2 0.74140625 0.8731481481481481 0.24427083333333333 0.25
1 0.75234375 0.5157407407407407 0.1015625 0.12962962962962962
1 0.027864583333333335 0.49722222222222223 0.05572916666666667 0.11481481481481481
1 0.6294270833333333 0.5884259259259259 0.11302083333333333 0.14907407407407408
1 0.9424479166666667 0.3375 0.0703125 0.08055555555555556
1 0.88671875 0.26851851851851855 0.05677083333333333 0.07962962962962963
1 0.19791666666666666 0.4212962962962963 0.07083333333333333 0.09444444444444444
1 0.48854166666666665 0.2675925925925926 0.05 0.07037037037037037
1 0.49453125 0.4337962962962963 0.0796875 0.10277777777777777
1 0.30885416666666665 0.3194444444444444 0.059375 0.08148148148148149
1 0.5388020833333333 0.4787037037037037 0.08385416666666666 0.12037037037037036
1 0.7153645833333333 0.7152777777777778 0.13802083333333334 0.22685185185185186
1 0.4234375 0.3111111111111111 0.06145833333333333 0.08333333333333333
1 0.821875 0.425462962962963 0.08958333333333333 0.11388888888888889
1 0.45416666666666666 0.2273148148148148 0.04479166666666667 0.062037037037037036
1 0.70390625 0.1986111111111111 0.043229166666666666 0.058333333333333334
1 0.19348958333333333 0.3773148148148148 0.06927083333333334 0.08425925925925926
1 0.8135416666666667 0.27361111111111114 0.058333333333333334 0.05277777777777778
1 0.4234375 0.20833333333333334 0.042708333333333334 0.05740740740740741
1 0.5005208333333333 0.29305555555555557 0.03125 0.07314814814814814
1 0.6065104166666667 0.36018518518518516 0.08177083333333333 0.13333333333333333
1 0.33619791666666665 0.4263888888888889 0.06510416666666667 0.10648148148148148
1 0.25104166666666666 0.17685185185185184 0.034375 0.046296296296296294
1 0.3932291666666667 0.28055555555555556 0.046875 0.07777777777777778
1 0.4583333333333333 0.8699074074074075 0.16354166666666667 0.25277777777777777
1 0.36380208333333336 0.4564814814814815 0.08385416666666666 0.13518518518518519
1 0.271875 0.23194444444444445 0.052083333333333336 0.06388888888888888
1 0.20026041666666666 0.13935185185185187 0.030729166666666665 0.03981481481481482
1 0.93671875 0.6523148148148148 0.12552083333333333 0.2175925925925926
1 0.18515625 0.21203703703703702 0.04114583333333333 0.05740740740740741
1 0.6260416666666667 0.16018518518518518 0.035416666666666666 0.053703703703703705
1 0.6877604166666667 0.18472222222222223 0.03697916666666667 0.058333333333333334
1 0.86328125 0.23981481481481481 0.07239583333333334 0.08333333333333333
1 0.44973958333333336 0.0824074074074074 0.025520833333333333 0.03333333333333333
1 0.39817708333333335 0.12037037037037036 0.04114583333333333 0.05
1 0.4036458333333333 0.1837962962962963 0.03958333333333333 0.04537037037037037
1 0.17369791666666667 0.324537037037037 0.05364583333333333 0.08981481481481482
1 0.5921875 0.1486111111111111 0.034375 0.03796296296296296
1 0.378125 0.24074074074074073 0.05520833333333333 0.09259259259259259
1 0.3221354166666667 0.11527777777777778 0.019270833333333334 0.032407407407407406
1 0.16692708333333334 0.11990740740740741 0.030729166666666665 0.03611111111111111
1 0.6552083333333333 0.11388888888888889 0.026041666666666668 0.025925925925925925
1 0.6596354166666667 0.16944444444444445 0.03802083333333333 0.06296296296296296
1 0.49973958333333335 0.19166666666666668 0.0421875 0.06481481481481481
1 0.25364583333333335 0.08703703703703704 0.020833333333333332 0.03518518518518519
1 0.18229166666666666 0.17777777777777778 0.036458333333333336 0.04259259259259259
1 0.34140625 0.12314814814814815 0.0296875 0.04814814814814815
1 0.21510416666666668 0.10277777777777777 0.03125 0.03888888888888889
1 0.5083333333333333 0.1087962962962963 0.022916666666666665 0.041666666666666664
1 0.18385416666666668 0.28425925925925927 0.05 0.09444444444444444
1 0.28098958333333335 0.11944444444444445 0.0328125 0.040740740740740744
1 0.23932291666666666 0.1597222222222222 0.0421875 0.04722222222222222
1 0.8278645833333333 0.17592592592592593 0.0390625 0.06481481481481481
1 0.29713541666666665 0.28379629629629627 0.06197916666666667 0.10277777777777777
1 0.2953125 0.13796296296296295 0.029166666666666667 0.05185185185185185
1 0.8424479166666666 0.18796296296296297 0.04114583333333333 0.05740740740740741
1 0.98203125 0.29259259259259257 0.034895833333333334 0.07407407407407407
1 0.3502604166666667 0.08009259259259259 0.022395833333333334 0.03425925925925926
1 0.70390625 0.12222222222222222 0.028645833333333332 0.03148148148148148
1 0.8830729166666667 0.17962962962962964 0.04635416666666667 0.06111111111111111
1 0.3458333333333333 0.23472222222222222 0.027083333333333334 0.06388888888888888
1 0.35130208333333335 0.20833333333333334 0.05260416666666667 0.07037037037037037
1 0.47552083333333334 0.09212962962962963 0.022916666666666665 0.03981481481481482
1 0.6846354166666667 0.13842592592592592 0.03802083333333333 0.03981481481481482
1 0.2682291666666667 0.09814814814814815 0.029166666666666667 0.03888888888888889
1 0.5388020833333333 0.12083333333333333 0.05364583333333333 0.05462962962962963
1 0.63125 0.09490740740740741 0.03333333333333333 0.03611111111111111
1 0.22864583333333333 0.11851851851851852 0.030208333333333334 0.02962962962962963
1 0.4666666666666667 0.06944444444444445 0.016666666666666666 0.02962962962962963
1 0.5244791666666667 0.20416666666666666 0.0375 0.041666666666666664
1 0.3065104166666667 0.15324074074074073 0.03177083333333333 0.04722222222222222
1 0.3223958333333333 0.1837962962962963 0.040625 0.06574074074074074
1 0.8244791666666667 0.9578703703703704 0.31666666666666665 0.0824074074074074