2 0.6307291666666667 0.09027777777777778 0.1 0.09537037037037037
1 0.9421875 0.6601851851851852 0.11458333333333333 0.17962962962962964
1 0.21484375 0.5773148148148148 0.10677083333333333 0.14537037037037037
1 0.39114583333333336 0.5314814814814814 0.096875 0.12222222222222222
1 0.934375 0.9203703703703704 0.13020833333333334 0.1574074074074074
1 0.48359375 0.38981481481481484 0.0734375 0.10555555555555556
1 0.1875 0.3712962962962963 0.07395833333333333 0.09814814814814815
1 0.3609375 0.43842592592592594 0.07916666666666666 0.10833333333333334
1 0.4703125 0.2518518518518518 0.053125 0.06666666666666667
1 0.7861979166666667 0.5064814814814815 0.1046875 0.16666666666666666
1 0.6033854166666667 0.36018518518518516 0.07447916666666667 0.1
1 0.5533854166666666 0.48055555555555557 0.08802083333333334 0.12222222222222222
1 0.33567708333333335 0.39675925925925926 0.0703125 0.10092592592592593
1 0.5729166666666666 0.33796296296296297 0.057291666666666664 0.08888888888888889
1 0.7330729166666666 0.34120370370370373 0.07135416666666666 0.11203703703703703
1 0.6635416666666667 0.4115740740740741 0.07916666666666666 0.11388888888888889
1 0.58828125 0.24537037037037038 0.05364583333333333 0.08518518518518518
1 0.65234375 0.3037037037037037 0.06302083333333333 0.08333333333333333
1 0.17083333333333334 0.24675925925925926 0.04375 0.062037037037037036
1 0.45078125 0.36018518518518516 0.0546875 0.08888888888888889
1 0.42942708333333335 0.20879629629629629 0.044270833333333336 0.05648148148148148
1 0.8171875 0.1527777777777778 0.030208333333333334 0.044444444444444446
1 0.8192708333333333 0.27824074074074073 0.05625 0.05277777777777778
1 0.309375 0.32546296296296295 0.06145833333333333 0.08611111111111111
1 0.40260416666666665 0.26296296296296295 0.051041666666666666 0.08703703703703704
1 0.6565104166666667 0.6754629629629629 0.14739583333333334 0.2212962962962963
1 0.5236979166666667 0.2851851851851852 0.06197916666666667 0.0962962962962963
1 0.18776041666666668 0.30694444444444446 0.05364583333333333 0.05277777777777778
1 0.98203125 0.23472222222222222 0.034895833333333334 0.06388888888888888
1 0.2721354166666667 0.25787037037037036 0.0421875 0.06944444444444445
1 0.6515625 0.20092592592592592 0.03854166666666667 0.044444444444444446
1 0.7403645833333333 0.2310185185185185 0.05260416666666667 0.06759259259259259
1 0.3658854166666667 0.24722222222222223 0.0390625 0.06666666666666667
1 0.5177083333333333 0.2023148148148148 0.040625 0.06388888888888888
1 0.2565104166666667 0.20787037037037037 0.05364583333333333 0.0824074074074074
1 0.7893229166666667 0.1361111111111111 0.0265625 0.025925925925925925
1 0.6200520833333333 0.18194444444444444 0.033854166666666664 0.03981481481481482
1 0.4010416666666667 0.18935185185185185 0.03854166666666667 0.058333333333333334
1 0.42994791666666665 0.31851851851851853 0.0671875 0.10185185185185185
1 0.39791666666666664 0.1162037037037037 0.029166666666666667 0.041666666666666664
1 0.7296875 0.14722222222222223 0.03229166666666667 0.05
1 0.3572916666666667 0.22685185185185186 0.040625 0.06296296296296296
1 0.3223958333333333 0.18518518518518517 0.03229166666666667 0.05185185185185185
1 0.29192708333333334 0.1310185185185185 0.0265625 0.041666666666666664
1 0.36223958333333334 0.08981481481481482 0.03177083333333333 0.040740740740740744
1 0.5513020833333333 0.22314814814814815 0.044270833333333336 0.07407407407407407
1 0.5041666666666667 0.18703703703703703 0.04479166666666667 0.07407407407407407
1 0.16484375 0.3425925925925926 0.0546875 0.10185185185185185
1 0.34348958333333335 0.19768518518518519 0.04010416666666667 0.06944444444444445
1 0.7143229166666667 0.16157407407407406 0.034895833333333334 0.03611111111111111
1 0.7161458333333334 0.11527777777777778 0.03229166666666667 0.04351851851851852
1 0.940625 0.20462962962962963 0.04895833333333333 0.03518518518518519
1 0.5049479166666667 0.10601851851851851 0.0265625 0.03425925925925926
1 0.70234375 0.2162037037037037 0.0421875 0.04722222222222222
1 0.7372395833333333 0.1912037037037037 0.03697916666666667 0.026851851851851852
1 0.3888020833333333 0.10601851851851851 0.025520833333333333 0.03981481481481482
1 0.21796875 0.08194444444444444 0.0265625 0.028703703703703703
1 0.18255208333333334 0.21851851851851853 0.04010416666666667 0.05925925925925926
1 0.8692708333333333 0.25925925925925924 0.05625 0.08518518518518518
1 0.16822916666666668 0.12546296296296297 0.0375 0.049074074074074076
1 0.37161458333333336 0.15 0.0265625 0.03888888888888889
1 0.23828125 0.1527777777777778 0.0359375 0.05740740740740741
1 0.6020833333333333 0.13796296296296295 0.030208333333333334 0.02962962962962963
1 0.59765625 0.16527777777777777 0.033854166666666664 0.03981481481481482
1 0.32005208333333335 0.1648148148148148 0.03802083333333333 0.05925925925925926
1 0.26145833333333335 0.09490740740740741 0.029166666666666667 0.03981481481481482
1 0.32526041666666666 0.1087962962962963 0.024479166666666666 0.03796296296296296
1 0.009895833333333333 0.5055555555555555 0.019791666666666666 0.1388888888888889
1 0.5380208333333333 0.14166666666666666 0.03333333333333333 0.03518518518518519
1 0.6143229166666667 0.12037037037037036 0.0296875 0.03148148148148148
1 0.80078125 0.19537037037037036 0.0296875 0.053703703703703705
1 0.43854166666666666 0.09212962962962963 0.023958333333333335 0.028703703703703703
1 0.3450520833333333 0.12777777777777777 0.027604166666666666 0.037037037037037035
1 0.6984375 0.18935185185185185 0.041666666666666664 0.05277777777777778
1 0.6208333333333333 0.1037037037037037 0.025 0.03888888888888889
1 0.18463541666666666 0.17546296296296296 0.028645833333333332 0.03981481481481482
1 0.9255208333333333 0.27546296296296297 0.07291666666666667 0.10648148148148148
1 0.6489583333333333 0.15787037037037038 0.034375 0.04537037037037037
1 0.3971354166666667 0.16435185185185186 0.03802083333333333 0.06018518518518518
1 0.8317708333333333 0.20972222222222223 0.04895833333333333 0.06018518518518518
1 0.1765625 0.1476851851851852 0.03333333333333333 0.025
1 0.3390625 0.07453703703703704 0.019791666666666666 0.028703703703703703
1 0.6513020833333333 0.1337962962962963 0.03177083333333333 0.03981481481481482
1 0.46171875 0.08981481481481482 0.025520833333333333 0.037037037037037035
1 0.16875 0.08518518518518518 0.029166666666666667 0.03148148148148148
1 0.5747395833333333 0.08888888888888889 0.0171875 0.040740740740740744
1 0.5338541666666666 0.09490740740740741 0.026041666666666668 0.04537037037037037
1 0.4895833333333333 0.09537037037037037 0.023958333333333335 0.04259259259259259
1 0.16953125 0.17592592592592593 0.034895833333333334 0.027777777777777776
1 0.696875 0.15092592592592594 0.03125 0.03148148148148148
1 0.5580729166666667 0.10231481481481482 0.0234375 0.03981481481481482
1 0.41015625 0.06898148148148148 0.0203125 0.026851851851851852
1 0.6234375 0.1486111111111111 0.023958333333333335 0.028703703703703703
1 0.5559895833333334 0.12314814814814815 0.022395833333333334 0.05185185185185185
1 0.8346354166666666 0.23333333333333334 0.04114583333333333 0.046296296296296294
1 0.9338541666666667 0.24583333333333332 0.06666666666666667 0.07314814814814814
1 0.7940104166666667 0.16018518518518518 0.027604166666666666 0.025925925925925925
1 0.6895833333333333 0.10787037037037037 0.03125 0.04537037037037037
1 0.21302083333333333 0.11018518518518519 0.03958333333333333 0.037037037037037035
1 0.30416666666666664 0.15138888888888888 0.028125 0.05648148148148148
1 0.23359375 0.1287037037037037 0.033854166666666664 0.03333333333333333
1 0.30026041666666664 0.2851851851851852 0.05364583333333333 0.07592592592592592
1 0.9916666666666667 0.32222222222222224 0.015625 0.08703703703703704
1 0.253125 0.16296296296296298 0.04375 0.037037037037037035