1 0.209375 0.6106481481481482 0.12291666666666666 0.16018518518518518
1 0.68984375 0.6722222222222223 0.12760416666666666 0.17962962962962964
1 0.5299479166666666 0.8189814814814815 0.1484375 0.20277777777777778
1 0.46770833333333334 0.6953703703703704 0.13333333333333333 0.17777777777777778
1 0.37083333333333335 0.5078703703703704 0.09375 0.12685185185185185
1 0.9489583333333333 0.9388888888888889 0.10104166666666667 0.12037037037037036
1 0.6854166666666667 0.4287037037037037 0.09166666666666666 0.1425925925925926
1 0.19375 0.4898148148148148 0.09166666666666666 0.11666666666666667
1 0.5799479166666667 0.35555555555555557 0.07135416666666666 0.09259259259259259
1 0.93515625 0.29398148148148145 0.0609375 0.0787037037037037
1 0.43723958333333335 0.34444444444444444 0.0546875 0.08888888888888889
1 0.615625 0.5902777777777778 0.11041666666666666 0.14537037037037037
1 0.5109375 0.2824074074074074 0.057291666666666664 0.07777777777777778
1 0.3221354166666667 0.36018518518518516 0.06510416666666667 0.09259259259259259
1 0.80859375 0.5462962962962963 0.10052083333333334 0.1388888888888889
1 0.77421875 0.37222222222222223 0.0828125 0.1259259259259259
1 0.4666666666666667 0.2523148148148148 0.051041666666666666 0.06759259259259259
1 0.8684895833333334 0.600462962962963 0.13177083333333334 0.1675925925925926
1 0.4205729166666667 0.3101851851851852 0.05364583333333333 0.08148148148148149
1 0.7203125 0.3287037037037037 0.07083333333333333 0.10925925925925926
1 0.45078125 0.15324074074074073 0.03697916666666667 0.049074074074074076
1 0.36432291666666666 0.41898148148148145 0.07447916666666667 0.10648148148148148
1 0.48802083333333335 0.3787037037037037 0.07291666666666667 0.11666666666666667
1 0.646875 0.2912037037037037 0.06041666666666667 0.09166666666666666
1 0.18307291666666667 0.33101851851851855 0.05677083333333333 0.0824074074074074
1 0.80859375 0.23935185185185184 0.049479166666666664 0.06759259259259259
1 0.3815104166666667 0.11018518518518519 0.016145833333333335 0.03518518518518519
1 0.9549479166666667 0.7347222222222223 0.0890625 0.20462962962962963
1 0.9299479166666667 0.49212962962962964 0.09947916666666666 0.13240740740740742
1 0.7432291666666667 0.17592592592592593 0.041666666666666664 0.053703703703703705
1 0.8354166666666667 0.21342592592592594 0.042708333333333334 0.06388888888888888
1 0.2864583333333333 0.27314814814814814 0.06458333333333334 0.1037037037037037
1 0.359375 0.24305555555555555 0.040625 0.062037037037037036
1 0.18020833333333333 0.15462962962962962 0.04583333333333333 0.06296296296296296
1 0.31015625 0.1638888888888889 0.03697916666666667 0.053703703703703705
1 0.41848958333333336 0.19398148148148148 0.033854166666666664 0.049074074074074076
1 0.35104166666666664 0.13472222222222222 0.030208333333333334 0.04722222222222222
1 0.39348958333333334 0.25972222222222224 0.0515625 0.08981481481481482
1 0.7515625 0.2111111111111111 0.04375 0.06666666666666667
1 0.5802083333333333 0.5009259259259259 0.10416666666666667 0.15925925925925927
1 0.6033854166666667 0.14537037037037037 0.033854166666666664 0.044444444444444446
1 0.6252604166666667 0.2657407407407407 0.059895833333333336 0.1
1 0.45026041666666666 0.21666666666666667 0.049479166666666664 0.07592592592592592
1 0.8895833333333333 0.18564814814814815 0.05 0.06759259259259259
1 0.28151041666666665 0.11574074074074074 0.0359375 0.05
1 0.47161458333333334 0.10787037037037037 0.025520833333333333 0.03425925925925926
1 0.37994791666666666 0.1638888888888889 0.0328125 0.046296296296296294
1 0.628125 0.19166666666666668 0.03958333333333333 0.04814814814814815
1 0.23567708333333334 0.15138888888888888 0.027604166666666666 0.04351851851851852
1 0.7151041666666667 0.14305555555555555 0.03229166666666667 0.03796296296296296
1 0.44296875 0.1425925925925926 0.030729166666666665 0.053703703703703705
1 0.28515625 0.14629629629629629 0.030729166666666665 0.04259259259259259
1 0.40208333333333335 0.11990740740740741 0.035416666666666666 0.05648148148148148
1 0.3333333333333333 0.11805555555555555 0.03125 0.04537037037037037
1 0.5669270833333333 0.15185185185185185 0.027604166666666666 0.03518518518518519
1 0.23125 0.12916666666666668 0.03229166666666667 0.03981481481481482
1 0.3692708333333333 0.09444444444444444 0.020833333333333332 0.03333333333333333
1 0.6669270833333333 0.17731481481481481 0.028645833333333332 0.06388888888888888
1 0.59296875 0.1648148148148148 0.03802083333333333 0.04814814814814815
1 0.18776041666666668 0.28564814814814815 0.05260416666666667 0.0712962962962963
1 0.6083333333333333 0.12407407407407407 0.036458333333333336 0.044444444444444446
1 0.6768229166666667 0.12453703703703704 0.0296875 0.041666666666666664
1 0.6325520833333333 0.1111111111111111 0.0265625 0.03518518518518519
1 0.17421875 0.10046296296296296 0.021354166666666667 0.021296296296296296
1 0.32890625 0.20879629629629629 0.019270833333333334 0.041666666666666664
1 0.1578125 0.09074074074074075 0.026041666666666668 0.04259259259259259
1 0.17161458333333332 0.18888888888888888 0.0421875 0.037037037037037035
1 0.3296875 0.07453703703703704 0.030208333333333334 0.030555555555555555
1 0.7046875 0.12037037037037036 0.029166666666666667 0.040740740740740744
1 0.35989583333333336 0.15601851851851853 0.022916666666666665 0.03981481481481482
1 0.17395833333333333 0.22175925925925927 0.04583333333333333 0.03981481481481482
1 0.8307291666666666 0.17777777777777778 0.040625 0.044444444444444446
1 0.35520833333333335 0.21388888888888888 0.04375 0.07222222222222222
1 0.17526041666666667 0.2564814814814815 0.0453125 0.07962962962962963
1 0.2630208333333333 0.09907407407407408 0.021875 0.037037037037037035
1 0.525 0.13148148148148148 0.022916666666666665 0.03148148148148148
1 0.6950520833333333 0.1837962962962963 0.049479166666666664 0.075
1 0.57265625 0.12685185185185185 0.027604166666666666 0.024074074074074074
1 0.5153645833333333 0.08888888888888889 0.027604166666666666 0.040740740740740744
1 0.54296875 0.14027777777777778 0.028645833333333332 0.028703703703703703
1 0.64921875 0.09861111111111111 0.0234375 0.041666666666666664
1 0.40260416666666665 0.18333333333333332 0.036458333333333336 0.05925925925925926
1 0.24661458333333333 0.07314814814814814 0.0265625 0.024074074074074074
1 0.16979166666666667 0.13333333333333333 0.036458333333333336 0.044444444444444446
1 0.8484375 0.1537037037037037 0.04583333333333333 0.06481481481481481
1 0.6580729166666667 0.1300925925925926 0.027604166666666666 0.019444444444444445
1 0.5481770833333334 0.09351851851851851 0.018229166666666668 0.024074074074074074
1 0.21458333333333332 0.0875 0.028125 0.03981481481481482
1 0.6572916666666667 0.1638888888888889 0.03229166666666667 0.05555555555555555
1 0.9643229166666667 0.1925925925925926 0.0453125 0.06666666666666667
1 0.2625 0.1884259259259259 0.041666666666666664 0.05462962962962963
1 0.39427083333333335 0.19398148148148148 0.01875 0.03796296296296296
1 0.5716145833333334 0.09953703703703703 0.024479166666666666 0.026851851851851852
1 0.25234375 0.18333333333333332 0.0359375 0.06851851851851852
1 0.52421875 0.10601851851851851 0.022395833333333334 0.025
1 0.9276041666666667 0.23935185185185184 0.05520833333333333 0.06944444444444445
1 0.278125 0.22962962962962963 0.06354166666666666 0.07777777777777778
1 0.3359375 0.1962962962962963 0.03333333333333333 0.06666666666666667
1 0.17317708333333334 0.2037037037037037 0.0484375 0.06666666666666667