3 0.8625 0.2449074074074074 0.0625 0.09351851851851851
2 0.8526041666666667 0.16620370370370371 0.08125 0.1675925925925926
2 0.8966145833333333 0.12777777777777777 0.07447916666666667 0.15555555555555556
1 0.7638020833333333 0.5217592592592593 0.10572916666666667 0.1361111111111111
1 0.46536458333333336 0.674074074074074 0.12135416666666667 0.1685185185185185
1 0.24869791666666666 0.8791666666666667 0.15885416666666666 0.20833333333333334
1 0.5625 0.9 0.16979166666666667 0.19814814814814816
1 0.037760416666666664 0.46296296296296297 0.07552083333333333 0.10925925925925926
1 0.18671875 0.38935185185185184 0.06927083333333334 0.10092592592592593
1 0.5578125 0.4981481481481482 0.09375 0.1259259259259259
1 0.6286458333333333 0.3902777777777778 0.07916666666666666 0.11018518518518519
1 0.9677083333333333 0.29953703703703705 0.06354166666666666 0.10648148148148148
1 0.9572916666666667 0.1962962962962963 0.046875 0.05925925925925926
1 0.6536458333333334 0.5851851851851851 0.11041666666666666 0.1814814814814815
1 0.5583333333333333 0.33611111111111114 0.06875 0.08703703703703704
1 0.66171875 0.17592592592592593 0.0390625 0.053703703703703705
1 0.3966145833333333 0.5365740740740741 0.09739583333333333 0.13425925925925927
1 0.4739583333333333 0.2523148148148148 0.042708333333333334 0.06944444444444445
1 0.5143229166666666 0.4351851851851852 0.08072916666666667 0.11481481481481481
1 0.984375 0.5282407407407408 0.030208333333333334 0.17685185185185184
1 0.4234375 0.1361111111111111 0.023958333333333335 0.04259259259259259
1 0.7377604166666667 0.2101851851851852 0.044270833333333336 0.05740740740740741
1 0.45703125 0.3458333333333333 0.06822916666666666 0.11388888888888889
1 0.5231770833333333 0.20185185185185187 0.0421875 0.05925925925925926
1 0.42421875 0.31712962962962965 0.049479166666666664 0.0787037037037037
1 0.6963541666666667 0.13333333333333333 0.03125 0.044444444444444446
1 0.93515625 0.9 0.12864583333333332 0.19814814814814816
1 0.40260416666666665 0.19537037037037036 0.035416666666666666 0.04814814814814815
1 0.45546875 0.23055555555555557 0.0421875 0.07222222222222222
1 0.7518229166666667 0.1763888888888889 0.0390625 0.05277777777777778
1 0.43203125 0.20879629629629629 0.04010416666666667 0.062037037037037036
1 0.3984375 0.2759259259259259 0.05625 0.08888888888888889
1 0.40130208333333334 0.11388888888888889 0.027604166666666666 0.03888888888888889
1 0.3859375 0.16574074074074074 0.035416666666666666 0.05555555555555555
1 0.321875 0.3638888888888889 0.08541666666666667 0.13703703703703704
1 0.8643229166666667 0.4361111111111111 0.0921875 0.13518518518518519
1 0.6223958333333334 0.15555555555555556 0.035416666666666666 0.05555555555555555
1 0.4940104166666667 0.18194444444444444 0.03802083333333333 0.06018518518518518
1 0.715625 0.16666666666666666 0.03854166666666667 0.05
1 0.6565104166666667 0.1412037037037037 0.0359375 0.05277777777777778
1 0.1765625 0.18564814814814815 0.040625 0.058333333333333334
1 0.9872395833333333 0.7217592592592592 0.024479166666666666 0.17314814814814813
1 0.37578125 0.24953703703703703 0.04114583333333333 0.08055555555555556
1 0.15494791666666666 0.10231481481481482 0.0265625 0.041666666666666664
1 0.6328125 0.12685185185185185 0.03125 0.03333333333333333
1 0.5888020833333333 0.13703703703703704 0.0390625 0.05925925925925926
1 0.23151041666666666 0.11898148148148148 0.033854166666666664 0.05462962962962963
1 0.33958333333333335 0.2064814814814815 0.04791666666666667 0.05925925925925926
1 0.27395833333333336 0.1162037037037037 0.03125 0.04351851851851852
1 0.7388020833333333 0.10833333333333334 0.033854166666666664 0.02962962962962963
1 0.17526041666666667 0.125 0.0328125 0.03518518518518519
1 0.45026041666666666 0.15185185185185185 0.0421875 0.06666666666666667
1 0.30104166666666665 0.13194444444444445 0.035416666666666666 0.04722222222222222
1 0.5541666666666667 0.10277777777777777 0.019791666666666666 0.03333333333333333
1 0.8135416666666667 0.38472222222222224 0.0875 0.1398148148148148
1 0.16328125 0.25277777777777777 0.0609375 0.07777777777777778
1 0.2546875 0.07361111111111111 0.023958333333333335 0.023148148148148147
1 0.27239583333333334 0.1726851851851852 0.029166666666666667 0.04537037037037037
1 0.4700520833333333 0.0712962962962963 0.021354166666666667 0.03148148148148148
1 0.17239583333333333 0.16203703703703703 0.040625 0.05185185185185185
1 0.29661458333333335 0.2912037037037037 0.0515625 0.09722222222222222
1 0.28098958333333335 0.12268518518518519 0.019270833333333334 0.03796296296296296
1 0.30416666666666664 0.16296296296296298 0.0375 0.03888888888888889
1 0.18072916666666666 0.30324074074074076 0.0625 0.058333333333333334
1 0.26536458333333335 0.23194444444444445 0.044270833333333336 0.08055555555555556
1 0.56875 0.09027777777777778 0.022916666666666665 0.032407407407407406
1 0.16875 0.29212962962962963 0.05520833333333333 0.07314814814814814
1 0.4825520833333333 0.10833333333333334 0.021354166666666667 0.025925925925925925
1 0.6317708333333333 0.09722222222222222 0.01875 0.03148148148148148
1 0.5653645833333333 0.1337962962962963 0.021354166666666667 0.05092592592592592
1 0.74765625 0.1412037037037037 0.033854166666666664 0.041666666666666664
1 0.3580729166666667 0.13287037037037036 0.04010416666666667 0.041666666666666664
1 0.27890625 0.2375 0.050520833333333334 0.06944444444444445
1 0.5182291666666666 0.08287037037037037 0.021875 0.026851851851851852
1 0.51171875 0.12129629629629629 0.030729166666666665 0.037037037037037035
1 0.3372395833333333 0.1736111111111111 0.0296875 0.019444444444444445
1 0.5361979166666667 0.14027777777777778 0.03177083333333333 0.030555555555555555
1 0.5989583333333334 0.07731481481481481 0.021875 0.025
1 0.7221354166666667 0.13472222222222222 0.022395833333333334 0.023148148148148147
1 0.4674479166666667 0.10324074074074074 0.0203125 0.025
1 0.44895833333333335 0.07962962962962963 0.021875 0.03518518518518519
1 0.17890625 0.3476851851851852 0.05677083333333333 0.0712962962962963
1 0.3528645833333333 0.08194444444444444 0.022395833333333334 0.025
1 0.31692708333333336 0.2967592592592593 0.06510416666666667 0.08055555555555556
1 0.2765625 0.275 0.04375 0.07407407407407407
1 0.4783854166666667 0.08611111111111111 0.0203125 0.018518518518518517
1 0.6473958333333333 0.10092592592592593 0.026041666666666668 0.02962962962962963
1 0.23880208333333333 0.18472222222222223 0.04739583333333333 0.075
1 0.50859375 0.27037037037037037 0.0421875 0.07962962962962963