2 0.6057291666666667 0.08425925925925926 0.09166666666666666 0.08148148148148149
1 0.25286458333333334 0.7763888888888889 0.1421875 0.19537037037037036
1 0.4471354166666667 0.6837962962962963 0.1203125 0.15462962962962962
1 0.8731770833333333 0.9106481481481481 0.21510416666666668 0.17685185185185184
1 0.6544270833333333 0.6092592592592593 0.1109375 0.15555555555555556
1 0.10625 0.40324074074074073 0.075 0.11944444444444445
1 0.50390625 0.28564814814814815 0.058854166666666666 0.07314814814814814
1 0.9708333333333333 0.3055555555555556 0.057291666666666664 0.08518518518518518
1 0.67890625 0.4310185185185185 0.09010416666666667 0.11944444444444445
1 0.5458333333333333 0.46944444444444444 0.0875 0.12777777777777777
1 0.20130208333333333 0.44027777777777777 0.08489583333333334 0.11388888888888889
1 0.6447916666666667 0.4009259259259259 0.06979166666666667 0.10185185185185185
1 0.390625 0.5412037037037037 0.096875 0.13240740740740742
1 0.64921875 0.28564814814814815 0.06302083333333333 0.09722222222222222
1 0.37161458333333336 0.4837962962962963 0.0953125 0.12129629629629629
1 0.49609375 0.4273148148148148 0.07135416666666666 0.10648148148148148
1 0.9372395833333333 0.6601851851851852 0.12447916666666667 0.21296296296296297
1 0.4544270833333333 0.23472222222222222 0.049479166666666664 0.06574074074074074
1 0.765625 0.4981481481481482 0.09479166666666666 0.14074074074074075
1 0.3328125 0.38287037037037036 0.07083333333333333 0.09537037037037037
1 0.29140625 0.2916666666666667 0.0546875 0.07592592592592592
1 0.85 0.41944444444444445 0.08854166666666667 0.13333333333333333
1 0.38958333333333334 0.28055555555555556 0.04479166666666667 0.07592592592592592
1 0.6057291666666667 0.2550925925925926 0.05625 0.08425925925925926
1 0.73828125 0.36064814814814816 0.0734375 0.09907407407407408
1 0.4234375 0.21157407407407408 0.04375 0.062037037037037036
1 0.50546875 0.125 0.03177083333333333 0.03518518518518519
1 0.9328125 0.2162037037037037 0.04895833333333333 0.062037037037037036
1 0.17239583333333333 0.2740740740740741 0.04791666666666667 0.07037037037037037
1 0.37890625 0.25416666666666665 0.0453125 0.0712962962962963
1 0.7291666666666666 0.1736111111111111 0.03958333333333333 0.05277777777777778
1 0.18463541666666666 0.375 0.07135416666666666 0.1
1 0.4158854166666667 0.12916666666666668 0.03177083333333333 0.04351851851851852
1 0.42630208333333336 0.30185185185185187 0.058854166666666666 0.0962962962962963
1 0.5734375 0.3287037037037037 0.07395833333333333 0.1111111111111111
1 0.471875 0.37592592592592594 0.07604166666666666 0.11851851851851852
1 0.26484375 0.2310185185185185 0.05572916666666667 0.08981481481481482
1 0.6716145833333333 0.19953703703703704 0.0484375 0.058333333333333334
1 0.38671875 0.16574074074074074 0.030729166666666665 0.04259259259259259
1 0.3190104166666667 0.3282407407407407 0.0609375 0.08611111111111111
1 0.6013020833333333 0.17314814814814813 0.0359375 0.03888888888888889
1 0.8877604166666667 0.26481481481481484 0.05677083333333333 0.08333333333333333
1 0.7611979166666667 0.13333333333333333 0.024479166666666666 0.03518518518518519
1 0.17994791666666668 0.24259259259259258 0.04635416666666667 0.06296296296296296
1 0.9625 0.25601851851851853 0.06145833333333333 0.07685185185185185
1 0.6752604166666667 0.17037037037037037 0.0359375 0.03518518518518519
1 0.29921875 0.14074074074074075 0.0328125 0.03888888888888889
1 0.8505208333333333 0.21388888888888888 0.027083333333333334 0.06481481481481481
1 0.3763020833333333 0.10185185185185185 0.0296875 0.04814814814814815
1 0.35989583333333336 0.21944444444444444 0.04375 0.07592592592592592
1 0.7263020833333333 0.2337962962962963 0.049479166666666664 0.04722222222222222
1 0.871875 0.19166666666666668 0.03333333333333333 0.05185185185185185
1 0.5557291666666667 0.14814814814814814 0.030208333333333334 0.02962962962962963
1 0.6385416666666667 0.1625 0.0375 0.04351851851851852
1 0.6140625 0.11898148148148148 0.028125 0.03796296296296296
1 0.41328125 0.18472222222222223 0.04010416666666667 0.06574074074074074
1 0.6395833333333333 0.18472222222222223 0.03229166666666667 0.03981481481481482
1 0.4078125 0.11944444444444445 0.027083333333333334 0.044444444444444446
1 0.5419270833333333 0.21342592592592594 0.0484375 0.0824074074074074
1 0.18151041666666667 0.1925925925925926 0.0359375 0.04259259259259259
1 0.48411458333333335 0.09722222222222222 0.025520833333333333 0.03148148148148148
1 0.35703125 0.0962962962962963 0.013020833333333334 0.02962962962962963
1 0.16953125 0.13055555555555556 0.0390625 0.046296296296296294
1 0.9786458333333333 0.20879629629629629 0.041666666666666664 0.030555555555555555
1 0.221875 0.11574074074074074 0.03229166666666667 0.04259259259259259
1 0.3328125 0.20416666666666666 0.036458333333333336 0.058333333333333334
1 0.5700520833333333 0.12314814814814815 0.0265625 0.027777777777777776
1 0.3145833333333333 0.1675925925925926 0.029166666666666667 0.05740740740740741
1 0.3346354166666667 0.17222222222222222 0.04010416666666667 0.040740740740740744
1 0.6096354166666667 0.1439814814814815 0.03177083333333333 0.04722222222222222
1 0.33645833333333336 0.11851851851851852 0.026041666666666668 0.04259259259259259
1 0.9481770833333333 0.16898148148148148 0.05260416666666667 0.04722222222222222
1 0.6869791666666667 0.10833333333333334 0.03125 0.046296296296296294
1 0.5231770833333333 0.1111111111111111 0.025520833333333333 0.044444444444444446
1 0.5796875 0.1574074074074074 0.030208333333333334 0.037037037037037035
1 0.7447916666666666 0.1486111111111111 0.035416666666666666 0.04722222222222222
1 0.6825520833333333 0.1310185185185185 0.0296875 0.041666666666666664
1 0.24661458333333333 0.16435185185185186 0.0390625 0.05277777777777778
1 0.6677083333333333 0.14212962962962963 0.03229166666666667 0.03796296296296296
1 0.5307291666666667 0.0625 0.020833333333333332 0.023148148148148147
1 0.8190104166666666 0.22870370370370371 0.059895833333333336 0.09444444444444444
1 0.7393229166666667 0.11805555555555555 0.021354166666666667 0.01574074074074074
1 0.2674479166666667 0.10324074074074074 0.03177083333333333 0.04351851851851852
1 0.50859375 0.0837962962962963 0.022395833333333334 0.03981481481481482
1 0.5841145833333333 0.10740740740740741 0.0265625 0.027777777777777776
1 0.3151041666666667 0.09953703703703703 0.026041666666666668 0.03611111111111111
1 0.5526041666666667 0.08148148148148149 0.01875 0.04259259259259259
1 0.978125 0.2263888888888889 0.042708333333333334 0.06759259259259259
1 0.34791666666666665 0.0824074074074074 0.019791666666666666 0.03148148148148148
1 0.33880208333333334 0.13240740740740742 0.021354166666666667 0.03518518518518519
1 0.5296875 0.08009259259259259 0.021875 0.030555555555555555
1 0.28229166666666666 0.11805555555555555 0.034375 0.03796296296296296
1 0.3776041666666667 0.15462962962962962 0.03125 0.053703703703703705
1 0.44609375 0.08518518518518518 0.0234375 0.040740740740740744
1 0.8984375 0.20185185185185187 0.03854166666666667 0.046296296296296294
1 0.16875 0.21574074074074073 0.03958333333333333 0.07407407407407407
1 0.5578125 0.23148148148148148 0.04791666666666667 0.07592592592592592
1 0.5802083333333333 0.09074074074074075 0.025 0.025925925925925925
1 0.6541666666666667 0.1310185185185185 0.027083333333333334 0.025
1 0.35520833333333335 0.13935185185185187 0.029166666666666667 0.03796296296296296
1 0.6609375 0.09814814814814815 0.029166666666666667 0.040740740740740744
1 0.8315104166666667 0.21388888888888888 0.06510416666666667 0.06666666666666667
1 0.75234375 0.21712962962962962 0.04010416666666667 0.07685185185185185
1 0.26223958333333336 0.19490740740740742 0.058854166666666666 0.058333333333333334