1 0.5138020833333333 0.7967592592592593 0.1515625 0.20092592592592592
1 0.21432291666666667 0.6893518518518519 0.13697916666666668 0.17685185185185184
1 0.6059895833333333 0.3800925925925926 0.0765625 0.09907407407407408
1 0.38984375 0.5592592592592592 0.1046875 0.1388888888888889
1 0.7669270833333334 0.7648148148148148 0.1484375 0.20185185185185187
1 0.19661458333333334 0.5365740740740741 0.10052083333333334 0.13055555555555556
1 0.6127604166666667 0.9148148148148149 0.17552083333333332 0.1685185185185185
1 0.5307291666666667 0.30185185185185187 0.06145833333333333 0.08148148148148149
1 0.6666666666666666 0.6597222222222222 0.11979166666666667 0.16018518518518518
1 0.48098958333333336 0.2652777777777778 0.0546875 0.0712962962962963
1 0.7294270833333333 0.46944444444444444 0.10052083333333334 0.1574074074074074
1 0.37552083333333336 0.45555555555555555 0.084375 0.11481481481481481
1 0.4552083333333333 0.36898148148148147 0.059375 0.09537037037037037
1 0.43411458333333336 0.3296296296296296 0.0578125 0.08703703703703704
1 0.8825520833333333 0.27175925925925926 0.05572916666666667 0.07314814814814814
1 0.87734375 0.6055555555555555 0.11197916666666667 0.15185185185185185
1 0.17135416666666667 0.3527777777777778 0.06041666666666667 0.08518518518518518
1 0.33203125 0.38657407407407407 0.0703125 0.09907407407407408
1 0.8252604166666667 0.4074074074074074 0.09114583333333333 0.13518518518518519
1 0.7643229166666666 0.35185185185185186 0.0796875 0.10740740740740741
1 0.9421875 0.6736111111111112 0.11458333333333333 0.18425925925925926
1 0.46432291666666664 0.1625 0.03697916666666667 0.049074074074074076
1 0.4109375 0.125 0.035416666666666666 0.05740740740740741
1 0.5072916666666667 0.4083333333333333 0.07916666666666666 0.12962962962962962
1 0.7697916666666667 0.22314814814814815 0.04791666666666667 0.06666666666666667
1 0.3888020833333333 0.11666666666666667 0.019270833333333334 0.037037037037037035
1 0.29375 0.28888888888888886 0.06666666666666667 0.1111111111111111
1 0.6049479166666667 0.175 0.0390625 0.03518518518518519
1 0.3692708333333333 0.25462962962962965 0.040625 0.06481481481481481
1 0.42916666666666664 0.2037037037037037 0.036458333333333336 0.05185185185185185
1 0.3138020833333333 0.16944444444444445 0.03802083333333333 0.053703703703703705
1 0.71796875 0.19907407407407407 0.044270833333333336 0.06111111111111111
1 0.934375 0.18425925925925926 0.042708333333333334 0.06481481481481481
1 0.23619791666666667 0.1574074074074074 0.028645833333333332 0.046296296296296294
1 0.18776041666666668 0.3023148148148148 0.05572916666666667 0.0787037037037037
1 0.678125 0.31203703703703706 0.06458333333333334 0.09814814814814815
1 0.4044270833333333 0.274537037037037 0.05364583333333333 0.09166666666666666
1 0.71796875 0.16111111111111112 0.04010416666666667 0.04259259259259259
1 0.9705729166666667 0.5296296296296297 0.0578125 0.1111111111111111
1 0.46171875 0.2263888888888889 0.05364583333333333 0.08055555555555556
1 0.8536458333333333 0.17546296296296296 0.04583333333333333 0.06388888888888888
1 0.5515625 0.1439814814814815 0.022916666666666665 0.03425925925925926
1 0.5859375 0.1375 0.030208333333333334 0.03981481481481482
1 0.5734375 0.15462962962962962 0.036458333333333336 0.044444444444444446
1 0.35546875 0.14166666666666666 0.030729166666666665 0.046296296296296294
1 0.69921875 0.13796296296296295 0.030729166666666665 0.040740740740740744
1 0.5252604166666667 0.13472222222222222 0.0234375 0.028703703703703703
1 0.18671875 0.16018518518518518 0.0421875 0.06481481481481481
1 0.37395833333333334 0.09953703703703703 0.023958333333333335 0.03611111111111111
1 0.5934895833333333 0.11898148148148148 0.034895833333333334 0.04351851851851852
1 0.4125 0.19305555555555556 0.035416666666666666 0.06018518518518518
1 0.37135416666666665 0.16203703703703703 0.029166666666666667 0.040740740740740744
1 0.3888020833333333 0.17222222222222222 0.033854166666666664 0.046296296296296294
1 0.6221354166666667 0.5550925925925926 0.1109375 0.17314814814814813
1 0.6557291666666667 0.2851851851851852 0.06458333333333334 0.10740740740740741
1 0.6911458333333333 0.11574074074074074 0.027083333333333334 0.037037037037037035
1 0.61875 0.10555555555555556 0.027083333333333334 0.03518518518518519
1 0.7669270833333334 0.1425925925925926 0.024479166666666666 0.016666666666666666
1 0.82265625 0.14212962962962963 0.043229166666666666 0.05462962962962963
1 0.22213541666666667 0.10740740740740741 0.0265625 0.04814814814814815
1 0.28177083333333336 0.11481481481481481 0.035416666666666666 0.046296296296296294
1 0.7546875 0.1712962962962963 0.035416666666666666 0.05555555555555555
1 0.3372395833333333 0.12083333333333333 0.0296875 0.05092592592592592
1 0.5028645833333333 0.08425925925925926 0.025520833333333333 0.03888888888888889
1 0.33958333333333335 0.07592592592592592 0.020833333333333332 0.03148148148148148
1 0.16536458333333334 0.24305555555555555 0.04010416666666667 0.06388888888888888
1 0.46171875 0.10277777777777777 0.0234375 0.02962962962962963
1 0.15703125 0.09444444444444444 0.024479166666666666 0.04259259259259259
1 0.26458333333333334 0.10185185185185185 0.020833333333333332 0.037037037037037035
1 0.6377604166666667 0.09259259259259259 0.021354166666666667 0.037037037037037035
1 0.6606770833333333 0.11805555555555555 0.027604166666666666 0.03796296296296296
1 0.49270833333333336 0.11712962962962963 0.01875 0.026851851851851852
1 0.6765625 0.10972222222222222 0.01875 0.03611111111111111
1 0.36328125 0.225 0.04635416666666667 0.07592592592592592
1 0.25494791666666666 0.22870370370370371 0.027604166666666666 0.06296296296296296
1 0.19661458333333334 0.07685185185185185 0.0078125 0.022222222222222223
1 0.21458333333333332 0.08657407407407407 0.028125 0.03981481481481482
1 0.23307291666666666 0.13333333333333333 0.03177083333333333 0.03888888888888889
1 0.6666666666666666 0.17314814814814813 0.04583333333333333 0.07222222222222222
1 0.29322916666666665 0.07777777777777778 0.021875 0.03333333333333333
1 0.559375 0.0962962962962963 0.025 0.027777777777777776
1 0.4510416666666667 0.1486111111111111 0.03229166666666667 0.05462962962962963
1 0.26640625 0.19212962962962962 0.043229166666666666 0.04722222222222222
1 0.25390625 0.19212962962962962 0.04010416666666667 0.0712962962962963
1 0.16276041666666666 0.13703703703703704 0.025520833333333333 0.040740740740740744
1 0.5572916666666666 0.11435185185185186 0.026041666666666668 0.032407407407407406
1 0.16901041666666666 0.19444444444444445 0.033854166666666664 0.037037037037037035
1 0.34270833333333334 0.2037037037037037 0.034375 0.06851851851851852
1 0.8067708333333333 0.2013888888888889 0.0375 0.058333333333333334
1 0.76796875 0.15416666666666667 0.027604166666666666 0.03981481481481482
1 0.8807291666666667 0.22314814814814815 0.051041666666666666 0.06851851851851852
1 0.2796875 0.16111111111111112 0.03229166666666667 0.03518518518518519
1 0.3111979166666667 0.1050925925925926 0.0140625 0.028703703703703703
1 0.28203125 0.24305555555555555 0.06510416666666667 0.075