3 0.91484375 0.2638888888888889 0.0671875 0.10185185185185185
2 0.92265625 0.13703703703703704 0.0796875 0.15925925925925927
2 0.8908854166666667 0.17685185185185184 0.0859375 0.17407407407407408
1 0.48880208333333336 0.7837962962962963 0.1453125 0.19537037037037036
1 0.22526041666666666 0.7513888888888889 0.1359375 0.1787037037037037
1 0.0921875 0.425462962962963 0.07708333333333334 0.10462962962962963
1 0.7075520833333333 0.47453703703703703 0.09427083333333333 0.12314814814814815
1 0.29322916666666665 0.9643518518518519 0.15833333333333333 0.06944444444444445
1 0.4328125 0.5981481481481481 0.109375 0.14444444444444443
1 0.5236979166666667 0.4550925925925926 0.0859375 0.1175925925925926
1 0.37057291666666664 0.4861111111111111 0.08697916666666666 0.12407407407407407
1 0.18880208333333334 0.3625 0.06510416666666667 0.09166666666666666
1 0.5328125 0.3138888888888889 0.06354166666666666 0.08148148148148149
1 0.6888020833333334 0.18796296296296297 0.04114583333333333 0.05740740740740741
1 0.6013020833333333 0.5254629629629629 0.1015625 0.16203703703703703
1 0.8028645833333333 0.39351851851851855 0.0828125 0.12037037037037036
1 0.5971354166666667 0.3625 0.07239583333333334 0.09907407407407408
1 0.5046875 0.18981481481481483 0.03958333333333333 0.05740740740740741
1 0.48489583333333336 0.4009259259259259 0.071875 0.1037037037037037
1 0.41380208333333335 0.1300925925925926 0.0234375 0.03981481481481482
1 0.9276041666666667 0.6430555555555556 0.13854166666666667 0.21388888888888888
1 0.940625 0.4666666666666667 0.11458333333333333 0.1574074074074074
1 0.9216145833333333 0.9356481481481481 0.15572916666666667 0.12685185185185185
1 0.40989583333333335 0.2972222222222222 0.046875 0.07407407407407407
1 0.31328125 0.33935185185185185 0.0765625 0.1287037037037037
1 0.9838541666666667 0.2064814814814815 0.03125 0.06296296296296296
1 0.37864583333333335 0.15787037037037038 0.03333333333333333 0.05277777777777778
1 0.4588541666666667 0.2375 0.03854166666666667 0.06388888888888888
1 0.39557291666666666 0.18472222222222223 0.0328125 0.04537037037037037
1 0.17604166666666668 0.17777777777777778 0.041666666666666664 0.05740740740740741
1 0.6432291666666666 0.16620370370370371 0.0375 0.05648148148148148
1 0.44192708333333336 0.3226851851851852 0.06197916666666667 0.10648148148148148
1 0.3927083333333333 0.10972222222222222 0.026041666666666668 0.03796296296296296
1 0.43984375 0.14351851851851852 0.04010416666666667 0.06296296296296296
1 0.42135416666666664 0.1986111111111111 0.03854166666666667 0.058333333333333334
1 0.38723958333333336 0.2601851851851852 0.05364583333333333 0.08518518518518518
1 0.33125 0.19675925925925927 0.04583333333333333 0.05648148148148148
1 0.7388020833333333 0.17407407407407408 0.04010416666666667 0.05555555555555555
1 0.18463541666666666 0.30185185185185187 0.058854166666666666 0.08518518518518518
1 0.4796875 0.1712962962962963 0.036458333333333336 0.05740740740740741
1 0.5541666666666667 0.15 0.03125 0.03333333333333333
1 0.7130208333333333 0.1388888888888889 0.03333333333333333 0.04259259259259259
1 0.6791666666666667 0.14907407407407408 0.036458333333333336 0.053703703703703705
1 0.7643229166666666 0.35324074074074074 0.08072916666666667 0.13055555555555556
1 0.6067708333333334 0.14629629629629629 0.041666666666666664 0.06296296296296296
1 0.35859375 0.1375 0.03177083333333333 0.05462962962962963
1 0.15598958333333332 0.09814814814814815 0.0265625 0.03888888888888889
1 0.22578125 0.17777777777777778 0.04635416666666667 0.07222222222222222
1 0.16666666666666666 0.27685185185185185 0.051041666666666666 0.07037037037037037
1 0.5614583333333333 0.10648148148148148 0.028125 0.037037037037037035
1 0.44453125 0.21944444444444444 0.04010416666666667 0.06666666666666667
1 0.8231770833333333 0.8013888888888889 0.16302083333333334 0.2564814814814815
1 0.5052083333333334 0.26296296296296295 0.06875 0.09074074074074075
1 0.2671875 0.16805555555555557 0.03854166666666667 0.04537037037037037
1 0.6544270833333333 0.13333333333333333 0.0328125 0.03333333333333333
1 0.77578125 0.15324074074074073 0.0390625 0.05462962962962963
1 0.34322916666666664 0.125 0.027083333333333334 0.04259259259259259
1 0.43671875 0.09027777777777778 0.0234375 0.028703703703703703
1 0.2716145833333333 0.11296296296296296 0.025520833333333333 0.040740740740740744
1 0.4921875 0.11527777777777778 0.022916666666666665 0.028703703703703703
1 0.6130208333333333 0.10555555555555556 0.025 0.037037037037037035
1 0.7580729166666667 0.11296296296296296 0.03802083333333333 0.027777777777777776
1 0.48723958333333334 0.08981481481481482 0.0203125 0.020370370370370372
1 0.5817708333333333 0.09490740740740741 0.022916666666666665 0.032407407407407406
1 0.7794270833333333 0.18703703703703703 0.043229166666666666 0.06296296296296296
1 0.2752604166666667 0.22453703703703703 0.0484375 0.06574074074074074
1 0.36640625 0.2351851851851852 0.0390625 0.07962962962962963
1 0.2375 0.14212962962962963 0.03229166666666667 0.03796296296296296
1 0.5518229166666667 0.1162037037037037 0.0140625 0.032407407407407406
1 0.478125 0.07453703703703704 0.021875 0.03425925925925926
1 0.31302083333333336 0.28055555555555556 0.06458333333333334 0.07777777777777778
1 0.5794270833333334 0.14027777777777778 0.016145833333333335 0.04537037037037037
1 0.64375 0.10138888888888889 0.019791666666666666 0.032407407407407406
1 0.5080729166666667 0.12361111111111112 0.016145833333333335 0.030555555555555555
1 0.17109375 0.08194444444444444 0.0234375 0.023148148148148147
1 0.33125 0.16898148148148148 0.03229166666666667 0.025
1 0.175 0.2337962962962963 0.04895833333333333 0.041666666666666664
1 0.17604166666666668 0.11944444444444445 0.030208333333333334 0.03333333333333333
1 0.23020833333333332 0.11481481481481481 0.03125 0.05
1 0.26223958333333336 0.2199074074074074 0.0453125 0.0787037037037037
1 0.7447916666666666 0.1412037037037037 0.03333333333333333 0.026851851851851852
1 0.40546875 0.06944444444444445 0.0234375 0.025925925925925925
1 0.5229166666666667 0.1287037037037037 0.027083333333333334 0.03518518518518519
1 0.29765625 0.13935185185185187 0.0328125 0.06759259259259259
1 0.15651041666666668 0.23981481481481481 0.0421875 0.07407407407407407
1 0.48854166666666665 0.25416666666666665 0.036458333333333336 0.075
1 0.28854166666666664 0.274537037037037 0.04895833333333333 0.09166666666666666
1 0.7734375 0.22361111111111112 0.046875 0.06018518518518518
1 0.99375 0.5708333333333333 0.011458333333333333 0.125