2 0.59375 0.08101851851851852 0.08854166666666667 0.07314814814814814
1 0.5015625 0.7870370370370371 0.1375 0.1814814814814815
1 0.28229166666666666 0.9023148148148148 0.16666666666666666 0.1935185185185185
1 0.20390625 0.4842592592592593 0.09739583333333333 0.1259259259259259
1 0.5830729166666667 0.5208333333333334 0.09739583333333333 0.14166666666666666
1 0.5236979166666667 0.3050925925925926 0.06197916666666667 0.0787037037037037
1 0.7216145833333333 0.6972222222222222 0.1265625 0.17407407407407408
1 0.6830729166666667 0.3074074074074074 0.0671875 0.10555555555555556
1 0.78828125 0.3939814814814815 0.08072916666666667 0.10833333333333334
1 0.4171875 0.6078703703703704 0.11145833333333334 0.14537037037037037
1 0.72578125 0.4726851851851852 0.10052083333333334 0.13240740740740742
1 0.34401041666666665 0.41574074074074074 0.0765625 0.10185185185185185
1 0.6864583333333333 0.4398148148148148 0.07604166666666666 0.11296296296296296
1 0.04869791666666667 0.44074074074074077 0.08177083333333333 0.12777777777777777
1 0.52578125 0.4703703703703704 0.08802083333333334 0.11481481481481481
1 0.8138020833333334 0.5546296296296296 0.10989583333333333 0.15555555555555556
1 0.6052083333333333 0.35555555555555557 0.078125 0.11851851851851852
1 0.4361979166666667 0.22268518518518518 0.04635416666666667 0.06388888888888888
1 0.47109375 0.24861111111111112 0.0515625 0.06759259259259259
1 0.30442708333333335 0.3106481481481482 0.0578125 0.0824074074074074
1 0.9171875 0.28194444444444444 0.06041666666666667 0.0787037037037037
1 0.396875 0.5361111111111111 0.10416666666666667 0.13703703703703704
1 0.1859375 0.40046296296296297 0.07708333333333334 0.09907407407407408
1 0.5791666666666667 0.24675925925925926 0.051041666666666666 0.0787037037037037
1 0.40338541666666666 0.29768518518518516 0.0453125 0.0787037037037037
1 0.690625 0.21666666666666667 0.052083333333333336 0.044444444444444446
1 0.8388020833333333 0.24305555555555555 0.05260416666666667 0.08055555555555556
1 0.6375 0.2759259259259259 0.058333333333333334 0.09259259259259259
1 0.42578125 0.13518518518518519 0.03177083333333333 0.046296296296296294
1 0.3307291666666667 0.35185185185185186 0.06354166666666666 0.09074074074074075
1 0.64296875 0.18472222222222223 0.044270833333333336 0.05092592592592592
1 0.9203125 0.4671296296296296 0.09791666666666667 0.14907407407407408
1 0.390625 0.26990740740740743 0.046875 0.07314814814814814
1 0.97890625 0.2050925925925926 0.04114583333333333 0.075
1 0.49453125 0.1175925925925926 0.0265625 0.03888888888888889
1 0.38229166666666664 0.10694444444444444 0.03229166666666667 0.05092592592592592
1 0.4986979166666667 0.4064814814814815 0.0859375 0.12777777777777777
1 0.39479166666666665 0.175 0.03125 0.046296296296296294
1 0.70234375 0.1638888888888889 0.03697916666666667 0.05
1 0.4421875 0.3212962962962963 0.06354166666666666 0.1
1 0.33932291666666664 0.2152777777777778 0.03697916666666667 0.06018518518518518
1 0.6651041666666667 0.12407407407407407 0.030208333333333334 0.04259259259259259
1 0.18177083333333333 0.25416666666666665 0.04895833333333333 0.06574074074074074
1 0.740625 0.12777777777777777 0.023958333333333335 0.03518518518518519
1 0.6140625 0.1736111111111111 0.030208333333333334 0.03981481481481482
1 0.55859375 0.08888888888888889 0.025520833333333333 0.027777777777777776
1 0.27265625 0.24305555555555555 0.058854166666666666 0.09537037037037037
1 0.16197916666666667 0.08148148148148149 0.023958333333333335 0.027777777777777776
1 0.36380208333333336 0.10092592592592593 0.013020833333333334 0.03148148148148148
1 0.5815104166666667 0.16111111111111112 0.033854166666666664 0.03518518518518519
1 0.7213541666666666 0.1412037037037037 0.03229166666666667 0.04722222222222222
1 0.8419270833333333 0.1814814814814815 0.03177083333333333 0.04814814814814815
1 0.7546875 0.1597222222222222 0.03333333333333333 0.030555555555555555
1 0.22630208333333332 0.12083333333333333 0.03177083333333333 0.03796296296296296
1 0.17265625 0.13425925925925927 0.03697916666666667 0.040740740740740744
1 0.8697916666666666 0.19305555555555556 0.03229166666666667 0.049074074074074076
1 0.34036458333333336 0.1814814814814815 0.04010416666666667 0.044444444444444446
1 0.7760416666666666 0.21388888888888888 0.05625 0.08518518518518518
1 0.5625 0.14629629629629629 0.030208333333333334 0.03333333333333333
1 0.6158854166666666 0.14722222222222223 0.033854166666666664 0.03518518518518519
1 0.6760416666666667 0.10601851851851851 0.026041666666666668 0.04537037037037037
1 0.3450520833333333 0.13842592592592592 0.0265625 0.03796296296296296
1 0.4375 0.07916666666666666 0.021875 0.03425925925925926
1 0.4739583333333333 0.09259259259259259 0.023958333333333335 0.027777777777777776
1 0.5130208333333334 0.10601851851851851 0.027083333333333334 0.04722222222222222
1 0.32057291666666665 0.1037037037037037 0.027604166666666666 0.040740740740740744
1 0.59921875 0.11296296296296296 0.027604166666666666 0.037037037037037035
1 0.3424479166666667 0.12268518518518519 0.028645833333333332 0.04351851851851852
1 0.5630208333333333 0.22685185185185186 0.053125 0.08703703703703704
1 0.2947916666666667 0.1375 0.0375 0.041666666666666664
1 0.4158854166666667 0.12685185185185185 0.0265625 0.05
1 0.3614583333333333 0.14537037037037037 0.030208333333333334 0.037037037037037035
1 0.30104166666666665 0.1486111111111111 0.03125 0.041666666666666664
1 0.35442708333333334 0.08518518518518518 0.0203125 0.03148148148148148
1 0.6364583333333333 0.12638888888888888 0.026041666666666668 0.032407407407407406
1 0.28541666666666665 0.12083333333333333 0.036458333333333336 0.03425925925925926
1 0.4114583333333333 0.07777777777777778 0.01875 0.024074074074074074
1 0.16666666666666666 0.17037037037037037 0.028125 0.037037037037037035
1 0.2643229166666667 0.2013888888888889 0.05572916666666667 0.05648148148148148
1 0.27265625 0.10601851851851851 0.03177083333333333 0.04351851851851852
1 0.9145833333333333 0.16527777777777777 0.05 0.05462962962962963
1 0.22057291666666667 0.10416666666666667 0.030729166666666665 0.032407407407407406
1 0.8888020833333333 0.20416666666666666 0.030729166666666665 0.058333333333333334
1 0.5427083333333333 0.0712962962962963 0.017708333333333333 0.024074074074074074
1 0.5723958333333333 0.10324074074074074 0.022916666666666665 0.026851851851851852
1 0.17239583333333333 0.22870370370370371 0.042708333333333334 0.07777777777777778
1 0.7208333333333333 0.11203703703703703 0.019791666666666666 0.014814814814814815
1 0.6489583333333333 0.09305555555555556 0.026041666666666668 0.03425925925925926
1 0.18776041666666668 0.0787037037037037 0.022395833333333334 0.024074074074074074
1 0.5552083333333333 0.11851851851851852 0.022916666666666665 0.02962962962962963
1 0.17838541666666666 0.28935185185185186 0.050520833333333334 0.0712962962962963
1 0.49895833333333334 0.07916666666666666 0.021875 0.03611111111111111
1 0.9145833333333333 0.23657407407407408 0.05416666666666667 0.06574074074074074
1 0.36744791666666665 0.23148148148148148 0.04739583333333333 0.07962962962962963
1 0.18072916666666666 0.19212962962962962 0.03958333333333333 0.062037037037037036
1 0.2515625 0.1699074074074074 0.042708333333333334 0.05462962962962963
1 0.3697916666666667 0.21296296296296297 0.04375 0.04259259259259259
1 0.6486979166666667 0.1337962962962963 0.0328125 0.032407407407407406
1 0.32109375 0.17731481481481481 0.030729166666666665 0.058333333333333334
1 0.8104166666666667 0.1986111111111111 0.036458333333333336 0.058333333333333334
1 0.4244791666666667 0.1925925925925926 0.04375 0.07037037037037037
1 0.6497395833333334 0.16805555555555557 0.034895833333333334 0.049074074074074076
1 0.24322916666666666 0.13935185185185187 0.042708333333333334 0.03981481481481482
1 0.7291666666666666 0.20277777777777778 0.052083333333333336 0.07222222222222222
1 0.9927083333333333 0.8009259259259259 0.013541666666666667 0.17222222222222222