2 0.8205729166666667 0.1337962962962963 0.0671875 0.14722222222222223
2 0.7231770833333333 0.11064814814814815 0.0671875 0.1175925925925926
1 0.8395833333333333 0.5851851851851851 0.115625 0.1425925925925926
1 0.25625 0.937037037037037 0.171875 0.12407407407407407
1 0.5088541666666667 0.7777777777777778 0.14270833333333333 0.19444444444444445
1 0.809375 0.41712962962962963 0.08229166666666667 0.11203703703703703
1 0.7640625 0.762962962962963 0.14583333333333334 0.19444444444444445
1 0.6942708333333333 0.44907407407407407 0.08541666666666667 0.11851851851851852
1 0.9484375 0.6939814814814815 0.10104166666666667 0.1787037037037037
1 0.6942708333333333 0.6513888888888889 0.1125 0.1638888888888889
1 0.8807291666666667 0.30694444444444446 0.06875 0.06574074074074074
1 0.17630208333333333 0.362962962962963 0.0671875 0.10555555555555556
1 0.6002604166666666 0.3726851851851852 0.07447916666666667 0.09722222222222222
1 0.33671875 0.387037037037037 0.07760416666666667 0.09814814814814815
1 0.8385416666666666 0.2523148148148148 0.057291666666666664 0.06944444444444445
1 0.4192708333333333 0.3055555555555556 0.06666666666666667 0.1037037037037037
1 0.5877604166666667 0.16620370370370371 0.03697916666666667 0.03981481481481482
1 0.53125 0.3138888888888889 0.05416666666666667 0.08703703703703704
1 0.38671875 0.26435185185185184 0.04635416666666667 0.0712962962962963
1 0.4401041666666667 0.6504629629629629 0.15520833333333334 0.22870370370370371
1 0.7575520833333333 0.3574074074074074 0.07864583333333333 0.10925925925925926
1 0.35104166666666664 0.4300925925925926 0.07604166666666666 0.10648148148148148
1 0.19791666666666666 0.2884259259259259 0.051041666666666666 0.07685185185185185
1 0.4908854166666667 0.4185185185185185 0.07239583333333334 0.1111111111111111
1 0.48984375 0.2638888888888889 0.05677083333333333 0.09074074074074075
1 0.7466145833333333 0.24351851851851852 0.0546875 0.05185185185185185
1 0.4671875 0.37592592592592594 0.06875 0.11851851851851852
1 0.48072916666666665 0.17916666666666667 0.03333333333333333 0.049074074074074076
1 0.9505208333333334 0.3425925925925926 0.06458333333333334 0.08703703703703704
1 0.51171875 0.19537037037037036 0.0421875 0.06666666666666667
1 0.56875 0.3365740740740741 0.06666666666666667 0.09722222222222222
1 0.43645833333333334 0.21435185185185185 0.051041666666666666 0.06574074074074074
1 0.6294270833333333 0.16064814814814815 0.03697916666666667 0.04537037037037037
1 0.2921875 0.2800925925925926 0.05 0.06944444444444445
1 0.53515625 0.4810185185185185 0.10989583333333333 0.1712962962962963
1 0.23255208333333333 0.7620370370370371 0.12239583333333333 0.19444444444444445
1 0.3809895833333333 0.16805555555555557 0.034895833333333334 0.04537037037037037
1 0.9138020833333333 0.2675925925925926 0.058854166666666666 0.07037037037037037
1 0.36328125 0.23194444444444445 0.04739583333333333 0.06944444444444445
1 0.7072916666666667 0.19074074074074074 0.04479166666666667 0.07222222222222222
1 0.44479166666666664 0.1537037037037037 0.036458333333333336 0.053703703703703705
1 0.20677083333333332 0.11944444444444445 0.026041666666666668 0.040740740740740744
1 0.2513020833333333 0.1726851851851852 0.03697916666666667 0.05092592592592592
1 0.28125 0.2523148148148148 0.04895833333333333 0.06574074074074074
1 0.34427083333333336 0.20277777777777778 0.041666666666666664 0.06851851851851852
1 0.46119791666666665 0.08518518518518518 0.025520833333333333 0.040740740740740744
1 0.5760416666666667 0.10740740740740741 0.03333333333333333 0.05
1 0.97578125 0.29953703703703705 0.04739583333333333 0.07685185185185185
1 0.6861979166666666 0.15462962962962962 0.03697916666666667 0.05740740740740741
1 0.7971354166666667 0.22962962962962963 0.0484375 0.06481481481481481
1 0.17161458333333332 0.17037037037037037 0.034895833333333334 0.04259259259259259
1 0.8666666666666667 0.16111111111111112 0.034375 0.05925925925925926
1 0.17057291666666666 0.1259259259259259 0.030729166666666665 0.024074074074074074
1 0.46380208333333334 0.23935185185185184 0.0421875 0.06944444444444445
1 0.32395833333333335 0.175 0.035416666666666666 0.05925925925925926
1 0.47994791666666664 0.09768518518518518 0.024479166666666666 0.032407407407407406
1 0.36354166666666665 0.14444444444444443 0.03125 0.044444444444444446
1 0.26197916666666665 0.20925925925925926 0.04791666666666667 0.05925925925925926
1 0.23359375 0.14722222222222223 0.03697916666666667 0.06296296296296296
1 0.28203125 0.11851851851851852 0.027604166666666666 0.044444444444444446
1 0.9596354166666666 0.24953703703703703 0.0546875 0.06388888888888888
1 0.20598958333333334 0.6361111111111111 0.1140625 0.2111111111111111
1 0.18697916666666667 0.2412037037037037 0.052083333333333336 0.05462962962962963
1 0.68125 0.10694444444444444 0.019791666666666666 0.030555555555555555
1 0.5434895833333333 0.06805555555555555 0.0234375 0.025
1 0.5388020833333333 0.14074074074074075 0.0296875 0.03333333333333333
1 0.5765625 0.07824074074074074 0.022916666666666665 0.013888888888888888
1 0.7986979166666667 0.1824074074074074 0.024479166666666666 0.03333333333333333
1 0.4276041666666667 0.07361111111111111 0.036458333333333336 0.03611111111111111
1 0.17005208333333333 0.1476851851851852 0.030729166666666665 0.032407407407407406
1 0.5544270833333333 0.09861111111111111 0.022395833333333334 0.03981481481481482
1 0.2986979166666667 0.13703703703703704 0.0328125 0.05185185185185185
1 0.41067708333333336 0.1865740740740741 0.04010416666666667 0.06574074074074074
1 0.43020833333333336 0.13518518518518519 0.03125 0.040740740740740744
1 0.6276041666666666 0.12685185185185185 0.026041666666666668 0.025925925925925925
1 0.6372395833333333 0.10555555555555556 0.021354166666666667 0.027777777777777776
1 0.6106770833333334 0.14583333333333334 0.027604166666666666 0.041666666666666664
1 0.18307291666666667 0.07962962962962963 0.011979166666666667 0.024074074074074074
1 0.16666666666666666 0.10231481481481482 0.03229166666666667 0.04537037037037037
1 0.34427083333333336 0.12916666666666668 0.03125 0.03611111111111111
1 0.8911458333333333 0.22824074074074074 0.05416666666666667 0.075
1 0.5174479166666667 0.10972222222222222 0.025520833333333333 0.04351851851851852
1 0.6106770833333334 0.1037037037037037 0.0234375 0.02962962962962963
1 0.34817708333333336 0.0824074074074074 0.0234375 0.03148148148148148
1 0.3299479166666667 0.11388888888888889 0.033854166666666664 0.03888888888888889
1 0.4127604166666667 0.12962962962962962 0.030729166666666665 0.044444444444444446
1 0.4125 0.10694444444444444 0.029166666666666667 0.023148148148148147
1 0.3098958333333333 0.16296296296296298 0.03125 0.05555555555555555
1 0.5942708333333333 0.12916666666666668 0.030208333333333334 0.03611111111111111
1 0.5372395833333333 0.11944444444444445 0.030729166666666665 0.040740740740740744
1 0.6588541666666666 0.09351851851851851 0.021875 0.018518518518518517
1 0.659375 0.1388888888888889 0.03229166666666667 0.05555555555555555
1 0.175 0.2175925925925926 0.04895833333333333 0.07222222222222222
1 0.27369791666666665 0.23796296296296296 0.04635416666666667 0.06111111111111111
1 0.17578125 0.19583333333333333 0.0421875 0.030555555555555555