1 0.209375 0.6162037037037037 0.12291666666666666 0.16018518518518518
1 0.6966145833333334 0.6800925925925926 0.1265625 0.1824074074074074
1 0.47109375 0.7060185185185185 0.13489583333333333 0.17685185185185184
1 0.5361979166666667 0.8296296296296296 0.15052083333333333 0.2037037037037037
1 0.9299479166666667 0.2916666666666667 0.0609375 0.07777777777777778
1 0.37265625 0.5111111111111111 0.09427083333333333 0.12777777777777777
1 0.58203125 0.3578703703703704 0.07239583333333334 0.09351851851851851
1 0.5122395833333333 0.28425925925925927 0.0578125 0.07777777777777778
1 0.8057291666666667 0.23796296296296296 0.04791666666666667 0.06851851851851852
1 0.4390625 0.34675925925925927 0.05520833333333333 0.08981481481481482
1 0.6893229166666667 0.43287037037037035 0.09322916666666667 0.14537037037037037
1 0.19401041666666666 0.4930555555555556 0.0921875 0.1175925925925926
1 0.8755208333333333 0.6055555555555555 0.13125 0.16666666666666666
1 0.6216145833333333 0.5962962962962963 0.11302083333333333 0.14629629629629629
1 0.81328125 0.55 0.09947916666666666 0.13703703703703704
1 0.46796875 0.25324074074074077 0.0515625 0.06759259259259259
1 0.77890625 0.375 0.0828125 0.1259259259259259
1 0.3229166666666667 0.362962962962963 0.065625 0.09259259259259259
1 0.42135416666666664 0.31203703703703706 0.05416666666666667 0.08148148148148149
1 0.4890625 0.38101851851851853 0.07395833333333333 0.11944444444444445
1 0.18255208333333334 0.3333333333333333 0.0578125 0.08148148148148149
1 0.725 0.3314814814814815 0.071875 0.10925925925925926
1 0.3658854166666667 0.4212962962962963 0.07552083333333333 0.10555555555555556
1 0.2872395833333333 0.275 0.06510416666666667 0.10555555555555556
1 0.4515625 0.15416666666666667 0.035416666666666666 0.04722222222222222
1 0.9364583333333333 0.49675925925925923 0.10104166666666667 0.13425925925925927
1 0.9557291666666666 0.9486111111111111 0.0875 0.10092592592592593
1 0.8328125 0.2125 0.041666666666666664 0.062037037037037036
1 0.18020833333333333 0.1550925925925926 0.04583333333333333 0.062037037037037036
1 0.73984375 0.175 0.043229166666666666 0.053703703703703705
1 0.74921875 0.20972222222222223 0.0453125 0.06759259259259259
1 0.6489583333333333 0.29259259259259257 0.06041666666666667 0.09259259259259259
1 0.359375 0.24351851851851852 0.03958333333333333 0.06296296296296296
1 0.3098958333333333 0.16527777777777777 0.03854166666666667 0.05092592592592592
1 0.41901041666666666 0.19490740740740742 0.033854166666666664 0.049074074074074076
1 0.959375 0.7412037037037037 0.08020833333333334 0.20462962962962963
1 0.92265625 0.23796296296296296 0.0546875 0.07222222222222222
1 0.35130208333333335 0.1361111111111111 0.030729166666666665 0.04814814814814815
1 0.58359375 0.5055555555555555 0.1046875 0.15925925925925927
1 0.38229166666666664 0.11018518518518519 0.017708333333333333 0.03518518518518519
1 0.39427083333333335 0.2611111111111111 0.051041666666666666 0.08888888888888889
1 0.18802083333333333 0.287962962962963 0.052083333333333336 0.07222222222222222
1 0.4705729166666667 0.10694444444444444 0.025520833333333333 0.030555555555555555
1 0.4510416666666667 0.21712962962962962 0.05 0.07685185185185185
1 0.28098958333333335 0.11574074074074074 0.034895833333333334 0.05
1 0.38046875 0.16435185185185186 0.033854166666666664 0.04537037037037037
1 0.6755208333333333 0.12453703703703704 0.028125 0.04351851851851852
1 0.8864583333333333 0.18472222222222223 0.04895833333333333 0.06759259259259259
1 0.6283854166666667 0.2671296296296296 0.058854166666666666 0.10092592592592593
1 0.60234375 0.14537037037037037 0.03177083333333333 0.044444444444444446
1 0.56484375 0.15138888888888888 0.0265625 0.03611111111111111
1 0.5908854166666667 0.16296296296296298 0.0390625 0.04814814814814815
1 0.4434895833333333 0.14351851851851852 0.030729166666666665 0.053703703703703705
1 0.40286458333333336 0.11990740740740741 0.034895833333333334 0.05648148148148148
1 0.23567708333333334 0.15185185185185185 0.027604166666666666 0.04259259259259259
1 0.63046875 0.11203703703703703 0.025520833333333333 0.03518518518518519
1 0.6260416666666667 0.19027777777777777 0.03958333333333333 0.04537037037037037
1 0.3338541666666667 0.1175925925925926 0.03125 0.04814814814814815
1 0.3697916666666667 0.09444444444444444 0.020833333333333332 0.03333333333333333
1 0.28359375 0.14583333333333334 0.028645833333333332 0.041666666666666664
1 0.35989583333333336 0.15648148148148147 0.021875 0.03888888888888889
1 0.7033854166666667 0.12037037037037036 0.027604166666666666 0.040740740740740744
1 0.6638020833333333 0.17546296296296296 0.027604166666666666 0.062037037037037036
1 0.40260416666666665 0.1837962962962963 0.034375 0.058333333333333334
1 0.17369791666666667 0.22175925925925927 0.0453125 0.03981481481481482
1 0.23125 0.12916666666666668 0.03125 0.03981481481481482
1 0.33645833333333336 0.19814814814814816 0.034375 0.06666666666666667
1 0.7127604166666667 0.14444444444444443 0.03177083333333333 0.04259259259259259
1 0.8278645833333333 0.17731481481481481 0.04114583333333333 0.04351851851851852
1 0.175 0.2587962962962963 0.04479166666666667 0.075
1 0.334375 0.07361111111111111 0.023958333333333335 0.028703703703703703
1 0.2630208333333333 0.09768518518518518 0.019791666666666666 0.03611111111111111
1 0.5244791666666667 0.13055555555555556 0.022916666666666665 0.03148148148148148
1 0.6921875 0.18287037037037038 0.04895833333333333 0.075
1 0.6536458333333334 0.14305555555555555 0.034375 0.04351851851851852
1 0.6536458333333334 0.16712962962962963 0.029166666666666667 0.05092592592592592
1 0.9611979166666667 0.19212962962962962 0.0453125 0.06759259259259259
1 0.5234375 0.10555555555555556 0.022916666666666665 0.024074074074074074
1 0.26328125 0.1875 0.04114583333333333 0.05092592592592592
1 0.5140625 0.08842592592592592 0.026041666666666668 0.03981481481481482
1 0.6481770833333333 0.09861111111111111 0.0234375 0.041666666666666664
1 0.5703125 0.10138888888888889 0.025 0.028703703703703703
1 0.57109375 0.12731481481481483 0.028645833333333332 0.023148148148148147
1 0.35572916666666665 0.21481481481481482 0.04375 0.07222222222222222
1 0.50625 0.12268518518518519 0.021875 0.030555555555555555
1 0.15807291666666667 0.09212962962962963 0.024479166666666666 0.04351851851851852
1 0.54140625 0.1388888888888889 0.027604166666666666 0.02962962962962963
1 0.24661458333333333 0.07407407407407407 0.025520833333333333 0.024074074074074074
1 0.2513020833333333 0.2212962962962963 0.0234375 0.05925925925925926
1 0.60703125 0.125 0.0359375 0.044444444444444446
1 0.84609375 0.1537037037037037 0.04635416666666667 0.06666666666666667
1 0.16484375 0.1337962962962963 0.027604166666666666 0.041666666666666664
1 0.17604166666666668 0.10740740740740741 0.028125 0.02962962962962963
1 0.27838541666666666 0.2310185185185185 0.06197916666666667 0.07685185185185185
1 0.7875 0.1736111111111111 0.04583333333333333 0.06574074074074074
1 0.25234375 0.18472222222222223 0.0359375 0.06759259259259259
1 0.17317708333333334 0.2037037037037037 0.04635416666666667 0.06666666666666667