2 0.9041666666666667 0.1527777777777778 0.08854166666666667 0.1648148148148148
2 0.8270833333333333 0.5018518518518519 0.140625 0.2851851851851852
2 0.77578125 0.125 0.0640625 0.1259259259259259
1 0.17473958333333334 0.6944444444444444 0.12447916666666667 0.14629629629629629
1 0.6908854166666667 0.4439814814814815 0.08802083333333334 0.11018518518518519
1 0.23802083333333332 0.7981481481481482 0.13125 0.17592592592592593
1 0.590625 0.9287037037037037 0.17604166666666668 0.14074074074074075
1 0.59609375 0.549074074074074 0.1078125 0.14074074074074075
1 0.4083333333333333 0.562962962962963 0.09895833333333333 0.14074074074074075
1 0.7403645833333333 0.5120370370370371 0.04739583333333333 0.13148148148148148
1 0.6760416666666667 0.3333333333333333 0.06666666666666667 0.09074074074074075
1 0.35390625 0.3111111111111111 0.06302083333333333 0.07962962962962963
1 0.5330729166666667 0.3074074074074074 0.06302083333333333 0.08148148148148149
1 0.5942708333333333 0.35648148148148145 0.065625 0.09444444444444444
1 0.9479166666666666 0.3023148148148148 0.06458333333333334 0.08055555555555556
1 0.3143229166666667 0.3509259259259259 0.0671875 0.08888888888888889
1 0.19296875 0.3125 0.0578125 0.07685185185185185
1 0.8908854166666667 0.30416666666666664 0.06822916666666666 0.07314814814814814
1 0.37213541666666666 0.4828703703703704 0.1078125 0.16574074074074074
1 0.6408854166666667 0.2912037037037037 0.06510416666666667 0.08796296296296297
1 0.5669270833333333 0.4810185185185185 0.08385416666666666 0.125
1 0.5885416666666666 0.16805555555555557 0.03854166666666667 0.041666666666666664
1 0.45807291666666666 0.38055555555555554 0.08489583333333334 0.13518518518518519
1 0.68671875 0.18472222222222223 0.04114583333333333 0.05277777777777778
1 0.8958333333333334 0.25416666666666665 0.052083333333333336 0.049074074074074076
1 0.5078125 0.2833333333333333 0.05 0.08333333333333333
1 0.56796875 0.13425925925925927 0.030729166666666665 0.044444444444444446
1 0.98046875 0.7597222222222222 0.03802083333333333 0.275
1 0.46848958333333335 0.16944444444444445 0.0390625 0.05925925925925926
1 0.48411458333333335 0.26805555555555555 0.0453125 0.07314814814814814
1 0.7765625 0.22083333333333333 0.051041666666666666 0.0824074074074074
1 0.27291666666666664 0.24351851851851852 0.04479166666666667 0.06111111111111111
1 0.38567708333333334 0.2574074074074074 0.0578125 0.08333333333333333
1 0.7458333333333333 0.17546296296296296 0.03958333333333333 0.06388888888888888
1 0.19296875 0.47129629629629627 0.09010416666666667 0.13148148148148148
1 0.6473958333333333 0.19305555555555556 0.03854166666666667 0.03981481481481482
1 0.4192708333333333 0.13425925925925927 0.03333333333333333 0.046296296296296294
1 0.19010416666666666 0.25092592592592594 0.04583333333333333 0.07037037037037037
1 0.4166666666666667 0.3143518518518518 0.05625 0.10092592592592593
1 0.42942708333333335 0.3449074074074074 0.0578125 0.09537037037037037
1 0.20052083333333334 0.5638888888888889 0.08958333333333333 0.14444444444444443
1 0.35859375 0.22962962962962963 0.0390625 0.06481481481481481
1 0.28802083333333334 0.125 0.030208333333333334 0.05185185185185185
1 0.3609375 0.15046296296296297 0.030208333333333334 0.03981481481481482
1 0.42890625 0.20972222222222223 0.03697916666666667 0.06018518518518518
1 0.240625 0.15601851851851853 0.029166666666666667 0.04722222222222222
1 0.253125 0.1875 0.040625 0.05462962962962963
1 0.8515625 0.16296296296296298 0.023958333333333335 0.05740740740740741
1 0.40729166666666666 0.125 0.030208333333333334 0.04814814814814815
1 0.45286458333333335 0.225 0.04635416666666667 0.07962962962962963
1 0.6442708333333333 0.11296296296296296 0.026041666666666668 0.040740740740740744
1 0.23125 0.1337962962962963 0.034375 0.058333333333333334
1 0.2703125 0.1087962962962963 0.026041666666666668 0.04351851851851852
1 0.4114583333333333 0.1875 0.042708333333333334 0.05462962962962963
1 0.6119791666666666 0.11944444444444445 0.03854166666666667 0.05740740740740741
1 0.44505208333333335 0.15416666666666667 0.028645833333333332 0.04351851851851852
1 0.346875 0.13055555555555556 0.027083333333333334 0.037037037037037035
1 0.6739583333333333 0.11851851851851852 0.026041666666666668 0.03333333333333333
1 0.4049479166666667 0.06620370370370371 0.021354166666666667 0.023148148148148147
1 0.6765625 0.14583333333333334 0.030208333333333334 0.030555555555555555
1 0.4796875 0.09351851851851851 0.03125 0.044444444444444446
1 0.328125 0.1814814814814815 0.035416666666666666 0.06296296296296296
1 0.55625 0.1259259259259259 0.022916666666666665 0.04259259259259259
1 0.7182291666666667 0.1574074074074074 0.035416666666666666 0.05925925925925926
1 0.5247395833333334 0.11388888888888889 0.0203125 0.044444444444444446
1 0.3341145833333333 0.07361111111111111 0.021354166666666667 0.028703703703703703
1 0.50078125 0.10555555555555556 0.025520833333333333 0.03518518518518519
1 0.3484375 0.2050925925925926 0.041666666666666664 0.062037037037037036
1 0.4546875 0.08611111111111111 0.025 0.03518518518518519
1 0.6044270833333333 0.09305555555555556 0.021354166666666667 0.026851851851851852
1 0.5817708333333333 0.10833333333333334 0.029166666666666667 0.046296296296296294
1 0.17005208333333333 0.15694444444444444 0.034895833333333334 0.04351851851851852
1 0.8411458333333334 0.15231481481481482 0.034375 0.062037037037037036
1 0.26848958333333334 0.21944444444444444 0.04635416666666667 0.05740740740740741
1 0.709375 0.13287037037037036 0.03333333333333333 0.05092592592592592
1 0.56328125 0.07268518518518519 0.0265625 0.023148148148148147
1 0.3924479166666667 0.1087962962962963 0.028645833333333332 0.049074074074074076
1 0.6619791666666667 0.16805555555555557 0.03229166666666667 0.04537037037037037
1 0.6442708333333333 0.15787037037037038 0.034375 0.06018518518518518
1 0.5565104166666667 0.09722222222222222 0.024479166666666666 0.040740740740740744
1 0.16640625 0.08888888888888889 0.028645833333333332 0.03148148148148148
1 0.3059895833333333 0.1550925925925926 0.0328125 0.05648148148148148
1 0.21197916666666666 0.10555555555555556 0.025 0.044444444444444446
1 0.6859375 0.12824074074074074 0.020833333333333332 0.03425925925925926
1 0.5299479166666666 0.0625 0.0171875 0.026851851851851852
1 0.9403645833333333 0.18194444444444444 0.016145833333333335 0.06944444444444445
1 0.32083333333333336 0.10555555555555556 0.035416666666666666 0.04259259259259259
1 0.5369791666666667 0.08518518518518518 0.021875 0.020370370370370372
1 0.87734375 0.2273148148148148 0.050520833333333334 0.06574074074074074
1 0.37838541666666664 0.16203703703703703 0.03802083333333333 0.053703703703703705
1 0.18046875 0.2324074074074074 0.0453125 0.05925925925925926
1 0.43854166666666666 0.0763888888888889 0.017708333333333333 0.030555555555555555