2 0.8026041666666667 0.1287037037037037 0.06666666666666667 0.1425925925925926
2 0.7080729166666667 0.09212962962962963 0.0578125 0.0824074074074074
1 0.8908854166666667 0.6351851851851852 0.1265625 0.15185185185185185
1 0.8505208333333333 0.4462962962962963 0.08854166666666667 0.12037037037037036
1 0.46822916666666664 0.7097222222222223 0.16770833333333332 0.24537037037037038
1 0.6231770833333333 0.3921296296296296 0.07864583333333333 0.10092592592592593
1 0.9825520833333333 0.762962962962963 0.033854166666666664 0.18703703703703703
1 0.728125 0.4791666666666667 0.09166666666666666 0.125
1 0.34140625 0.41064814814814815 0.08177083333333333 0.10462962962962963
1 0.8325520833333333 0.8421296296296297 0.15989583333333332 0.21944444444444444
1 0.16354166666666667 0.3814814814814815 0.07083333333333333 0.10925925925925926
1 0.7440104166666667 0.7143518518518519 0.12447916666666667 0.18425925925925926
1 0.35833333333333334 0.45601851851851855 0.084375 0.11203703703703703
1 0.5841145833333333 0.35509259259259257 0.06822916666666666 0.10092592592592593
1 0.7229166666666667 0.23472222222222222 0.05 0.05462962962962963
1 0.5513020833333333 0.8555555555555555 0.15572916666666667 0.21296296296296297
1 0.428125 0.3194444444444444 0.07083333333333333 0.10925925925925926
1 0.23776041666666667 0.8342592592592593 0.14114583333333333 0.21481481481481482
1 0.39427083333333335 0.2759259259259259 0.051041666666666666 0.07407407407407407
1 0.5627604166666667 0.5162037037037037 0.1171875 0.1824074074074074
1 0.8169270833333333 0.24305555555555555 0.0546875 0.06574074074074074
1 0.78984375 0.37777777777777777 0.07864583333333333 0.11666666666666667
1 0.29635416666666664 0.29305555555555557 0.051041666666666666 0.0712962962962963
1 0.84765625 0.28935185185185186 0.0640625 0.06388888888888888
1 0.9075520833333334 0.31712962962962965 0.06510416666666667 0.07314814814814814
1 0.45286458333333335 0.1587962962962963 0.04010416666666667 0.05648148148148148
1 0.4822916666666667 0.3939814814814815 0.07395833333333333 0.12685185185185185
1 0.5143229166666666 0.44351851851851853 0.08802083333333334 0.11666666666666667
1 0.19869791666666667 0.30185185185185187 0.0515625 0.07777777777777778
1 0.5747395833333333 0.16064814814814815 0.033854166666666664 0.03796296296296296
1 0.5044270833333333 0.27546296296296297 0.0578125 0.09351851851851851
1 0.9755208333333333 0.37083333333333335 0.04791666666666667 0.08981481481481482
1 0.38619791666666664 0.17453703703703705 0.033854166666666664 0.04722222222222222
1 0.778125 0.22407407407407406 0.04479166666666667 0.06666666666666667
1 0.5229166666666667 0.20277777777777778 0.042708333333333334 0.06851851851851852
1 0.44635416666666666 0.22268518518518518 0.04791666666666667 0.06759259259259259
1 0.6919270833333333 0.18518518518518517 0.0421875 0.07037037037037037
1 0.28541666666666665 0.2625 0.05 0.06944444444444445
1 0.946875 0.2902777777777778 0.06354166666666666 0.08425925925925926
1 0.3684895833333333 0.2412037037037037 0.04739583333333333 0.0712962962962963
1 0.5466145833333333 0.3287037037037037 0.05677083333333333 0.09259259259259259
1 0.4901041666666667 0.18564814814814815 0.03333333333333333 0.05092592592592592
1 0.6158854166666666 0.15601851851851853 0.03697916666666667 0.04537037037037037
1 0.98203125 0.22592592592592592 0.034895833333333334 0.05925925925925926
1 0.17057291666666666 0.17592592592592593 0.0359375 0.046296296296296294
1 0.4752604166666667 0.24768518518518517 0.044270833333333336 0.07314814814814814
1 0.3 0.14212962962962963 0.03229166666666667 0.05462962962962963
1 0.7697916666666667 0.19074074074074074 0.042708333333333334 0.05740740740740741
1 0.20494791666666667 0.12314814814814815 0.027604166666666666 0.044444444444444446
1 0.234375 0.15138888888888888 0.0375 0.06388888888888888
1 0.271875 0.24537037037037038 0.041666666666666664 0.06481481481481481
1 0.41770833333333335 0.19212962962962962 0.040625 0.06759259259259259
1 0.36744791666666665 0.1486111111111111 0.0328125 0.04722222222222222
1 0.45677083333333335 0.08472222222222223 0.023958333333333335 0.03981481481481482
1 0.3528645833333333 0.0837962962962963 0.0234375 0.030555555555555555
1 0.884375 0.25462962962962965 0.05416666666666667 0.06851851851851852
1 0.3125 0.16620370370370371 0.03229166666666667 0.06018518518518518
1 0.32786458333333335 0.18101851851851852 0.0359375 0.062037037037037036
1 0.98515625 0.26481481481481484 0.028645833333333332 0.06851851851851852
1 0.67265625 0.14814814814814814 0.0359375 0.05740740740740741
1 0.475 0.09444444444444444 0.023958333333333335 0.03148148148148148
1 0.35104166666666664 0.20972222222222223 0.041666666666666664 0.0712962962962963
1 0.93125 0.2388888888888889 0.05 0.06296296296296296
1 0.43671875 0.13935185185185187 0.03177083333333333 0.041666666666666664
1 0.25052083333333336 0.17777777777777778 0.030208333333333334 0.05555555555555555
1 0.3463541666666667 0.1337962962962963 0.03229166666666667 0.03796296296296296
1 0.41875 0.13472222222222222 0.030208333333333334 0.04351851851851852
1 0.8505208333333333 0.15601851851851853 0.036458333333333336 0.05648148148148148
1 0.6169270833333333 0.12407407407407407 0.024479166666666666 0.027777777777777776
1 0.2635416666666667 0.21574074074074073 0.046875 0.05925925925925926
1 0.525 0.1337962962962963 0.025 0.028703703703703703
1 0.2078125 0.6902777777777778 0.121875 0.22685185185185186
1 0.5669270833333333 0.10601851851851851 0.03177083333333333 0.04722222222222222
1 0.2838541666666667 0.12175925925925926 0.030208333333333334 0.04722222222222222
1 0.8622395833333333 0.21851851851851853 0.0515625 0.07037037037037037
1 0.16953125 0.13518518518518519 0.03177083333333333 0.03888888888888889
1 0.6005208333333333 0.10231481481481482 0.023958333333333335 0.030555555555555555
1 0.4270833333333333 0.2162037037037037 0.025 0.058333333333333334
1 0.5973958333333333 0.1412037037037037 0.028125 0.041666666666666664
1 0.1859375 0.24675925925925926 0.05416666666666667 0.05277777777777778
1 0.4192708333333333 0.11018518518518519 0.030208333333333334 0.024074074074074074
1 0.6458333333333334 0.13333333333333333 0.03333333333333333 0.05185185185185185
1 0.17526041666666667 0.22592592592592592 0.049479166666666664 0.07592592592592592
1 0.16588541666666667 0.10555555555555556 0.034895833333333334 0.04814814814814815
1 0.41302083333333334 0.06851851851851852 0.015625 0.022222222222222223
1 0.18645833333333334 0.08055555555555556 0.013541666666666667 0.024074074074074074
1 0.6296875 0.10555555555555556 0.021875 0.02962962962962963
1 0.6546875 0.09583333333333334 0.021875 0.028703703703703703
1 0.5833333333333334 0.12453703703703704 0.030208333333333334 0.03611111111111111
1 0.28177083333333336 0.9851851851851852 0.12395833333333334 0.027777777777777776
1 0.33671875 0.1175925925925926 0.0328125 0.04259259259259259
1 0.5109375 0.07777777777777778 0.019791666666666666 0.018518518518518517
1 0.43203125 0.07916666666666666 0.015104166666666667 0.021296296296296296
1 0.6713541666666667 0.10416666666666667 0.017708333333333333 0.026851851851851852
1 0.74140625 0.12175925925925926 0.013020833333333334 0.05277777777777778
1 0.56875 0.07685185185185185 0.021875 0.014814814814814815
1 0.1921875 0.27824074074074073 0.04895833333333333 0.06759259259259259
1 0.5216145833333333 0.11388888888888889 0.028645833333333332 0.03888888888888889