3 0.9666666666666667 0.2847222222222222 0.065625 0.10648148148148148
2 0.93359375 0.18703703703703703 0.09010416666666667 0.18518518518518517
1 0.66328125 0.43333333333333335 0.08697916666666666 0.11296296296296296
1 0.43645833333333334 0.6800925925925926 0.12604166666666666 0.16944444444444445
1 0.25078125 0.8851851851851852 0.17239583333333333 0.22407407407407406
1 0.20859375 0.6523148148148148 0.1203125 0.15648148148148147
1 0.8041666666666667 0.8384259259259259 0.15208333333333332 0.20833333333333334
1 0.9484375 0.9342592592592592 0.10208333333333333 0.12962962962962962
1 0.13151041666666666 0.3939814814814815 0.06822916666666666 0.09351851851851851
1 0.4953125 0.41712962962962963 0.07916666666666666 0.10833333333333334
1 0.4083333333333333 0.5337962962962963 0.09895833333333333 0.13240740740740742
1 0.5109375 0.2935185185185185 0.06041666666666667 0.07777777777777778
1 0.6544270833333333 0.9560185185185185 0.1828125 0.08611111111111111
1 0.8114583333333333 0.2375 0.05 0.06574074074074074
1 0.946875 0.4810185185185185 0.10520833333333333 0.16018518518518518
1 0.35260416666666666 0.4412037037037037 0.08020833333333334 0.11203703703703703
1 0.8354166666666667 0.5615740740740741 0.12083333333333333 0.18981481481481483
1 0.7158854166666667 0.19768518518518519 0.043229166666666666 0.06018518518518518
1 0.18828125 0.3365740740740741 0.0609375 0.0824074074074074
1 0.5575520833333333 0.4726851851851852 0.09114583333333333 0.14722222222222223
1 0.5692708333333333 0.3351851851851852 0.06770833333333333 0.09259259259259259
1 0.74921875 0.3578703703703704 0.07447916666666667 0.11203703703703703
1 0.48880208333333336 0.17731481481481481 0.0390625 0.05462962962962963
1 0.4041666666666667 0.12175925925925926 0.021875 0.03796296296296296
1 0.39427083333333335 0.27824074074074073 0.04479166666666667 0.0712962962962963
1 0.46171875 0.3699074074074074 0.0671875 0.09722222222222222
1 0.30390625 0.3175925925925926 0.07135416666666666 0.12222222222222222
1 0.8111979166666666 0.19490740740740742 0.0453125 0.058333333333333334
1 0.6671875 0.17407407407407408 0.03854166666666667 0.06111111111111111
1 0.446875 0.2222222222222222 0.036458333333333336 0.05740740740740741
1 0.32369791666666664 0.18564814814814815 0.044270833333333336 0.05462962962962963
1 0.42864583333333334 0.13518518518518519 0.03854166666666667 0.06111111111111111
1 0.3692708333333333 0.14953703703703702 0.03333333333333333 0.05092592592592592
1 0.8609375 0.412962962962963 0.09583333333333334 0.12962962962962962
1 0.38723958333333336 0.1763888888888889 0.033854166666666664 0.04537037037037037
1 0.21145833333333333 0.16898148148148148 0.04375 0.06944444444444445
1 0.7338541666666667 0.1425925925925926 0.030208333333333334 0.044444444444444446
1 0.4083333333333333 0.18703703703703703 0.036458333333333336 0.05555555555555555
1 0.5721354166666667 0.15648148148148147 0.0359375 0.03333333333333333
1 0.5591145833333333 0.12314814814814815 0.027604166666666666 0.03888888888888889
1 0.3768229166666667 0.2439814814814815 0.0515625 0.08055555555555556
1 0.38567708333333334 0.10324074074074074 0.024479166666666666 0.03611111111111111
1 0.7033854166666667 0.15694444444444444 0.03802083333333333 0.05462962962962963
1 0.27057291666666666 0.15833333333333333 0.034895833333333334 0.053703703703703705
1 0.4278645833333333 0.30092592592592593 0.058854166666666666 0.09814814814814815
1 0.7208333333333333 0.32222222222222224 0.071875 0.12222222222222222
1 0.17447916666666666 0.16666666666666666 0.036458333333333336 0.053703703703703705
1 0.4671875 0.16018518518518518 0.035416666666666666 0.05555555555555555
1 0.8041666666666667 0.15555555555555556 0.036458333333333336 0.05
1 0.16276041666666666 0.2611111111111111 0.043229166666666666 0.06666666666666667
1 0.5723958333333333 0.10833333333333334 0.03125 0.040740740740740744
1 0.6268229166666667 0.1537037037037037 0.043229166666666666 0.06481481481481481
1 0.65625 0.10277777777777777 0.020833333333333332 0.03333333333333333
1 0.15572916666666667 0.09490740740740741 0.026041666666666668 0.03981481481481482
1 0.4856770833333333 0.24583333333333332 0.059895833333333336 0.08611111111111111
1 0.43385416666666665 0.2050925925925926 0.03854166666666667 0.06574074074074074
1 0.6302083333333334 0.10462962962962963 0.026041666666666668 0.03333333333333333
1 0.59453125 0.09583333333333334 0.024479166666666666 0.032407407407407406
1 0.7317708333333334 0.6865740740740741 0.14375 0.21944444444444444
1 0.6682291666666667 0.10787037037037037 0.026041666666666668 0.03425925925925926
1 0.3567708333333333 0.22361111111111112 0.03854166666666667 0.06944444444444445
1 0.8809895833333333 0.1675925925925926 0.025520833333333333 0.06111111111111111
1 0.5244791666666667 0.12916666666666668 0.020833333333333332 0.032407407407407406
1 0.26848958333333334 0.1050925925925926 0.0234375 0.041666666666666664
1 0.29609375 0.14444444444444443 0.024479166666666666 0.037037037037037035
1 0.9869791666666666 0.21666666666666667 0.023958333333333335 0.03333333333333333
1 0.4973958333333333 0.09166666666666666 0.021875 0.022222222222222223
1 0.5036458333333333 0.12037037037037036 0.025 0.03148148148148148
1 0.6 0.14444444444444443 0.025 0.05
1 0.6776041666666667 0.12268518518518519 0.030208333333333334 0.03425925925925926
1 0.1703125 0.0837962962962963 0.023958333333333335 0.030555555555555555
1 0.29140625 0.11805555555555555 0.03177083333333333 0.03796296296296296
1 0.16223958333333333 0.21342592592592594 0.034895833333333334 0.04351851851851852
1 0.3299479166666667 0.06851851851851852 0.0171875 0.020370370370370372
1 0.51875 0.08333333333333333 0.021875 0.022222222222222223
1 0.7817708333333333 0.11898148148148148 0.03854166666666667 0.03425925925925926
1 0.1734375 0.10925925925925926 0.026041666666666668 0.024074074074074074
1 0.6182291666666667 0.08472222222222223 0.025 0.03425925925925926
1 0.1828125 0.2875 0.05625 0.09166666666666666
1 0.31666666666666665 0.10925925925925926 0.013541666666666667 0.03148148148148148
1 0.17734375 0.22268518518518518 0.0453125 0.04351851851851852
1 0.44296875 0.09398148148148149 0.024479166666666666 0.028703703703703703
1 0.3489583333333333 0.1361111111111111 0.028125 0.03888888888888889
1 0.30442708333333335 0.262037037037037 0.0609375 0.07037037037037037
1 0.6114583333333333 0.11296296296296296 0.022916666666666665 0.020370370370370372
1 0.24166666666666667 0.16712962962962963 0.027083333333333334 0.05648148148148148
1 0.2708333333333333 0.20879629629629629 0.04583333333333333 0.05648148148148148
1 0.48671875 0.07777777777777778 0.024479166666666666 0.037037037037037035
1 0.346875 0.0787037037037037 0.020833333333333332 0.03333333333333333
1 0.48723958333333334 0.1111111111111111 0.019270833333333334 0.024074074074074074
1 0.31302083333333336 0.08935185185185185 0.027083333333333334 0.041666666666666664
1 0.3458333333333333 0.12037037037037036 0.034375 0.04259259259259259
1 0.41015625 0.06574074074074074 0.019270833333333334 0.025925925925925925
1 0.4359375 0.07592592592592592 0.01875 0.027777777777777776
1 0.3770833333333333 0.06435185185185185 0.019791666666666666 0.017592592592592594
1 0.6791666666666667 0.14212962962962963 0.030208333333333334 0.03981481481481482
1 0.25703125 0.20787037037037037 0.04114583333333333 0.075
1 0.7567708333333333 0.1814814814814815 0.03229166666666667 0.05740740740740741
1 0.2703125 0.24537037037037038 0.04479166666666667 0.06851851851851852
1 0.9932291666666667 0.7768518518518519 0.0125 0.1259259259259259
1 0.28020833333333334 0.26296296296296295 0.046875 0.07962962962962963