1 0.6625 0.6851851851851852 0.15 0.22592592592592592
1 0.9463541666666667 0.6680555555555555 0.10625 0.1824074074074074
1 0.21510416666666668 0.5837962962962963 0.10833333333333334 0.14722222222222223
1 0.3919270833333333 0.5375 0.09635416666666667 0.12314814814814815
1 0.9427083333333334 0.9282407407407407 0.11354166666666667 0.14166666666666666
1 0.48515625 0.3925925925925926 0.0734375 0.10555555555555556
1 0.55625 0.4847222222222222 0.08854166666666667 0.12314814814814815
1 0.4713541666666667 0.25324074074074077 0.052083333333333336 0.06574074074074074
1 0.18802083333333333 0.37407407407407406 0.07395833333333333 0.09814814814814815
1 0.5747395833333333 0.3398148148148148 0.0609375 0.08888888888888889
1 0.3614583333333333 0.44212962962962965 0.07916666666666666 0.11018518518518519
1 0.7911458333333333 0.5115740740740741 0.10520833333333333 0.1675925925925926
1 0.590625 0.24768518518518517 0.05416666666666667 0.08425925925925926
1 0.6065104166666667 0.362962962962963 0.07552083333333333 0.1
1 0.33671875 0.40046296296296297 0.07135416666666666 0.10277777777777777
1 0.45208333333333334 0.36203703703703705 0.05520833333333333 0.09074074074074075
1 0.6669270833333333 0.4152777777777778 0.07864583333333333 0.11388888888888889
1 0.8143229166666667 0.2763888888888889 0.0546875 0.05277777777777778
1 0.42994791666666665 0.2101851851851852 0.0453125 0.05740740740740741
1 0.31015625 0.3277777777777778 0.06197916666666667 0.08703703703703704
1 0.18802083333333333 0.30833333333333335 0.05416666666666667 0.05185185185185185
1 0.5192708333333333 0.2037037037037037 0.041666666666666664 0.06481481481481481
1 0.5247395833333334 0.287962962962963 0.06197916666666667 0.09444444444444444
1 0.6549479166666666 0.3050925925925926 0.06302083333333333 0.08425925925925926
1 0.27239583333333334 0.2587962962962963 0.042708333333333334 0.06944444444444445
1 0.5533854166666666 0.22361111111111112 0.04635416666666667 0.07314814814814814
1 0.36666666666666664 0.24768518518518517 0.03958333333333333 0.06574074074074074
1 0.7372395833333333 0.3435185185185185 0.07135416666666666 0.1111111111111111
1 0.40286458333333336 0.26435185185185184 0.0515625 0.08796296296296297
1 0.16354166666666667 0.34444444444444444 0.05416666666666667 0.10185185185185185
1 0.25546875 0.20925925925925926 0.0515625 0.08148148148148149
1 0.72734375 0.14722222222222223 0.03177083333333333 0.04814814814814815
1 0.3984375 0.11666666666666667 0.030208333333333334 0.040740740740740744
1 0.7338541666666667 0.1912037037037037 0.0375 0.028703703703703703
1 0.7354166666666667 0.23194444444444445 0.05520833333333333 0.06388888888888888
1 0.6997395833333333 0.2125 0.04010416666666667 0.04537037037037037
1 0.8651041666666667 0.25787037037037036 0.05520833333333333 0.08611111111111111
1 0.3580729166666667 0.22777777777777777 0.04114583333333333 0.06296296296296296
1 0.7854166666666667 0.13518518518518519 0.028125 0.025925925925925925
1 0.43072916666666666 0.32083333333333336 0.06354166666666666 0.10277777777777777
1 0.6486979166666667 0.19722222222222222 0.0390625 0.040740740740740744
1 0.93671875 0.2050925925925926 0.0484375 0.03796296296296296
1 0.83125 0.2023148148148148 0.04375 0.05277777777777778
1 0.34427083333333336 0.1986111111111111 0.040625 0.0712962962962963
1 0.321875 0.18703703703703703 0.030208333333333334 0.053703703703703705
1 0.6177083333333333 0.18009259259259258 0.03333333333333333 0.03981481481481482
1 0.9885416666666667 0.31527777777777777 0.021875 0.09537037037037037
1 0.3890625 0.10694444444444444 0.027083333333333334 0.03981481481481482
1 0.17057291666666666 0.24722222222222223 0.043229166666666666 0.06111111111111111
1 0.29244791666666664 0.1300925925925926 0.027604166666666666 0.04537037037037037
1 0.40234375 0.19074074074074074 0.0390625 0.05740740740740741
1 0.7986979166666667 0.19490740740740742 0.027604166666666666 0.05462962962962963
1 0.18255208333333334 0.2199074074074074 0.04010416666666667 0.06018518518518518
1 0.5052083333333334 0.18796296296296297 0.04583333333333333 0.07407407407407407
1 0.32057291666666665 0.16574074074074074 0.03802083333333333 0.05925925925925926
1 0.36953125 0.15046296296296297 0.030729166666666665 0.03981481481481482
1 0.36041666666666666 0.08981481481481482 0.03333333333333333 0.040740740740740744
1 0.5041666666666667 0.10555555555555556 0.028125 0.03518518518518519
1 0.5364583333333334 0.1412037037037037 0.03229166666666667 0.03425925925925926
1 0.71171875 0.16111111111111112 0.034895833333333334 0.037037037037037035
1 0.97890625 0.23287037037037037 0.04010416666666667 0.06388888888888888
1 0.6950520833333333 0.18888888888888888 0.0421875 0.053703703703703705
1 0.8143229166666667 0.15185185185185185 0.0296875 0.044444444444444446
1 0.6473958333333333 0.15694444444444444 0.03333333333333333 0.041666666666666664
1 0.39765625 0.16574074074074074 0.03802083333333333 0.05925925925925926
1 0.71484375 0.11435185185185186 0.033854166666666664 0.041666666666666664
1 0.6130208333333333 0.11990740740740741 0.029166666666666667 0.030555555555555555
1 0.26171875 0.09490740740740741 0.0296875 0.03981481481481482
1 0.3263020833333333 0.1087962962962963 0.025520833333333333 0.03796296296296296
1 0.6497395833333334 0.1337962962962963 0.03177083333333333 0.03981481481481482
1 0.17708333333333334 0.14722222222222223 0.036458333333333336 0.025925925925925925
1 0.69453125 0.15092592592592594 0.03177083333333333 0.03148148148148148
1 0.6875 0.11527777777777778 0.030208333333333334 0.03796296296296296
1 0.23854166666666668 0.1527777777777778 0.036458333333333336 0.05740740740740741
1 0.6002604166666666 0.13703703703703704 0.030729166666666665 0.02962962962962963
1 0.33880208333333334 0.075 0.019270833333333334 0.02962962962962963
1 0.21770833333333334 0.08194444444444444 0.027083333333333334 0.028703703703703703
1 0.8299479166666667 0.23287037037037037 0.04010416666666667 0.04537037037037037
1 0.6192708333333333 0.10231481481481482 0.025 0.03611111111111111
1 0.21354166666666666 0.10833333333333334 0.03854166666666667 0.037037037037037035
1 0.5744791666666667 0.0875 0.017708333333333333 0.041666666666666664
1 0.55703125 0.1037037037037037 0.024479166666666666 0.03888888888888889
1 0.30442708333333335 0.1527777777777778 0.028645833333333332 0.05555555555555555
1 0.48828125 0.09490740740740741 0.024479166666666666 0.04351851851851852
1 0.46119791666666665 0.08935185185185185 0.0265625 0.03611111111111111
1 0.43697916666666664 0.09212962962962963 0.023958333333333335 0.026851851851851852
1 0.5963541666666666 0.1648148148148148 0.03333333333333333 0.040740740740740744
1 0.16901041666666666 0.17592592592592593 0.034895833333333334 0.027777777777777776
1 0.18411458333333333 0.17592592592592593 0.030729166666666665 0.040740740740740744
1 0.23385416666666667 0.12916666666666668 0.034375 0.03425925925925926
1 0.16927083333333334 0.2050925925925926 0.036458333333333336 0.049074074074074076
1 0.62265625 0.1486111111111111 0.025520833333333333 0.028703703703703703
1 0.3453125 0.12777777777777777 0.026041666666666668 0.037037037037037035
1 0.53203125 0.09444444444444444 0.024479166666666666 0.04259259259259259
1 0.27630208333333334 0.10925925925925926 0.0328125 0.037037037037037035
1 0.16875 0.08194444444444444 0.029166666666666667 0.026851851851851852
1 0.5546875 0.12222222222222222 0.020833333333333332 0.05
1 0.7880208333333333 0.16111111111111112 0.036458333333333336 0.03333333333333333
1 0.2989583333333333 0.2865740740740741 0.04895833333333333 0.07685185185185185
1 0.005989583333333334 0.5222222222222223 0.011979166666666667 0.1111111111111111
1 0.1671875 0.12361111111111112 0.040625 0.049074074074074076
1 0.9283854166666666 0.2439814814814815 0.0671875 0.0712962962962963