3 0.8296875 0.22962962962962963 0.06145833333333333 0.08888888888888889
2 0.8526041666666667 0.14166666666666666 0.12916666666666668 0.18888888888888888
1 0.8109375 0.5578703703703703 0.11354166666666667 0.14722222222222223
1 0.4979166666666667 0.7361111111111112 0.13333333333333333 0.18333333333333332
1 0.27109375 0.9361111111111111 0.17760416666666667 0.1259259259259259
1 0.415625 0.5763888888888888 0.10416666666666667 0.14722222222222223
1 0.18776041666666668 0.40925925925925927 0.07239583333333334 0.10740740740740741
1 0.6541666666666667 0.412962962962963 0.08229166666666667 0.11481481481481481
1 0.5791666666666667 0.3523148148148148 0.071875 0.09166666666666666
1 0.53828125 0.462037037037037 0.0859375 0.11851851851851852
1 0.5872395833333334 0.5337962962962963 0.09947916666666666 0.1361111111111111
1 0.7020833333333333 0.6342592592592593 0.11979166666666667 0.19814814814814816
1 0.9322916666666666 0.2796296296296296 0.06979166666666667 0.1
1 0.9135416666666667 0.4652777777777778 0.09791666666666667 0.1398148148148148
1 0.017447916666666667 0.4912037037037037 0.034895833333333334 0.11574074074074074
1 0.6442708333333333 0.16620370370370371 0.03854166666666667 0.05277777777777778
1 0.48671875 0.25925925925925924 0.044270833333333336 0.07037037037037037
1 0.4703125 0.36342592592592593 0.07083333333333333 0.11944444444444445
1 0.7161458333333334 0.19814814814814816 0.041666666666666664 0.05555555555555555
1 0.4348958333333333 0.3277777777777778 0.053125 0.08333333333333333
1 0.43125 0.1388888888888889 0.027083333333333334 0.04259259259259259
1 0.7377604166666667 0.16666666666666666 0.04010416666666667 0.053703703703703705
1 0.5375 0.20925925925925926 0.04479166666666667 0.06296296296296296
1 0.4596354166666667 0.15555555555555556 0.0421875 0.06851851851851852
1 0.40859375 0.2851851851851852 0.0578125 0.09259259259259259
1 0.3296875 0.37916666666666665 0.09166666666666666 0.14537037037037037
1 0.40963541666666664 0.20046296296296295 0.03697916666666667 0.05092592592592592
1 0.3921875 0.1685185185185185 0.035416666666666666 0.05740740740740741
1 0.6861979166666666 0.12685185185185185 0.03177083333333333 0.044444444444444446
1 0.34739583333333335 0.21157407407407408 0.04791666666666667 0.06388888888888888
1 0.9895833333333334 0.2375 0.019791666666666666 0.06388888888888888
1 0.44088541666666664 0.21203703703703702 0.04114583333333333 0.05925925925925926
1 0.17708333333333334 0.18981481481481483 0.041666666666666664 0.05925925925925926
1 0.40859375 0.11481481481481481 0.027604166666666666 0.040740740740740744
1 0.5046875 0.18703703703703703 0.040625 0.06481481481481481
1 0.70234375 0.15694444444444444 0.03697916666666667 0.05092592592592592
1 0.3846354166666667 0.2564814814814815 0.0421875 0.08518518518518518
1 0.17630208333333333 0.12731481481481483 0.03802083333333333 0.03796296296296296
1 0.46510416666666665 0.23703703703703705 0.042708333333333334 0.07407407407407407
1 0.2421875 0.15324074074074073 0.03958333333333333 0.041666666666666664
1 0.27317708333333335 0.28888888888888886 0.027604166666666666 0.06481481481481481
1 0.3046875 0.13657407407407407 0.036458333333333336 0.05277777777777778
1 0.64296875 0.13148148148148148 0.033854166666666664 0.05
1 0.35494791666666664 0.0824074074074074 0.024479166666666666 0.027777777777777776
1 0.3098958333333333 0.1648148148148148 0.034375 0.040740740740740744
1 0.7247395833333333 0.10231481481481482 0.03697916666666667 0.028703703703703703
1 0.17604166666666668 0.3421296296296296 0.06458333333333334 0.11203703703703703
1 0.9354166666666667 0.1875 0.04583333333333333 0.058333333333333334
1 0.15546875 0.10092592592592593 0.0265625 0.040740740740740744
1 0.5265625 0.13240740740740742 0.030208333333333334 0.037037037037037035
1 0.23411458333333332 0.11944444444444445 0.0328125 0.05555555555555555
1 0.8544270833333333 0.4078703703703704 0.0953125 0.14351851851851852
1 0.17578125 0.29259259259259257 0.0578125 0.05740740740740741
1 0.5252604166666667 0.10277777777777777 0.024479166666666666 0.025925925925925925
1 0.609375 0.14537037037037037 0.036458333333333336 0.053703703703703705
1 0.28567708333333336 0.12453703703703704 0.021354166666666667 0.03981481481481482
1 0.27890625 0.1162037037037037 0.030729166666666665 0.04351851851851852
1 0.6375 0.09398148148148149 0.025 0.026851851851851852
1 0.27838541666666666 0.175 0.024479166666666666 0.04259259259259259
1 0.3229166666666667 0.30972222222222223 0.07291666666666667 0.08611111111111111
1 0.5908854166666667 0.0962962962962963 0.024479166666666666 0.03888888888888889
1 0.37135416666666665 0.15231481481481482 0.03333333333333333 0.04722222222222222
1 0.59453125 0.07731481481481481 0.021354166666666667 0.03425925925925926
1 0.5776041666666667 0.1287037037037037 0.036458333333333336 0.05925925925925926
1 0.6317708333333333 0.95 0.18958333333333333 0.09814814814814815
1 0.4674479166666667 0.06666666666666667 0.0265625 0.03148148148148148
1 0.27109375 0.23703703703703705 0.04635416666666667 0.08518518518518518
1 0.32838541666666665 0.11712962962962963 0.016145833333333335 0.030555555555555555
1 0.25052083333333336 0.19907407407407407 0.04583333333333333 0.053703703703703705
1 0.5565104166666667 0.1259259259259259 0.019270833333333334 0.05
1 0.55 0.2916666666666667 0.06458333333333334 0.09814814814814815
1 0.5236979166666667 0.27870370370370373 0.04739583333333333 0.08333333333333333
1 0.36380208333333336 0.13425925925925927 0.04114583333333333 0.04259259259259259
1 0.28489583333333335 0.24166666666666667 0.052083333333333336 0.06666666666666667
1 0.17291666666666666 0.08101851851851852 0.023958333333333335 0.023148148148148147
1 0.30364583333333334 0.08796296296296297 0.026041666666666668 0.03888888888888889
1 0.15651041666666668 0.23796296296296296 0.043229166666666666 0.03888888888888889
1 0.40130208333333334 0.06435185185185185 0.0203125 0.025
1 0.47421875 0.10694444444444444 0.0234375 0.030555555555555555
1 0.6268229166666667 0.08935185185185185 0.021354166666666667 0.026851851851851852
1 0.6208333333333333 0.12083333333333333 0.028125 0.03425925925925926
1 0.5010416666666667 0.11527777777777778 0.03333333333333333 0.03611111111111111
1 0.17395833333333333 0.16574074074074074 0.042708333333333334 0.04814814814814815
1 0.16744791666666667 0.2652777777777778 0.0578125 0.06574074074074074
1 0.30494791666666665 0.30092592592592593 0.0546875 0.1