1 0.8450520833333334 0.5643518518518519 0.11614583333333334 0.15462962962962962
1 0.36692708333333335 0.4703703703703704 0.0828125 0.1111111111111111
1 0.5895833333333333 0.5699074074074074 0.12604166666666666 0.18611111111111112
1 0.9359375 0.9337962962962963 0.12708333333333333 0.13055555555555556
1 0.20755208333333333 0.5027777777777778 0.0953125 0.1259259259259259
1 0.31484375 0.950925925925926 0.19114583333333332 0.0962962962962963
1 0.9434895833333333 0.6842592592592592 0.11197916666666667 0.19444444444444445
1 0.5106770833333333 0.42824074074074076 0.07864583333333333 0.11018518518518519
1 0.06510416666666667 0.4356481481481482 0.08645833333333333 0.14166666666666666
1 0.7979166666666667 0.7949074074074074 0.16041666666666668 0.25277777777777777
1 0.4557291666666667 0.2361111111111111 0.04791666666666667 0.06296296296296296
1 0.34609375 0.39351851851851855 0.07239583333333334 0.09814814814814815
1 0.6744791666666666 0.9708333333333333 0.15729166666666666 0.05648148148148148
1 0.5677083333333334 0.3263888888888889 0.06979166666666667 0.09351851851851851
1 0.7166666666666667 0.44583333333333336 0.09895833333333333 0.14537037037037037
1 0.53828125 0.30833333333333335 0.0515625 0.08333333333333333
1 0.31953125 0.36018518518518516 0.06302083333333333 0.09074074074074075
1 0.6171875 0.37175925925925923 0.07083333333333333 0.10462962962962963
1 0.45364583333333336 0.3541666666666667 0.06770833333333333 0.09722222222222222
1 0.6807291666666667 0.30648148148148147 0.06458333333333334 0.1
1 0.8473958333333333 0.16203703703703703 0.0375 0.04814814814814815
1 0.5002604166666667 0.26481481481481484 0.05677083333333333 0.08888888888888889
1 0.8401041666666667 0.21481481481481482 0.04583333333333333 0.06296296296296296
1 0.8807291666666667 0.30833333333333335 0.07083333333333333 0.05740740740740741
1 0.26614583333333336 0.2412037037037037 0.03958333333333333 0.06574074074074074
1 0.5591145833333333 0.2263888888888889 0.0515625 0.0787037037037037
1 0.61796875 0.2759259259259259 0.0578125 0.07592592592592592
1 0.41822916666666665 0.19398148148148148 0.041666666666666664 0.049074074074074076
1 0.7932291666666667 0.25972222222222224 0.0625 0.0712962962962963
1 0.56171875 0.1537037037037037 0.03177083333333333 0.03888888888888889
1 0.17057291666666666 0.23055555555555557 0.0421875 0.05925925925925926
1 0.4986979166666667 0.1865740740740741 0.03697916666666667 0.062037037037037036
1 0.42942708333333335 0.3287037037037037 0.050520833333333334 0.08148148148148149
1 0.35598958333333336 0.23055555555555557 0.03697916666666667 0.06111111111111111
1 0.5247395833333334 0.2064814814814815 0.0421875 0.06851851851851852
1 0.8802083333333334 0.22824074074074074 0.05 0.075
1 0.17994791666666668 0.34074074074074073 0.0703125 0.08888888888888889
1 0.6518229166666667 0.19444444444444445 0.03802083333333333 0.040740740740740744
1 0.6859375 0.21574074074074073 0.042708333333333334 0.046296296296296294
1 0.38723958333333336 0.17453703703703705 0.0390625 0.05462962962962963
1 0.5190104166666667 0.1111111111111111 0.028645833333333332 0.037037037037037035
1 0.8205729166666667 0.15092592592592594 0.030729166666666665 0.04259259259259259
1 0.3484375 0.21388888888888888 0.0375 0.06111111111111111
1 0.3880208333333333 0.2449074074074074 0.04895833333333333 0.08055555555555556
1 0.725 0.1685185185185185 0.03958333333333333 0.053703703703703705
1 0.74375 0.23564814814814813 0.04895833333333333 0.05648148148148148
1 0.48411458333333335 0.1736111111111111 0.04114583333333333 0.06759259259259259
1 0.29921875 0.14305555555555555 0.025520833333333333 0.05092592592592592
1 0.18541666666666667 0.2884259259259259 0.053125 0.062037037037037036
1 0.35182291666666665 0.08425925925925926 0.03177083333333333 0.037037037037037035
1 0.6221354166666667 0.1574074074074074 0.034895833333333334 0.05
1 0.18098958333333334 0.20694444444444443 0.0390625 0.05648148148148148
1 0.38619791666666664 0.1087962962962963 0.027604166666666666 0.03796296296296296
1 0.9809895833333333 0.23194444444444445 0.03697916666666667 0.06574074074074074
1 0.7997395833333333 0.1884259259259259 0.0296875 0.058333333333333334
1 0.2559895833333333 0.19537037037037036 0.049479166666666664 0.07962962962962963
1 0.6348958333333333 0.1287037037037037 0.03229166666666667 0.03518518518518519
1 0.31875 0.10324074074074074 0.022916666666666665 0.03425925925925926
1 0.40859375 0.29305555555555557 0.0578125 0.09351851851851851
1 0.9825520833333333 0.3055555555555556 0.033854166666666664 0.11666666666666667
1 0.6747395833333333 0.16944444444444445 0.0359375 0.04814814814814815
1 0.7083333333333334 0.11435185185185186 0.030208333333333334 0.04722222222222222
1 0.7619791666666667 0.15416666666666667 0.03229166666666667 0.04351851851851852
1 0.7361979166666667 0.11944444444444445 0.033854166666666664 0.044444444444444446
1 0.3625 0.14212962962962963 0.027083333333333334 0.041666666666666664
1 0.78046875 0.20972222222222223 0.04010416666666667 0.032407407407407406
1 0.9380208333333333 0.2884259259259259 0.057291666666666664 0.09351851851851851
1 0.3106770833333333 0.15555555555555556 0.034895833333333334 0.05555555555555555
1 0.35911458333333335 0.125 0.0296875 0.03333333333333333
1 0.23541666666666666 0.15046296296296297 0.035416666666666666 0.03981481481481482
1 0.47161458333333334 0.09212962962962963 0.024479166666666666 0.03611111111111111
1 0.7440104166666667 0.17777777777777778 0.0390625 0.05185185185185185
1 0.37864583333333335 0.09537037037037037 0.026041666666666668 0.03148148148148148
1 0.33958333333333335 0.12083333333333333 0.026041666666666668 0.03796296296296296
1 0.32369791666666664 0.11666666666666667 0.0171875 0.03333333333333333
1 0.8924479166666667 0.25925925925925924 0.050520833333333334 0.05185185185185185
1 0.21901041666666668 0.10416666666666667 0.03177083333333333 0.03796296296296296
1 0.38567708333333334 0.14629629629629629 0.0359375 0.04259259259259259
1 0.29791666666666666 0.30185185185185187 0.05625 0.07962962962962963
1 0.6403645833333333 0.10787037037037037 0.025520833333333333 0.03981481481481482
1 0.14609375 0.125 0.011979166666666667 0.046296296296296294
1 0.44765625 0.09583333333333334 0.025520833333333333 0.025
1 0.17916666666666667 0.15555555555555556 0.034375 0.05555555555555555
1 0.24947916666666667 0.07777777777777778 0.025 0.02962962962962963
1 0.6361979166666667 0.1726851851851852 0.049479166666666664 0.05462962962962963
1 0.3338541666666667 0.07361111111111111 0.017708333333333333 0.026851851851851852
1 0.5684895833333333 0.1300925925925926 0.0328125 0.05462962962962963
1 0.48359375 0.11064814814814815 0.027604166666666666 0.030555555555555555
1 0.23151041666666666 0.12407407407407407 0.034895833333333334 0.027777777777777776
1 0.21276041666666667 0.07685185185185185 0.025520833333333333 0.025925925925925925
1 0.3359375 0.18518518518518517 0.03958333333333333 0.06851851851851852
1 0.6776041666666667 0.1412037037037037 0.034375 0.041666666666666664
1 0.17083333333333334 0.16574074074074074 0.0375 0.03148148148148148
1 0.28880208333333335 0.2652777777777778 0.050520833333333334 0.06944444444444445
1 0.2734375 0.1050925925925926 0.03229166666666667 0.03425925925925926
1 0.196875 0.10416666666666667 0.026041666666666668 0.030555555555555555
1 0.16276041666666666 0.12175925925925926 0.044270833333333336 0.05462962962962963
1 0.2877604166666667 0.12222222222222222 0.024479166666666666 0.040740740740740744
1 0.7369791666666666 0.2050925925925926 0.04479166666666667 0.06388888888888888
1 0.16927083333333334 0.29583333333333334 0.04895833333333333 0.05462962962962963