1 0.95703125 0.6865740740740741 0.08489583333333334 0.19537037037037036
1 0.21614583333333334 0.6 0.11145833333333334 0.15185185185185185
1 0.6783854166666666 0.7083333333333334 0.15364583333333334 0.23333333333333334
1 0.3958333333333333 0.5509259259259259 0.09375 0.1259259259259259
1 0.36432291666666666 0.45092592592592595 0.08072916666666667 0.11296296296296296
1 0.56484375 0.49537037037037035 0.09010416666666667 0.1259259259259259
1 0.5807291666666666 0.3453703703703704 0.06145833333333333 0.09074074074074075
1 0.6135416666666667 0.3685185185185185 0.07708333333333334 0.1037037037037037
1 0.80390625 0.524074074074074 0.1078125 0.17037037037037037
1 0.47421875 0.25601851851851853 0.05364583333333333 0.06759259259259259
1 0.4908854166666667 0.3990740740740741 0.07552083333333333 0.10925925925925926
1 0.5958333333333333 0.25092592592592594 0.053125 0.08518518518518518
1 0.18776041666666668 0.3106481481481482 0.05364583333333333 0.05277777777777778
1 0.45598958333333334 0.3680555555555556 0.05677083333333333 0.09166666666666666
1 0.98046875 0.30787037037037035 0.03802083333333333 0.09537037037037037
1 0.7473958333333334 0.35 0.07291666666666667 0.11296296296296296
1 0.9666666666666667 0.9481481481481482 0.065625 0.10185185185185185
1 0.6763020833333333 0.4217592592592593 0.08072916666666667 0.11944444444444445
1 0.79921875 0.26990740740740743 0.06197916666666667 0.049074074074074076
1 0.34348958333333335 0.4074074074074074 0.08072916666666667 0.10740740740740741
1 0.5291666666666667 0.29259259259259257 0.0625 0.0962962962962963
1 0.66171875 0.3101851851851852 0.0640625 0.08703703703703704
1 0.2734375 0.26157407407407407 0.04375 0.06944444444444445
1 0.18932291666666667 0.37962962962962965 0.07447916666666667 0.1
1 0.4309895833333333 0.21435185185185185 0.044270833333333336 0.062037037037037036
1 0.17005208333333333 0.24953703703703703 0.043229166666666666 0.06388888888888888
1 0.7252604166666666 0.22685185185185186 0.058854166666666666 0.06666666666666667
1 0.35963541666666665 0.2300925925925926 0.04010416666666667 0.06388888888888888
1 0.16145833333333334 0.3490740740740741 0.05520833333333333 0.1037037037037037
1 0.31223958333333335 0.3347222222222222 0.06302083333333333 0.08425925925925926
1 0.5578125 0.22685185185185186 0.046875 0.07592592592592592
1 0.52265625 0.20555555555555555 0.04114583333333333 0.06666666666666667
1 0.4036458333333333 0.1935185185185185 0.03854166666666667 0.05555555555555555
1 0.3684895833333333 0.2513888888888889 0.04010416666666667 0.06759259259259259
1 0.8083333333333333 0.14953703703703702 0.029166666666666667 0.04351851851851852
1 0.72109375 0.14675925925925926 0.030729166666666665 0.04722222222222222
1 0.4002604166666667 0.11666666666666667 0.0296875 0.040740740740740744
1 0.72734375 0.18888888888888888 0.03697916666666667 0.02962962962962963
1 0.30494791666666665 0.15231481481481482 0.027604166666666666 0.05648148148148148
1 0.64296875 0.19398148148148148 0.03802083333333333 0.03981481481481482
1 0.4049479166666667 0.2675925925925926 0.0515625 0.08703703703703704
1 0.3734375 0.1527777777777778 0.027083333333333334 0.04259259259259259
1 0.778125 0.1412037037037037 0.030208333333333334 0.041666666666666664
1 0.69140625 0.20833333333333334 0.04010416666666667 0.044444444444444446
1 0.6127604166666667 0.17731481481481481 0.0328125 0.03796296296296296
1 0.25546875 0.21203703703703702 0.05260416666666667 0.08333333333333333
1 0.43411458333333336 0.325 0.0671875 0.1037037037037037
1 0.321875 0.1875 0.030208333333333334 0.05092592592592592
1 0.18229166666666666 0.22268518518518518 0.03958333333333333 0.058333333333333334
1 0.509375 0.19027777777777777 0.04479166666666667 0.07314814814814814
1 0.85390625 0.25277777777777777 0.05260416666666667 0.08333333333333333
1 0.825 0.19212962962962962 0.040625 0.03796296296296296
1 0.29322916666666665 0.13055555555555556 0.029166666666666667 0.046296296296296294
1 0.3458333333333333 0.12777777777777777 0.027083333333333334 0.03888888888888889
1 0.3640625 0.09074074074074075 0.029166666666666667 0.040740740740740744
1 0.4361979166666667 0.08935185185185185 0.021354166666666667 0.026851851851851852
1 0.71171875 0.11203703703703703 0.0328125 0.040740740740740744
1 0.17083333333333334 0.12361111111111112 0.035416666666666666 0.04351851851851852
1 0.5973958333333333 0.13703703703703704 0.029166666666666667 0.02962962962962963
1 0.9075520833333334 0.26805555555555555 0.0703125 0.10277777777777777
1 0.5013020833333334 0.10555555555555556 0.027604166666666666 0.03333333333333333
1 0.68515625 0.10648148148148148 0.0328125 0.044444444444444446
1 0.2635416666666667 0.09537037037037037 0.03229166666666667 0.040740740740740744
1 0.5911458333333334 0.16342592592592592 0.03333333333333333 0.03611111111111111
1 0.9671875 0.23055555555555557 0.03958333333333333 0.06296296296296296
1 0.30416666666666664 0.2902777777777778 0.05625 0.0787037037037037
1 0.21822916666666667 0.08148148148148149 0.026041666666666668 0.027777777777777776
1 0.39140625 0.10787037037037037 0.025520833333333333 0.03981481481481482
1 0.32734375 0.10972222222222222 0.025520833333333333 0.03796296296296296
1 0.3997395833333333 0.16666666666666666 0.0390625 0.06111111111111111
1 0.4583333333333333 0.08703703703703704 0.025 0.03518518518518519
1 0.3455729166666667 0.2 0.04114583333333333 0.07037037037037037
1 0.23880208333333333 0.1537037037037037 0.03697916666666667 0.05925925925925926
1 0.61875 0.14583333333333334 0.023958333333333335 0.028703703703703703
1 0.5328125 0.1398148148148148 0.03333333333333333 0.03148148148148148
1 0.6421875 0.15925925925925927 0.03333333333333333 0.05
1 0.23359375 0.12916666666666668 0.033854166666666664 0.03611111111111111
1 0.5713541666666667 0.08611111111111111 0.01875 0.04259259259259259
1 0.7958333333333333 0.20277777777777778 0.019791666666666666 0.04814814814814815
1 0.9296875 0.20046296296296295 0.04375 0.032407407407407406
1 0.7057291666666666 0.15833333333333333 0.035416666666666666 0.03888888888888889
1 0.33984375 0.0763888888888889 0.019270833333333334 0.030555555555555555
1 0.5549479166666667 0.10277777777777777 0.021354166666666667 0.040740740740740744
1 0.8205729166666667 0.23287037037037037 0.0390625 0.05277777777777778
1 0.5296875 0.09305555555555556 0.025 0.04351851851851852
1 0.48515625 0.09583333333333334 0.025520833333333333 0.04351851851851852
1 0.16822916666666668 0.1962962962962963 0.0375 0.06481481481481481
1 0.21458333333333332 0.1087962962962963 0.03854166666666667 0.03796296296296296
1 0.64609375 0.1361111111111111 0.030729166666666665 0.046296296296296294
1 0.61015625 0.11805555555555555 0.0296875 0.030555555555555555
1 0.6885416666666667 0.18611111111111112 0.041666666666666664 0.053703703703703705
1 0.178125 0.16712962962962963 0.041666666666666664 0.06018518518518518
1 0.9166666666666666 0.23472222222222222 0.065625 0.058333333333333334
1 0.2578125 0.17407407407407408 0.053125 0.053703703703703705
1 0.6145833333333334 0.1037037037037037 0.030208333333333334 0.03888888888888889
1 0.9885416666666667 0.2337962962962963 0.021875 0.05648148148148148