3 0.8510416666666667 0.2388888888888889 0.0625 0.09259259259259259
2 0.8651041666666667 0.14814814814814814 0.12395833333333334 0.1962962962962963
1 0.4752604166666667 0.6944444444444444 0.12552083333333333 0.17407407407407408
1 0.77890625 0.5337962962962963 0.1078125 0.13796296296296295
1 0.2557291666666667 0.9013888888888889 0.16458333333333333 0.19537037037037036
1 0.5848958333333333 0.913425925925926 0.17916666666666667 0.1712962962962963
1 0.40260416666666665 0.5504629629629629 0.09791666666666667 0.1398148148148148
1 0.18723958333333332 0.39490740740740743 0.07135416666666666 0.10462962962962963
1 0.6369791666666667 0.39814814814814814 0.07916666666666666 0.10925925925925926
1 0.6692708333333334 0.6023148148148149 0.11354166666666667 0.18981481481481483
1 0.5671875 0.5092592592592593 0.09583333333333334 0.12962962962962962
1 0.5651041666666666 0.3421296296296296 0.06979166666666667 0.08981481481481482
1 0.03125 0.4722222222222222 0.0625 0.10925925925925926
1 0.9505208333333334 0.1935185185185185 0.04583333333333333 0.05740740740740741
1 0.7309895833333333 0.20601851851851852 0.044270833333333336 0.05648148148148148
1 0.8799479166666667 0.44583333333333336 0.0953125 0.13425925925925927
1 0.65546875 0.1736111111111111 0.0390625 0.05277777777777778
1 0.9591145833333333 0.29305555555555557 0.07239583333333334 0.10648148148148148
1 0.478125 0.2537037037037037 0.04375 0.06851851851851852
1 0.9536458333333333 0.9166666666666666 0.09166666666666666 0.1648148148148148
1 0.4278645833333333 0.32037037037037036 0.0515625 0.08148148148148149
1 0.5223958333333333 0.44166666666666665 0.08229166666666667 0.1111111111111111
1 0.32473958333333336 0.3680555555555556 0.0890625 0.1398148148148148
1 0.5278645833333333 0.2037037037037037 0.043229166666666666 0.05925925925925926
1 0.34140625 0.20462962962962963 0.044270833333333336 0.06481481481481481
1 0.7486979166666666 0.1726851851851852 0.04010416666666667 0.05462962962962963
1 0.42630208333333336 0.13703703703703704 0.025520833333333333 0.04259259259259259
1 0.46119791666666665 0.3509259259259259 0.06822916666666666 0.11666666666666667
1 0.40182291666666664 0.2791666666666667 0.059895833333333336 0.08981481481481482
1 0.40572916666666664 0.19583333333333333 0.036458333333333336 0.05092592592592592
1 0.43515625 0.2101851851851852 0.04010416666666667 0.06111111111111111
1 0.6934895833333333 0.13148148148148148 0.030729166666666665 0.044444444444444446
1 0.7114583333333333 0.1638888888888889 0.03854166666666667 0.05185185185185185
1 0.1765625 0.18703703703703703 0.040625 0.05925925925925926
1 0.3880208333333333 0.16620370370370371 0.034375 0.05648148148148148
1 0.37890625 0.2518518518518518 0.0421875 0.08148148148148149
1 0.6177083333333333 0.15324074074074073 0.035416666666666666 0.05277777777777778
1 0.40390625 0.11481481481481481 0.0265625 0.03888888888888889
1 0.45390625 0.15324074074074073 0.04114583333333333 0.06574074074074074
1 0.4583333333333333 0.23287037037037037 0.040625 0.07314814814814814
1 0.496875 0.18194444444444444 0.03958333333333333 0.06018518518518518
1 0.26796875 0.23287037037037037 0.0453125 0.0824074074074074
1 0.65234375 0.13657407407407407 0.033854166666666664 0.05092592592592592
1 0.1546875 0.10185185185185185 0.026041666666666668 0.04259259259259259
1 0.58515625 0.13425925925925927 0.03697916666666667 0.05925925925925926
1 0.23307291666666666 0.11944444444444445 0.0328125 0.053703703703703705
1 0.36666666666666664 0.15046296296296297 0.03125 0.04537037037037037
1 0.17473958333333334 0.12638888888888888 0.03697916666666667 0.03981481481481482
1 0.7338541666666667 0.10555555555555556 0.035416666666666666 0.027777777777777776
1 0.27447916666666666 0.1699074074074074 0.026041666666666668 0.04537037037037037
1 0.303125 0.14629629629629629 0.0375 0.07407407407407407
1 0.6278645833333333 0.125 0.030729166666666665 0.03518518518518519
1 0.29921875 0.29259259259259257 0.05260416666666667 0.0962962962962963
1 0.8268229166666666 0.39166666666666666 0.0921875 0.14074074074074075
1 0.5625 0.1300925925925926 0.01875 0.05092592592592592
1 0.25546875 0.07361111111111111 0.0234375 0.025
1 0.5661458333333333 0.08888888888888889 0.022916666666666665 0.03148148148148148
1 0.3541666666666667 0.08518518518518518 0.023958333333333335 0.03333333333333333
1 0.26875 0.28379629629629627 0.022916666666666665 0.062037037037037036
1 0.23932291666666666 0.15 0.03802083333333333 0.03888888888888889
1 0.2830729166666667 0.12314814814814815 0.019270833333333334 0.040740740740740744
1 0.5065104166666666 0.11990740740740741 0.034895833333333334 0.03796296296296296
1 0.16875 0.2865740740740741 0.05416666666666667 0.05648148148148148
1 0.6432291666666666 0.09907407407407408 0.027083333333333334 0.025925925925925925
1 0.24401041666666667 0.18611111111111112 0.0453125 0.07407407407407407
1 0.17317708333333334 0.16527777777777777 0.043229166666666666 0.05092592592592592
1 0.5520833333333334 0.10092592592592593 0.01875 0.03333333333333333
1 0.47734375 0.08425925925925926 0.021354166666666667 0.018518518518518517
1 0.46953125 0.0699074074074074 0.022395833333333334 0.032407407407407406
1 0.28151041666666665 0.23935185185185184 0.0515625 0.06944444444444445
1 0.7330729166666666 0.13796296296296295 0.050520833333333334 0.04259259259259259
1 0.5140625 0.27361111111111114 0.04583333333333333 0.08055555555555556
1 0.4479166666666667 0.0763888888888889 0.020833333333333332 0.03796296296296296
1 0.1796875 0.3333333333333333 0.06458333333333334 0.10555555555555556
1 0.40182291666666664 0.06666666666666667 0.021354166666666667 0.025925925925925925
1 0.32135416666666666 0.3 0.06666666666666667 0.07777777777777778
1 0.48046875 0.10648148148148148 0.021354166666666667 0.025925925925925925
1 0.5388020833333333 0.28425925925925927 0.06197916666666667 0.0962962962962963
1 0.9958333333333333 0.5703703703703704 0.007291666666666667 0.12407407407407407
1 0.15572916666666667 0.2537037037037037 0.04583333333333333 0.07962962962962963