2 0.8736979166666666 0.14629629629629629 0.0734375 0.15925925925925927
2 0.89140625 0.5537037037037037 0.16510416666666666 0.3111111111111111
1 0.18880208333333334 0.7652777777777777 0.1359375 0.16203703703703703
1 0.7299479166666667 0.48009259259259257 0.09427083333333333 0.1175925925925926
1 0.2643229166666667 0.887962962962963 0.14635416666666667 0.1962962962962963
1 0.634375 0.600925925925926 0.11666666666666667 0.15555555555555556
1 0.7130208333333333 0.3574074074074074 0.07083333333333333 0.0962962962962963
1 0.7919270833333333 0.5583333333333333 0.05364583333333333 0.14074074074074075
1 0.55 0.325 0.065625 0.08703703703703704
1 0.909375 0.2865740740740741 0.06458333333333334 0.07685185185185185
1 0.4322916666666667 0.6162037037037037 0.1125 0.1527777777777778
1 0.6205729166666667 0.3800925925925926 0.07135416666666666 0.10092592592592593
1 0.5989583333333334 0.5259259259259259 0.09166666666666666 0.13333333333333333
1 0.19140625 0.32731481481481484 0.059895833333333336 0.0824074074074074
1 0.32421875 0.3731481481481482 0.0703125 0.09259259259259259
1 0.6713541666666667 0.3087962962962963 0.065625 0.09537037037037037
1 0.8341145833333333 0.2833333333333333 0.06302083333333333 0.06851851851851852
1 0.34296875 0.33101851851851855 0.06510416666666667 0.08425925925925926
1 0.4979166666666667 0.28194444444444444 0.04791666666666667 0.07685185185185185
1 0.396875 0.2740740740740741 0.06145833333333333 0.09259259259259259
1 0.2791666666666667 0.2537037037037037 0.04583333333333333 0.06296296296296296
1 0.4825520833333333 0.17777777777777778 0.0390625 0.06111111111111111
1 0.5755208333333334 0.16064814814814815 0.03333333333333333 0.03981481481481482
1 0.5231770833333333 0.29907407407407405 0.05260416666666667 0.08703703703703704
1 0.43020833333333336 0.33194444444444443 0.0625 0.10648148148148148
1 0.9763020833333333 0.37083333333333335 0.04635416666666667 0.09351851851851851
1 0.6236979166666666 0.18564814814814815 0.0421875 0.041666666666666664
1 0.4473958333333333 0.3662037037037037 0.06145833333333333 0.10092592592592593
1 0.6692708333333334 0.17777777777777778 0.03958333333333333 0.05
1 0.19244791666666666 0.2611111111111111 0.04739583333333333 0.07407407407407407
1 0.20052083333333334 0.5175925925925926 0.10208333333333333 0.16666666666666666
1 0.41901041666666666 0.19583333333333333 0.04635416666666667 0.06388888888888888
1 0.5596354166666667 0.13055555555555556 0.028645833333333332 0.04259259259259259
1 0.7526041666666666 0.2125 0.04791666666666667 0.075
1 0.36770833333333336 0.23981481481481481 0.040625 0.06666666666666667
1 0.42682291666666666 0.1388888888888889 0.033854166666666664 0.04814814814814815
1 0.6005208333333333 0.1162037037037037 0.036458333333333336 0.05277777777777778
1 0.25755208333333335 0.19444444444444445 0.04635416666666667 0.05555555555555555
1 0.38697916666666665 0.16805555555555557 0.03958333333333333 0.058333333333333334
1 0.4549479166666667 0.1625 0.030729166666666665 0.04722222222222222
1 0.24609375 0.16064814814814815 0.03697916666666667 0.049074074074074076
1 0.7270833333333333 0.16944444444444445 0.03854166666666667 0.06111111111111111
1 0.4388020833333333 0.21805555555555556 0.03802083333333333 0.06388888888888888
1 0.5213541666666667 0.11157407407407408 0.027083333333333334 0.04351851851851852
1 0.9752604166666666 0.25601851851851853 0.0484375 0.08981481481481482
1 0.4744791666666667 0.4074074074074074 0.09166666666666666 0.14444444444444443
1 0.35234375 0.13287037037037036 0.030729166666666665 0.03981481481481482
1 0.33828125 0.07546296296296297 0.0234375 0.030555555555555555
1 0.275 0.1125 0.029166666666666667 0.04537037037037037
1 0.9169270833333333 0.17685185185185184 0.022395833333333334 0.06666666666666667
1 0.8661458333333333 0.25277777777777777 0.04895833333333333 0.06851851851851852
1 0.3671875 0.1550925925925926 0.030208333333333334 0.04351851851851852
1 0.23255208333333333 0.13935185185185187 0.0359375 0.058333333333333334
1 0.31015625 0.16111111111111112 0.0359375 0.05925925925925926
1 0.49375 0.10324074074074074 0.026041666666666668 0.03425925925925926
1 0.41432291666666665 0.1300925925925926 0.03177083333333333 0.05092592592592592
1 0.83125 0.1597222222222222 0.017708333333333333 0.05648148148148148
1 0.4744791666666667 0.09166666666666666 0.029166666666666667 0.04259259259259259
1 0.3546875 0.21388888888888888 0.040625 0.06481481481481481
1 0.21432291666666667 0.6125 0.10364583333333334 0.15833333333333333
1 0.39869791666666665 0.11296296296296296 0.0296875 0.05
1 0.33489583333333334 0.12268518518518519 0.025 0.03611111111111111
1 0.4479166666666667 0.07962962962962963 0.027083333333333334 0.040740740740740744
1 0.33307291666666666 0.1884259259259259 0.03802083333333333 0.06759259259259259
1 0.6611979166666667 0.1398148148148148 0.027604166666666666 0.027777777777777776
1 0.16666666666666666 0.09074074074074075 0.029166666666666667 0.03148148148148148
1 0.7 0.15046296296296297 0.035416666666666666 0.058333333333333334
1 0.5583333333333333 0.0712962962962963 0.026041666666666668 0.025925925925925925
1 0.17213541666666668 0.1597222222222222 0.034895833333333334 0.04351851851851852
1 0.66328125 0.11388888888888889 0.024479166666666666 0.02962962962962963
1 0.5736979166666667 0.10416666666666667 0.027604166666666666 0.041666666666666664
1 0.6497395833333334 0.1087962962962963 0.025520833333333333 0.03796296296296296
1 0.30234375 0.15092592592592594 0.0296875 0.05555555555555555
1 0.33932291666666664 0.20833333333333334 0.024479166666666666 0.05555555555555555
1 0.2721354166666667 0.22962962962962963 0.04739583333333333 0.05925925925925926
1 0.8247395833333333 0.1476851851851852 0.0296875 0.06018518518518518
1 0.46171875 0.23657407407407408 0.049479166666666664 0.0824074074074074
1 0.21276041666666667 0.11388888888888889 0.028645833333333332 0.040740740740740744
1 0.53125 0.08564814814814815 0.026041666666666668 0.025
1 0.29244791666666664 0.12546296296296297 0.03177083333333333 0.041666666666666664
1 0.6294270833333333 0.1449074074074074 0.033854166666666664 0.04537037037037037
1 0.4010416666666667 0.06666666666666667 0.021875 0.020370370370370372
1 0.5958333333333333 0.08703703703703704 0.021875 0.018518518518518517
1 0.16927083333333334 0.1388888888888889 0.03229166666666667 0.03333333333333333
1 0.7190104166666667 0.11898148148148148 0.0171875 0.03611111111111111
1 0.5549479166666667 0.09027777777777778 0.021354166666666667 0.032407407407407406
1 0.17890625 0.18472222222222223 0.044270833333333336 0.03425925925925926
1 0.17734375 0.20185185185185187 0.0484375 0.06666666666666667
1 0.3893229166666667 0.5259259259259259 0.12447916666666667 0.1814814814814815
1 0.6466145833333333 0.16296296296296298 0.030729166666666665 0.044444444444444446
1 0.32578125 0.10972222222222222 0.0296875 0.03981481481481482
1 0.18255208333333334 0.23425925925925925 0.04739583333333333 0.08148148148148149
1 0.8489583333333334 0.21712962962962962 0.05 0.06388888888888888
1 0.9908854166666666 0.300462962962963 0.0171875 0.05092592592592592