2 0.97890625 0.17777777777777778 0.04114583333333333 0.18333333333333332
2 0.83125 0.14305555555555555 0.06875 0.1398148148148148
2 0.6950520833333333 0.3875 0.11614583333333334 0.2212962962962963
2 0.76640625 0.08842592592592592 0.05572916666666667 0.08796296296296297
1 0.7270833333333333 0.7050925925925926 0.128125 0.1638888888888889
1 0.5979166666666667 0.35694444444444445 0.07083333333333333 0.09166666666666666
1 0.8109375 0.8560185185185185 0.15208333333333332 0.21203703703703702
1 0.20989583333333334 0.5995370370370371 0.09895833333333333 0.13425925925925927
1 0.3651041666666667 0.44027777777777777 0.08229166666666667 0.11203703703703703
1 0.5041666666666667 0.42685185185185187 0.07708333333333334 0.11481481481481481
1 0.18984375 0.5351851851851852 0.0953125 0.11666666666666667
1 0.28541666666666665 0.29814814814814816 0.057291666666666664 0.07407407407407407
1 0.6091145833333333 0.27685185185185185 0.05364583333333333 0.07407407407407407
1 0.6484375 0.1962962962962963 0.046875 0.040740740740740744
1 0.8096354166666667 0.537962962962963 0.12239583333333333 0.20185185185185187
1 0.6231770833333333 0.4023148148148148 0.043229166666666666 0.10277777777777777
1 0.52109375 0.2967592592592593 0.05572916666666667 0.07685185185185185
1 0.49270833333333336 0.7532407407407408 0.14166666666666666 0.225
1 0.19140625 0.26805555555555555 0.049479166666666664 0.07314814814814814
1 0.7364583333333333 0.23564814814814813 0.04583333333333333 0.058333333333333334
1 0.6114583333333333 0.15555555555555556 0.035416666666666666 0.04814814814814815
1 0.265625 0.2152777777777778 0.03958333333333333 0.05462962962962963
1 0.43046875 0.6620370370370371 0.1078125 0.16296296296296298
1 0.48802083333333335 0.2625 0.05625 0.0712962962962963
1 0.5778645833333333 0.24861111111111112 0.05572916666666667 0.08055555555555556
1 0.3578125 0.22916666666666666 0.051041666666666666 0.07685185185185185
1 0.3450520833333333 0.38425925925925924 0.0859375 0.13703703703703704
1 0.8697916666666666 0.25972222222222224 0.059375 0.09351851851851851
1 0.428125 0.3148148148148148 0.06770833333333333 0.11481481481481481
1 0.4903645833333333 0.38333333333333336 0.06614583333333333 0.10185185185185185
1 0.18515625 0.44537037037037036 0.0734375 0.1111111111111111
1 0.8239583333333333 0.2050925925925926 0.04583333333333333 0.075
1 0.6822916666666666 0.13055555555555556 0.019791666666666666 0.03888888888888889
1 0.915625 0.18101851851851852 0.03958333333333333 0.06574074074074074
1 0.4557291666666667 0.2361111111111111 0.04895833333333333 0.06666666666666667
1 0.3919270833333333 0.1685185185185185 0.0390625 0.05555555555555555
1 0.4778645833333333 0.09722222222222222 0.022395833333333334 0.03333333333333333
1 0.5953125 0.14583333333333334 0.03333333333333333 0.049074074074074076
1 0.25885416666666666 0.19305555555555556 0.042708333333333334 0.04537037037037037
1 0.3671875 0.2662037037037037 0.035416666666666666 0.06944444444444445
1 0.35885416666666664 0.14629629629629629 0.0375 0.05
1 0.41875 0.07083333333333333 0.019791666666666666 0.026851851851851852
1 0.5604166666666667 0.1300925925925926 0.03125 0.04722222222222222
1 0.5239583333333333 0.11944444444444445 0.021875 0.03333333333333333
1 0.428125 0.20972222222222223 0.03958333333333333 0.04351851851851852
1 0.24739583333333334 0.16898148148148148 0.0375 0.05092592592592592
1 0.403125 0.1875 0.03125 0.05648148148148148
1 0.29401041666666666 0.1398148148148148 0.0328125 0.05185185185185185
1 0.2630208333333333 0.10046296296296296 0.025 0.03796296296296296
1 0.8958333333333334 0.1699074074074074 0.03854166666666667 0.06759259259259259
1 0.18723958333333332 0.22314814814814815 0.04114583333333333 0.06666666666666667
1 0.5010416666666667 0.10324074074074074 0.030208333333333334 0.04722222222222222
1 0.94375 0.1865740740740741 0.03854166666666667 0.075
1 0.7252604166666666 0.2023148148148148 0.0453125 0.062037037037037036
1 0.32838541666666665 0.11805555555555555 0.034895833333333334 0.03425925925925926
1 0.33489583333333334 0.18472222222222223 0.036458333333333336 0.05462962962962963
1 0.3184895833333333 0.16296296296296298 0.033854166666666664 0.05925925925925926
1 0.39869791666666665 0.2953703703703704 0.0484375 0.08148148148148149
1 0.5875 0.13194444444444445 0.03333333333333333 0.06018518518518518
1 0.4596354166666667 0.08611111111111111 0.0203125 0.03518518518518519
1 0.61640625 0.11898148148148148 0.03177083333333333 0.04722222222222222
1 0.546875 0.06574074074074074 0.022916666666666665 0.03148148148148148
1 0.22708333333333333 0.12268518518518519 0.03333333333333333 0.05277777777777778
1 0.6528645833333333 0.13518518518518519 0.0421875 0.06111111111111111
1 0.8002604166666667 0.18472222222222223 0.028645833333333332 0.06574074074074074
1 0.16848958333333333 0.08333333333333333 0.0265625 0.027777777777777776
1 0.7171875 0.13472222222222222 0.03125 0.03425925925925926
1 0.27682291666666664 0.11435185185185186 0.028645833333333332 0.04537037037037037
1 0.37447916666666664 0.1 0.026041666666666668 0.046296296296296294
1 0.18020833333333333 0.20694444444444443 0.03958333333333333 0.05277777777777778
1 0.9815104166666667 0.26805555555555555 0.0359375 0.0787037037037037
1 0.596875 0.09537037037037037 0.020833333333333332 0.022222222222222223
1 0.42291666666666666 0.13657407407407407 0.026041666666666668 0.03796296296296296
1 0.73359375 0.14074074074074075 0.0265625 0.027777777777777776
1 0.3263020833333333 0.07037037037037037 0.019270833333333334 0.020370370370370372
1 0.7619791666666667 0.15138888888888888 0.036458333333333336 0.05462962962962963
1 0.4005208333333333 0.11898148148148148 0.029166666666666667 0.03981481481481482
1 0.44296875 0.07731481481481481 0.019270833333333334 0.03425925925925926
1 0.5872395833333334 0.07962962962962963 0.028645833333333332 0.025925925925925925
1 0.1875 0.38472222222222224 0.078125 0.125
1 0.63828125 0.10462962962962963 0.0234375 0.03333333333333333
1 0.1671875 0.1449074074074074 0.03333333333333333 0.041666666666666664
1 0.76015625 0.21481481481481482 0.027604166666666666 0.05185185185185185
1 0.7067708333333333 0.18703703703703703 0.042708333333333334 0.07037037037037037
1 0.23854166666666668 0.14351851851851852 0.034375 0.03888888888888889
1 0.44114583333333335 0.14953703703703702 0.03333333333333333 0.05277777777777778
1 0.38619791666666664 0.2657407407407407 0.0734375 0.07222222222222222
1 0.33645833333333336 0.20555555555555555 0.03125 0.05185185185185185
1 0.99140625 0.32592592592592595 0.016145833333333335 0.09074074074074075