2 0.8046875 0.13055555555555556 0.071875 0.14444444444444443
1 0.8752604166666667 0.6208333333333333 0.1234375 0.14907407407407408
1 0.8380208333333333 0.4375 0.08645833333333333 0.1175925925925926
1 0.9721354166666667 0.7416666666666667 0.0546875 0.18518518518518517
1 0.5385416666666667 0.8328703703703704 0.15208333333333332 0.20833333333333334
1 0.7184895833333333 0.4699074074074074 0.09010416666666667 0.12314814814814815
1 0.8114583333333333 0.8175925925925925 0.15729166666666666 0.20925925925925926
1 0.7283854166666667 0.6967592592592593 0.12135416666666667 0.17685185185185184
1 0.23723958333333334 0.8138888888888889 0.1390625 0.2074074074074074
1 0.16744791666666667 0.3768518518518518 0.06927083333333334 0.10925925925925926
1 0.85625 0.29398148148148145 0.06458333333333334 0.062037037037037036
1 0.7291666666666666 0.23425925925925925 0.051041666666666666 0.05
1 0.5416666666666666 0.32407407407407407 0.057291666666666664 0.09074074074074075
1 0.42604166666666665 0.3162037037037037 0.07083333333333333 0.10648148148148148
1 0.34036458333333336 0.40324074074074073 0.08177083333333333 0.10277777777777777
1 0.35651041666666666 0.44814814814814813 0.08177083333333333 0.1111111111111111
1 0.2752604166666667 0.9694444444444444 0.1515625 0.05925925925925926
1 0.9205729166666666 0.3236111111111111 0.06302083333333333 0.075
1 0.39010416666666664 0.2726851851851852 0.046875 0.07314814814814814
1 0.6169270833333333 0.3861111111111111 0.07864583333333333 0.1
1 0.58046875 0.350462962962963 0.07135416666666666 0.10092592592592593
1 0.47760416666666666 0.38935185185185184 0.071875 0.12314814814814815
1 0.5552083333333333 0.5064814814814815 0.115625 0.1814814814814815
1 0.1984375 0.29768518518518516 0.052083333333333336 0.07685185185185185
1 0.5 0.2726851851851852 0.057291666666666664 0.09166666666666666
1 0.9817708333333334 0.3763888888888889 0.035416666666666666 0.08796296296296297
1 0.459375 0.6925925925925925 0.16458333333333333 0.23703703703703705
1 0.45026041666666666 0.15694444444444444 0.03802083333333333 0.058333333333333334
1 0.48776041666666664 0.1837962962962963 0.0328125 0.049074074074074076
1 0.6963541666666667 0.1875 0.04375 0.06944444444444445
1 0.9578125 0.2953703703703704 0.06354166666666666 0.08518518518518518
1 0.5794270833333334 0.16342592592592592 0.034895833333333334 0.03981481481481482
1 0.6197916666666666 0.1574074074074074 0.036458333333333336 0.044444444444444446
1 0.36692708333333335 0.2388888888888889 0.0484375 0.07222222222222222
1 0.51953125 0.2013888888888889 0.043229166666666666 0.06759259259259259
1 0.3846354166666667 0.17314814814814813 0.033854166666666664 0.046296296296296294
1 0.5088541666666667 0.43657407407407406 0.08645833333333333 0.11574074074074074
1 0.7796875 0.37083333333333335 0.07604166666666666 0.11388888888888889
1 0.4713541666666667 0.2449074074074074 0.042708333333333334 0.0712962962962963
1 0.20598958333333334 0.12222222222222222 0.027604166666666666 0.04259259259259259
1 0.2830729166666667 0.2601851851851852 0.04739583333333333 0.06481481481481481
1 0.8546875 0.1597222222222222 0.0375 0.058333333333333334
1 0.31171875 0.16574074074074074 0.0328125 0.05740740740740741
1 0.9875 0.22546296296296298 0.023958333333333335 0.05277777777777778
1 0.36640625 0.1476851851851852 0.033854166666666664 0.04537037037037037
1 0.29453125 0.28888888888888886 0.050520833333333334 0.07037037037037037
1 0.4583333333333333 0.08425925925925926 0.027083333333333334 0.040740740740740744
1 0.8921875 0.2601851851851852 0.05520833333333333 0.07037037037037037
1 0.34869791666666666 0.2074074074074074 0.0421875 0.06851851851851852
1 0.8229166666666666 0.24537037037037038 0.05520833333333333 0.06666666666666667
1 0.32708333333333334 0.17916666666666667 0.036458333333333336 0.062037037037037036
1 0.17109375 0.175 0.0359375 0.046296296296296294
1 0.44479166666666664 0.22083333333333333 0.04895833333333333 0.06759259259259259
1 0.3463541666666667 0.13194444444444445 0.03125 0.03796296296296296
1 0.2638020833333333 0.21435185185185185 0.049479166666666664 0.06018518518518518
1 0.25338541666666664 0.17731481481481481 0.03697916666666667 0.05462962962962963
1 0.6763020833333333 0.15092592592592594 0.03697916666666667 0.05555555555555555
1 0.6200520833333333 0.12546296296296297 0.025520833333333333 0.028703703703703703
1 0.20703125 0.6717592592592593 0.11927083333333334 0.2175925925925926
1 0.55234375 0.09768518518518518 0.015104166666666667 0.03796296296296296
1 0.47578125 0.09490740740740741 0.024479166666666666 0.032407407407407406
1 0.4158854166666667 0.19027777777777777 0.04010416666666667 0.06759259259259259
1 0.41640625 0.13240740740740742 0.030729166666666665 0.04259259259259259
1 0.42473958333333334 0.21435185185185185 0.0234375 0.05648148148148148
1 0.6033854166666667 0.10231481481481482 0.022395833333333334 0.030555555555555555
1 0.65 0.13564814814814816 0.03229166666666667 0.05648148148148148
1 0.43515625 0.13796296296296295 0.0296875 0.040740740740740744
1 0.5403645833333334 0.06759259259259259 0.025520833333333333 0.02962962962962963
1 0.16979166666666667 0.1337962962962963 0.03333333333333333 0.03611111111111111
1 0.2825520833333333 0.12175925925925926 0.030729166666666665 0.04537037037037037
1 0.525 0.13472222222222222 0.021875 0.026851851851851852
1 0.18645833333333334 0.24444444444444444 0.053125 0.053703703703703705
1 0.18515625 0.08055555555555556 0.011979166666666667 0.022222222222222223
1 0.2721354166666667 0.24351851851851852 0.0421875 0.06481481481481481
1 0.29973958333333334 0.1412037037037037 0.0328125 0.05462962962962963
1 0.58671875 0.12638888888888888 0.027604166666666666 0.03425925925925926
1 0.33307291666666666 0.11574074074074074 0.0328125 0.03888888888888889
1 0.3515625 0.0837962962962963 0.021875 0.030555555555555555
1 0.7747395833333334 0.19212962962962962 0.044270833333333336 0.05648148148148148
1 0.16640625 0.10046296296296296 0.033854166666666664 0.03981481481481482
1 0.6565104166666667 0.09537037037037037 0.021354166666666667 0.025925925925925925
1 0.6020833333333333 0.1412037037037037 0.028125 0.041666666666666664
1 0.23385416666666667 0.15138888888888888 0.0375 0.06388888888888888
1 0.9390625 0.24305555555555555 0.052083333333333336 0.06759259259259259
1 0.17526041666666667 0.22268518518518518 0.0484375 0.07314814814814814
1 0.19166666666666668 0.27546296296296297 0.04895833333333333 0.06944444444444445
1 0.7830729166666667 0.22592592592592592 0.04635416666666667 0.06666666666666667
1 0.8700520833333333 0.2212962962962963 0.05260416666666667 0.07407407407407407
1 0.98984375 0.26944444444444443 0.019270833333333334 0.07222222222222222