1 0.7822916666666667 0.7689814814814815 0.14166666666666666 0.19722222222222222
1 0.4395833333333333 0.6578703703703703 0.11770833333333333 0.15833333333333333
1 0.3502604166666667 0.4393518518518518 0.0796875 0.11018518518518519
1 0.20572916666666666 0.5125 0.10416666666666667 0.1361111111111111
1 0.6080729166666666 0.5578703703703703 0.1015625 0.15092592592592594
1 0.7177083333333333 0.46574074074074073 0.08125 0.11666666666666667
1 0.1875 0.42453703703703705 0.08125 0.10462962962962963
1 0.8513020833333333 0.5962962962962963 0.11614583333333334 0.1685185185185185
1 0.7619791666666667 0.5050925925925925 0.10833333333333334 0.1398148148148148
1 0.41796875 0.5740740740740741 0.11197916666666667 0.14444444444444443
1 0.5393229166666667 0.31805555555555554 0.06510416666666667 0.0824074074074074
1 0.7078125 0.324537037037037 0.071875 0.11018518518518519
1 0.6268229166666667 0.3731481481481482 0.08072916666666667 0.12407407407407407
1 0.596875 0.25925925925925924 0.05416666666666667 0.08333333333333333
1 0.3106770833333333 0.3236111111111111 0.059895833333333336 0.08425925925925926
1 0.825 0.4199074074074074 0.08645833333333333 0.11203703703703703
1 0.5486979166666667 0.49953703703703706 0.09114583333333333 0.12314814814814815
1 0.41302083333333334 0.3106481481481482 0.04895833333333333 0.0824074074074074
1 0.4830729166666667 0.2574074074074074 0.05364583333333333 0.07037037037037037
1 0.4453125 0.23055555555555557 0.04791666666666667 0.06481481481481481
1 0.8809895833333333 0.26851851851851855 0.058854166666666666 0.07592592592592592
1 0.3171875 0.9574074074074074 0.165625 0.08333333333333333
1 0.18307291666666667 0.29953703703703705 0.0546875 0.0787037037037037
1 0.023958333333333335 0.4675925925925926 0.04791666666666667 0.12962962962962962
1 0.9598958333333333 0.5078703703703704 0.07916666666666666 0.16018518518518518
1 0.6734375 0.2074074074074074 0.04583333333333333 0.046296296296296294
1 0.66015625 0.28888888888888886 0.0609375 0.09444444444444444
1 0.9565104166666667 0.19953703703703704 0.05260416666666667 0.0712962962962963
1 0.4557291666666667 0.33611111111111114 0.06666666666666667 0.10740740740740741
1 0.33880208333333334 0.37222222222222223 0.0640625 0.08888888888888889
1 0.43255208333333334 0.14074074074074075 0.0328125 0.046296296296296294
1 0.7072916666666667 0.1361111111111111 0.03333333333333333 0.046296296296296294
1 0.48671875 0.11435185185185186 0.028645833333333332 0.032407407407407406
1 0.5513020833333333 0.8675925925925926 0.1515625 0.20185185185185187
1 0.6880208333333333 0.15787037037037038 0.034375 0.049074074074074076
1 0.36770833333333336 0.10277777777777777 0.014583333333333334 0.03333333333333333
1 0.27890625 0.25046296296296294 0.059895833333333336 0.09722222222222222
1 0.37395833333333334 0.23935185185185184 0.04791666666666667 0.0824074074074074
1 0.6260416666666667 0.17824074074074073 0.041666666666666664 0.049074074074074076
1 0.34375 0.2222222222222222 0.03854166666666667 0.06111111111111111
1 0.6552083333333333 0.12083333333333333 0.028125 0.03981481481481482
1 0.34479166666666666 0.18888888888888888 0.041666666666666664 0.05
1 0.5174479166666667 0.4287037037037037 0.08697916666666666 0.1388888888888889
1 0.7421875 0.15416666666666667 0.03229166666666667 0.028703703703703703
1 0.6356770833333333 0.16157407407407406 0.0328125 0.05092592592592592
1 0.3033854166666667 0.15324074074074073 0.0328125 0.04351851851851852
1 0.8096354166666667 0.23472222222222222 0.050520833333333334 0.07314814814814814
1 0.3875 0.11018518518518519 0.03229166666666667 0.05185185185185185
1 0.8708333333333333 0.20787037037037037 0.053125 0.075
1 0.23802083333333332 0.14074074074074075 0.03125 0.040740740740740744
1 0.6682291666666667 0.1037037037037037 0.025 0.044444444444444446
1 0.4231770833333333 0.12962962962962962 0.028645833333333332 0.05
1 0.18411458333333333 0.2611111111111111 0.05260416666666667 0.06111111111111111
1 0.7299479166666667 0.125 0.024479166666666666 0.03518518518518519
1 0.40182291666666664 0.17962962962962964 0.03177083333333333 0.046296296296296294
1 0.84921875 0.19074074074074074 0.03177083333333333 0.053703703703703705
1 0.43203125 0.2 0.04635416666666667 0.07037037037037037
1 0.5986979166666667 0.16666666666666666 0.027604166666666666 0.037037037037037035
1 0.8229166666666666 0.1787037037037037 0.034375 0.05185185185185185
1 0.5705729166666667 0.15416666666666667 0.03177083333333333 0.032407407407407406
1 0.3255208333333333 0.1824074074074074 0.03125 0.06296296296296296
1 0.3880208333333333 0.16898148148148148 0.03333333333333333 0.05462962962962963
1 0.228125 0.12222222222222222 0.03125 0.040740740740740744
1 0.2760416666666667 0.10740740740740741 0.03333333333333333 0.04259259259259259
1 0.39947916666666666 0.2810185185185185 0.04895833333333333 0.075
1 0.36614583333333334 0.15185185185185185 0.03229166666666667 0.04259259259259259
1 0.3450520833333333 0.12731481481481483 0.027604166666666666 0.04537037037037037
1 0.325 0.10740740740740741 0.028125 0.044444444444444446
1 0.5802083333333333 0.23842592592592593 0.05416666666666667 0.08981481481481482
1 0.6036458333333333 0.14027777777777778 0.03125 0.030555555555555555
1 0.3484375 0.14351851851851852 0.025 0.037037037037037035
1 0.8932291666666666 0.16805555555555557 0.05 0.0712962962962963
1 0.16119791666666666 0.08518518518518518 0.025520833333333333 0.03518518518518519
1 0.28671875 0.1259259259259259 0.0359375 0.03518518518518519
1 0.35911458333333335 0.08842592592592592 0.021354166666666667 0.032407407407407406
1 0.5059895833333333 0.10416666666666667 0.025520833333333333 0.04351851851851852
1 0.4671875 0.08981481481481482 0.022916666666666665 0.03148148148148148
1 0.58984375 0.10925925925925926 0.025520833333333333 0.03333333333333333
1 0.17421875 0.1412037037037037 0.0390625 0.05092592592592592
1 0.7963541666666667 0.19166666666666668 0.021875 0.053703703703703705
1 0.18385416666666668 0.07916666666666666 0.020833333333333332 0.025
1 0.5643229166666667 0.10092592592592593 0.021354166666666667 0.024074074074074074
1 0.25755208333333335 0.1736111111111111 0.04010416666666667 0.049074074074074076
1 0.6361979166666667 0.13333333333333333 0.0328125 0.040740740740740744
1 0.5552083333333333 0.1425925925925926 0.025 0.03333333333333333
1 0.71328125 0.19537037037037036 0.0359375 0.06666666666666667
1 0.17213541666666668 0.23935185185185184 0.04114583333333333 0.07314814814814814
1 0.43359375 0.07962962962962963 0.0203125 0.03333333333333333
1 0.21197916666666666 0.08333333333333333 0.027083333333333334 0.037037037037037035
1 0.26927083333333335 0.21296296296296297 0.05625 0.07037037037037037
1 0.7497395833333333 0.20462962962962963 0.0515625 0.08148148148148149
1 0.6940104166666666 0.1875 0.025520833333333333 0.05462962962962963
1 0.8888020833333333 0.23194444444444445 0.0515625 0.0712962962962963
1 0.52734375 0.13518518518518519 0.019270833333333334 0.027777777777777776
1 0.990625 0.26944444444444443 0.017708333333333333 0.07777777777777778
1 0.17578125 0.20925925925925926 0.04739583333333333 0.046296296296296294