1 0.44088541666666664 0.6680555555555555 0.11822916666666666 0.15092592592592594
1 0.24791666666666667 0.7546296296296297 0.1375 0.18888888888888888
1 0.8510416666666667 0.8958333333333334 0.21145833333333333 0.2064814814814815
1 0.6447916666666667 0.5953703703703703 0.10833333333333334 0.15
1 0.5002604166666667 0.2828703703703704 0.0578125 0.07314814814814814
1 0.9760416666666667 0.3111111111111111 0.046875 0.08518518518518518
1 0.38567708333333334 0.5314814814814814 0.0921875 0.12962962962962962
1 0.53984375 0.4634259259259259 0.0859375 0.12685185185185185
1 0.49140625 0.42268518518518516 0.0671875 0.10462962962962963
1 0.75703125 0.48842592592592593 0.09322916666666667 0.13796296296296295
1 0.2 0.4337962962962963 0.084375 0.11203703703703703
1 0.36822916666666666 0.47638888888888886 0.09270833333333334 0.12129629629629629
1 0.11510416666666666 0.3976851851851852 0.07395833333333333 0.1175925925925926
1 0.6380208333333334 0.39490740740740743 0.06770833333333333 0.10092592592592593
1 0.6716145833333333 0.425 0.0890625 0.11851851851851852
1 0.33098958333333334 0.37777777777777777 0.0703125 0.09444444444444444
1 0.5682291666666667 0.32592592592592595 0.07291666666666667 0.10740740740740741
1 0.92890625 0.6453703703703704 0.1390625 0.21296296296296297
1 0.73046875 0.35555555555555557 0.0734375 0.09814814814814815
1 0.45234375 0.23287037037037037 0.0484375 0.062037037037037036
1 0.29140625 0.287962962962963 0.0578125 0.07777777777777778
1 0.421875 0.20925925925925926 0.04375 0.06111111111111111
1 0.3875 0.27685185185185185 0.04375 0.07407407407407407
1 0.5091145833333334 0.1287037037037037 0.028645833333333332 0.037037037037037035
1 0.5541666666666667 0.22916666666666666 0.046875 0.07314814814814814
1 0.896875 0.2689814814814815 0.058333333333333334 0.08425925925925926
1 0.17265625 0.2726851851851852 0.04739583333333333 0.06759259259259259
1 0.8385416666666666 0.4115740740740741 0.08645833333333333 0.13055555555555556
1 0.4239583333333333 0.2986111111111111 0.057291666666666664 0.09351851851851851
1 0.734375 0.17546296296296296 0.040625 0.05462962962962963
1 0.18489583333333334 0.3680555555555556 0.07083333333333333 0.09537037037037037
1 0.6015625 0.25324074074074077 0.052083333333333336 0.08425925925925926
1 0.9408854166666667 0.21712962962962962 0.0515625 0.062037037037037036
1 0.41380208333333335 0.1287037037037037 0.030729166666666665 0.04259259259259259
1 0.6786458333333333 0.16898148148148148 0.035416666666666666 0.028703703703703703
1 0.9697916666666667 0.2601851851851852 0.059375 0.07777777777777778
1 0.6760416666666667 0.20324074074074075 0.05 0.06018518518518518
1 0.46822916666666664 0.37037037037037035 0.07708333333333334 0.11666666666666667
1 0.2640625 0.22870370370370371 0.05625 0.08888888888888889
1 0.6169270833333333 0.11990740740740741 0.0296875 0.03796296296296296
1 0.5380208333333333 0.21157407407407408 0.05 0.08055555555555556
1 0.375 0.10138888888888889 0.03125 0.049074074074074076
1 0.6442708333333333 0.1865740740740741 0.03229166666666667 0.03981481481481482
1 0.984375 0.20972222222222223 0.030208333333333334 0.032407407407407406
1 0.7651041666666667 0.13518518518518519 0.025 0.03518518518518519
1 0.60546875 0.17546296296296296 0.03697916666666667 0.03796296296296296
1 0.221875 0.11342592592592593 0.03229166666666667 0.04351851851851852
1 0.3338541666666667 0.17083333333333334 0.03854166666666667 0.03981481481481482
1 0.2986979166666667 0.1388888888888889 0.03177083333333333 0.040740740740740744
1 0.3763020833333333 0.2518518518518518 0.0453125 0.06851851851851852
1 0.85859375 0.21666666666666667 0.025520833333333333 0.06296296296296296
1 0.48541666666666666 0.09814814814814815 0.025 0.03148148148148148
1 0.33098958333333334 0.20416666666666666 0.0328125 0.05462962962962963
1 0.16953125 0.13703703703703704 0.04010416666666667 0.05925925925925926
1 0.3578125 0.21805555555555556 0.04375 0.075
1 0.31536458333333334 0.325 0.05572916666666667 0.08333333333333333
1 0.6713541666666667 0.14351851851851852 0.03333333333333333 0.037037037037037035
1 0.38515625 0.16435185185185186 0.0296875 0.04351851851851852
1 0.3359375 0.11805555555555555 0.027083333333333334 0.04537037037037037
1 0.35442708333333334 0.13796296296296295 0.028645833333333332 0.040740740740740744
1 0.75 0.15138888888888888 0.036458333333333336 0.049074074074074076
1 0.90546875 0.2037037037037037 0.04010416666666667 0.046296296296296294
1 0.8770833333333333 0.19444444444444445 0.03333333333333333 0.05555555555555555
1 0.509375 0.08564814814814815 0.022916666666666665 0.041666666666666664
1 0.5572916666666666 0.15138888888888888 0.030208333333333334 0.028703703703703703
1 0.55390625 0.0824074074074074 0.019270833333333334 0.04259259259259259
1 0.9552083333333333 0.17083333333333334 0.053125 0.04537037037037037
1 0.5828125 0.16157407407407406 0.029166666666666667 0.03611111111111111
1 0.7408854166666666 0.1300925925925926 0.027604166666666666 0.03796296296296296
1 0.40677083333333336 0.11805555555555555 0.027083333333333334 0.04537037037037037
1 0.57265625 0.12453703703703704 0.027604166666666666 0.028703703703703703
1 0.6908854166666667 0.11018518518518519 0.028645833333333332 0.04814814814814815
1 0.33828125 0.13287037037037036 0.0203125 0.03425925925925926
1 0.6572916666666667 0.13240740740740742 0.025 0.025925925925925925
1 0.58203125 0.09444444444444444 0.0296875 0.03148148148148148
1 0.6427083333333333 0.16620370370370371 0.0375 0.04537037037037037
1 0.18151041666666667 0.2412037037037037 0.043229166666666666 0.06388888888888888
1 0.6854166666666667 0.13194444444444445 0.030208333333333334 0.04351851851851852
1 0.28151041666666665 0.11666666666666667 0.034895833333333334 0.03518518518518519
1 0.265625 0.1 0.029166666666666667 0.040740740740740744
1 0.1671875 0.16203703703703703 0.030208333333333334 0.037037037037037035
1 0.34713541666666664 0.0824074074074074 0.0203125 0.03148148148148148
1 0.4822916666666667 0.06296296296296296 0.022916666666666665 0.022222222222222223
1 0.4473958333333333 0.08657407407407407 0.025 0.041666666666666664
1 0.5315104166666667 0.06481481481481481 0.022395833333333334 0.027777777777777776
1 0.52421875 0.10925925925925926 0.022395833333333334 0.046296296296296294
1 0.24583333333333332 0.1625 0.03958333333333333 0.05462962962962963
1 0.31223958333333335 0.16805555555555557 0.0265625 0.05648148148148148
1 0.23854166666666668 0.13518518518518519 0.03854166666666667 0.03518518518518519
1 0.471875 0.08796296296296297 0.021875 0.040740740740740744
1 0.8270833333333333 0.2310185185185185 0.0625 0.09537037037037037
1 0.5872395833333334 0.10787037037037037 0.025520833333333333 0.028703703703703703
1 0.7296875 0.2462962962962963 0.05520833333333333 0.06666666666666667
1 0.16901041666666666 0.21481481481481482 0.04114583333333333 0.07592592592592592
1 0.6122395833333333 0.14537037037037037 0.03177083333333333 0.04259259259259259
1 0.7799479166666666 0.16712962962962963 0.0359375 0.03796296296296296
1 0.18203125 0.18194444444444444 0.03802083333333333 0.06018518518518518
1 0.3125 0.09861111111111111 0.027083333333333334 0.03796296296296296
1 0.64296875 0.2814814814814815 0.0609375 0.09814814814814815
1 0.4122395833333333 0.1824074074074074 0.04114583333333333 0.06481481481481481
1 0.26197916666666665 0.19398148148148148 0.059375 0.058333333333333334
1 0.7791666666666667 0.22083333333333333 0.046875 0.07685185185185185