2 0.6848958333333334 0.09398148148148149 0.052083333333333336 0.10648148148148148
2 0.6286458333333333 0.08703703703703704 0.04895833333333333 0.08703703703703704
1 0.2981770833333333 0.8888888888888888 0.1671875 0.21666666666666667
1 0.7981770833333334 0.525 0.10677083333333333 0.1425925925925926
1 0.8674479166666667 0.8824074074074074 0.17552083333333332 0.22777777777777777
1 0.3575520833333333 0.44212962962962965 0.0765625 0.10277777777777777
1 0.8901041666666667 0.6226851851851852 0.125 0.175
1 0.59140625 0.912962962962963 0.1765625 0.17222222222222222
1 0.5630208333333333 0.5277777777777778 0.115625 0.17222222222222222
1 0.20572916666666666 0.4726851851851852 0.0875 0.11944444444444445
1 0.9828125 0.7486111111111111 0.03333333333333333 0.18611111111111112
1 0.33880208333333334 0.37546296296296294 0.06822916666666666 0.09351851851851851
1 0.49375 0.4046296296296296 0.075 0.1037037037037037
1 0.44088541666666664 0.3375 0.06510416666666667 0.09351851851851851
1 0.17916666666666667 0.32731481481481484 0.06770833333333333 0.0824074074074074
1 0.7390625 0.7175925925925926 0.14479166666666668 0.22407407407407406
1 0.5515625 0.31203703703703706 0.06666666666666667 0.08888888888888889
1 0.4119791666666667 0.19027777777777777 0.040625 0.05092592592592592
1 0.8684895833333334 0.2222222222222222 0.04635416666666667 0.05740740740740741
1 0.5440104166666667 0.21712962962962962 0.0484375 0.07685185185185185
1 0.5736979166666667 0.16018518518518518 0.034895833333333334 0.040740740740740744
1 0.6578125 0.29305555555555557 0.06145833333333333 0.09722222222222222
1 0.603125 0.26435185185185184 0.05416666666666667 0.075
1 0.5955729166666667 0.35694444444444445 0.0671875 0.09907407407407408
1 0.31276041666666665 0.3439814814814815 0.058854166666666666 0.08796296296296297
1 0.8653645833333333 0.1685185185185185 0.0390625 0.04814814814814815
1 0.825 0.27685185185185185 0.07395833333333333 0.07777777777777778
1 0.690625 0.4199074074074074 0.08854166666666667 0.13796296296296295
1 0.9221354166666667 0.3287037037037037 0.07552083333333333 0.06296296296296296
1 0.17135416666666667 0.22407407407407406 0.040625 0.05925925925925926
1 0.5234375 0.2953703703703704 0.04895833333333333 0.07962962962962963
1 0.9098958333333333 0.23935185185185184 0.052083333333333336 0.0787037037037037
1 0.5127604166666667 0.19907407407407407 0.0421875 0.06851851851851852
1 0.8390625 0.1597222222222222 0.03333333333333333 0.04722222222222222
1 0.29375 0.29953703703703705 0.05416666666666667 0.05462962962962963
1 0.48776041666666664 0.2550925925925926 0.05260416666666667 0.08611111111111111
1 0.7393229166666667 0.17453703703703705 0.03697916666666667 0.05462962962962963
1 0.26458333333333334 0.23333333333333334 0.03854166666666667 0.06481481481481481
1 0.35182291666666665 0.22361111111111112 0.0359375 0.06018518518518518
1 0.4901041666666667 0.17962962962962964 0.03854166666666667 0.05925925925925926
1 0.41848958333333336 0.3162037037037037 0.0484375 0.0787037037037037
1 0.3807291666666667 0.10462962962962963 0.026041666666666668 0.03518518518518519
1 0.38385416666666666 0.17037037037037037 0.0375 0.05
1 0.45338541666666665 0.09907407407407408 0.027604166666666666 0.025925925925925925
1 0.18098958333333334 0.14953703703703702 0.0359375 0.049074074074074076
1 0.93125 0.2740740740740741 0.05416666666666667 0.053703703703703705
1 0.7830729166666667 0.15324074074074073 0.0328125 0.030555555555555555
1 0.3380208333333333 0.11898148148148148 0.025 0.03796296296296296
1 0.6333333333333333 0.16342592592592592 0.035416666666666666 0.05462962962962963
1 0.3997395833333333 0.2828703703703704 0.05364583333333333 0.08981481481481482
1 0.7075520833333333 0.2324074074074074 0.04635416666666667 0.05740740740740741
1 0.3145833333333333 0.16805555555555557 0.026041666666666668 0.049074074074074076
1 0.52421875 0.11435185185185186 0.022395833333333334 0.03425925925925926
1 0.3484375 0.0824074074074074 0.030208333333333334 0.037037037037037035
1 0.671875 0.20277777777777778 0.03958333333333333 0.04259259259259259
1 0.4786458333333333 0.09444444444444444 0.025 0.03518518518518519
1 0.17760416666666667 0.27870370370370373 0.06041666666666667 0.05740740740740741
1 0.2877604166666667 0.2675925925925926 0.05260416666666667 0.046296296296296294
1 0.2747395833333333 0.11157407407407408 0.025520833333333333 0.03796296296296296
1 0.6458333333333334 0.13425925925925927 0.03125 0.03518518518518519
1 0.47578125 0.16574074074074074 0.04010416666666667 0.06111111111111111
1 0.3463541666666667 0.20601851851851852 0.03958333333333333 0.06018518518518518
1 0.25416666666666665 0.19074074074074074 0.04479166666666667 0.07777777777777778
1 0.9760416666666667 0.3060185185185185 0.046875 0.09537037037037037
1 0.19401041666666666 0.10231481481481482 0.022395833333333334 0.032407407407407406
1 0.746875 0.12546296296296297 0.035416666666666666 0.05092592592592592
1 0.6450520833333333 0.19212962962962962 0.034895833333333334 0.03425925925925926
1 0.8078125 0.2263888888888889 0.03958333333333333 0.04351851851851852
1 0.7559895833333333 0.17546296296296296 0.03177083333333333 0.03425925925925926
1 0.37395833333333334 0.09166666666666666 0.023958333333333335 0.025925925925925925
1 0.3072916666666667 0.15185185185185185 0.035416666666666666 0.05555555555555555
1 0.76953125 0.2439814814814815 0.0546875 0.049074074074074076
1 0.6924479166666667 0.1486111111111111 0.034895833333333334 0.04351851851851852
1 0.690625 0.1763888888888889 0.0375 0.05462962962962963
1 0.17135416666666667 0.16157407407407406 0.03854166666666667 0.03425925925925926
1 0.2859375 0.12037037037037036 0.026041666666666668 0.040740740740740744
1 0.6591145833333333 0.16527777777777777 0.033854166666666664 0.03425925925925926
1 0.1046875 0.4078703703703704 0.08125 0.13240740740740742
1 0.72109375 0.1125 0.0265625 0.041666666666666664
1 0.31666666666666665 0.10092592592592593 0.023958333333333335 0.03148148148148148
1 0.5783854166666667 0.13425925925925927 0.033854166666666664 0.05740740740740741
1 0.23411458333333332 0.1388888888888889 0.034895833333333334 0.05185185185185185
1 0.6497395833333334 0.10324074074074074 0.022395833333333334 0.025
1 0.3580729166666667 0.13657407407407407 0.028645833333333332 0.04351851851851852
1 0.17942708333333332 0.2023148148148148 0.04010416666666667 0.05462962962962963
1 0.33255208333333336 0.18055555555555555 0.03802083333333333 0.06666666666666667
1 0.5841145833333333 0.10416666666666667 0.0265625 0.032407407407407406
1 0.22916666666666666 0.11851851851851852 0.034375 0.03518518518518519
1 0.5971354166666667 0.09305555555555556 0.019270833333333334 0.04351851851851852
1 0.16119791666666666 0.11990740740740741 0.0390625 0.05462962962962963
1 0.44869791666666664 0.22824074074074074 0.0453125 0.06388888888888888
1 0.55703125 0.1 0.025520833333333333 0.04259259259259259
1 0.40234375 0.0712962962962963 0.024479166666666666 0.03148148148148148
1 0.4921875 0.11435185185185186 0.027083333333333334 0.030555555555555555
1 0.465625 0.062037037037037036 0.01875 0.020370370370370372
1 0.37890625 0.23703703703703705 0.0453125 0.07962962962962963
1 0.24895833333333334 0.16527777777777777 0.046875 0.062037037037037036
1 0.80234375 0.1865740740740741 0.0328125 0.03981481481481482
1 0.7536458333333333 0.2162037037037037 0.0375 0.062037037037037036
1 0.37890625 0.15 0.03802083333333333 0.05555555555555555