3 0.825 0.22824074074074074 0.06041666666666667 0.08796296296296297
2 0.8255208333333334 0.15601851851851853 0.07708333333333334 0.1638888888888889
2 0.8791666666666667 0.12129629629629629 0.06979166666666667 0.15
1 0.5028645833333333 0.7458333333333333 0.13489583333333333 0.18796296296296297
1 0.8177083333333334 0.562962962962963 0.11458333333333333 0.14629629629629629
1 0.1875 0.4111111111111111 0.07291666666666667 0.10925925925925926
1 0.41744791666666664 0.5819444444444445 0.10364583333333334 0.14907407407407408
1 0.27421875 0.9430555555555555 0.18072916666666666 0.11203703703703703
1 0.5903645833333333 0.5375 0.09947916666666666 0.13796296296296295
1 0.6424479166666667 0.1648148148148148 0.03802083333333333 0.053703703703703705
1 0.9325520833333333 0.18611111111111112 0.04635416666666667 0.05740740740740741
1 0.5815104166666667 0.3541666666666667 0.07135416666666666 0.09351851851851851
1 0.7088541666666667 0.6416666666666667 0.12083333333333333 0.2
1 0.7130208333333333 0.19675925925925927 0.042708333333333334 0.05462962962962963
1 0.65703125 0.4152777777777778 0.08385416666666666 0.11574074074074074
1 0.9872395833333333 0.23472222222222222 0.024479166666666666 0.06574074074074074
1 0.48880208333333336 0.2601851851851852 0.04635416666666667 0.07037037037037037
1 0.47291666666666665 0.36574074074074076 0.071875 0.12037037037037036
1 0.5416666666666666 0.4634259259259259 0.08645833333333333 0.1175925925925926
1 0.9270833333333334 0.2763888888888889 0.06979166666666667 0.09907407407407408
1 0.4356770833333333 0.32916666666666666 0.05364583333333333 0.08425925925925926
1 0.9203125 0.4689814814814815 0.1 0.14351851851851852
1 0.5401041666666667 0.20972222222222223 0.04583333333333333 0.06388888888888888
1 0.014322916666666666 0.49537037037037035 0.028645833333333332 0.11481481481481481
1 0.7354166666666667 0.1648148148148148 0.03854166666666667 0.053703703703703705
1 0.4609375 0.15694444444444444 0.042708333333333334 0.06944444444444445
1 0.3932291666666667 0.16898148148148148 0.035416666666666666 0.05648148148148148
1 0.34765625 0.21064814814814814 0.04739583333333333 0.06388888888888888
1 0.40963541666666664 0.2861111111111111 0.0578125 0.09259259259259259
1 0.3302083333333333 0.38101851851851853 0.090625 0.14537037037037037
1 0.6841145833333333 0.1259259259259259 0.030729166666666665 0.044444444444444446
1 0.5528645833333333 0.29259259259259257 0.06510416666666667 0.1
1 0.41067708333333336 0.20046296296296295 0.0359375 0.05092592592592592
1 0.409375 0.11527777777777778 0.028125 0.041666666666666664
1 0.17734375 0.18935185185185185 0.04114583333333333 0.06018518518518518
1 0.64375 0.9550925925925926 0.18958333333333333 0.08796296296296297
1 0.7002604166666667 0.15601851851851853 0.03802083333333333 0.05092592592592592
1 0.5059895833333333 0.18888888888888888 0.0421875 0.06666666666666667
1 0.44192708333333336 0.2125 0.04114583333333333 0.06018518518518518
1 0.30494791666666665 0.13703703703703704 0.03802083333333333 0.05555555555555555
1 0.6075520833333333 0.1439814814814815 0.03697916666666667 0.05277777777777778
1 0.3098958333333333 0.16527777777777777 0.034375 0.041666666666666664
1 0.7234375 0.10231481481481482 0.034375 0.028703703703703703
1 0.6421875 0.12824074074074074 0.03333333333333333 0.04722222222222222
1 0.3859375 0.25462962962962965 0.04375 0.08148148148148149
1 0.525 0.10277777777777777 0.025 0.027777777777777776
1 0.27291666666666664 0.2902777777777778 0.027083333333333334 0.06574074074074074
1 0.43203125 0.1398148148148148 0.027604166666666666 0.044444444444444446
1 0.35572916666666665 0.08101851851851852 0.023958333333333335 0.026851851851851852
1 0.15598958333333332 0.10138888888888889 0.027604166666666666 0.04537037037037037
1 0.46588541666666666 0.23796296296296296 0.043229166666666666 0.07407407407407407
1 0.24140625 0.1527777777777778 0.04010416666666667 0.04259259259259259
1 0.1765625 0.12546296296296297 0.03854166666666667 0.03796296296296296
1 0.52578125 0.1310185185185185 0.0296875 0.03425925925925926
1 0.5158854166666667 0.2861111111111111 0.027604166666666666 0.07222222222222222
1 0.28515625 0.12453703703703704 0.021354166666666667 0.03981481481481482
1 0.2786458333333333 0.11527777777777778 0.03229166666666667 0.04351851851851852
1 0.5552083333333333 0.12314814814814815 0.017708333333333333 0.05
1 0.5760416666666667 0.12777777777777777 0.036458333333333336 0.05740740740740741
1 0.6364583333333333 0.09305555555555556 0.023958333333333335 0.025
1 0.17395833333333333 0.3439814814814815 0.0625 0.11203703703703703
1 0.590625 0.09537037037037037 0.023958333333333335 0.037037037037037035
1 0.25546875 0.07175925925925926 0.0296875 0.026851851851851852
1 0.2708333333333333 0.23703703703703705 0.046875 0.08518518518518518
1 0.32864583333333336 0.1162037037037037 0.015625 0.030555555555555555
1 0.72421875 0.12824074074074074 0.03697916666666667 0.03425925925925926
1 0.37109375 0.15185185185185185 0.03177083333333333 0.046296296296296294
1 0.4 0.06388888888888888 0.021875 0.025925925925925925
1 0.2791666666666667 0.17546296296296296 0.023958333333333335 0.04351851851851852
1 0.59296875 0.0763888888888889 0.022395833333333334 0.03425925925925926
1 0.1765625 0.29444444444444445 0.059375 0.05925925925925926
1 0.25078125 0.19907407407407407 0.0453125 0.05555555555555555
1 0.465625 0.06574074074074074 0.023958333333333335 0.03148148148148148
1 0.8588541666666667 0.41203703703703703 0.09583333333333334 0.15
1 0.5002604166666667 0.11296296296296296 0.0328125 0.03518518518518519
1 0.55859375 0.0912037037037037 0.0265625 0.04537037037037037
1 0.4934895833333333 0.07083333333333333 0.0171875 0.017592592592592594
1 0.35 0.11666666666666667 0.03333333333333333 0.05925925925925926
1 0.23385416666666667 0.11851851851851852 0.03229166666666667 0.053703703703703705
1 0.3046875 0.0875 0.025 0.03796296296296296
1 0.4739583333333333 0.10462962962962963 0.022916666666666665 0.03148148148148148
1 0.30494791666666665 0.30092592592592593 0.05364583333333333 0.10185185185185185
1 0.4234375 0.08009259259259259 0.025 0.026851851851851852
1 0.6255208333333333 0.08888888888888889 0.020833333333333332 0.025925925925925925
1 0.61953125 0.12175925925925926 0.0265625 0.03796296296296296
1 0.17421875 0.1675925925925926 0.043229166666666666 0.05
1 0.2828125 0.2851851851851852 0.046875 0.07592592592592592
1 0.28541666666666665 0.24259259259259258 0.053125 0.06666666666666667
1 0.16692708333333334 0.26481481481481484 0.058854166666666666 0.06481481481481481
1 0.3263020833333333 0.3106481481481482 0.0765625 0.08796296296296297