2 0.6924479166666667 0.0962962962962963 0.05260416666666667 0.1111111111111111
2 0.63515625 0.08981481481481482 0.050520833333333334 0.08888888888888889
1 0.2981770833333333 0.8203703703703704 0.1546875 0.20185185185185187
1 0.8166666666666667 0.8263888888888888 0.16354166666666667 0.21388888888888888
1 0.77265625 0.5018518518518519 0.10364583333333334 0.13703703703703704
1 0.9588541666666667 0.7027777777777777 0.08125 0.1814814814814815
1 0.3541666666666667 0.4273148148148148 0.075 0.09907407407407408
1 0.8559895833333333 0.5916666666666667 0.11927083333333334 0.16666666666666666
1 0.5479166666666667 0.5037037037037037 0.11145833333333334 0.1648148148148148
1 0.20651041666666667 0.45416666666666666 0.08385416666666666 0.11388888888888889
1 0.5484375 0.8708333333333333 0.16458333333333333 0.22870370370370371
1 0.48385416666666664 0.3939814814814815 0.07291666666666667 0.10092592592592593
1 0.43359375 0.3287037037037037 0.06197916666666667 0.09074074074074075
1 0.5411458333333333 0.30462962962962964 0.06458333333333334 0.08518518518518518
1 0.6455729166666667 0.28564814814814815 0.058854166666666666 0.09351851851851851
1 0.44583333333333336 0.225 0.041666666666666664 0.06111111111111111
1 0.5809895833333333 0.16435185185185186 0.03802083333333333 0.03981481481481482
1 0.12473958333333333 0.39305555555555555 0.07760416666666667 0.12685185185185185
1 0.30911458333333336 0.3347222222222222 0.05572916666666667 0.08611111111111111
1 0.409375 0.1875 0.03958333333333333 0.05277777777777778
1 0.3338541666666667 0.36435185185185187 0.06770833333333333 0.09166666666666666
1 0.4828125 0.25046296296296294 0.052083333333333336 0.0824074074074074
1 0.6755208333333333 0.40555555555555556 0.084375 0.13518518518518519
1 0.5153645833333333 0.287962962962963 0.04739583333333333 0.07592592592592592
1 0.17239583333333333 0.2199074074074074 0.03958333333333333 0.05648148148148148
1 0.9283854166666666 0.24768518518518517 0.0546875 0.08055555555555556
1 0.17890625 0.3189814814814815 0.06197916666666667 0.0787037037037037
1 0.3809895833333333 0.16898148148148148 0.03697916666666667 0.04722222222222222
1 0.53671875 0.21296296296296297 0.04635416666666667 0.07407407407407407
1 0.34791666666666665 0.21944444444444444 0.034375 0.05740740740740741
1 0.2640625 0.22916666666666666 0.0375 0.06388888888888888
1 0.8859375 0.22870370370370371 0.05 0.06111111111111111
1 0.8471354166666667 0.2861111111111111 0.07760416666666667 0.07962962962962963
1 0.7489583333333333 0.17962962962962964 0.0375 0.05925925925925926
1 0.94921875 0.3537037037037037 0.07864583333333333 0.08518518518518518
1 0.640625 0.1685185185185185 0.035416666666666666 0.053703703703703705
1 0.4125 0.30833333333333335 0.046875 0.07592592592592592
1 0.84921875 0.1638888888888889 0.0328125 0.04814814814814815
1 0.5059895833333333 0.19768518518518519 0.043229166666666666 0.0712962962962963
1 0.8760416666666667 0.1726851851851852 0.03958333333333333 0.049074074074074076
1 0.8239583333333333 0.23194444444444445 0.04583333333333333 0.041666666666666664
1 0.7864583333333334 0.25324074074074077 0.05416666666666667 0.05092592592592592
1 0.9567708333333333 0.2861111111111111 0.058333333333333334 0.05740740740740741
1 0.6536458333333334 0.1375 0.03229166666666667 0.03796296296296296
1 0.75234375 0.1300925925925926 0.0359375 0.05462962962962963
1 0.7005208333333334 0.18194444444444444 0.03854166666666667 0.05462962962962963
1 0.4828125 0.17546296296296296 0.034375 0.05648148148148148
1 0.37916666666666665 0.10555555555555556 0.027083333333333334 0.037037037037037035
1 0.3963541666666667 0.27546296296296297 0.053125 0.08981481481481482
1 0.33671875 0.11898148148148148 0.024479166666666666 0.03981481481481482
1 0.4703125 0.16296296296296298 0.03854166666666667 0.06111111111111111
1 0.30442708333333335 0.15092592592592594 0.034895833333333334 0.053703703703703705
1 0.16197916666666667 0.11898148148148148 0.03958333333333333 0.05277777777777778
1 0.34427083333333336 0.2037037037037037 0.03854166666666667 0.05740740740740741
1 0.6578125 0.1962962962962963 0.0375 0.03888888888888889
1 0.7018229166666666 0.15138888888888888 0.0359375 0.03981481481481482
1 0.5841145833333333 0.13657407407407407 0.0359375 0.05462962962962963
1 0.17864583333333334 0.19953703703703704 0.03958333333333333 0.05462962962962963
1 0.72421875 0.23842592592592593 0.04635416666666667 0.05648148148148148
1 0.32890625 0.17731481481481481 0.03697916666666667 0.06388888888888888
1 0.5609375 0.1050925925925926 0.030208333333333334 0.049074074074074076
1 0.18229166666666666 0.14722222222222223 0.03854166666666667 0.046296296296296294
1 0.35703125 0.1361111111111111 0.0265625 0.04259259259259259
1 0.48151041666666666 0.09675925925925925 0.025520833333333333 0.03611111111111111
1 0.6846354166666667 0.21064814814814814 0.04010416666666667 0.04722222222222222
1 0.7276041666666667 0.11574074074074074 0.025 0.04259259259259259
1 0.7981770833333334 0.15833333333333333 0.0265625 0.02962962962962963
1 0.45651041666666664 0.10092592592592593 0.0265625 0.027777777777777776
1 0.3140625 0.10138888888888889 0.021875 0.032407407407407406
1 0.5838541666666667 0.34675925925925927 0.065625 0.09722222222222222
1 0.1765625 0.2759259259259259 0.058333333333333334 0.06481481481481481
1 0.37135416666666665 0.09212962962962963 0.022916666666666665 0.026851851851851852
1 0.8046875 0.2 0.035416666666666666 0.05555555555555555
1 0.2833333333333333 0.11944444444444445 0.021875 0.03888888888888889
1 0.5153645833333333 0.10416666666666667 0.0265625 0.04537037037037037
1 0.2513020833333333 0.17314814814814813 0.049479166666666664 0.046296296296296294
1 0.58984375 0.10694444444444444 0.0265625 0.030555555555555555
1 0.25338541666666664 0.20092592592592592 0.043229166666666666 0.04814814814814815
1 0.18958333333333333 0.10416666666666667 0.022916666666666665 0.032407407407407406
1 0.17135416666666667 0.1763888888888889 0.03958333333333333 0.06574074074074074
1 0.5265625 0.11666666666666667 0.01875 0.03333333333333333
1 0.25677083333333334 0.0875 0.026041666666666668 0.03611111111111111
1 0.6575520833333334 0.1050925925925926 0.0203125 0.025
1 0.31354166666666666 0.16620370370370371 0.025 0.04722222222222222
1 0.49583333333333335 0.1175925925925926 0.028125 0.03148148148148148
1 0.7606770833333333 0.18425925925925926 0.022395833333333334 0.03888888888888889
1 0.28567708333333336 0.23055555555555557 0.0421875 0.02962962962962963
1 0.44114583333333335 0.07916666666666666 0.019791666666666666 0.026851851851851852
1 0.28359375 0.25046296296296294 0.04739583333333333 0.06759259259259259
1 0.22916666666666666 0.11851851851851852 0.034375 0.03333333333333333
1 0.37447916666666664 0.23194444444444445 0.04583333333333333 0.0787037037037037
1 0.4674479166666667 0.06296296296296296 0.018229166666666668 0.018518518518518517
1 0.6697916666666667 0.1699074074074074 0.034375 0.032407407407407406
1 0.16744791666666667 0.0824074074074074 0.03177083333333333 0.02962962962962963
1 0.59375 0.25833333333333336 0.05 0.07407407407407407
1 0.346875 0.08842592592592592 0.029166666666666667 0.028703703703703703
1 0.27005208333333336 0.1 0.030729166666666665 0.037037037037037035
1 0.23411458333333332 0.14351851851851852 0.033854166666666664 0.03888888888888889
1 0.76015625 0.22175925925925927 0.0265625 0.06574074074074074
1 0.2911458333333333 0.2824074074074074 0.05416666666666667 0.07592592592592592
1 0.98828125 0.31574074074074077 0.022395833333333334 0.09444444444444444
1 0.709375 0.674537037037037 0.1375 0.2175925925925926