2 0.9471354166666667 0.725462962962963 0.1046875 0.5453703703703704
2 0.96484375 0.18101851851851852 0.06927083333333334 0.16574074074074074
2 0.5333333333333333 0.2611111111111111 0.08020833333333334 0.1537037037037037
2 0.8651041666666667 0.11157407407407408 0.06875 0.10833333333333334
2 0.89921875 0.41574074074074074 0.13489583333333333 0.16111111111111112
1 0.71328125 0.4791666666666667 0.09427083333333333 0.12129629629629629
1 0.5958333333333333 0.5439814814814815 0.10520833333333333 0.1361111111111111
1 0.853125 0.5935185185185186 0.09166666666666666 0.20185185185185187
1 0.1984375 0.4 0.06770833333333333 0.09074074074074075
1 0.47317708333333336 0.40879629629629627 0.07552083333333333 0.09537037037037037
1 0.05677083333333333 0.4703703703703704 0.08333333333333333 0.1111111111111111
1 0.6609375 0.6300925925925925 0.12395833333333334 0.17685185185185184
1 0.7794270833333333 0.39490740740740743 0.0828125 0.10462962962962963
1 0.8458333333333333 0.28888888888888886 0.065625 0.05740740740740741
1 0.9205729166666666 0.2833333333333333 0.058854166666666666 0.08333333333333333
1 0.7223958333333333 0.2064814814814815 0.04479166666666667 0.06111111111111111
1 0.5184895833333333 0.4476851851851852 0.0796875 0.11203703703703703
1 0.3033854166666667 0.30462962962962964 0.0578125 0.07962962962962963
1 0.9755208333333333 0.3638888888888889 0.04791666666666667 0.09259259259259259
1 0.19244791666666666 0.3597222222222222 0.06614583333333333 0.08055555555555556
1 0.4765625 0.2574074074074074 0.04479166666666667 0.06666666666666667
1 0.415625 0.20046296296296295 0.042708333333333334 0.05648148148148148
1 0.4432291666666667 0.22083333333333333 0.03958333333333333 0.06018518518518518
1 0.4119791666666667 0.2972222222222222 0.058333333333333334 0.08148148148148149
1 0.58203125 0.3416666666666667 0.07864583333333333 0.12777777777777777
1 0.38307291666666665 0.2689814814814815 0.0453125 0.075
1 0.60546875 0.1527777777777778 0.034895833333333334 0.040740740740740744
1 0.35494791666666664 0.42685185185185187 0.07864583333333333 0.1259259259259259
1 0.45859375 0.7898148148148149 0.14635416666666667 0.26481481481481484
1 0.4859375 0.2814814814814815 0.029166666666666667 0.06666666666666667
1 0.18645833333333334 0.20694444444444443 0.03958333333333333 0.06018518518518518
1 0.24817708333333333 0.17083333333333334 0.0359375 0.04351851851851852
1 0.6416666666666667 0.16620370370370371 0.0375 0.05462962962962963
1 0.20546875 0.1361111111111111 0.0296875 0.037037037037037035
1 0.45546875 0.08425925925925926 0.0265625 0.03518518518518519
1 0.26953125 0.22407407407407406 0.04739583333333333 0.05925925925925926
1 0.3611979166666667 0.13935185185185187 0.03697916666666667 0.05277777777777778
1 0.3963541666666667 0.17916666666666667 0.03854166666666667 0.04722222222222222
1 0.39479166666666665 0.11666666666666667 0.03854166666666667 0.046296296296296294
1 0.3182291666666667 0.17916666666666667 0.0375 0.062037037037037036
1 0.25338541666666664 0.0824074074074074 0.022395833333333334 0.03518518518518519
1 0.33828125 0.11990740740740741 0.028645833333333332 0.049074074074074076
1 0.8640625 0.19490740740740742 0.04479166666666667 0.058333333333333334
1 0.37057291666666664 0.2324074074074074 0.05364583333333333 0.08888888888888889
1 0.33255208333333336 0.40185185185185185 0.0703125 0.1
1 0.16770833333333332 0.11898148148148148 0.030208333333333334 0.03425925925925926
1 0.69765625 0.14444444444444443 0.04010416666666667 0.04259259259259259
1 0.2794270833333333 0.11712962962962963 0.0296875 0.04351851851851852
1 0.6674479166666667 0.11666666666666667 0.0265625 0.025925925925925925
1 0.67421875 0.1763888888888889 0.04010416666666667 0.06759259259259259
1 0.5276041666666667 0.11898148148148148 0.016666666666666666 0.03981481481481482
1 0.17239583333333333 0.3106481481481482 0.053125 0.08796296296296297
1 0.9184895833333333 0.22592592592592592 0.028645833333333332 0.037037037037037035
1 0.8877604166666667 0.25092592592592594 0.059895833333333336 0.08333333333333333
1 0.3963541666666667 0.07083333333333333 0.015625 0.025
1 0.010416666666666666 0.5083333333333333 0.020833333333333332 0.11666666666666667
1 0.8481770833333333 0.18194444444444444 0.0390625 0.06574074074074074
1 0.29322916666666665 0.13472222222222222 0.029166666666666667 0.05092592592592592
1 0.39166666666666666 0.1412037037037037 0.03125 0.03981481481481482
1 0.303125 0.15 0.03333333333333333 0.046296296296296294
1 0.70625 0.19166666666666668 0.03854166666666667 0.05925925925925926
1 0.17161458333333332 0.15046296296296297 0.0359375 0.04351851851851852
1 0.18177083333333333 0.1699074074074074 0.034375 0.041666666666666664
1 0.6388020833333333 0.09583333333333334 0.0359375 0.03425925925925926
1 0.47213541666666664 0.07083333333333333 0.018229166666666668 0.032407407407407406
1 0.23619791666666667 0.1574074074074074 0.0390625 0.044444444444444446
1 0.26640625 0.09675925925925925 0.0296875 0.041666666666666664
1 0.3658854166666667 0.09259259259259259 0.028645833333333332 0.03888888888888889
1 0.18229166666666666 0.2675925925925926 0.04895833333333333 0.08148148148148149
1 0.42682291666666666 0.07037037037037037 0.0234375 0.03148148148148148
1 0.29401041666666666 0.2722222222222222 0.0578125 0.0962962962962963
1 0.8997395833333334 0.17916666666666667 0.028645833333333332 0.05092592592592592
1 0.503125 0.10462962962962963 0.023958333333333335 0.03888888888888889
1 0.34713541666666664 0.0763888888888889 0.022395833333333334 0.032407407407407406
1 0.578125 0.12175925925925926 0.01875 0.049074074074074076
1 0.9125 0.18564814814814815 0.03854166666666667 0.05092592592592592
1 0.33958333333333335 0.22777777777777777 0.023958333333333335 0.06296296296296296
1 0.34427083333333336 0.2023148148148148 0.042708333333333334 0.06759259259259259
1 0.3203125 0.11157407407407408 0.017708333333333333 0.03425925925925926
1 0.2359375 0.1337962962962963 0.034375 0.028703703703703703
1 0.66796875 0.13657407407407407 0.0265625 0.025
1 0.5169270833333334 0.11203703703703703 0.025520833333333333 0.044444444444444446
1 0.6903645833333333 0.8870370370370371 0.3182291666666667 0.22407407407407406
1 0.4875 0.18611111111111112 0.03958333333333333 0.06296296296296296
1 0.7182291666666667 0.12638888888888888 0.029166666666666667 0.032407407407407406
1 0.5 0.19675925925925927 0.057291666666666664 0.04351851851851852
1 0.5580729166666667 0.12546296296296297 0.0359375 0.05277777777777778