2 0.77578125 0.12175925925925926 0.0703125 0.13796296296296295
1 0.9322916666666666 0.49722222222222223 0.1 0.13333333333333333
1 0.79765625 0.5398148148148149 0.10260416666666666 0.14074074074074075
1 0.965625 0.7393518518518518 0.06770833333333333 0.175
1 0.6703125 0.4305555555555556 0.0875 0.1111111111111111
1 0.9513020833333333 0.9407407407407408 0.09635416666666667 0.11666666666666667
1 0.6518229166666667 0.9472222222222222 0.1890625 0.1037037037037037
1 0.303125 0.31157407407407406 0.05520833333333333 0.07685185185185185
1 0.44479166666666664 0.3439814814814815 0.07604166666666666 0.11574074074074074
1 0.3541666666666667 0.4537037037037037 0.0875 0.11666666666666667
1 0.5786458333333333 0.3523148148148148 0.06354166666666666 0.09722222222222222
1 0.20208333333333334 0.32546296296296295 0.05625 0.08611111111111111
1 0.37942708333333336 0.5041666666666667 0.09739583333333333 0.125
1 0.53671875 0.8337962962962963 0.19739583333333333 0.287962962962963
1 0.40703125 0.2916666666666667 0.0546875 0.07592592592592592
1 0.12682291666666667 0.41388888888888886 0.0765625 0.11666666666666667
1 0.85234375 0.41712962962962963 0.08802083333333334 0.12685185185185185
1 0.5143229166666666 0.4300925925925926 0.08802083333333334 0.13796296296296295
1 0.6921875 0.21712962962962962 0.04375 0.049074074074074076
1 0.37395833333333334 0.25416666666666665 0.052083333333333336 0.075
1 0.9229166666666667 0.324537037037037 0.07083333333333333 0.06574074074074074
1 0.46848958333333335 0.1675925925925926 0.0390625 0.05925925925925926
1 0.5510416666666667 0.487962962962963 0.096875 0.1259259259259259
1 0.6130208333333333 0.5819444444444445 0.13229166666666667 0.2064814814814815
1 0.39505208333333336 0.1824074074074074 0.03802083333333333 0.05185185185185185
1 0.6213541666666667 0.38564814814814813 0.078125 0.11203703703703703
1 0.2640625 0.9287037037037037 0.1625 0.14074074074074075
1 0.84765625 0.2884259259259259 0.058854166666666666 0.06388888888888888
1 0.66640625 0.17314814814814813 0.04114583333333333 0.06666666666666667
1 0.5440104166666667 0.21342592592592594 0.04635416666666667 0.0712962962962963
1 0.7466145833333333 0.20879629629629629 0.043229166666666666 0.062037037037037036
1 0.5330729166666667 0.29444444444444445 0.06302083333333333 0.1
1 0.8908854166666667 0.2611111111111111 0.05677083333333333 0.06851851851851852
1 0.49765625 0.2611111111111111 0.04739583333333333 0.07592592592592592
1 0.50703125 0.1962962962962963 0.03802083333333333 0.05555555555555555
1 0.9721354166666667 0.30694444444444446 0.0546875 0.0787037037037037
1 0.2760416666666667 0.2569444444444444 0.046875 0.06944444444444445
1 0.59375 0.1439814814814815 0.035416666666666666 0.04351851851851852
1 0.803125 0.262037037037037 0.04791666666666667 0.05740740740740741
1 0.17057291666666666 0.18194444444444444 0.0359375 0.05092592592592592
1 0.24010416666666667 0.15601851851851853 0.041666666666666664 0.06574074074074074
1 0.20234375 0.12407407407407407 0.027604166666666666 0.044444444444444446
1 0.37552083333333336 0.15555555555555556 0.034375 0.05
1 0.9348958333333334 0.20972222222222223 0.052083333333333336 0.05277777777777778
1 0.7419270833333333 0.17824074074074073 0.0421875 0.05462962962962963
1 0.8833333333333333 0.2199074074074074 0.051041666666666666 0.05277777777777778
1 0.9361979166666666 0.24583333333333332 0.0484375 0.0712962962962963
1 0.97578125 0.19907407407407407 0.0390625 0.053703703703703705
1 0.7822916666666667 0.22453703703703703 0.053125 0.06574074074074074
1 0.31744791666666666 0.175 0.03177083333333333 0.06111111111111111
1 0.35104166666666664 0.13796296296296295 0.036458333333333336 0.03888888888888889
1 0.33541666666666664 0.18796296296296297 0.0375 0.06481481481481481
1 0.8255208333333334 0.15 0.040625 0.06111111111111111
1 0.5072916666666667 0.12546296296296297 0.029166666666666667 0.030555555555555555
1 0.5208333333333334 0.11157407407407408 0.026041666666666668 0.03796296296296296
1 0.42916666666666664 0.20092592592592592 0.042708333333333334 0.07037037037037037
1 0.36302083333333335 0.21898148148148147 0.04375 0.075
1 0.29348958333333336 0.2773148148148148 0.05260416666666667 0.06944444444444445
1 0.17057291666666666 0.1375 0.03802083333333333 0.03425925925925926
1 0.5559895833333334 0.14907407407407408 0.0296875 0.037037037037037035
1 0.44869791666666664 0.14537037037037037 0.033854166666666664 0.04259259259259259
1 0.6528645833333333 0.13842592592592592 0.0359375 0.05648148148148148
1 0.821875 0.1935185185185185 0.042708333333333334 0.04814814814814815
1 0.44817708333333334 0.0787037037037037 0.025520833333333333 0.03888888888888889
1 0.17708333333333334 0.2518518518518518 0.04583333333333333 0.06666666666666667
1 0.5765625 0.1310185185185185 0.022916666666666665 0.03981481481481482
1 0.26901041666666664 0.22685185185185186 0.0484375 0.06481481481481481
1 0.2875 0.12546296296296297 0.027083333333333334 0.04722222222222222
1 0.3578125 0.08611111111111111 0.022916666666666665 0.03148148148148148
1 0.21692708333333333 0.7981481481481482 0.14010416666666667 0.2611111111111111
1 0.46640625 0.08888888888888889 0.022395833333333334 0.03148148148148148
1 0.5986979166666667 0.11527777777777778 0.024479166666666666 0.025
1 0.8315104166666667 0.22037037037037038 0.043229166666666666 0.044444444444444446
1 0.8604166666666667 0.850462962962963 0.15104166666666666 0.2175925925925926
1 0.625 0.12407407407407407 0.03125 0.05185185185185185
1 0.2515625 0.07731481481481481 0.020833333333333332 0.030555555555555555
1 0.4390625 0.2263888888888889 0.027083333333333334 0.062037037037037036
1 0.3294270833333333 0.07314814814814814 0.0234375 0.022222222222222223
1 0.43515625 0.1412037037037037 0.0296875 0.04537037037037037
1 0.8403645833333333 0.24074074074074073 0.04114583333333333 0.040740740740740744
1 0.42083333333333334 0.0699074074074074 0.020833333333333332 0.030555555555555555
1 0.42916666666666664 0.13194444444444445 0.035416666666666666 0.05648148148148148
1 0.40625 0.06666666666666667 0.015625 0.022222222222222223
1 0.7234375 0.1162037037037037 0.019791666666666666 0.05277777777777778
1 0.3424479166666667 0.11805555555555555 0.03697916666666667 0.03981481481481482
1 0.55703125 0.07824074074074074 0.022395833333333334 0.025
1 0.2799479166666667 0.11851851851851852 0.024479166666666666 0.040740740740740744
1 0.3815104166666667 0.06481481481481481 0.0234375 0.016666666666666666
1 0.16744791666666667 0.0763888888888889 0.0296875 0.019444444444444445
1 0.16796875 0.15462962962962962 0.03177083333333333 0.03888888888888889
1 0.6401041666666667 0.09074074074074075 0.021875 0.027777777777777776
1 0.19427083333333334 0.28379629629629627 0.05416666666666667 0.09722222222222222
1 0.17578125 0.22361111111111112 0.049479166666666664 0.05648148148148148
1 0.30390625 0.1398148148148148 0.0359375 0.044444444444444446
1 0.46145833333333336 0.23425925925925925 0.05 0.07037037037037037
1 0.25885416666666666 0.1875 0.03854166666666667 0.05462962962962963
1 0.9942708333333333 0.2152777777777778 0.010416666666666666 0.05092592592592592
1 0.9893229166666667 0.35324074074074074 0.0203125 0.04722222222222222