1 0.4244791666666667 0.624537037037037 0.11145833333333334 0.14166666666666666
1 0.23359375 0.6953703703703704 0.12760416666666666 0.17592592592592593
1 0.7809895833333333 0.8523148148148149 0.18385416666666668 0.28055555555555556
1 0.19739583333333333 0.412962962962963 0.08020833333333334 0.10925925925925926
1 0.6151041666666667 0.5592592592592592 0.10104166666666667 0.14074074074074075
1 0.3770833333333333 0.500462962962963 0.08645833333333333 0.12685185185185185
1 0.4921875 0.2740740740740741 0.057291666666666664 0.07222222222222222
1 0.5229166666666667 0.44027777777777777 0.08229166666666667 0.11944444444444445
1 0.878125 0.5981481481481481 0.12395833333333334 0.1962962962962963
1 0.7291666666666666 0.4648148148148148 0.08958333333333333 0.12962962962962962
1 0.6268229166666667 0.27175925925925926 0.058854166666666666 0.09166666666666666
1 0.4791666666666667 0.40324074074074073 0.06354166666666666 0.09907407407407408
1 0.553125 0.3143518518518518 0.06770833333333333 0.10462962962962963
1 0.2830729166666667 0.28055555555555556 0.04739583333333333 0.07407407407407407
1 0.13828125 0.3800925925925926 0.06927083333333334 0.11203703703703703
1 0.35546875 0.45185185185185184 0.07864583333333333 0.11481481481481481
1 0.6182291666666667 0.37824074074074077 0.06354166666666666 0.09722222222222222
1 0.44479166666666664 0.2273148148148148 0.046875 0.062037037037037036
1 0.6510416666666666 0.4046296296296296 0.084375 0.11296296296296296
1 0.9278645833333333 0.2828703703703704 0.06197916666666667 0.08981481481481482
1 0.8052083333333333 0.3888888888888889 0.08125 0.12407407407407407
1 0.5432291666666667 0.22175925925925927 0.04479166666666667 0.0712962962962963
1 0.70546875 0.3402777777777778 0.06927083333333334 0.09351851851851851
1 0.1890625 0.337037037037037 0.059375 0.05555555555555555
1 0.32578125 0.3638888888888889 0.0671875 0.08888888888888889
1 0.41015625 0.1259259259259259 0.030729166666666665 0.04259259259259259
1 0.7513020833333334 0.24861111111111112 0.05677083333333333 0.04722222222222222
1 0.9638020833333333 0.225 0.05572916666666667 0.05925925925925926
1 0.17161458333333332 0.2638888888888889 0.04635416666666667 0.06666666666666667
1 0.3815104166666667 0.2689814814814815 0.0421875 0.0712962962962963
1 0.41822916666666665 0.287962962962963 0.05625 0.09259259259259259
1 0.98359375 0.2712962962962963 0.03177083333333333 0.08148148148148149
1 0.5161458333333333 0.13240740740740742 0.03125 0.03518518518518519
1 0.45651041666666664 0.3541666666666667 0.07552083333333333 0.11203703703703703
1 0.37083333333333335 0.24537037037037038 0.041666666666666664 0.06666666666666667
1 0.6942708333333333 0.21296296296296297 0.051041666666666666 0.06666666666666667
1 0.6958333333333333 0.17962962962962964 0.036458333333333336 0.03333333333333333
1 0.41744791666666664 0.20416666666666666 0.043229166666666666 0.058333333333333334
1 0.5875 0.24537037037037038 0.04895833333333333 0.08148148148148149
1 0.29713541666666665 0.13657407407407407 0.028645833333333332 0.04537037037037037
1 0.3815104166666667 0.16111111111111112 0.0296875 0.04259259259259259
1 0.7794270833333333 0.1425925925925926 0.0265625 0.040740740740740744
1 0.75 0.18333333333333332 0.040625 0.05555555555555555
1 0.6971354166666667 0.1375 0.0296875 0.04537037037037037
1 0.3299479166666667 0.19907407407407407 0.034895833333333334 0.053703703703703705
1 0.69765625 0.10740740740740741 0.030729166666666665 0.03518518518518519
1 0.18307291666666667 0.23564814814814813 0.04114583333333333 0.062037037037037036
1 0.37265625 0.0962962962962963 0.030729166666666665 0.040740740740740744
1 0.49244791666666665 0.10185185185185185 0.025520833333333333 0.03148148148148148
1 0.6606770833333333 0.19490740740740742 0.033854166666666664 0.03981481481481482
1 0.7997395833333333 0.17962962962962964 0.027604166666666666 0.03518518518518519
1 0.659375 0.17222222222222222 0.03854166666666667 0.046296296296296294
1 0.8833333333333333 0.22685185185185186 0.025 0.06666666666666667
1 0.3140625 0.31296296296296294 0.057291666666666664 0.08148148148148149
1 0.3546875 0.21342592592592594 0.04375 0.07314814814814814
1 0.22005208333333334 0.1125 0.034895833333333334 0.041666666666666664
1 0.18125 0.18796296296296297 0.03854166666666667 0.04259259259259259
1 0.2604166666666667 0.22407407407407406 0.05416666666666667 0.08703703703703704
1 0.40338541666666666 0.1050925925925926 0.025520833333333333 0.025
1 0.6260416666666667 0.12731481481481483 0.030208333333333334 0.04537037037037037
1 0.33098958333333334 0.17083333333333334 0.04010416666666667 0.049074074074074076
1 0.89609375 0.20324074074074075 0.034895833333333334 0.05648148148148148
1 0.7533854166666667 0.1361111111111111 0.028645833333333332 0.040740740740740744
1 0.33359375 0.11805555555555555 0.0265625 0.041666666666666664
1 0.17057291666666666 0.13333333333333333 0.04114583333333333 0.05555555555555555
1 0.56953125 0.1574074074074074 0.028645833333333332 0.02962962962962963
1 0.35182291666666665 0.1361111111111111 0.028645833333333332 0.03888888888888889
1 0.40911458333333334 0.17916666666666667 0.04010416666666667 0.06388888888888888
1 0.55859375 0.08657407407407407 0.021354166666666667 0.04722222222222222
1 0.6190104166666667 0.1824074074074074 0.03697916666666667 0.037037037037037035
1 0.5182291666666666 0.08888888888888889 0.026041666666666668 0.040740740740740744
1 0.5934895833333333 0.1648148148148148 0.0296875 0.03518518518518519
1 0.428125 0.08518518518518518 0.019791666666666666 0.024074074074074074
1 0.6697916666666667 0.13703703703703704 0.028125 0.025925925925925925
1 0.28098958333333335 0.11712962962962963 0.034895833333333334 0.03425925925925926
1 0.35442708333333334 0.09537037037037037 0.011979166666666667 0.03148148148148148
1 0.58203125 0.12962962962962962 0.0296875 0.02962962962962963
1 0.62265625 0.14953703703703702 0.03177083333333333 0.041666666666666664
1 0.34479166666666666 0.08101851851851852 0.019791666666666666 0.032407407407407406
1 0.26484375 0.18564814814814815 0.05260416666666667 0.05092592592592592
1 0.47734375 0.0912037037037037 0.022395833333333334 0.041666666666666664
1 0.45260416666666664 0.08935185185185185 0.027083333333333334 0.03981481481481482
1 0.6833333333333333 0.15046296296296297 0.03229166666666667 0.03796296296296296
1 0.26536458333333335 0.10046296296296296 0.0296875 0.04351851851851852
1 0.7625 0.15462962962962962 0.03333333333333333 0.040740740740740744
1 0.23125 0.1310185185185185 0.026041666666666668 0.03796296296296296
1 0.5278645833333333 0.2050925925925926 0.04635416666666667 0.0787037037037037
1 0.5369791666666667 0.06620370370370371 0.021875 0.026851851851851852
1 0.5955729166666667 0.1 0.027604166666666666 0.037037037037037035
1 0.67109375 0.10555555555555556 0.0296875 0.046296296296296294
1 0.8528645833333334 0.2439814814814815 0.06302083333333333 0.09722222222222222
1 0.9247395833333333 0.21712962962962962 0.04114583333333333 0.06018518518518518
1 0.21901041666666668 0.08287037037037037 0.025520833333333333 0.026851851851851852
1 0.24427083333333333 0.16064814814814815 0.040625 0.06018518518518518
1 0.3111979166666667 0.09768518518518518 0.0265625 0.03611111111111111
1 0.37473958333333335 0.15092592592592594 0.0296875 0.05
1 0.7924479166666667 0.23194444444444445 0.06927083333333334 0.08055555555555556
1 0.31197916666666664 0.1625 0.030208333333333334 0.058333333333333334
1 0.16901041666666666 0.20972222222222223 0.03697916666666667 0.06944444444444445
1 0.8635416666666667 0.2263888888888889 0.06458333333333334 0.06759259259259259
1 0.9940104166666667 0.3337962962962963 0.0109375 0.0787037037037037
1 0.7549479166666667 0.125 0.024479166666666666 0.020370370370370372