2 0.6440104166666667 0.3472222222222222 0.10260416666666666 0.19814814814814816
2 0.8572916666666667 0.1398148148148148 0.078125 0.12037037037037036
2 0.7869791666666667 0.0912037037037037 0.057291666666666664 0.08796296296296297
1 0.6921875 0.6995370370370371 0.12395833333333334 0.1712962962962963
1 0.56015625 0.32546296296296295 0.0640625 0.08425925925925926
1 0.6434895833333333 0.5958333333333333 0.10885416666666667 0.1398148148148148
1 0.43307291666666664 0.6398148148148148 0.11927083333333334 0.18518518518518517
1 0.34869791666666666 0.3976851851851852 0.07552083333333333 0.10092592592592593
1 0.20416666666666666 0.5361111111111111 0.08854166666666667 0.12037037037037036
1 0.6822916666666666 0.21342592592592594 0.04895833333333333 0.04351851851851852
1 0.2765625 0.2763888888888889 0.05625 0.0712962962962963
1 0.7427083333333333 0.47175925925925927 0.10833333333333334 0.175
1 0.49895833333333334 0.27314814814814814 0.051041666666666666 0.07222222222222222
1 0.5880208333333333 0.2523148148148148 0.05 0.06574074074074074
1 0.46848958333333335 0.2439814814814815 0.0515625 0.06759259259259259
1 0.47760416666666666 0.38564814814814813 0.07291666666666667 0.10462962962962963
1 0.6330729166666667 0.16574074074074074 0.03697916666666667 0.05185185185185185
1 0.9208333333333333 0.28055555555555556 0.065625 0.1
1 0.18932291666666667 0.2523148148148148 0.04635416666666667 0.06944444444444445
1 0.5541666666666667 0.22870370370370371 0.05 0.07592592592592592
1 0.7859375 0.2569444444444444 0.051041666666666666 0.06388888888888888
1 0.19088541666666667 0.4837962962962963 0.0890625 0.10833333333333334
1 0.33203125 0.3486111111111111 0.0828125 0.12685185185185185
1 0.8119791666666667 0.2337962962962963 0.046875 0.062037037037037036
1 0.459375 0.34675925925925927 0.058333333333333334 0.09351851851851851
1 0.9252604166666667 0.9166666666666666 0.1484375 0.1648148148148148
1 0.5822916666666667 0.36527777777777776 0.03333333333333333 0.09166666666666666
1 0.403125 0.5726851851851852 0.10729166666666666 0.14166666666666666
1 0.86484375 0.2175925925925926 0.0546875 0.07777777777777778
1 0.7541666666666667 0.21712962962962962 0.034375 0.06388888888888888
1 0.9877604166666667 0.7837962962962963 0.0234375 0.14907407407407408
1 0.17994791666666668 0.4041666666666667 0.0671875 0.10833333333333334
1 0.35703125 0.24768518518518517 0.0296875 0.06574074074074074
1 0.18515625 0.350462962962963 0.07864583333333333 0.11388888888888889
1 0.3841145833333333 0.15925925925925927 0.03802083333333333 0.05185185185185185
1 0.2604166666666667 0.09675925925925925 0.021875 0.03611111111111111
1 0.4171875 0.2902777777777778 0.06354166666666666 0.10648148148148148
1 0.26145833333333335 0.20324074074074075 0.036458333333333336 0.05277777777777778
1 0.6177083333333333 0.15462962962962962 0.035416666666666666 0.05185185185185185
1 0.9440104166666666 0.1884259259259259 0.043229166666666666 0.06574074074074074
1 0.5747395833333333 0.13796296296296295 0.0328125 0.04814814814814815
1 0.42864583333333334 0.22361111111111112 0.042708333333333334 0.05648148148148148
1 0.7020833333333333 0.13703703703703704 0.020833333333333332 0.04259259259259259
1 0.16770833333333332 0.1375 0.03333333333333333 0.03611111111111111
1 0.23515625 0.13703703703703704 0.033854166666666664 0.040740740740740744
1 0.2760416666666667 0.1087962962962963 0.03333333333333333 0.04351851851851852
1 0.5098958333333333 0.10648148148148148 0.030208333333333334 0.05
1 0.32317708333333334 0.17083333333333334 0.0453125 0.049074074074074076
1 0.48932291666666666 0.10185185185185185 0.018229166666666668 0.03333333333333333
1 0.74140625 0.19953703703703704 0.0453125 0.075
1 0.3458333333333333 0.21574074074074073 0.04895833333333333 0.07407407407407407
1 0.6114583333333333 0.09814814814814815 0.021875 0.016666666666666666
1 0.36744791666666665 0.09444444444444444 0.025520833333333333 0.04259259259259259
1 0.39036458333333335 0.17546296296296296 0.027604166666666666 0.05277777777777778
1 0.28984375 0.13333333333333333 0.03177083333333333 0.046296296296296294
1 0.92265625 0.17777777777777778 0.04010416666666667 0.06851851851851852
1 0.16979166666666667 0.07916666666666666 0.025 0.021296296296296296
1 0.3893229166666667 0.10925925925925926 0.033854166666666664 0.046296296296296294
1 0.41484375 0.18287037037037038 0.04010416666666667 0.06388888888888888
1 0.60390625 0.1388888888888889 0.0328125 0.06666666666666667
1 0.32447916666666665 0.11203703703703703 0.029166666666666667 0.03148148148148148
1 0.38645833333333335 0.25416666666666665 0.051041666666666666 0.0824074074074074
1 0.7908854166666667 0.1625 0.04114583333333333 0.062037037037037036
1 0.8544270833333333 0.20185185185185187 0.0484375 0.07592592592592592
1 0.75859375 0.14953703703703702 0.030729166666666665 0.030555555555555555
1 0.9783854166666667 0.19583333333333333 0.0421875 0.0787037037037037
1 0.5984375 0.08518518518518518 0.028125 0.03148148148148148
1 0.63125 0.11944444444444445 0.03229166666666667 0.040740740740740744
1 0.35130208333333335 0.1375 0.043229166666666666 0.05092592592592592
1 0.44557291666666665 0.20185185185185187 0.03802083333333333 0.02962962962962963
1 0.33932291666666664 0.12777777777777777 0.0234375 0.03333333333333333
1 0.3203125 0.06944444444444445 0.021875 0.018518518518518517
1 0.30885416666666665 0.09351851851851851 0.034375 0.037037037037037035
1 0.18567708333333333 0.20277777777777778 0.0390625 0.05
1 0.4231770833333333 0.14027777777777778 0.0453125 0.05462962962962963
1 0.6541666666666667 0.10277777777777777 0.022916666666666665 0.022222222222222223
1 0.24453125 0.16157407407407406 0.04010416666666667 0.049074074074074076
1 0.42578125 0.07222222222222222 0.0234375 0.03148148148148148
1 0.40520833333333334 0.07037037037037037 0.020833333333333332 0.02962962962962963
1 0.32890625 0.19166666666666668 0.0328125 0.053703703703703705
1 0.1734375 0.17222222222222222 0.04583333333333333 0.046296296296296294
1 0.3109375 0.15462962962962962 0.03229166666666667 0.05555555555555555
1 0.7450520833333333 0.1425925925925926 0.034895833333333334 0.040740740740740744
1 0.2559895833333333 0.1824074074074074 0.049479166666666664 0.044444444444444446