2 0.9588541666666667 0.1986111111111111 0.08125 0.19166666666666668
1 0.22994791666666667 0.7976851851851852 0.15572916666666667 0.20277777777777778
1 0.5841145833333333 0.9092592592592592 0.17552083333333332 0.17962962962962964
1 0.63828125 0.41064814814814815 0.0828125 0.10648148148148148
1 0.20078125 0.6013888888888889 0.1109375 0.14537037037037037
1 0.9544270833333334 0.6814814814814815 0.09010416666666667 0.1814814814814815
1 0.4140625 0.6273148148148148 0.11770833333333333 0.15648148148148147
1 0.7388020833333333 0.7583333333333333 0.13802083333333334 0.18518518518518517
1 0.4979166666666667 0.2833333333333333 0.057291666666666664 0.07407407407407407
1 0.8841145833333334 0.8870370370370371 0.16927083333333334 0.22407407407407406
1 0.34401041666666665 0.41898148148148145 0.07552083333333333 0.10833333333333334
1 0.15130208333333334 0.37407407407407406 0.06510416666666667 0.09444444444444444
1 0.48072916666666665 0.3972222222222222 0.07395833333333333 0.10185185185185185
1 0.8942708333333333 0.45092592592592595 0.1 0.14814814814814814
1 0.8390625 0.2513888888888889 0.051041666666666666 0.06759259259259259
1 0.7880208333333333 0.5231481481481481 0.11145833333333334 0.17407407407407408
1 0.5544270833333333 0.32175925925925924 0.0640625 0.08981481481481482
1 0.7375 0.20972222222222223 0.04583333333333333 0.062037037037037036
1 0.30182291666666666 0.30648148148148147 0.07135416666666666 0.11666666666666667
1 0.44973958333333336 0.35324074074074074 0.06302083333333333 0.09351851851851851
1 0.18880208333333334 0.3236111111111111 0.05677083333333333 0.08055555555555556
1 0.4791666666666667 0.1726851851851852 0.03854166666666667 0.05277777777777778
1 0.7192708333333333 0.3398148148148148 0.07083333333333333 0.10555555555555556
1 0.39817708333333335 0.12129629629629629 0.021354166666666667 0.03888888888888889
1 0.8184895833333333 0.38657407407407407 0.08802083333333334 0.12129629629629629
1 0.90546875 0.175 0.03802083333333333 0.06296296296296296
1 0.534375 0.44675925925925924 0.08645833333333333 0.1398148148148148
1 0.39453125 0.4986111111111111 0.09322916666666667 0.125
1 0.31953125 0.18009259259259258 0.0421875 0.05462962962962963
1 0.4393229166666667 0.2152777777777778 0.034895833333333334 0.05277777777777778
1 0.5861979166666667 0.16712962962962963 0.03697916666666667 0.03796296296296296
1 0.42135416666666664 0.13287037037037036 0.0375 0.058333333333333334
1 0.41796875 0.29074074074074074 0.0578125 0.0962962962962963
1 0.384375 0.26944444444444443 0.042708333333333334 0.06851851851851852
1 0.6859375 0.18472222222222223 0.03958333333333333 0.062037037037037036
1 0.6778645833333333 0.1125 0.0265625 0.03611111111111111
1 0.3807291666666667 0.10277777777777777 0.023958333333333335 0.03518518518518519
1 0.3809895833333333 0.17222222222222222 0.03177083333333333 0.046296296296296294
1 0.8369791666666667 0.20925925925925926 0.04791666666666667 0.06296296296296296
1 0.72265625 0.16435185185185186 0.03697916666666667 0.05648148148148148
1 0.36328125 0.14722222222222223 0.0328125 0.05
1 0.24010416666666667 0.16296296296296298 0.029166666666666667 0.04814814814814815
1 0.6940104166666666 0.14629629629629629 0.033854166666666664 0.03333333333333333
1 0.2015625 0.1648148148148148 0.04375 0.06666666666666667
1 0.6424479166666667 0.11064814814814815 0.027604166666666666 0.03611111111111111
1 0.778125 0.1824074074074074 0.04479166666666667 0.07777777777777778
1 0.58125 0.11435185185185186 0.03333333333333333 0.041666666666666664
1 0.459375 0.15694444444444444 0.034375 0.05462962962962963
1 0.7494791666666667 0.1486111111111111 0.027083333333333334 0.04351851851851852
1 0.42526041666666664 0.2013888888888889 0.03697916666666667 0.06388888888888888
1 0.5700520833333333 0.12916666666666668 0.028645833333333332 0.03981481481481482
1 0.68046875 0.625462962962963 0.1234375 0.19722222222222222
1 0.34348958333333335 0.12546296296296297 0.033854166666666664 0.05277777777777778
1 0.47578125 0.2388888888888889 0.05572916666666667 0.08148148148148149
1 0.4005208333333333 0.1814814814814815 0.036458333333333336 0.05185185185185185
1 0.5247395833333334 0.08796296296296297 0.0203125 0.022222222222222223
1 0.8213541666666667 0.1685185185185185 0.04375 0.06296296296296296
1 0.15677083333333333 0.09537037037037037 0.026041666666666668 0.040740740740740744
1 0.7979166666666667 0.1259259259259259 0.040625 0.03333333333333333
1 0.16380208333333332 0.25416666666666665 0.0421875 0.06388888888888888
1 0.4513020833333333 0.09768518518518518 0.0234375 0.028703703703703703
1 0.6872395833333333 0.13240740740740742 0.030729166666666665 0.04814814814814815
1 0.6028645833333334 0.10138888888888889 0.0234375 0.032407407407407406
1 0.6645833333333333 0.10462962962962963 0.021875 0.03148148148148148
1 0.17552083333333332 0.11296296296296296 0.028125 0.02962962962962963
1 0.35182291666666665 0.2152777777777778 0.0390625 0.07314814814814814
1 0.37161458333333336 0.23703703703703705 0.0484375 0.07777777777777778
1 0.26796875 0.10462962962962963 0.0265625 0.03888888888888889
1 0.5127604166666667 0.12638888888888888 0.0265625 0.028703703703703703
1 0.69296875 0.30694444444444446 0.07135416666666666 0.11574074074074074
1 0.23541666666666666 0.13842592592592592 0.03333333333333333 0.03981481481481482
1 0.6263020833333334 0.08842592592592592 0.024479166666666666 0.03611111111111111
1 0.2734375 0.1597222222222222 0.035416666666666666 0.058333333333333334
1 0.49322916666666666 0.08148148148148149 0.025 0.037037037037037035
1 0.6419270833333334 0.16203703703703703 0.044270833333333336 0.07037037037037037
1 0.34322916666666664 0.07962962962962963 0.023958333333333335 0.03333333333333333
1 0.53046875 0.13564814814814816 0.015104166666666667 0.030555555555555555
1 0.16588541666666667 0.20462962962962963 0.033854166666666664 0.03518518518518519
1 0.484375 0.1111111111111111 0.019791666666666666 0.025925925925925925
1 0.26979166666666665 0.2050925925925926 0.046875 0.05462962962962963
1 0.2598958333333333 0.24074074074074073 0.029166666666666667 0.06481481481481481
1 0.31015625 0.23425925925925925 0.030729166666666665 0.037037037037037035
1 0.4705729166666667 0.0875 0.0234375 0.03611111111111111
1 0.5046875 0.09537037037037037 0.021875 0.020370370370370372
1 0.23020833333333332 0.11990740740740741 0.036458333333333336 0.032407407407407406
1 0.1796875 0.21805555555555556 0.042708333333333334 0.04351851851851852
1 0.6177083333333333 0.14027777777777778 0.0375 0.06574074074074074
1 0.17916666666666667 0.28055555555555556 0.04895833333333333 0.09444444444444444
1 0.17005208333333333 0.1587962962962963 0.028645833333333332 0.05277777777777778
1 0.25625 0.2013888888888889 0.03958333333333333 0.0712962962962963
1 0.98828125 0.3037037037037037 0.022395833333333334 0.1111111111111111