3 0.21432291666666667 0.7717592592592593 0.1359375 0.25092592592592594
2 0.7802083333333333 0.11990740740740741 0.06875 0.13425925925925927
2 0.69296875 0.09027777777777778 0.0546875 0.08611111111111111
1 0.9526041666666667 0.7129629629629629 0.09375 0.17037037037037037
1 0.9140625 0.4842592592592593 0.096875 0.12962962962962962
1 0.93046875 0.9222222222222223 0.13802083333333334 0.1537037037037037
1 0.78046875 0.525 0.0984375 0.13703703703703704
1 0.6265625 0.9291666666666667 0.18333333333333332 0.1398148148148148
1 0.13541666666666666 0.4060185185185185 0.075 0.11574074074074074
1 0.6598958333333333 0.4212962962962963 0.08645833333333333 0.10925925925925926
1 0.35182291666666665 0.44351851851851853 0.08802083333333334 0.1111111111111111
1 0.2552083333333333 0.9152777777777777 0.15833333333333333 0.1675925925925926
1 0.8322916666666667 0.8171296296296297 0.14583333333333334 0.20277777777777778
1 0.3015625 0.30648148148148147 0.05416666666666667 0.07592592592592592
1 0.4041666666666667 0.2875 0.05416666666666667 0.075
1 0.6020833333333333 0.5662037037037037 0.12916666666666668 0.19907407407407407
1 0.5200520833333333 0.7939814814814815 0.19010416666666666 0.2916666666666667
1 0.44114583333333335 0.3388888888888889 0.075 0.11481481481481481
1 0.3723958333333333 0.4930555555555556 0.090625 0.11944444444444445
1 0.57109375 0.34814814814814815 0.06197916666666667 0.1
1 0.5265625 0.28935185185185186 0.06354166666666666 0.09722222222222222
1 0.37213541666666666 0.25092592592592594 0.0515625 0.07222222222222222
1 0.83828125 0.4074074074074074 0.08489583333333334 0.12407407407407407
1 0.6138020833333333 0.37916666666666665 0.07760416666666667 0.11018518518518519
1 0.46510416666666665 0.16342592592592592 0.03958333333333333 0.05648148148148148
1 0.5390625 0.21064814814814814 0.04583333333333333 0.06944444444444445
1 0.5075520833333333 0.41944444444444445 0.0859375 0.13518518518518519
1 0.98046875 0.31712962962962965 0.03802083333333333 0.08611111111111111
1 0.20052083333333334 0.3189814814814815 0.05520833333333333 0.08611111111111111
1 0.8109375 0.26851851851851855 0.052083333333333336 0.05925925925925926
1 0.6716145833333333 0.17453703703703705 0.0421875 0.06574074074074074
1 0.9356770833333333 0.3425925925925926 0.07239583333333334 0.08888888888888889
1 0.5036458333333333 0.1925925925925926 0.036458333333333336 0.053703703703703705
1 0.3921875 0.17916666666666667 0.036458333333333336 0.04722222222222222
1 0.54296875 0.4773148148148148 0.09427083333333333 0.125
1 0.7520833333333333 0.21157407407407408 0.041666666666666664 0.06388888888888888
1 0.5575520833333333 0.15138888888888888 0.034895833333333334 0.03611111111111111
1 0.20234375 0.12268518518518519 0.0265625 0.041666666666666664
1 0.8604166666666667 0.29398148148148145 0.057291666666666664 0.06759259259259259
1 0.746875 0.18055555555555555 0.041666666666666664 0.05555555555555555
1 0.3734375 0.1537037037037037 0.034375 0.04814814814814815
1 0.27395833333333336 0.25462962962962965 0.04375 0.06666666666666667
1 0.5979166666666667 0.14675925925925926 0.035416666666666666 0.04351851851851852
1 0.9036458333333334 0.26481481481481484 0.05416666666666667 0.06851851851851852
1 0.240625 0.15416666666666667 0.04375 0.06759259259259259
1 0.9473958333333333 0.25 0.04791666666666667 0.07407407407407407
1 0.17005208333333333 0.18009259259259258 0.0359375 0.04722222222222222
1 0.49296875 0.2564814814814815 0.04635416666666667 0.07592592592592592
1 0.89140625 0.22361111111111112 0.05260416666666667 0.05648148148148148
1 0.4270833333333333 0.1986111111111111 0.042708333333333334 0.06944444444444445
1 0.44427083333333334 0.14351851851851852 0.0375 0.04259259259259259
1 0.36041666666666666 0.21666666666666667 0.04479166666666667 0.07407407407407407
1 0.9828125 0.20185185185185187 0.03333333333333333 0.05555555555555555
1 0.31666666666666665 0.17407407407407408 0.03229166666666667 0.05555555555555555
1 0.35625 0.08472222222222223 0.023958333333333335 0.032407407407407406
1 0.7888020833333333 0.22824074074074074 0.0515625 0.06574074074074074
1 0.3494791666666667 0.13657407407407407 0.035416666666666666 0.03796296296296296
1 0.9466145833333334 0.21203703703703702 0.0515625 0.053703703703703705
1 0.43776041666666665 0.22361111111111112 0.0296875 0.062037037037037036
1 0.5223958333333333 0.11203703703703703 0.027083333333333334 0.03888888888888889
1 0.44947916666666665 0.07824074074074074 0.025 0.03796296296296296
1 0.2859375 0.12546296296296297 0.027083333333333334 0.04722222222222222
1 0.25755208333333335 0.18518518518518517 0.0390625 0.053703703703703705
1 0.4276041666666667 0.13796296296296295 0.035416666666666666 0.04259259259259259
1 0.8463541666666666 0.23564814814814813 0.052083333333333336 0.062037037037037036
1 0.6565104166666667 0.14027777777777778 0.0359375 0.05648148148148148
1 0.5104166666666666 0.12731481481481483 0.03125 0.032407407407407406
1 0.8296875 0.19907407407407407 0.04375 0.053703703703703705
1 0.26510416666666664 0.22361111111111112 0.04375 0.06388888888888888
1 0.72734375 0.11712962962962963 0.0171875 0.05277777777777778
1 0.8291666666666667 0.15138888888888888 0.040625 0.06018518518518518
1 0.178125 0.24861111111111112 0.04375 0.062037037037037036
1 0.29296875 0.27314814814814814 0.05572916666666667 0.07037037037037037
1 0.303125 0.13703703703703704 0.036458333333333336 0.04259259259259259
1 0.3341145833333333 0.18611111111111112 0.03802083333333333 0.06481481481481481
1 0.1703125 0.13564814814814816 0.0375 0.032407407407407406
1 0.15963541666666667 0.10787037037037037 0.0328125 0.05092592592592592
1 0.4578125 0.23148148148148148 0.05 0.07037037037037037
1 0.34010416666666665 0.11712962962962963 0.036458333333333336 0.03796296296296296
1 0.6286458333333333 0.12453703703703704 0.03125 0.05277777777777778
1 0.6020833333333333 0.1175925925925926 0.025 0.027777777777777776
1 0.40703125 0.06666666666666667 0.016145833333333335 0.024074074074074074
1 0.421875 0.0699074074074074 0.020833333333333332 0.030555555555555555
1 0.6434895833333333 0.09027777777777778 0.021354166666666667 0.028703703703703703
1 0.19453125 0.25601851851851853 0.0515625 0.04722222222222222
1 0.16744791666666667 0.15231481481481482 0.033854166666666664 0.03796296296296296
1 0.5591145833333333 0.09675925925925925 0.028645833333333332 0.04537037037037037
1 0.4265625 0.11481481481481481 0.03229166666666667 0.025925925925925925
1 0.2518229166666667 0.07592592592592592 0.0203125 0.027777777777777776
1 0.38255208333333335 0.06388888888888888 0.0265625 0.018518518518518517
1 0.19375 0.29305555555555557 0.052083333333333336 0.07314814814814814
1 0.6984375 0.23472222222222222 0.046875 0.08055555555555556
1 0.6580729166666667 0.0962962962962963 0.0171875 0.025925925925925925