2 0.9309895833333334 0.7148148148148148 0.13697916666666668 0.5666666666666667
2 0.96875 0.1824074074074074 0.06145833333333333 0.1685185185185185
2 0.8684895833333334 0.12037037037037036 0.0703125 0.12222222222222222
2 0.89140625 0.40694444444444444 0.1453125 0.15648148148148147
1 0.4630208333333333 0.4023148148148148 0.06458333333333334 0.09537037037037037
1 0.19895833333333332 0.39537037037037037 0.06666666666666667 0.09074074074074075
1 0.0171875 0.500462962962963 0.034375 0.1175925925925926
1 0.8291666666666667 0.5805555555555556 0.07395833333333333 0.19444444444444445
1 0.06848958333333334 0.46111111111111114 0.0828125 0.10925925925925926
1 0.5885416666666666 0.5319444444444444 0.10208333333333333 0.1361111111111111
1 0.6484375 0.6125 0.12083333333333333 0.1712962962962963
1 0.9302083333333333 0.28703703703703703 0.06041666666666667 0.08518518518518518
1 0.7278645833333334 0.20833333333333334 0.0453125 0.06111111111111111
1 0.85625 0.29583333333333334 0.06666666666666667 0.06018518518518518
1 0.70390625 0.4703703703703704 0.0921875 0.11851851851851852
1 0.30130208333333336 0.30185185185185187 0.05572916666666667 0.07592592592592592
1 0.4122395833333333 0.19814814814814816 0.04114583333333333 0.05740740740740741
1 0.18723958333333332 0.20416666666666666 0.0390625 0.058333333333333334
1 0.44192708333333336 0.21805555555555556 0.0421875 0.06018518518518518
1 0.5763020833333333 0.33796296296296297 0.07864583333333333 0.12407407407407407
1 0.3533854166666667 0.41898148148148145 0.07760416666666667 0.12685185185185185
1 0.47291666666666665 0.25555555555555554 0.04375 0.06851851851851852
1 0.40989583333333335 0.29398148148148145 0.05625 0.0787037037037037
1 0.76953125 0.38796296296296295 0.08072916666666667 0.1037037037037037
1 0.19244791666666666 0.3560185185185185 0.06510416666666667 0.08055555555555556
1 0.9815104166666667 0.37083333333333335 0.0359375 0.09166666666666666
1 0.20807291666666666 0.13518518518518519 0.028645833333333332 0.037037037037037035
1 0.26953125 0.22175925925925927 0.044270833333333336 0.06018518518518518
1 0.6458333333333334 0.16712962962962963 0.041666666666666664 0.05462962962962963
1 0.39348958333333334 0.11574074074074074 0.04010416666666667 0.04814814814814815
1 0.45729166666666665 0.08472222222222223 0.026041666666666668 0.03611111111111111
1 0.8700520833333333 0.19583333333333333 0.0453125 0.06018518518518518
1 0.45807291666666666 0.7662037037037037 0.1421875 0.2564814814814815
1 0.24921875 0.1699074074074074 0.0359375 0.04351851851851852
1 0.37942708333333336 0.2657407407407407 0.043229166666666666 0.07407407407407407
1 0.6098958333333333 0.15462962962962962 0.035416666666666666 0.040740740740740744
1 0.35989583333333336 0.13935185185185187 0.036458333333333336 0.05092592592592592
1 0.3265625 0.3958333333333333 0.06145833333333333 0.09907407407407408
1 0.6791666666666667 0.17777777777777778 0.041666666666666664 0.06851851851851852
1 0.5609375 0.12685185185185185 0.036458333333333336 0.05555555555555555
1 0.31744791666666666 0.17731481481481481 0.03802083333333333 0.062037037037037036
1 0.2791666666666667 0.1175925925925926 0.03229166666666667 0.044444444444444446
1 0.7109375 0.19305555555555556 0.03854166666666667 0.06018518518518518
1 0.3033854166666667 0.14907407407407408 0.034895833333333334 0.04814814814814815
1 0.1828125 0.17037037037037037 0.035416666666666666 0.04259259259259259
1 0.9044270833333333 0.25601851851851853 0.0765625 0.09166666666666666
1 0.3463541666666667 0.07731481481481481 0.021875 0.032407407407407406
1 0.36875 0.22916666666666666 0.053125 0.09166666666666666
1 0.3377604166666667 0.11898148148148148 0.028645833333333332 0.049074074074074076
1 0.7020833333333333 0.14537037037037037 0.040625 0.04259259259259259
1 0.5283854166666667 0.12037037037037036 0.015104166666666667 0.03888888888888889
1 0.9052083333333333 0.18055555555555555 0.030208333333333334 0.053703703703703705
1 0.4947916666666667 0.1837962962962963 0.06041666666666667 0.062037037037037036
1 0.5197916666666667 0.11342592592592593 0.028125 0.04351851851851852
1 0.16875 0.11898148148148148 0.029166666666666667 0.032407407407407406
1 0.5138020833333333 0.44074074074074077 0.07864583333333333 0.1111111111111111
1 0.26640625 0.09675925925925925 0.030729166666666665 0.041666666666666664
1 0.18203125 0.26851851851851855 0.04739583333333333 0.08888888888888889
1 0.4830729166666667 0.2773148148148148 0.0296875 0.0712962962962963
1 0.390625 0.14629629629629629 0.035416666666666666 0.05
1 0.39401041666666664 0.17453703703703705 0.0359375 0.03981481481481482
1 0.396875 0.0712962962962963 0.016666666666666666 0.024074074074074074
1 0.29322916666666665 0.13425925925925927 0.029166666666666667 0.05185185185185185
1 0.47369791666666666 0.07083333333333333 0.018229166666666668 0.032407407407407406
1 0.23671875 0.15648148148148147 0.04010416666666667 0.044444444444444446
1 0.23645833333333333 0.13240740740740742 0.03229166666666667 0.027777777777777776
1 0.8536458333333333 0.1837962962962963 0.03854166666666667 0.06574074074074074
1 0.5057291666666667 0.10648148148148148 0.022916666666666665 0.037037037037037035
1 0.2526041666666667 0.08287037037037037 0.021875 0.03611111111111111
1 0.6328125 0.12407407407407407 0.04895833333333333 0.044444444444444446
1 0.3651041666666667 0.09305555555555556 0.029166666666666667 0.03981481481481482
1 0.33828125 0.225 0.024479166666666666 0.06481481481481481
1 0.21901041666666668 0.09953703703703703 0.03802083333333333 0.03796296296296296
1 0.17239583333333333 0.3050925925925926 0.051041666666666666 0.08425925925925926
1 0.42994791666666665 0.07546296296296297 0.021354166666666667 0.032407407407407406
1 0.1734375 0.15694444444444444 0.03333333333333333 0.05648148148148148
1 0.92265625 0.18611111111111112 0.0359375 0.053703703703703705
1 0.5802083333333333 0.12083333333333333 0.021875 0.049074074074074076
1 0.671875 0.13657407407407407 0.027083333333333334 0.023148148148148147
1 0.29296875 0.2689814814814815 0.0578125 0.09722222222222222
1 0.7223958333333333 0.12824074074074074 0.029166666666666667 0.03425925925925926
1 0.34296875 0.2 0.04114583333333333 0.06851851851851852
1 0.48385416666666664 0.09212962962962963 0.025 0.04722222222222222
1 0.67109375 0.11805555555555555 0.027604166666666666 0.026851851851851852
1 0.6416666666666667 0.09583333333333334 0.036458333333333336 0.032407407407407406
0 0.6729166666666667 0.825925925925926 0.28854166666666664 0.34444444444444444