1 0.29713541666666665 0.8657407407407407 0.16197916666666667 0.21296296296296297
1 0.8484375 0.8634259259259259 0.17083333333333334 0.22685185185185186
1 0.5752604166666667 0.9009259259259259 0.17239583333333333 0.1962962962962963
1 0.35546875 0.43703703703703706 0.07864583333333333 0.10185185185185185
1 0.7893229166666667 0.5166666666666667 0.10572916666666667 0.14074074074074075
1 0.8783854166666667 0.612037037037037 0.1234375 0.17222222222222222
1 0.2046875 0.4671296296296296 0.084375 0.1175925925925926
1 0.5575520833333333 0.5194444444444445 0.11302083333333333 0.1685185185185185
1 0.5473958333333333 0.30925925925925923 0.065625 0.08888888888888889
1 0.9744791666666667 0.7310185185185185 0.05 0.1824074074074074
1 0.72890625 0.7032407407407407 0.1421875 0.2212962962962963
1 0.11171875 0.4027777777777778 0.08072916666666667 0.12962962962962962
1 0.3372395833333333 0.3712962962962963 0.0671875 0.09259259259259259
1 0.68515625 0.4152777777777778 0.0859375 0.13796296296296295
1 0.17890625 0.32546296296296295 0.06614583333333333 0.0824074074074074
1 0.43828125 0.3337962962962963 0.0640625 0.09166666666666666
1 0.5755208333333334 0.16111111111111112 0.036458333333333336 0.03888888888888889
1 0.8736979166666666 0.2222222222222222 0.0484375 0.05740740740740741
1 0.5994791666666667 0.26157407407407407 0.052083333333333336 0.075
1 0.3109375 0.34074074074074073 0.057291666666666664 0.08888888888888889
1 0.65390625 0.2902777777777778 0.059895833333333336 0.09537037037037037
1 0.5911458333333334 0.3527777777777778 0.06666666666666667 0.1
1 0.4869791666666667 0.25324074074074077 0.053125 0.08425925925925926
1 0.54140625 0.2152777777777778 0.0484375 0.075
1 0.4114583333333333 0.18888888888888888 0.03958333333333333 0.05185185185185185
1 0.5208333333333334 0.29259259259259257 0.04791666666666667 0.07777777777777778
1 0.171875 0.22314814814814815 0.03958333333333333 0.05740740740740741
1 0.4473958333333333 0.2263888888888889 0.04375 0.062037037037037036
1 0.8690104166666667 0.16898148148148148 0.0390625 0.049074074074074076
1 0.8307291666666666 0.27870370370370373 0.078125 0.07777777777777778
1 0.2643229166666667 0.2310185185185185 0.03802083333333333 0.062037037037037036
1 0.8421875 0.16064814814814815 0.03333333333333333 0.04722222222222222
1 0.35052083333333334 0.22175925925925927 0.036458333333333336 0.058333333333333334
1 0.6359375 0.16435185185185186 0.034375 0.05462962962962963
1 0.51171875 0.19768518518518519 0.04114583333333333 0.06759259259259259
1 0.9158854166666667 0.24166666666666667 0.05260416666666667 0.07962962962962963
1 0.3828125 0.1699074074074074 0.036458333333333336 0.05092592592592592
1 0.3802083333333333 0.10462962962962963 0.026041666666666668 0.03518518518518519
1 0.4166666666666667 0.3138888888888889 0.04791666666666667 0.07777777777777778
1 0.7419270833333333 0.17592592592592593 0.034895833333333334 0.05555555555555555
1 0.4864583333333333 0.1787037037037037 0.035416666666666666 0.06111111111111111
1 0.3984375 0.2796296296296296 0.053125 0.09074074074074075
1 0.9309895833333334 0.35 0.07760416666666667 0.09259259259259259
1 0.3375 0.11805555555555555 0.025 0.03796296296296296
1 0.34739583333333335 0.08194444444444444 0.030208333333333334 0.03611111111111111
1 0.17708333333333334 0.27870370370370373 0.059375 0.06481481481481481
1 0.78671875 0.15462962962962962 0.033854166666666664 0.03148148148148148
1 0.81171875 0.2273148148148148 0.044270833333333336 0.04351851851851852
1 0.28515625 0.2537037037037037 0.0484375 0.07037037037037037
1 0.18203125 0.1476851851851852 0.03697916666666667 0.04722222222222222
1 0.25416666666666665 0.18935185185185185 0.04583333333333333 0.07685185185185185
1 0.7755208333333333 0.24583333333333332 0.05416666666666667 0.05092592592592592
1 0.4546875 0.09953703703703703 0.026041666666666668 0.026851851851851852
1 0.7489583333333333 0.12638888888888888 0.035416666666666666 0.05092592592592592
1 0.275 0.11157407407407408 0.025 0.03611111111111111
1 0.6481770833333333 0.13472222222222222 0.0296875 0.03611111111111111
1 0.37265625 0.09166666666666666 0.024479166666666666 0.025925925925925925
1 0.5247395833333334 0.11527777777777778 0.021354166666666667 0.03425925925925926
1 0.47890625 0.09490740740740741 0.024479166666666666 0.03611111111111111
1 0.9385416666666667 0.2773148148148148 0.058333333333333334 0.05462962962962963
1 0.7236979166666667 0.11435185185185186 0.0265625 0.04351851851851852
1 0.8028645833333333 0.18703703703703703 0.033854166666666664 0.037037037037037035
1 0.16067708333333333 0.11944444444444445 0.0390625 0.053703703703703705
1 0.9791666666666666 0.30972222222222223 0.040625 0.09537037037037037
1 0.6760416666666667 0.2050925925925926 0.03854166666666667 0.041666666666666664
1 0.47421875 0.16435185185185186 0.04010416666666667 0.062037037037037036
1 0.29244791666666664 0.2875 0.05364583333333333 0.075
1 0.6942708333333333 0.17777777777777778 0.036458333333333336 0.05555555555555555
1 0.6466145833333333 0.1935185185185185 0.0296875 0.03518518518518519
1 0.69453125 0.14351851851851852 0.0328125 0.03148148148148148
1 0.5119791666666667 0.10185185185185185 0.025 0.04259259259259259
1 0.55859375 0.10231481481481482 0.027604166666666666 0.04537037037037037
1 0.3458333333333333 0.2050925925925926 0.03958333333333333 0.05648148148148148
1 0.30703125 0.15138888888888888 0.0359375 0.05462962962962963
1 0.5809895833333333 0.1361111111111111 0.033854166666666664 0.05555555555555555
1 0.28411458333333334 0.12037037037037036 0.0234375 0.03888888888888889
1 0.315625 0.10138888888888889 0.022916666666666665 0.032407407407407406
1 0.6625 0.1675925925925926 0.034375 0.03518518518518519
1 0.5859375 0.10555555555555556 0.027083333333333334 0.03333333333333333
1 0.37734375 0.2351851851851852 0.0453125 0.07962962962962963
1 0.49322916666666666 0.11574074074074074 0.028125 0.03148148148148148
1 0.17838541666666666 0.2 0.04114583333333333 0.05555555555555555
1 0.4895833333333333 0.4009259259259259 0.07291666666666667 0.1037037037037037
1 0.19401041666666666 0.1037037037037037 0.021354166666666667 0.03148148148148148
1 0.17109375 0.17824074074074073 0.04114583333333333 0.06574074074074074
1 0.16744791666666667 0.08425925925925926 0.03177083333333333 0.03148148148148148
1 0.3575520833333333 0.13657407407407407 0.0296875 0.04351851851851852
1 0.5984375 0.09305555555555556 0.019791666666666666 0.04351851851851852
1 0.7119791666666667 0.23333333333333334 0.046875 0.05555555555555555
1 0.7578125 0.17731481481481481 0.029166666666666667 0.03611111111111111
1 0.2981770833333333 0.13796296296296295 0.028645833333333332 0.05
1 0.46588541666666666 0.06157407407407407 0.018229166666666668 0.019444444444444445
1 0.75546875 0.21898148148148147 0.034895833333333334 0.06574074074074074
1 0.3768229166666667 0.14953703703703702 0.03697916666666667 0.058333333333333334
1 0.6520833333333333 0.1087962962962963 0.023958333333333335 0.03611111111111111