1 0.21015625 0.6199074074074075 0.12447916666666667 0.16018518518518518
1 0.47630208333333335 0.7101851851851851 0.14427083333333332 0.17777777777777778
1 0.6994791666666667 0.6828703703703703 0.13020833333333334 0.18055555555555555
1 0.19427083333333334 0.49537037037037035 0.09270833333333334 0.11851851851851852
1 0.5833333333333334 0.3587962962962963 0.07291666666666667 0.09351851851851851
1 0.9270833333333334 0.2902777777777778 0.06145833333333333 0.07685185185185185
1 0.37421875 0.513425925925926 0.0953125 0.13055555555555556
1 0.6911458333333333 0.4351851851851852 0.09270833333333334 0.15
1 0.6229166666666667 0.6 0.11145833333333334 0.14814814814814814
1 0.7807291666666667 0.3763888888888889 0.08333333333333333 0.12685185185185185
1 0.9619791666666667 0.9537037037037037 0.075 0.09074074074074075
1 0.88046875 0.6087962962962963 0.13385416666666666 0.16944444444444445
1 0.4393229166666667 0.3472222222222222 0.05572916666666667 0.09074074074074075
1 0.5130208333333334 0.2851851851851852 0.058333333333333334 0.07777777777777778
1 0.540625 0.8351851851851851 0.15104166666666666 0.20555555555555555
1 0.8177083333333334 0.5523148148148148 0.103125 0.13796296296296295
1 0.46875 0.2537037037037037 0.052083333333333336 0.06666666666666667
1 0.32317708333333334 0.36435185185185187 0.06614583333333333 0.09351851851851851
1 0.80390625 0.2375 0.04739583333333333 0.06759259259259259
1 0.36614583333333334 0.42268518518518516 0.07604166666666666 0.10648148148148148
1 0.7265625 0.33101851851851855 0.07291666666666667 0.10648148148148148
1 0.4895833333333333 0.38287037037037036 0.075 0.11944444444444445
1 0.96171875 0.749537037037037 0.07552083333333333 0.20833333333333334
1 0.18203125 0.3347222222222222 0.0578125 0.08055555555555556
1 0.42213541666666665 0.31342592592592594 0.05364583333333333 0.0824074074074074
1 0.6513020833333333 0.29444444444444445 0.0609375 0.09259259259259259
1 0.83125 0.21157407407407408 0.042708333333333334 0.062037037037037036
1 0.38203125 0.1111111111111111 0.0171875 0.03518518518518519
1 0.45260416666666664 0.1537037037037037 0.036458333333333336 0.04814814814814815
1 0.3104166666666667 0.1648148148148148 0.03854166666666667 0.053703703703703705
1 0.5856770833333333 0.5078703703703704 0.10677083333333333 0.16203703703703703
1 0.9395833333333333 0.49953703703703706 0.10208333333333333 0.13425925925925927
1 0.2877604166666667 0.275 0.06510416666666667 0.10555555555555556
1 0.41953125 0.19537037037037036 0.034895833333333334 0.04814814814814815
1 0.39453125 0.2611111111111111 0.0515625 0.08888888888888889
1 0.17994791666666668 0.15555555555555556 0.04635416666666667 0.06296296296296296
1 0.18828125 0.28935185185185186 0.05364583333333333 0.07314814814814814
1 0.403125 0.11990740740740741 0.035416666666666666 0.05648148148148148
1 0.9205729166666666 0.23657407407407408 0.05364583333333333 0.0712962962962963
1 0.35182291666666665 0.1361111111111111 0.0296875 0.04814814814814815
1 0.6013020833333333 0.1449074074074074 0.0328125 0.04351851851851852
1 0.4510416666666667 0.21712962962962962 0.05 0.0787037037037037
1 0.7401041666666667 0.175 0.04375 0.053703703703703705
1 0.7484375 0.20833333333333334 0.04583333333333333 0.06666666666666667
1 0.28098958333333335 0.11666666666666667 0.0359375 0.05
1 0.6244791666666667 0.18518518518518517 0.040625 0.037037037037037035
1 0.4705729166666667 0.10648148148148148 0.024479166666666666 0.03148148148148148
1 0.38046875 0.1648148148148148 0.033854166666666664 0.044444444444444446
1 0.6744791666666666 0.12407407407407407 0.030208333333333334 0.04259259259259259
1 0.28411458333333334 0.14629629629629629 0.0296875 0.04259259259259259
1 0.23619791666666667 0.15185185185185185 0.0296875 0.044444444444444446
1 0.3346354166666667 0.07361111111111111 0.024479166666666666 0.028703703703703703
1 0.56328125 0.15092592592592594 0.027604166666666666 0.03518518518518519
1 0.3697916666666667 0.09444444444444444 0.020833333333333332 0.03333333333333333
1 0.23151041666666666 0.12916666666666668 0.03177083333333333 0.03981481481481482
1 0.44453125 0.14351851851851852 0.030729166666666665 0.053703703703703705
1 0.6057291666666667 0.12453703703703704 0.036458333333333336 0.04537037037037037
1 0.884375 0.18425925925925926 0.04895833333333333 0.06666666666666667
1 0.35572916666666665 0.21481481481481482 0.04375 0.07222222222222222
1 0.3625 0.15694444444444444 0.026041666666666668 0.03981481481481482
1 0.5895833333333333 0.16203703703703703 0.03854166666666667 0.046296296296296294
1 0.6296875 0.26805555555555555 0.059375 0.10092592592592593
1 0.26276041666666666 0.09814814814814815 0.0203125 0.037037037037037035
1 0.8265625 0.17685185185185184 0.041666666666666664 0.044444444444444446
1 0.6625 0.17592592592592593 0.027083333333333334 0.06111111111111111
1 0.63046875 0.11018518518518519 0.025520833333333333 0.037037037037037035
1 0.33671875 0.19768518518518519 0.033854166666666664 0.06759259259259259
1 0.71171875 0.14444444444444443 0.033854166666666664 0.044444444444444446
1 0.7028645833333333 0.11944444444444445 0.027604166666666666 0.03888888888888889
1 0.690625 0.1824074074074074 0.04895833333333333 0.07407407407407407
1 0.5708333333333333 0.12685185185185185 0.028125 0.024074074074074074
1 0.9596354166666666 0.19166666666666668 0.0453125 0.06851851851851852
1 0.40260416666666665 0.18425925925925926 0.034375 0.05925925925925926
1 0.52421875 0.13055555555555556 0.0234375 0.03148148148148148
1 0.36041666666666666 0.2439814814814815 0.03958333333333333 0.062037037037037036
1 0.17369791666666667 0.10138888888888889 0.021354166666666667 0.019444444444444445
1 0.2864583333333333 0.07731481481481481 0.030208333333333334 0.032407407407407406
1 0.175 0.25972222222222224 0.04583333333333333 0.075
1 0.51328125 0.08888888888888889 0.0265625 0.03888888888888889
1 0.2635416666666667 0.18703703703703703 0.041666666666666664 0.05
1 0.5692708333333333 0.10046296296296296 0.026041666666666668 0.028703703703703703
1 0.1578125 0.09259259259259259 0.023958333333333335 0.04259259259259259
1 0.64765625 0.09722222222222222 0.022395833333333334 0.040740740740740744
1 0.5401041666666667 0.13935185185185187 0.028125 0.030555555555555555
1 0.28541666666666665 0.21203703703703702 0.04895833333333333 0.037037037037037035
1 0.5236979166666667 0.1050925925925926 0.0234375 0.023148148148148147
1 0.8450520833333334 0.15231481481481482 0.0453125 0.06388888888888888
1 0.33645833333333336 0.1175925925925926 0.035416666666666666 0.046296296296296294
1 0.50546875 0.12222222222222222 0.0234375 0.02962962962962963
1 0.21484375 0.08703703703703704 0.027604166666666666 0.03888888888888889
1 0.65390625 0.14305555555555555 0.034895833333333334 0.04351851851851852
1 0.48880208333333336 0.09398148148148149 0.024479166666666666 0.03796296296296296
1 0.2526041666666667 0.18472222222222223 0.035416666666666666 0.06759259259259259
1 0.16692708333333334 0.1884259259259259 0.0359375 0.03611111111111111
1 0.17421875 0.2351851851851852 0.04739583333333333 0.06111111111111111
1 0.2791666666666667 0.23148148148148148 0.0625 0.07592592592592592