2 0.6028645833333334 0.08564814814814815 0.0921875 0.0824074074074074
1 0.25807291666666665 0.8 0.14635416666666667 0.2037037037037037
1 0.5067708333333333 0.287962962962963 0.06041666666666667 0.07407407407407407
1 0.5515625 0.4777777777777778 0.0875 0.13148148148148148
1 0.3924479166666667 0.5532407407407407 0.09635416666666667 0.13425925925925927
1 0.6651041666666667 0.6212962962962963 0.11354166666666667 0.15925925925925927
1 0.8901041666666667 0.9254629629629629 0.20104166666666667 0.14722222222222223
1 0.9638020833333333 0.30185185185185187 0.06302083333333333 0.08518518518518518
1 0.6861979166666666 0.43796296296296294 0.0921875 0.12222222222222222
1 0.09791666666666667 0.4101851851851852 0.07708333333333334 0.12037037037037036
1 0.7744791666666667 0.5069444444444444 0.09583333333333334 0.14351851851851852
1 0.49973958333333335 0.4337962962962963 0.06927083333333334 0.10833333333333334
1 0.5778645833333333 0.3337962962962963 0.0734375 0.11018518518518519
1 0.45729166666666665 0.23657407407407408 0.04895833333333333 0.06388888888888888
1 0.3346354166666667 0.38842592592592595 0.07135416666666666 0.09537037037037037
1 0.6515625 0.4083333333333333 0.06979166666666667 0.1037037037037037
1 0.37057291666666664 0.49074074074074076 0.08697916666666666 0.12222222222222222
1 0.7463541666666667 0.36712962962962964 0.075 0.10092592592592593
1 0.42864583333333334 0.30416666666666664 0.059375 0.09537037037037037
1 0.4557291666666667 0.700462962962963 0.125 0.16018518518518518
1 0.29322916666666665 0.29398148148148145 0.05416666666666667 0.0787037037037037
1 0.3921875 0.28379629629629627 0.04479166666666667 0.075
1 0.42630208333333336 0.21342592592592594 0.0453125 0.062037037037037036
1 0.6549479166666666 0.28935185185185186 0.06302083333333333 0.09907407407407408
1 0.41796875 0.1310185185185185 0.03177083333333333 0.04351851851851852
1 0.18489583333333334 0.37916666666666665 0.07291666666666667 0.10092592592592593
1 0.3807291666666667 0.2574074074074074 0.04583333333333333 0.07037037037037037
1 0.6125 0.25925925925925924 0.05416666666666667 0.08518518518518518
1 0.6653645833333334 0.19722222222222222 0.0484375 0.05740740740740741
1 0.47682291666666665 0.37962962962962965 0.07864583333333333 0.12037037037037036
1 0.3614583333333333 0.22175925925925927 0.04479166666666667 0.07685185185185185
1 0.925 0.21435185185185185 0.04583333333333333 0.062037037037037036
1 0.8791666666666667 0.26064814814814813 0.05625 0.08425925925925926
1 0.26666666666666666 0.23333333333333334 0.05520833333333333 0.09259259259259259
1 0.5036458333333333 0.12407407407407407 0.030208333333333334 0.03518518518518519
1 0.86171875 0.42777777777777776 0.0890625 0.1388888888888889
1 0.7239583333333334 0.17222222222222222 0.03958333333333333 0.053703703703703705
1 0.33255208333333336 0.20694444444444443 0.0328125 0.05648148148148148
1 0.7200520833333334 0.2337962962962963 0.0484375 0.049074074074074076
1 0.32057291666666665 0.33240740740740743 0.059895833333333336 0.08703703703703704
1 0.953125 0.2537037037037037 0.058333333333333334 0.07592592592592592
1 0.75703125 0.13472222222222222 0.0265625 0.03796296296296296
1 0.18072916666666666 0.24444444444444444 0.04583333333333333 0.06481481481481481
1 0.3770833333333333 0.10324074074074074 0.03125 0.049074074074074076
1 0.2989583333333333 0.14305555555555555 0.03229166666666667 0.041666666666666664
1 0.84375 0.2111111111111111 0.029166666666666667 0.06296296296296296
1 0.17317708333333334 0.27685185185185185 0.0484375 0.07037037037037037
1 0.3880208333333333 0.16805555555555557 0.03125 0.04351851851851852
1 0.20286458333333332 0.44722222222222224 0.0859375 0.11666666666666667
1 0.6348958333333333 0.18287037037037038 0.03333333333333333 0.03796296296296296
1 0.5442708333333334 0.2152777777777778 0.051041666666666666 0.08425925925925926
1 0.6114583333333333 0.11898148148148148 0.028125 0.03981481481481482
1 0.9421875 0.1675925925925926 0.052083333333333336 0.046296296296296294
1 0.7395833333333334 0.1486111111111111 0.0375 0.05092592592592592
1 0.6703125 0.16944444444444445 0.035416666666666666 0.03518518518518519
1 0.8671875 0.19027777777777777 0.03333333333333333 0.05092592592592592
1 0.40911458333333334 0.12129629629629629 0.027604166666666666 0.04814814814814815
1 0.18177083333333333 0.19490740740740742 0.036458333333333336 0.04351851851851852
1 0.4825520833333333 0.09583333333333334 0.0265625 0.03425925925925926
1 0.3372395833333333 0.11898148148148148 0.0265625 0.041666666666666664
1 0.97265625 0.22777777777777777 0.050520833333333334 0.07592592592592592
1 0.5763020833333333 0.1550925925925926 0.0296875 0.03611111111111111
1 0.26875 0.10324074074074074 0.03333333333333333 0.04351851851851852
1 0.5286458333333334 0.06342592592592593 0.021875 0.026851851851851852
1 0.5763020833333333 0.09212962962962963 0.028645833333333332 0.030555555555555555
1 0.31484375 0.1699074074074074 0.028645833333333332 0.05648148148148148
1 0.5505208333333333 0.08055555555555556 0.017708333333333333 0.040740740740740744
1 0.6859375 0.1087962962962963 0.028125 0.04537037037037037
1 0.6348958333333333 0.15787037037037038 0.035416666666666666 0.03796296296296296
1 0.24739583333333334 0.1638888888888889 0.03958333333333333 0.05185185185185185
1 0.6643229166666667 0.14166666666666666 0.0328125 0.03888888888888889
1 0.3359375 0.175 0.040625 0.044444444444444446
1 0.89375 0.2023148148148148 0.03854166666666667 0.05092592592592592
1 0.17760416666666667 0.11342592592592593 0.025 0.026851851851851852
1 0.35598958333333336 0.13842592592592592 0.028645833333333332 0.03611111111111111
1 0.4166666666666667 0.1865740740740741 0.042708333333333334 0.06574074074074074
1 0.3145833333333333 0.10046296296296296 0.028125 0.03796296296296296
1 0.8125 0.2263888888888889 0.057291666666666664 0.09166666666666666
1 0.5067708333333333 0.08425925925925926 0.021875 0.040740740740740744
1 0.5536458333333333 0.14583333333333334 0.027083333333333334 0.03425925925925926
1 0.5666666666666667 0.12268518518518519 0.026041666666666668 0.028703703703703703
1 0.3390625 0.1337962962962963 0.020833333333333332 0.03425925925925926
1 0.734375 0.1175925925925926 0.022916666666666665 0.016666666666666666
1 0.34921875 0.08425925925925926 0.0203125 0.03148148148148148
1 0.16953125 0.21898148148148147 0.0390625 0.075
1 0.60703125 0.1439814814814815 0.03177083333333333 0.04537037037037037
1 0.17005208333333333 0.13240740740740742 0.0390625 0.04259259259259259
1 0.6494791666666667 0.12962962962962962 0.023958333333333335 0.025925925925925925
1 0.37864583333333335 0.15648148148148147 0.030208333333333334 0.05185185185185185
1 0.29322916666666665 0.1337962962962963 0.0375 0.03796296296296296
1 0.7625 0.16712962962962963 0.016666666666666666 0.026851851851851852
1 0.48020833333333335 0.06296296296296296 0.023958333333333335 0.024074074074074074
1 0.24036458333333333 0.1398148148148148 0.04010416666666667 0.03148148148148148
1 0.44479166666666664 0.08842592592592592 0.022916666666666665 0.03425925925925926
1 0.5979166666666667 0.1712962962962963 0.036458333333333336 0.03888888888888889
1 0.5221354166666666 0.1087962962962963 0.0265625 0.04537037037037037
1 0.9455729166666667 0.6791666666666667 0.1078125 0.22314814814814815
1 0.2828125 0.11944444444444445 0.034375 0.03333333333333333
1 0.5614583333333333 0.2337962962962963 0.04791666666666667 0.075
1 0.26015625 0.19722222222222222 0.0546875 0.05925925925925926
1 0.7330729166666666 0.12685185185185185 0.0265625 0.03333333333333333
1 0.5817708333333333 0.10694444444444444 0.026041666666666668 0.028703703703703703
1 0.6591145833333333 0.09675925925925925 0.027604166666666666 0.03981481481481482
1 0.19166666666666668 0.07731481481481481 0.015625 0.021296296296296296
1 0.6786458333333333 0.12916666666666668 0.029166666666666667 0.04351851851851852
1 0.7526041666666666 0.21481481481481482 0.052083333333333336 0.07592592592592592