1 0.85546875 0.5722222222222222 0.11822916666666666 0.15555555555555556
1 0.5947916666666667 0.5796296296296296 0.12604166666666666 0.19074074074074074
1 0.20833333333333334 0.5087962962962963 0.09583333333333334 0.1287037037037037
1 0.37005208333333334 0.47824074074074074 0.0859375 0.11203703703703703
1 0.95 0.6962962962962963 0.09895833333333333 0.2
1 0.7265625 0.45046296296296295 0.09375 0.14907407407407408
1 0.8114583333333333 0.812962962962963 0.16354166666666667 0.25555555555555554
1 0.9479166666666666 0.9453703703703704 0.103125 0.10740740740740741
1 0.3190104166666667 0.9666666666666667 0.1453125 0.06481481481481481
1 0.57109375 0.32916666666666666 0.06822916666666666 0.09351851851851851
1 0.5145833333333333 0.43333333333333335 0.08020833333333334 0.1111111111111111
1 0.6859375 0.3101851851851852 0.065625 0.1
1 0.55703125 0.1527777777777778 0.034895833333333334 0.03888888888888889
1 0.32083333333333336 0.36435185185185187 0.06354166666666666 0.08981481481481482
1 0.34765625 0.39814814814814814 0.07239583333333334 0.09814814814814815
1 0.45651041666666664 0.3574074074074074 0.06822916666666666 0.09814814814814815
1 0.055989583333333336 0.44074074074074077 0.08802083333333334 0.14444444444444443
1 0.62109375 0.3768518518518518 0.07135416666666666 0.10555555555555556
1 0.5614583333333333 0.22777777777777777 0.05 0.07962962962962963
1 0.17057291666666666 0.23287037037037037 0.0421875 0.06018518518518518
1 0.5419270833333333 0.31157407407407406 0.0515625 0.0824074074074074
1 0.8354166666666667 0.21481481481481482 0.04479166666666667 0.06111111111111111
1 0.45729166666666665 0.23842592592592593 0.05 0.06388888888888888
1 0.87265625 0.30416666666666664 0.0703125 0.058333333333333334
1 0.41953125 0.19675925925925927 0.04114583333333333 0.05092592592592592
1 0.26640625 0.24259259259259258 0.04010416666666667 0.06666666666666667
1 0.5010416666666667 0.1884259259259259 0.0375 0.062037037037037036
1 0.18203125 0.3439814814814815 0.06822916666666666 0.09166666666666666
1 0.35703125 0.23287037037037037 0.03697916666666667 0.062037037037037036
1 0.84453125 0.16157407407407406 0.03697916666666667 0.04722222222222222
1 0.4315104166666667 0.33287037037037037 0.050520833333333334 0.0824074074074074
1 0.6817708333333333 0.21388888888888888 0.041666666666666664 0.046296296296296294
1 0.6221354166666667 0.27824074074074073 0.0578125 0.0787037037037037
1 0.3885416666666667 0.17685185185185184 0.0375 0.05185185185185185
1 0.6708333333333333 0.1685185185185185 0.03854166666666667 0.046296296296296294
1 0.34869791666666666 0.21435185185185185 0.03697916666666667 0.06018518518518518
1 0.6942708333333333 0.9856481481481482 0.14375 0.026851851851851852
1 0.9783854166666667 0.23148148148148148 0.0421875 0.06851851851851852
1 0.7216145833333333 0.16805555555555557 0.03697916666666667 0.05277777777777778
1 0.875 0.2273148148148148 0.05 0.07314814814814814
1 0.6484375 0.1935185185185185 0.036458333333333336 0.040740740740740744
1 0.35234375 0.08472222222222223 0.03177083333333333 0.03796296296296296
1 0.3890625 0.24583333333333332 0.046875 0.0824074074074074
1 0.675 0.14027777777777778 0.035416666666666666 0.041666666666666664
1 0.8859375 0.2574074074074074 0.05 0.053703703703703705
1 0.7580729166666667 0.15416666666666667 0.0296875 0.04351851851851852
1 0.6190104166666667 0.15648148148148147 0.033854166666666664 0.05
1 0.3875 0.1087962962962963 0.028125 0.03796296296296296
1 0.28880208333333335 0.27870370370370373 0.049479166666666664 0.05
1 0.41067708333333336 0.2962962962962963 0.05677083333333333 0.0962962962962963
1 0.4869791666666667 0.17546296296296296 0.041666666666666664 0.06944444444444445
1 0.5177083333333333 0.11064814814814815 0.029166666666666667 0.03611111111111111
1 0.7328125 0.20416666666666666 0.04479166666666667 0.06388888888888888
1 0.625 0.18101851851851852 0.03333333333333333 0.03611111111111111
1 0.8166666666666667 0.15138888888888888 0.03229166666666667 0.041666666666666664
1 0.93046875 0.2851851851851852 0.058854166666666666 0.09259259259259259
1 0.36171875 0.1439814814814815 0.028645833333333332 0.04351851851851852
1 0.5674479166666667 0.12777777777777777 0.0328125 0.053703703703703705
1 0.63203125 0.1259259259259259 0.0328125 0.03518518518518519
1 0.446875 0.09537037037037037 0.027083333333333334 0.027777777777777776
1 0.7393229166666667 0.23657407407407408 0.04739583333333333 0.06018518518518518
1 0.29921875 0.3023148148148148 0.0578125 0.0824074074074074
1 0.7330729166666666 0.11944444444444445 0.034895833333333334 0.044444444444444446
1 0.5015625 0.26666666666666666 0.05625 0.09074074074074075
1 0.9776041666666667 0.30324074074074076 0.04375 0.11574074074074074
1 0.7997395833333333 0.1865740740740741 0.0296875 0.05462962962962963
1 0.31145833333333334 0.15694444444444444 0.034375 0.05648148148148148
1 0.74140625 0.17407407407407408 0.03802083333333333 0.04814814814814815
1 0.34010416666666665 0.12129629629629629 0.026041666666666668 0.03888888888888889
1 0.3190104166666667 0.1037037037037037 0.0234375 0.03518518518518519
1 0.2565104166666667 0.19722222222222222 0.0484375 0.07962962962962963
1 0.52734375 0.20694444444444443 0.0421875 0.06759259259259259
1 0.4708333333333333 0.09166666666666666 0.023958333333333335 0.03518518518518519
1 0.2989583333333333 0.14351851851851852 0.026041666666666668 0.05185185185185185
1 0.334375 0.07314814814814814 0.01875 0.027777777777777776
1 0.38645833333333335 0.15 0.036458333333333336 0.04814814814814815
1 0.19739583333333333 0.10416666666666667 0.025 0.032407407407407406
1 0.2752604166666667 0.11435185185185186 0.028645833333333332 0.03981481481481482
1 0.21927083333333333 0.10416666666666667 0.03229166666666667 0.03796296296296296
1 0.2359375 0.15185185185185185 0.035416666666666666 0.03888888888888889
1 0.775 0.20879629629629629 0.03854166666666667 0.03796296296296296
1 0.6432291666666666 0.15833333333333333 0.028125 0.03148148148148148
1 0.24973958333333332 0.0787037037037037 0.024479166666666666 0.03148148148148148
1 0.378125 0.09814814814814815 0.027083333333333334 0.03518518518518519
1 0.23203125 0.12453703703703704 0.034895833333333334 0.028703703703703703
1 0.6372395833333333 0.10694444444444444 0.025520833333333333 0.03796296296296296
1 0.16276041666666666 0.12222222222222222 0.043229166666666666 0.05740740740740741
1 0.5872395833333334 0.09074074074074075 0.018229166666666668 0.044444444444444446
1 0.28880208333333335 0.24675925925925926 0.04114583333333333 0.032407407407407406
1 0.5328125 0.08055555555555556 0.020833333333333332 0.027777777777777776
1 0.18645833333333334 0.29074074074074074 0.051041666666666666 0.05925925925925926
1 0.48151041666666666 0.11018518518518519 0.025520833333333333 0.027777777777777776
1 0.21328125 0.07685185185185185 0.024479166666666666 0.025925925925925925
1 0.16979166666666667 0.0875 0.036458333333333336 0.03981481481481482
1 0.1796875 0.15601851851851853 0.034375 0.058333333333333334
1 0.3296875 0.17592592592592593 0.052083333333333336 0.04814814814814815
1 0.16875 0.3055555555555556 0.051041666666666666 0.06851851851851852
1 0.7841145833333333 0.25555555555555554 0.0671875 0.06851851851851852
1 0.18098958333333334 0.20833333333333334 0.0390625 0.05555555555555555
1 0.7075520833333333 0.11018518518518519 0.0265625 0.04259259259259259