1 0.41796875 0.6032407407407407 0.1109375 0.13796296296296295
1 0.22786458333333334 0.6694444444444444 0.1234375 0.16666666666666666
1 0.7536458333333333 0.8134259259259259 0.17604166666666668 0.2675925925925926
1 0.6015625 0.5430555555555555 0.096875 0.1361111111111111
1 0.64140625 0.39305555555555555 0.0828125 0.11388888888888889
1 0.3736979166666667 0.48657407407407405 0.08697916666666666 0.12129629629629629
1 0.6091145833333333 0.37083333333333335 0.06197916666666667 0.09537037037037037
1 0.14348958333333334 0.3726851851851852 0.06197916666666667 0.11203703703703703
1 0.61875 0.2657407407407407 0.057291666666666664 0.09074074074074075
1 0.8580729166666666 0.5777777777777777 0.11927083333333334 0.18888888888888888
1 0.546875 0.30787037037037035 0.06770833333333333 0.10277777777777777
1 0.41458333333333336 0.2828703703703704 0.05520833333333333 0.09166666666666666
1 0.5143229166666666 0.4287037037037037 0.08072916666666667 0.11666666666666667
1 0.440625 0.22453703703703703 0.04583333333333333 0.062037037037037036
1 0.18932291666666667 0.3296296296296296 0.05677083333333333 0.05555555555555555
1 0.47265625 0.39490740740740743 0.0609375 0.09722222222222222
1 0.28020833333333334 0.27546296296296297 0.04583333333333333 0.07314814814814814
1 0.4869791666666667 0.26944444444444443 0.05520833333333333 0.06851851851851852
1 0.5372395833333333 0.21712962962962962 0.043229166666666666 0.06944444444444445
1 0.7895833333333333 0.3787037037037037 0.07916666666666666 0.12222222222222222
1 0.17109375 0.2611111111111111 0.0453125 0.06481481481481481
1 0.6934895833333333 0.33240740740740743 0.06822916666666666 0.09259259259259259
1 0.35234375 0.4398148148148148 0.07760416666666667 0.11296296296296296
1 0.378125 0.26435185185185184 0.041666666666666664 0.0712962962962963
1 0.7619791666666667 0.25416666666666665 0.058333333333333334 0.049074074074074076
1 0.703125 0.1824074074074074 0.036458333333333336 0.03518518518518519
1 0.94296875 0.2875 0.0640625 0.08981481481481482
1 0.41380208333333335 0.20092592592592592 0.04114583333333333 0.05740740740740741
1 0.5203125 0.13194444444444445 0.03125 0.032407407407407406
1 0.578125 0.24027777777777778 0.051041666666666666 0.08055555555555556
1 0.7546875 0.18518518518518517 0.035416666666666666 0.05555555555555555
1 0.6236979166666666 0.18518518518518517 0.03697916666666667 0.03888888888888889
1 0.3268229166666667 0.19537037037037036 0.033854166666666664 0.05555555555555555
1 0.40703125 0.12314814814814815 0.030729166666666665 0.040740740740740744
1 0.7864583333333334 0.14537037037037037 0.026041666666666668 0.04259259259259259
1 0.7161458333333334 0.45231481481481484 0.08645833333333333 0.125
1 0.66796875 0.19768518518518519 0.0359375 0.041666666666666664
1 0.4505208333333333 0.3472222222222222 0.07291666666666667 0.10925925925925926
1 0.36744791666666665 0.24212962962962964 0.043229166666666666 0.06759259259259259
1 0.37864583333333335 0.15833333333333333 0.030208333333333334 0.04259259259259259
1 0.4947916666666667 0.10185185185185185 0.026041666666666668 0.03148148148148148
1 0.70234375 0.13935185185185187 0.0296875 0.04722222222222222
1 0.2953125 0.13472222222222222 0.028125 0.04722222222222222
1 0.5744791666666667 0.15833333333333333 0.03229166666666667 0.03333333333333333
1 0.5231770833333333 0.20277777777777778 0.04739583333333333 0.07962962962962963
1 0.3697916666666667 0.09537037037037037 0.030208333333333334 0.04259259259259259
1 0.6002604166666666 0.09907407407407408 0.027604166666666666 0.03333333333333333
1 0.40729166666666666 0.175 0.040625 0.06296296296296296
1 0.6317708333333333 0.12962962962962962 0.029166666666666667 0.046296296296296294
1 0.5966145833333333 0.16944444444444445 0.030729166666666665 0.03518518518518519
1 0.5856770833333333 0.1310185185185185 0.025520833333333333 0.028703703703703703
1 0.7013020833333333 0.2222222222222222 0.05260416666666667 0.07777777777777778
1 0.32838541666666665 0.16435185185185186 0.03802083333333333 0.041666666666666664
1 0.21796875 0.11296296296296296 0.034895833333333334 0.040740740740740744
1 0.1828125 0.2310185185185185 0.040625 0.062037037037037036
1 0.7013020833333333 0.10694444444444444 0.028645833333333332 0.03611111111111111
1 0.8026041666666667 0.18101851851851852 0.03333333333333333 0.03425925925925926
1 0.9325520833333333 0.2273148148148148 0.04010416666666667 0.049074074074074076
1 0.7591145833333334 0.13842592592592592 0.028645833333333332 0.041666666666666664
1 0.3221354166666667 0.35694444444444445 0.06614583333333333 0.08611111111111111
1 0.3046875 0.16898148148148148 0.019791666666666666 0.03981481481481482
1 0.9046875 0.2037037037037037 0.0375 0.05555555555555555
1 0.67421875 0.1388888888888889 0.027604166666666666 0.027777777777777776
1 0.2598958333333333 0.22037037037037038 0.053125 0.08518518518518518
1 0.35182291666666665 0.20972222222222223 0.043229166666666666 0.07314814814814814
1 0.19505208333333332 0.4050925925925926 0.0796875 0.10833333333333334
1 0.52109375 0.09074074074074075 0.025520833333333333 0.044444444444444446
1 0.35234375 0.09398148148148149 0.011979166666666667 0.030555555555555555
1 0.35 0.13194444444444445 0.028125 0.03796296296296296
1 0.8143229166666667 0.23657407407407408 0.049479166666666664 0.08055555555555556
1 0.6885416666666667 0.15185185185185185 0.03333333333333333 0.03888888888888889
1 0.26614583333333336 0.09953703703703703 0.03333333333333333 0.041666666666666664
1 0.6658854166666667 0.17592592592592593 0.04010416666666667 0.04814814814814815
1 0.6752604166666667 0.1050925925925926 0.0296875 0.04537037037037037
1 0.16927083333333334 0.1865740740740741 0.035416666666666666 0.030555555555555555
1 0.5614583333333333 0.08564814814814815 0.019791666666666666 0.04351851851851852
1 0.43125 0.08518518518518518 0.017708333333333333 0.024074074074074074
1 0.2796875 0.11666666666666667 0.034375 0.03333333333333333
1 0.21901041666666668 0.08472222222222223 0.0265625 0.028703703703703703
1 0.9796875 0.1763888888888889 0.03958333333333333 0.041666666666666664
1 0.24166666666666667 0.16203703703703703 0.036458333333333336 0.05740740740740741
1 0.34296875 0.07962962962962963 0.019270833333333334 0.03148148148148148
1 0.33203125 0.11666666666666667 0.025520833333333333 0.04259259259259259
1 0.39895833333333336 0.10555555555555556 0.025 0.027777777777777776
1 0.5989583333333334 0.11481481481481481 0.027083333333333334 0.027777777777777776
1 0.37265625 0.14722222222222223 0.03177083333333333 0.05
1 0.45390625 0.09074074074074075 0.027604166666666666 0.040740740740740744
1 0.5393229166666667 0.07175925925925926 0.025520833333333333 0.03611111111111111
1 0.47994791666666664 0.09259259259259259 0.025520833333333333 0.040740740740740744
1 0.6046875 0.14166666666666666 0.025 0.02962962962962963
1 0.23723958333333334 0.13564814814814816 0.0359375 0.030555555555555555
1 0.3104166666666667 0.09537037037037037 0.027083333333333334 0.03888888888888889
1 0.7658854166666667 0.14814814814814814 0.03177083333333333 0.024074074074074074
1 0.6268229166666667 0.1486111111111111 0.0296875 0.03796296296296296
1 0.9716145833333333 0.2273148148148148 0.0515625 0.06018518518518518
1 0.16901041666666666 0.20462962962962963 0.03802083333333333 0.06481481481481481
1 0.2596354166666667 0.18425925925925926 0.05572916666666667 0.05555555555555555
1 0.7833333333333333 0.21435185185185185 0.0375 0.041666666666666664
1 0.8744791666666667 0.22962962962962963 0.06458333333333334 0.06851851851851852
1 0.31145833333333334 0.30694444444444446 0.057291666666666664 0.08055555555555556
1 0.18255208333333334 0.18518518518518517 0.034895833333333334 0.040740740740740744
1 0.9903645833333333 0.27824074074074073 0.018229166666666668 0.0787037037037037
1 0.16979166666666667 0.13333333333333333 0.040625 0.06111111111111111