2 0.5604166666666667 0.2800925925925926 0.084375 0.1638888888888889
2 0.93515625 0.17037037037037037 0.09322916666666667 0.15555555555555556
2 0.9596354166666666 0.4837962962962963 0.0796875 0.22685185185185186
2 0.8427083333333333 0.10416666666666667 0.06458333333333334 0.09351851851851851
1 0.6526041666666667 0.6166666666666667 0.12083333333333333 0.15555555555555556
1 0.95859375 0.6898148148148148 0.08177083333333333 0.23148148148148148
1 0.7755208333333333 0.537962962962963 0.10416666666666667 0.13333333333333333
1 0.9192708333333334 0.3236111111111111 0.06875 0.0712962962962963
1 0.5505208333333333 0.49675925925925923 0.0875 0.12314814814814815
1 0.5083333333333333 0.44722222222222224 0.08229166666666667 0.1037037037037037
1 0.4609375 0.8981481481481481 0.175 0.20185185185185187
1 0.1984375 0.43287037037037035 0.07291666666666667 0.09722222222222222
1 0.9697916666666667 0.2865740740740741 0.059375 0.075
1 0.8473958333333333 0.44212962962962965 0.09270833333333334 0.11388888888888889
1 0.42890625 0.3175925925925926 0.06197916666666667 0.08518518518518518
1 0.621875 0.3699074074074074 0.08541666666666667 0.13796296296296295
1 0.4947916666666667 0.275 0.05 0.07222222222222222
1 0.3140625 0.3263888888888889 0.06354166666666666 0.08425925925925926
1 0.69453125 0.19490740740740742 0.043229166666666666 0.058333333333333334
1 0.7505208333333333 0.7597222222222222 0.146875 0.23981481481481481
1 0.4283854166666667 0.21157407407407408 0.043229166666666666 0.058333333333333334
1 0.19375 0.38842592592592595 0.071875 0.08796296296296297
1 0.014322916666666666 0.513425925925926 0.028645833333333332 0.11388888888888889
1 0.4 0.2865740740740741 0.04791666666666667 0.0787037037037037
1 0.45807291666666666 0.2324074074074074 0.043229166666666666 0.06481481481481481
1 0.25104166666666666 0.17916666666666667 0.036458333333333336 0.049074074074074076
1 0.27239583333333334 0.23703703703703705 0.05520833333333333 0.06481481481481481
1 0.5098958333333333 0.29953703703703705 0.034375 0.07685185185185185
1 0.3450520833333333 0.4393518518518518 0.07552083333333333 0.11018518518518519
1 0.19583333333333333 0.14212962962962963 0.028125 0.03981481481481482
1 0.6192708333333333 0.15648148148148147 0.034375 0.05185185185185185
1 0.584375 0.1449074074074074 0.03229166666666667 0.03796296296296296
1 0.38203125 0.24583333333333332 0.05364583333333333 0.09351851851851851
1 0.44765625 0.08009259259259259 0.024479166666666666 0.030555555555555555
1 0.3260416666666667 0.1884259259259259 0.04375 0.06759259259259259
1 0.79375 0.2657407407407407 0.06041666666666667 0.05185185185185185
1 0.84765625 0.23333333333333334 0.06822916666666666 0.08148148148148149
1 0.17447916666666666 0.33240740740740743 0.05416666666666667 0.09259259259259259
1 0.1828125 0.17962962962962964 0.0375 0.044444444444444446
1 0.18463541666666666 0.29074074074074074 0.0515625 0.09444444444444444
1 0.4075520833333333 0.18935185185185185 0.043229166666666666 0.04722222222222222
1 0.6791666666666667 0.1814814814814815 0.0375 0.05740740740740741
1 0.34869791666666666 0.23935185185185184 0.0296875 0.06574074074074074
1 0.21510416666666668 0.10601851851851851 0.03125 0.04537037037037037
1 0.8700520833333333 0.2611111111111111 0.05572916666666667 0.07777777777777778
1 0.32526041666666666 0.11527777777777778 0.0203125 0.03425925925925926
1 0.18567708333333333 0.2175925925925926 0.04010416666666667 0.05740740740740741
1 0.5315104166666667 0.21851851851851853 0.0390625 0.06111111111111111
1 0.51796875 0.1125 0.0203125 0.03981481481481482
1 0.64921875 0.11296296296296296 0.0265625 0.025925925925925925
1 0.34322916666666664 0.1259259259259259 0.029166666666666667 0.05
1 0.296875 0.13935185185185187 0.030208333333333334 0.05092592592592592
1 0.2682291666666667 0.1 0.028125 0.040740740740740744
1 0.16666666666666666 0.125 0.03125 0.037037037037037035
1 0.28072916666666664 0.11898148148148148 0.03229166666666667 0.04351851851851852
1 0.46380208333333334 0.06805555555555555 0.0171875 0.028703703703703703
1 0.8177083333333334 0.1736111111111111 0.03854166666666667 0.062037037037037036
1 0.35260416666666666 0.08148148148148149 0.022916666666666665 0.03518518518518519
1 0.6515625 0.16666666666666666 0.0375 0.06296296296296296
1 0.3494791666666667 0.2175925925925926 0.04583333333333333 0.06111111111111111
1 0.5052083333333334 0.19675925925925927 0.040625 0.06574074074074074
1 0.30052083333333335 0.2902777777777778 0.06354166666666666 0.10462962962962963
1 0.2546875 0.08842592592592592 0.019791666666666666 0.03611111111111111
1 0.3653645833333333 0.14351851851851852 0.0328125 0.04814814814814815
1 0.83046875 0.18564814814814815 0.03802083333333333 0.05648148148148148
1 0.9825520833333333 0.24259259259259258 0.033854166666666664 0.05740740740740741
1 0.37109375 0.1865740740740741 0.0359375 0.028703703703703703
1 0.49140625 0.09814814814814815 0.022395833333333334 0.037037037037037035
1 0.3684895833333333 0.09675925925925925 0.028645833333333332 0.03796296296296296
1 0.8270833333333333 0.9092592592592592 0.2833333333333333 0.17962962962962964
1 0.6966145833333334 0.11898148148148148 0.0265625 0.030555555555555555
1 0.39036458333333335 0.14953703703703702 0.0328125 0.03981481481481482
1 0.5419270833333333 0.11898148148148148 0.04010416666666667 0.05277777777777778
1 0.8690104166666667 0.17685185185185184 0.049479166666666664 0.05740740740740741
1 0.6763020833333333 0.13518518518518519 0.0390625 0.03888888888888889
1 0.47317708333333336 0.08888888888888889 0.021354166666666667 0.03888888888888889
1 0.6265625 0.09305555555555556 0.03125 0.03425925925925926
1 0.3078125 0.15601851851851853 0.034375 0.049074074074074076
1 0.3692708333333333 0.47175925925925927 0.08645833333333333 0.1398148148148148
1 0.40130208333333334 0.12175925925925926 0.04114583333333333 0.049074074074074076
1 0.24010416666666667 0.16296296296296298 0.041666666666666664 0.04814814814814815