2 0.9481770833333333 0.1726851851851852 0.1015625 0.16018518518518518
2 0.9471354166666667 0.46574074074074073 0.1046875 0.1925925925925926
2 0.84765625 0.10694444444444444 0.0671875 0.09722222222222222
1 0.7578125 0.5208333333333334 0.10208333333333333 0.13240740740740742
1 0.6346354166666667 0.5939814814814814 0.1140625 0.14722222222222223
1 0.4981770833333333 0.43703703703703706 0.08072916666666667 0.10185185185185185
1 0.024739583333333332 0.5023148148148148 0.049479166666666664 0.11388888888888889
1 0.5416666666666666 0.4824074074074074 0.08541666666666667 0.12037037037037036
1 0.93671875 0.3384259259259259 0.0703125 0.08796296296296297
1 0.42473958333333334 0.31296296296296294 0.0609375 0.08333333333333333
1 0.8825520833333333 0.2657407407407407 0.05572916666666667 0.07777777777777778
1 0.19817708333333334 0.42453703703703705 0.07135416666666666 0.09537037037037037
1 0.3104166666666667 0.32083333333333336 0.06041666666666667 0.0824074074074074
1 0.490625 0.26990740740740743 0.05 0.0712962962962963
1 0.8080729166666667 0.2708333333333333 0.059895833333333336 0.05277777777777778
1 0.42578125 0.20879629629629629 0.043229166666666666 0.05648148148148148
1 0.9421875 0.6625 0.11458333333333333 0.22314814814814815
1 0.19401041666666666 0.3787037037037037 0.06927083333333334 0.08148148148148149
1 0.39505208333333336 0.2824074074074074 0.04739583333333333 0.07777777777777778
1 0.45364583333333336 0.22962962962962963 0.041666666666666664 0.06296296296296296
1 0.45989583333333334 0.8782407407407408 0.16666666666666666 0.24166666666666667
1 0.70234375 0.19722222222222222 0.043229166666666666 0.05925925925925926
1 0.6109375 0.3625 0.08333333333333333 0.13425925925925927
1 0.19921875 0.14074074074074075 0.0296875 0.03888888888888889
1 0.9786458333333333 0.2902777777777778 0.041666666666666664 0.075
1 0.8283854166666667 0.42916666666666664 0.09010416666666667 0.11388888888888889
1 0.25052083333333336 0.17777777777777778 0.036458333333333336 0.046296296296296294
1 0.36484375 0.4601851851851852 0.08489583333333334 0.13703703703703704
1 0.2713541666666667 0.2337962962962963 0.051041666666666666 0.062037037037037036
1 0.3372395833333333 0.4287037037037037 0.06614583333333333 0.10740740740740741
1 0.44947916666666665 0.0824074074074074 0.025 0.03518518518518519
1 0.7239583333333334 0.725 0.13958333333333334 0.23148148148148148
1 0.6861979166666666 0.18333333333333332 0.03802083333333333 0.05740740740740741
1 0.5026041666666666 0.2953703703703704 0.03125 0.07407407407407407
1 0.8596354166666667 0.23842592592592593 0.06927083333333334 0.0824074074074074
1 0.40260416666666665 0.18425925925925926 0.04479166666666667 0.04259259259259259
1 0.5911458333333334 0.14722222222222223 0.035416666666666666 0.03888888888888889
1 0.5013020833333334 0.19398148148148148 0.043229166666666666 0.06574074074074074
1 0.18489583333333334 0.2861111111111111 0.05 0.09444444444444444
1 0.3421875 0.12453703703703704 0.029166666666666667 0.04722222222222222
1 0.23880208333333333 0.16064814814814815 0.04114583333333333 0.04722222222222222
1 0.17447916666666666 0.32685185185185184 0.05416666666666667 0.08888888888888889
1 0.25416666666666665 0.08796296296296297 0.021875 0.037037037037037035
1 0.18255208333333334 0.17916666666666667 0.03697916666666667 0.04537037037037037
1 0.32395833333333335 0.11527777777777778 0.020833333333333332 0.03425925925925926
1 0.18619791666666666 0.2125 0.04114583333333333 0.058333333333333334
1 0.346875 0.2361111111111111 0.028125 0.06481481481481481
1 0.29583333333333334 0.13796296296296295 0.029166666666666667 0.05
1 0.21458333333333332 0.10324074074074074 0.03125 0.03981481481481482
1 0.16770833333333332 0.12222222222222222 0.030208333333333334 0.03333333333333333
1 0.2989583333333333 0.28564814814814815 0.06145833333333333 0.10277777777777777
1 0.28020833333333334 0.11944444444444445 0.03229166666666667 0.040740740740740744
1 0.3997395833333333 0.12083333333333333 0.04010416666666667 0.05092592592592592
1 0.2682291666666667 0.09814814814814815 0.029166666666666667 0.03888888888888889
1 0.8255208333333334 0.17592592592592593 0.0375 0.06296296296296296
1 0.65390625 0.11435185185185186 0.0265625 0.028703703703703703
1 0.36354166666666665 0.1425925925925926 0.03333333333333333 0.04814814814814815
1 0.35104166666666664 0.08009259259259259 0.023958333333333335 0.03611111111111111
1 0.22786458333333334 0.12222222222222222 0.0296875 0.03518518518518519
1 0.6578125 0.16898148148148148 0.0375 0.06574074074074074
1 0.6299479166666667 0.09583333333333334 0.033854166666666664 0.03796296296296296
1 0.8799479166666667 0.17777777777777778 0.0453125 0.05740740740740741
1 0.5083333333333333 0.10740740740740741 0.023958333333333335 0.04259259259259259
1 0.5213541666666667 0.11388888888888889 0.020833333333333332 0.03888888888888889
1 0.32265625 0.18518518518518517 0.04114583333333333 0.06481481481481481
1 0.37890625 0.24212962962962964 0.0546875 0.09166666666666666
1 0.703125 0.12129629629629629 0.029166666666666667 0.02962962962962963
1 0.3528645833333333 0.21157407407407408 0.05364583333333333 0.06759259259259259
1 0.23854166666666668 0.1361111111111111 0.0375 0.027777777777777776
1 0.49583333333333335 0.0962962962962963 0.026041666666666668 0.044444444444444446
1 0.83984375 0.18703703703703703 0.0390625 0.05740740740740741
1 0.8796875 0.21342592592592594 0.03229166666666667 0.032407407407407406
1 0.3067708333333333 0.15416666666666667 0.03333333333333333 0.04722222222222222
1 0.1734375 0.16944444444444445 0.03229166666666667 0.046296296296296294
1 0.6833333333333333 0.13796296296296295 0.036458333333333336 0.040740740740740744
1 0.6247395833333333 0.1587962962962963 0.034895833333333334 0.05277777777777778
1 0.5263020833333333 0.21435185185185185 0.03802083333333333 0.06018518518518518
1 0.73984375 0.16805555555555557 0.043229166666666666 0.0712962962962963
1 0.990625 0.2375 0.017708333333333333 0.03425925925925926