2 0.8638020833333333 0.1476851851851852 0.0828125 0.13240740740740742
2 0.62890625 0.3351851851851852 0.09739583333333333 0.19074074074074074
2 0.7947916666666667 0.09351851851851851 0.059375 0.08888888888888889
1 0.6596354166666667 0.6541666666666667 0.11510416666666666 0.16203703703703703
1 0.8736979166666666 0.875462962962963 0.1703125 0.22314814814814815
1 0.61796875 0.5671296296296297 0.10260416666666666 0.13240740740740742
1 0.5481770833333334 0.3162037037037037 0.06197916666666667 0.0824074074074074
1 0.34322916666666664 0.38425925925925924 0.07291666666666667 0.09814814814814815
1 0.20286458333333332 0.5143518518518518 0.08489583333333334 0.11574074074074074
1 0.9583333333333334 0.7291666666666666 0.08229166666666667 0.175
1 0.46979166666666666 0.3726851851851852 0.07083333333333333 0.09907407407407408
1 0.4908854166666667 0.2652777777777778 0.050520833333333334 0.07314814814814814
1 0.8309895833333333 0.24212962962962964 0.050520833333333334 0.062037037037037036
1 0.6973958333333333 0.2222222222222222 0.05 0.046296296296296294
1 0.3841145833333333 0.5458333333333333 0.08489583333333334 0.1361111111111111
1 0.7200520833333334 0.45046296296296295 0.10364583333333334 0.1675925925925926
1 0.41770833333333335 0.6037037037037037 0.1125 0.17592592592592593
1 0.6427083333333333 0.17175925925925925 0.03854166666666667 0.05277777777777778
1 0.5458333333333333 0.22407407407407406 0.04791666666666667 0.07222222222222222
1 0.19088541666666667 0.4652777777777778 0.08489583333333334 0.10462962962962963
1 0.9434895833333333 0.29212962962962963 0.06822916666666666 0.10277777777777777
1 0.5809895833333333 0.24537037037037038 0.049479166666666664 0.06296296296296296
1 0.4484375 0.33564814814814814 0.05625 0.08981481481481482
1 0.18828125 0.2439814814814815 0.04635416666666667 0.0712962962962963
1 0.46067708333333335 0.23564814814814813 0.0484375 0.062037037037037036
1 0.5692708333333333 0.35185185185185186 0.03229166666666667 0.08888888888888889
1 0.32526041666666666 0.33796296296296297 0.07864583333333333 0.12407407407407407
1 0.27369791666666665 0.26944444444444443 0.05260416666666667 0.06851851851851852
1 0.58046875 0.1425925925925926 0.033854166666666664 0.04814814814814815
1 0.34270833333333334 0.2101851851851852 0.04895833333333333 0.07222222222222222
1 0.803125 0.2671296296296296 0.05625 0.06388888888888888
1 0.3533854166666667 0.24212962962962964 0.0296875 0.06574074074074074
1 0.2596354166666667 0.19814814814814816 0.03802083333333333 0.05185185185185185
1 0.95625 0.1925925925925926 0.04479166666666667 0.06851851851851852
1 0.62734375 0.15925925925925927 0.034895833333333334 0.05185185185185185
1 0.17942708333333332 0.3921296296296296 0.06510416666666667 0.10648148148148148
1 0.88515625 0.225 0.05572916666666667 0.07962962962962963
1 0.7096354166666666 0.14027777777777778 0.021354166666666667 0.04351851851851852
1 0.3802083333333333 0.15694444444444444 0.036458333333333336 0.05092592592592592
1 0.9848958333333333 0.20092592592592592 0.029166666666666667 0.07962962962962963
1 0.49270833333333336 0.1037037037037037 0.015625 0.03518518518518519
1 0.46979166666666666 0.09166666666666666 0.014583333333333334 0.03333333333333333
1 0.775 0.22407407407407406 0.046875 0.06481481481481481
1 0.6174479166666667 0.10416666666666667 0.0234375 0.026851851851851852
1 0.41328125 0.2814814814814815 0.06197916666666667 0.1037037037037037
1 0.16848958333333333 0.0824074074074074 0.028645833333333332 0.027777777777777776
1 0.2596354166666667 0.09537037037037037 0.022395833333333334 0.037037037037037035
1 0.6104166666666667 0.14675925925925926 0.03333333333333333 0.06018518518518518
1 0.5138020833333333 0.10925925925925926 0.033854166666666664 0.04814814814814815
1 0.24427083333333333 0.1597222222222222 0.03854166666666667 0.04722222222222222
1 0.40911458333333334 0.17824074074074073 0.04010416666666667 0.06388888888888888
1 0.32395833333333335 0.11064814814814815 0.030208333333333334 0.030555555555555555
1 0.4395833333333333 0.1962962962962963 0.035416666666666666 0.027777777777777776
1 0.234375 0.13472222222222222 0.03229166666666667 0.03981481481481482
1 0.7565104166666666 0.14907407407407408 0.0359375 0.044444444444444446
1 0.6393229166666666 0.12222222222222222 0.0296875 0.03888888888888889
1 0.27447916666666666 0.10972222222222222 0.030208333333333334 0.03981481481481482
1 0.3375 0.12685185185185185 0.021875 0.03518518518518519
1 0.30885416666666665 0.15324074074074073 0.03229166666666667 0.05462962962962963
1 0.35442708333333334 0.13425925925925927 0.0328125 0.044444444444444446
1 0.16770833333333332 0.13472222222222222 0.034375 0.041666666666666664
1 0.28958333333333336 0.13333333333333333 0.030208333333333334 0.04814814814814815
1 0.6036458333333333 0.08518518518518518 0.028125 0.027777777777777776
1 0.3651041666666667 0.09166666666666666 0.026041666666666668 0.04259259259259259
1 0.7643229166666666 0.2074074074074074 0.0640625 0.07777777777777778
1 0.421875 0.21342592592592594 0.04375 0.041666666666666664
1 0.68359375 0.14814814814814814 0.04010416666666667 0.06481481481481481
1 0.378125 0.2689814814814815 0.030208333333333334 0.0712962962962963
1 0.19244791666666666 0.3388888888888889 0.0609375 0.1111111111111111
1 0.6609375 0.10601851851851851 0.023958333333333335 0.025
1 0.9341145833333333 0.18009259259259258 0.04114583333333333 0.06944444444444445
1 0.5575520833333333 0.07037037037037037 0.03177083333333333 0.040740740740740744
1 0.21328125 0.0787037037037037 0.0265625 0.025925925925925925
1 0.3848958333333333 0.1736111111111111 0.025 0.05092592592592592
1 0.88515625 0.19490740740740742 0.058854166666666666 0.05277777777777778
1 0.8044270833333333 0.16898148148148148 0.0390625 0.06759259259259259
1 0.18541666666666667 0.20092592592592592 0.03854166666666667 0.04814814814814815
1 0.17291666666666666 0.17037037037037037 0.04791666666666667 0.046296296296296294
1 0.4309895833333333 0.075 0.019270833333333334 0.03148148148148148
1 0.2546875 0.17962962962962964 0.05 0.046296296296296294
1 0.42604166666666665 0.13703703703703704 0.030208333333333334 0.05
1 0.38125 0.2490740740740741 0.04375 0.07777777777777778