2 0.9609375 0.17592592592592593 0.07708333333333334 0.17037037037037037
2 0.9640625 0.7347222222222223 0.07083333333333333 0.5268518518518519
2 0.9153645833333334 0.4263888888888889 0.1390625 0.17314814814814813
2 0.86015625 0.11064814814814815 0.07135416666666666 0.10462962962962963
2 0.7138020833333333 0.8319444444444445 0.32864583333333336 0.33425925925925926
1 0.72265625 0.487962962962963 0.0953125 0.12222222222222222
1 0.478125 0.4148148148148148 0.07708333333333334 0.1
1 0.8791666666666667 0.6078703703703704 0.11041666666666666 0.20277777777777778
1 0.52421875 0.4550925925925926 0.08072916666666667 0.11388888888888889
1 0.045572916666666664 0.4773148148148148 0.08489583333333334 0.11203703703703703
1 0.60390625 0.5550925925925926 0.10677083333333333 0.1398148148148148
1 0.19791666666666666 0.40555555555555556 0.06875 0.09259259259259259
1 0.7171875 0.20462962962962963 0.04479166666666667 0.05925925925925926
1 0.9114583333333334 0.27870370370370373 0.058333333333333334 0.08148148148148149
1 0.8372395833333334 0.2851851851851852 0.06510416666666667 0.053703703703703705
1 0.7903645833333334 0.4023148148148148 0.08385416666666666 0.10648148148148148
1 0.44557291666666665 0.22268518518518518 0.04114583333333333 0.062037037037037036
1 0.30494791666666665 0.30787037037037035 0.058854166666666666 0.08055555555555556
1 0.6729166666666667 0.6509259259259259 0.13020833333333334 0.19444444444444445
1 0.3575520833333333 0.43333333333333335 0.0796875 0.13148148148148148
1 0.47890625 0.26157407407407407 0.04635416666666667 0.06944444444444445
1 0.41458333333333336 0.300462962962963 0.057291666666666664 0.08055555555555556
1 0.41692708333333334 0.20324074074074075 0.043229166666666666 0.05648148148148148
1 0.5888020833333333 0.34675925925925927 0.0796875 0.1287037037037037
1 0.4895833333333333 0.28425925925925927 0.03229166666666667 0.07037037037037037
1 0.3854166666666667 0.27175925925925926 0.04479166666666667 0.075
1 0.19296875 0.3638888888888889 0.06614583333333333 0.08333333333333333
1 0.6369791666666667 0.1648148148148148 0.036458333333333336 0.053703703703703705
1 0.18619791666666666 0.20787037037037037 0.04010416666666667 0.058333333333333334
1 0.6018229166666667 0.15231481481481482 0.034895833333333334 0.03981481481481482
1 0.8859375 0.24722222222222223 0.07395833333333333 0.08333333333333333
1 0.27057291666666666 0.22685185185185186 0.0484375 0.05925925925925926
1 0.4583333333333333 0.8134259259259259 0.15 0.275
1 0.3307291666666667 0.40879629629629627 0.06458333333333334 0.10092592592592593
1 0.24921875 0.17222222222222222 0.03697916666666667 0.046296296296296294
1 0.23541666666666666 0.15833333333333333 0.03854166666666667 0.044444444444444446
1 0.45364583333333336 0.08564814814814815 0.027083333333333334 0.03611111111111111
1 0.36171875 0.1412037037037037 0.0359375 0.05277777777777778
1 0.6643229166666667 0.11712962962962963 0.0265625 0.030555555555555555
1 0.7015625 0.18981481481481483 0.03854166666666667 0.05925925925925926
1 0.37213541666666666 0.23425925925925925 0.05260416666666667 0.09074074074074075
1 0.50234375 0.10555555555555556 0.0234375 0.03518518518518519
1 0.20390625 0.1361111111111111 0.03177083333333333 0.037037037037037035
1 0.2947916666666667 0.27546296296296297 0.059375 0.09907407407407408
1 0.34140625 0.2300925925925926 0.025520833333333333 0.06388888888888888
1 0.39557291666666666 0.11712962962962963 0.0390625 0.049074074074074076
1 0.6708333333333333 0.175 0.03958333333333333 0.06666666666666667
1 0.25338541666666664 0.08425925925925926 0.021354166666666667 0.03518518518518519
1 0.27890625 0.11712962962962963 0.03177083333333333 0.041666666666666664
1 0.17239583333333333 0.3138888888888889 0.053125 0.08703703703703704
1 0.39817708333333335 0.17916666666666667 0.03802083333333333 0.04351851851851852
1 0.5588541666666667 0.1259259259259259 0.028125 0.05
1 0.26666666666666666 0.09768518518518518 0.029166666666666667 0.03981481481481482
1 0.31875 0.19074074074074074 0.036458333333333336 0.04259259259259259
1 0.29375 0.1361111111111111 0.029166666666666667 0.05185185185185185
1 0.3921875 0.1412037037037037 0.030208333333333334 0.03611111111111111
1 0.5143229166666666 0.1111111111111111 0.025520833333333333 0.040740740740740744
1 0.21536458333333333 0.09907407407407408 0.0296875 0.03518518518518519
1 0.3653645833333333 0.09351851851851851 0.030729166666666665 0.03888888888888889
1 0.6940104166666666 0.14166666666666666 0.04114583333333333 0.04259259259259259
1 0.3028645833333333 0.15092592592592594 0.0328125 0.04814814814814815
1 0.4703125 0.06944444444444445 0.017708333333333333 0.027777777777777776
1 0.3385416666666667 0.12222222222222222 0.028125 0.046296296296296294
1 0.18177083333333333 0.17037037037037037 0.036458333333333336 0.040740740740740744
1 0.52578125 0.11851851851851852 0.018229166666666668 0.03888888888888889
1 0.8591145833333333 0.19305555555555556 0.0453125 0.058333333333333334
1 0.34713541666666664 0.07777777777777778 0.022395833333333334 0.03333333333333333
1 0.6645833333333333 0.1361111111111111 0.026041666666666668 0.022222222222222223
1 0.5013020833333334 0.1875 0.06302083333333333 0.06388888888888888
1 0.96953125 0.3388888888888889 0.059895833333333336 0.05185185185185185
1 0.8432291666666667 0.17962962962962964 0.03854166666666667 0.06481481481481481
1 0.3453125 0.20324074074074075 0.04375 0.06574074074074074
1 0.31692708333333336 0.1675925925925926 0.04114583333333333 0.040740740740740744
1 0.1671875 0.11944444444444445 0.030208333333333334 0.03518518518518519
1 0.71484375 0.12546296296296297 0.028645833333333332 0.030555555555555555
1 0.5731770833333333 0.12037037037037036 0.0171875 0.05
1 0.96953125 0.3712962962962963 0.059895833333333336 0.11666666666666667
1 0.4791666666666667 0.09444444444444444 0.021875 0.03888888888888889
1 0.9020833333333333 0.18101851851851852 0.04479166666666667 0.058333333333333334
1 0.1828125 0.274537037037037 0.04895833333333333 0.08981481481481482
1 0.7502604166666667 0.1726851851851852 0.043229166666666666 0.0712962962962963