1 0.48046875 0.725925925925926 0.1390625 0.17962962962962964
1 0.20989583333333334 0.6351851851851852 0.12604166666666666 0.1648148148148148
1 0.5549479166666667 0.8592592592592593 0.15572916666666667 0.21296296296296297
1 0.7122395833333334 0.7 0.1328125 0.18703703703703703
1 0.1953125 0.5027777777777778 0.09479166666666666 0.12222222222222222
1 0.37578125 0.5231481481481481 0.09739583333333333 0.13148148148148148
1 0.5880208333333333 0.36342592592592593 0.07291666666666667 0.09351851851851851
1 0.9153645833333334 0.2865740740740741 0.059895833333333336 0.075
1 0.8296875 0.562962962962963 0.10520833333333333 0.1425925925925926
1 0.5166666666666667 0.2884259259259259 0.059375 0.0787037037037037
1 0.6302083333333334 0.612037037037037 0.11145833333333334 0.15
1 0.4708333333333333 0.25555555555555554 0.052083333333333336 0.06851851851851852
1 0.4427083333333333 0.35138888888888886 0.057291666666666664 0.09351851851851851
1 0.6989583333333333 0.44074074074074077 0.09375 0.15185185185185185
1 0.6565104166666667 0.2972222222222222 0.06197916666666667 0.09259259259259259
1 0.7901041666666667 0.3824074074074074 0.084375 0.12777777777777777
1 0.7348958333333333 0.33611111111111114 0.07395833333333333 0.10925925925925926
1 0.36796875 0.4305555555555556 0.0765625 0.10925925925925926
1 0.4546875 0.15601851851851853 0.036458333333333336 0.05092592592592592
1 0.4940104166666667 0.3875 0.07447916666666667 0.12129629629629629
1 0.4244791666666667 0.31666666666666665 0.05520833333333333 0.08333333333333333
1 0.38307291666666665 0.1125 0.0171875 0.03611111111111111
1 0.3104166666666667 0.16712962962962963 0.03854166666666667 0.05092592592592592
1 0.9713541666666666 0.7694444444444445 0.05625 0.2037037037037037
1 0.17916666666666667 0.3384259259259259 0.058333333333333334 0.08055555555555556
1 0.7416666666666667 0.20601851851851852 0.04479166666666667 0.06574074074074074
1 0.95 0.5111111111111111 0.09895833333333333 0.1388888888888889
1 0.3963541666666667 0.26342592592592595 0.052083333333333336 0.08981481481481482
1 0.28828125 0.27824074074074073 0.0640625 0.10648148148148148
1 0.36171875 0.24537037037037038 0.04010416666666667 0.06296296296296296
1 0.9114583333333334 0.2337962962962963 0.053125 0.0712962962962963
1 0.825 0.20833333333333334 0.042708333333333334 0.06296296296296296
1 0.42109375 0.19675925925925927 0.033854166666666664 0.049074074074074076
1 0.18802083333333333 0.2916666666666667 0.05416666666666667 0.07592592592592592
1 0.23567708333333334 0.15324074074074073 0.028645833333333332 0.04351851851851852
1 0.98125 0.9708333333333333 0.036458333333333336 0.05648148148148148
1 0.4044270833333333 0.12129629629629629 0.0359375 0.05555555555555555
1 0.18177083333333333 0.15694444444444444 0.04479166666666667 0.06388888888888888
1 0.61953125 0.1824074074074074 0.04010416666666667 0.037037037037037035
1 0.35234375 0.13657407407407407 0.030729166666666665 0.049074074074074076
1 0.8963541666666667 0.6222222222222222 0.13541666666666666 0.17407407407407408
1 0.7341145833333333 0.17175925925925925 0.04114583333333333 0.05277777777777778
1 0.5609375 0.15 0.026041666666666668 0.03518518518518519
1 0.7088541666666667 0.1425925925925926 0.03229166666666667 0.04259259259259259
1 0.44609375 0.1449074074074074 0.03177083333333333 0.05462962962962963
1 0.32526041666666666 0.36898148148148147 0.0671875 0.09537037037037037
1 0.3341145833333333 0.11666666666666667 0.0296875 0.04814814814814815
1 0.45364583333333336 0.21944444444444444 0.051041666666666666 0.07592592592592592
1 0.38255208333333335 0.16666666666666666 0.034895833333333334 0.046296296296296294
1 0.6572916666666667 0.17407407407407408 0.025 0.06111111111111111
1 0.6354166666666666 0.27175925925925926 0.059375 0.10092592592592593
1 0.3703125 0.0962962962962963 0.021875 0.03518518518518519
1 0.671875 0.12175925925925926 0.028125 0.041666666666666664
1 0.3572916666666667 0.2175925925925926 0.04583333333333333 0.07407407407407407
1 0.36484375 0.15787037037037038 0.0296875 0.03981481481481482
1 0.5859375 0.1587962962962963 0.0375 0.04351851851851852
1 0.603125 0.12268518518518519 0.036458333333333336 0.04537037037037037
1 0.59296875 0.5175925925925926 0.10677083333333333 0.16296296296296298
1 0.5372395833333333 0.1375 0.027604166666666666 0.028703703703703703
1 0.6997395833333333 0.11898148148148148 0.028645833333333332 0.03796296296296296
1 0.33697916666666666 0.07268518518518519 0.019791666666666666 0.026851851851851852
1 0.4049479166666667 0.18611111111111112 0.034895833333333334 0.05925925925925926
1 0.3375 0.2 0.034375 0.06666666666666667
1 0.6846354166666667 0.17916666666666667 0.0484375 0.075
1 0.26328125 0.09814814814814815 0.021354166666666667 0.03518518518518519
1 0.28098958333333335 0.11712962962962963 0.0328125 0.05092592592592592
1 0.7950520833333333 0.23287037037037037 0.050520833333333334 0.06759259259259259
1 0.7794270833333333 0.17407407407407408 0.0421875 0.06851851851851852
1 0.9533854166666667 0.19074074074074074 0.044270833333333336 0.06666666666666667
1 0.25390625 0.18611111111111112 0.03802083333333333 0.06851851851851852
1 0.46848958333333335 0.10648148148148148 0.0234375 0.03148148148148148
1 0.23177083333333334 0.12916666666666668 0.03229166666666667 0.03981481481481482
1 0.15703125 0.09259259259259259 0.025520833333333333 0.044444444444444446
1 0.1734375 0.10092592592592593 0.021875 0.022222222222222223
1 0.5684895833333333 0.12546296296296297 0.027604166666666666 0.023148148148148147
1 0.5104166666666666 0.08703703703703704 0.026041666666666668 0.03888888888888889
1 0.5229166666666667 0.1287037037037037 0.025 0.03148148148148148
1 0.28177083333333336 0.1550925925925926 0.027083333333333334 0.028703703703703703
1 0.2640625 0.18472222222222223 0.03958333333333333 0.041666666666666664
1 0.6276041666666666 0.10925925925925926 0.025 0.03518518518518519
1 0.2520833333333333 0.22314814814814815 0.025 0.06111111111111111
1 0.29453125 0.21296296296296297 0.030729166666666665 0.03148148148148148
1 0.8395833333333333 0.15138888888888888 0.04479166666666667 0.06388888888888888
1 0.87734375 0.1824074074074074 0.0484375 0.06851851851851852
1 0.16640625 0.19027777777777777 0.0359375 0.03425925925925926
1 0.5020833333333333 0.11990740740740741 0.01875 0.028703703703703703
1 0.5674479166666667 0.09722222222222222 0.024479166666666666 0.024074074074074074
1 0.8213541666666667 0.17592592592592593 0.040625 0.046296296296296294
1 0.5986979166666667 0.1425925925925926 0.03177083333333333 0.04259259259259259
1 0.17526041666666667 0.25972222222222224 0.0453125 0.08055555555555556
1 0.6453125 0.09583333333333334 0.023958333333333335 0.04351851851851852
1 0.26510416666666664 0.2337962962962963 0.036458333333333336 0.07685185185185185
1 0.171875 0.2361111111111111 0.04895833333333333 0.06296296296296296