2 0.6078125 0.08425925925925926 0.09375 0.08148148148148149
1 0.4395833333333333 0.6648148148148149 0.11770833333333333 0.15
1 0.24453125 0.7509259259259259 0.13385416666666666 0.19074074074074074
1 0.6427083333333333 0.5912037037037037 0.10833333333333334 0.15092592592592594
1 0.8432291666666667 0.8925925925925926 0.20520833333333333 0.21296296296296297
1 0.5385416666666667 0.4625 0.08541666666666667 0.1287037037037037
1 0.3854166666666667 0.5282407407407408 0.09375 0.13055555555555556
1 0.97734375 0.31203703703703706 0.044270833333333336 0.08518518518518518
1 0.33046875 0.375 0.0703125 0.09444444444444444
1 0.56640625 0.324537037037037 0.07135416666666666 0.10648148148148148
1 0.36796875 0.475462962962963 0.09322916666666667 0.12129629629629629
1 0.20026041666666666 0.43287037037037035 0.08385416666666666 0.11203703703703703
1 0.1171875 0.3958333333333333 0.07395833333333333 0.1175925925925926
1 0.66953125 0.42314814814814816 0.08802083333333334 0.11851851851851852
1 0.38697916666666665 0.2763888888888889 0.04375 0.07314814814814814
1 0.4513020833333333 0.2324074074074074 0.04739583333333333 0.06296296296296296
1 0.64140625 0.28055555555555556 0.059895833333333336 0.0962962962962963
1 0.92265625 0.6412037037037037 0.13385416666666666 0.21203703703703702
1 0.7544270833333333 0.48703703703703705 0.09322916666666667 0.13703703703703704
1 0.42135416666666664 0.20925925925925926 0.04375 0.06111111111111111
1 0.49921875 0.2828703703703704 0.0578125 0.07314814814814814
1 0.28880208333333335 0.28703703703703703 0.05260416666666667 0.07592592592592592
1 0.728125 0.35509259259259257 0.07291666666666667 0.09722222222222222
1 0.4895833333333333 0.4212962962962963 0.06770833333333333 0.1037037037037037
1 0.7330729166666666 0.2375 0.050520833333333334 0.049074074074074076
1 0.7348958333333333 0.17592592592592593 0.040625 0.053703703703703705
1 0.5104166666666666 0.12731481481481483 0.028125 0.03611111111111111
1 0.4140625 0.1287037037037037 0.030208333333333334 0.04259259259259259
1 0.17239583333333333 0.27175925925925926 0.04791666666666667 0.06574074074074074
1 0.6 0.25324074074074077 0.05416666666666667 0.08611111111111111
1 0.4236979166666667 0.2986111111111111 0.0578125 0.09351851851851851
1 0.37447916666666664 0.10138888888888889 0.03125 0.049074074074074076
1 0.184375 0.36712962962962964 0.071875 0.09351851851851851
1 0.8356770833333333 0.40925925925925927 0.0859375 0.13148148148148148
1 0.31536458333333334 0.324537037037037 0.05572916666666667 0.08425925925925926
1 0.89921875 0.26990740740740743 0.0578125 0.08425925925925926
1 0.67734375 0.20462962962962963 0.049479166666666664 0.05925925925925926
1 0.6799479166666667 0.1699074074074074 0.0359375 0.028703703703703703
1 0.9708333333333333 0.2611111111111111 0.057291666666666664 0.07777777777777778
1 0.60625 0.17546296296296296 0.0375 0.03796296296296296
1 0.90703125 0.20416666666666666 0.0390625 0.04722222222222222
1 0.9572916666666667 0.1712962962962963 0.053125 0.046296296296296294
1 0.6450520833333333 0.18703703703703703 0.033854166666666664 0.040740740740740744
1 0.75 0.15138888888888888 0.035416666666666666 0.04722222222222222
1 0.6721354166666667 0.14305555555555555 0.033854166666666664 0.03611111111111111
1 0.8604166666666667 0.21666666666666667 0.026041666666666668 0.06481481481481481
1 0.7658854166666667 0.13564814814814816 0.025520833333333333 0.03611111111111111
1 0.2640625 0.22870370370370371 0.05416666666666667 0.09074074074074075
1 0.4859375 0.09814814814814815 0.025 0.03333333333333333
1 0.221875 0.11342592592592593 0.03333333333333333 0.04351851851851852
1 0.46796875 0.3685185185185185 0.07760416666666667 0.11481481481481481
1 0.29791666666666666 0.13842592592592592 0.030208333333333334 0.03981481481481482
1 0.6171875 0.12037037037037036 0.030208333333333334 0.03888888888888889
1 0.33125 0.2037037037037037 0.034375 0.05555555555555555
1 0.3578125 0.2175925925925926 0.04375 0.07592592592592592
1 0.38333333333333336 0.16435185185185186 0.03333333333333333 0.04537037037037037
1 0.33307291666666666 0.17037037037037037 0.0390625 0.040740740740740744
1 0.31328125 0.16527777777777777 0.0296875 0.06018518518518518
1 0.5369791666666667 0.21157407407407408 0.05 0.08055555555555556
1 0.33567708333333335 0.1175925925925926 0.027604166666666666 0.044444444444444446
1 0.16979166666666667 0.1361111111111111 0.03958333333333333 0.05740740740740741
1 0.9421875 0.2175925925925926 0.05 0.06111111111111111
1 0.63671875 0.39305555555555555 0.06822916666666666 0.10462962962962963
1 0.9859375 0.21203703703703702 0.027083333333333334 0.03333333333333333
1 0.16875 0.21296296296296297 0.03958333333333333 0.07407407407407407
1 0.57265625 0.12546296296296297 0.028645833333333332 0.030555555555555555
1 0.18229166666666666 0.19074074074074074 0.036458333333333336 0.04259259259259259
1 0.33880208333333334 0.1310185185185185 0.022395833333333334 0.03611111111111111
1 0.3541666666666667 0.13842592592592592 0.029166666666666667 0.03981481481481482
1 0.5828125 0.16203703703703703 0.030208333333333334 0.03518518518518519
1 0.40625 0.11712962962962963 0.027083333333333334 0.04537037037037037
1 0.6130208333333333 0.14675925925925926 0.03229166666666667 0.04537037037037037
1 0.87890625 0.1935185185185185 0.0328125 0.05185185185185185
1 0.6588541666666666 0.13287037037037036 0.026041666666666668 0.026851851851851852
1 0.44765625 0.0875 0.025520833333333333 0.041666666666666664
1 0.5098958333333333 0.08425925925925926 0.021875 0.040740740740740744
1 0.5822916666666667 0.09444444444444444 0.030208333333333334 0.03148148148148148
1 0.5541666666666667 0.0837962962962963 0.019791666666666666 0.04537037037037037
1 0.5578125 0.1527777777777778 0.030208333333333334 0.02962962962962963
1 0.6919270833333333 0.10694444444444444 0.027604166666666666 0.04351851851851852
1 0.24609375 0.1625 0.0390625 0.05462962962962963
1 0.34713541666666664 0.08148148148148149 0.0203125 0.03148148148148148
1 0.5528645833333333 0.22870370370370371 0.04635416666666667 0.07222222222222222
1 0.6869791666666667 0.13148148148148148 0.030208333333333334 0.046296296296296294
1 0.3776041666666667 0.1388888888888889 0.029166666666666667 0.024074074074074074
1 0.5919270833333333 0.13472222222222222 0.025520833333333333 0.026851851851851852
1 0.5872395833333334 0.10787037037037037 0.025520833333333333 0.028703703703703703
1 0.28151041666666665 0.11712962962962963 0.034895833333333334 0.03425925925925926
1 0.37604166666666666 0.2518518518518518 0.04479166666666667 0.06851851851851852
1 0.7799479166666666 0.22314814814814815 0.0484375 0.07592592592592592
1 0.4828125 0.06388888888888888 0.021875 0.024074074074074074
1 0.47239583333333335 0.08842592592592592 0.022916666666666665 0.04351851851851852
1 0.26510416666666664 0.10046296296296296 0.028125 0.041666666666666664
1 0.74140625 0.1300925925925926 0.0265625 0.03796296296296296
1 0.5330729166666667 0.06342592592592593 0.0203125 0.025
1 0.16692708333333334 0.16203703703703703 0.030729166666666665 0.03518518518518519
1 0.4119791666666667 0.18287037037037038 0.03958333333333333 0.06574074074074074
1 0.7533854166666667 0.20787037037037037 0.0328125 0.05092592592592592
1 0.23854166666666668 0.1361111111111111 0.0375 0.03333333333333333
1 0.78046875 0.1685185185185185 0.03697916666666667 0.037037037037037035
1 0.5236979166666667 0.1087962962962963 0.021354166666666667 0.03981481481481482
1 0.64453125 0.1648148148148148 0.03697916666666667 0.040740740740740744
1 0.7434895833333334 0.12037037037037036 0.022395833333333334 0.018518518518518517
1 0.18125 0.2412037037037037 0.04375 0.06388888888888888
1 0.27265625 0.18981481481481483 0.04010416666666667 0.05