1 0.21067708333333332 0.5736111111111111 0.10989583333333333 0.14907407407407408
1 0.490625 0.7555555555555555 0.13958333333333334 0.18333333333333332
1 0.45026041666666666 0.649074074074074 0.12552083333333333 0.16666666666666666
1 0.19192708333333333 0.46296296296296297 0.08802083333333334 0.1111111111111111
1 0.65546875 0.9564814814814815 0.1796875 0.08518518518518518
1 0.7729166666666667 0.5148148148148148 0.090625 0.13148148148148148
1 0.96953125 0.30833333333333335 0.059895833333333336 0.08148148148148149
1 0.6546875 0.6282407407407408 0.11666666666666667 0.16574074074074074
1 0.4276041666666667 0.33194444444444443 0.053125 0.08796296296296297
1 0.56484375 0.3421296296296296 0.06927083333333334 0.08981481481481482
1 0.90625 0.8967592592592593 0.16979166666666667 0.20462962962962963
1 0.6635416666666667 0.4074074074074074 0.0875 0.1388888888888889
1 0.5908854166666667 0.5569444444444445 0.10364583333333334 0.13425925925925927
1 0.5005208333333333 0.2740740740740741 0.05520833333333333 0.07592592592592592
1 0.6986979166666667 0.30972222222222223 0.0671875 0.09722222222222222
1 0.31744791666666666 0.3472222222222222 0.06197916666666667 0.09074074074074075
1 0.82578125 0.5625 0.1203125 0.15833333333333333
1 0.36380208333333336 0.4828703703703704 0.0859375 0.12129629629629629
1 0.74921875 0.3541666666666667 0.07760416666666667 0.12129629629629629
1 0.8307291666666666 0.24768518518518517 0.053125 0.0712962962962963
1 0.3541666666666667 0.4009259259259259 0.07395833333333333 0.1037037037037037
1 0.6291666666666667 0.2796296296296296 0.058333333333333334 0.08888888888888889
1 0.88984375 0.46574074074074073 0.0953125 0.1259259259259259
1 0.2830729166666667 0.2657407407407407 0.06197916666666667 0.10185185185185185
1 0.4125 0.29953703703703705 0.052083333333333336 0.08055555555555556
1 0.47708333333333336 0.3638888888888889 0.07083333333333333 0.11296296296296296
1 0.9255208333333333 0.6800925925925926 0.134375 0.18981481481481483
1 0.44375 0.14953703703703702 0.034375 0.04722222222222222
1 0.3854166666666667 0.25416666666666665 0.05 0.08425925925925926
1 0.5575520833333333 0.475462962962963 0.0984375 0.14907407407407408
1 0.85390625 0.21851851851851853 0.043229166666666666 0.06481481481481481
1 0.23984375 0.14814814814814814 0.034895833333333334 0.04259259259259259
1 0.17734375 0.15138888888888888 0.043229166666666666 0.062037037037037036
1 0.9114583333333334 0.19027777777777777 0.051041666666666666 0.06944444444444445
1 0.39609375 0.11527777777777778 0.033854166666666664 0.05462962962962963
1 0.37604166666666666 0.10833333333333334 0.015625 0.03518518518518519
1 0.35234375 0.2375 0.03697916666666667 0.058333333333333334
1 0.77109375 0.21898148148148147 0.04635416666666667 0.06759259259259259
1 0.6026041666666667 0.16805555555555557 0.040625 0.04722222222222222
1 0.3072916666666667 0.16111111111111112 0.035416666666666666 0.04814814814814815
1 0.6419270833333334 0.19212962962962962 0.0421875 0.03796296296296296
1 0.4427083333333333 0.2111111111111111 0.04583333333333333 0.07407407407407407
1 0.28125 0.11388888888888889 0.03958333333333333 0.04814814814814815
1 0.9557291666666666 0.24722222222222223 0.057291666666666664 0.07222222222222222
1 0.4122395833333333 0.18935185185185185 0.0328125 0.049074074074074076
1 0.47630208333333335 0.10972222222222222 0.0265625 0.03425925925925926
1 0.18723958333333332 0.2759259259259259 0.05364583333333333 0.06851851851851852
1 0.5768229166666666 0.15648148148148147 0.027604166666666666 0.03518518518518519
1 0.68671875 0.12916666666666668 0.0296875 0.04351851851851852
1 0.7546875 0.18101851851851852 0.035416666666666666 0.05462962962962963
1 0.34817708333333336 0.13333333333333333 0.028645833333333332 0.04814814814814815
1 0.6661458333333333 0.15 0.035416666666666666 0.046296296296296294
1 0.18619791666666666 0.3199074074074074 0.05572916666666667 0.08055555555555556
1 0.3502604166666667 0.20879629629629629 0.044270833333333336 0.0712962962962963
1 0.43515625 0.1375 0.030729166666666665 0.05277777777777778
1 0.63984375 0.11666666666666667 0.027604166666666666 0.03888888888888889
1 0.37447916666666664 0.16018518518518518 0.03333333333333333 0.044444444444444446
1 0.32708333333333334 0.07268518518518519 0.030208333333333334 0.025
1 0.6549479166666666 0.10138888888888889 0.024479166666666666 0.04351851851851852
1 0.45859375 0.24537037037037038 0.050520833333333334 0.06481481481481481
1 0.365625 0.09305555555555556 0.020833333333333332 0.032407407407407406
1 0.6145833333333334 0.15231481481481482 0.03229166666666667 0.04722222222222222
1 0.9791666666666666 0.19583333333333333 0.040625 0.062037037037037036
1 0.23020833333333332 0.12685185185185185 0.03229166666666667 0.040740740740740744
1 0.6809895833333334 0.1824074074074074 0.030729166666666665 0.06296296296296296
1 0.7236979166666667 0.14675925925925926 0.030729166666666665 0.03611111111111111
1 0.80078125 0.1587962962962963 0.0265625 0.028703703703703703
1 0.71328125 0.12175925925925926 0.0265625 0.03611111111111111
1 0.3296875 0.11435185185185186 0.030208333333333334 0.04722222222222222
1 0.15833333333333333 0.09027777777777778 0.023958333333333335 0.041666666666666664
1 0.6098958333333333 0.2550925925925926 0.05625 0.09722222222222222
1 0.61796875 0.12962962962962962 0.034895833333333334 0.04259259259259259
1 0.17473958333333334 0.10277777777777777 0.024479166666666666 0.022222222222222223
1 0.35651041666666666 0.15185185185185185 0.0234375 0.03888888888888889
1 0.26328125 0.09814814814814815 0.022395833333333334 0.03518518518518519
1 0.2838541666666667 0.14814814814814814 0.025 0.03518518518518519
1 0.81328125 0.19490740740740742 0.04635416666666667 0.06759259259259259
1 0.55390625 0.14583333333333334 0.024479166666666666 0.030555555555555555
1 0.33151041666666664 0.19166666666666668 0.0328125 0.06481481481481481
1 0.253125 0.18055555555555555 0.0375 0.06481481481481481
1 0.5528645833333333 0.09537037037037037 0.019270833333333334 0.024074074074074074
1 0.5776041666666667 0.1037037037037037 0.026041666666666668 0.03148148148148148
1 0.165625 0.1310185185185185 0.030208333333333334 0.03981481481481482
1 0.8643229166666667 0.15925925925925927 0.044270833333333336 0.06666666666666667
1 0.5830729166666667 0.13148148148148148 0.0296875 0.025925925925925925
1 0.6643229166666667 0.175 0.024479166666666666 0.05185185185185185
1 0.49453125 0.09675925925925925 0.025520833333333333 0.03981481481481482
1 0.5239583333333333 0.08981481481481482 0.025 0.040740740740740744
1 0.32369791666666664 0.09444444444444444 0.030729166666666665 0.044444444444444446
1 0.6966145833333334 0.10694444444444444 0.019270833333333334 0.017592592592592594
1 0.8484375 0.17546296296296296 0.0375 0.030555555555555555
1 0.17395833333333333 0.25046296296296294 0.04375 0.0787037037037037
1 0.71328125 0.19074074074074074 0.0515625 0.07777777777777778
1 0.3984375 0.07037037037037037 0.016666666666666666 0.022222222222222223
1 0.5158854166666667 0.1287037037037037 0.024479166666666666 0.02962962962962963
1 0.4591145833333333 0.08657407407407407 0.0234375 0.030555555555555555
1 0.2140625 0.08796296296296297 0.028125 0.037037037037037035
1 0.3958333333333333 0.17916666666666667 0.03333333333333333 0.058333333333333334
1 0.27421875 0.22453703703703703 0.05677083333333333 0.0712962962962963
1 0.17395833333333333 0.21805555555555556 0.04583333333333333 0.04537037037037037
1 0.17369791666666667 0.19814814814814816 0.04635416666666667 0.06666666666666667