2 0.69453125 0.09675925925925925 0.0515625 0.11203703703703703
2 0.63671875 0.08888888888888889 0.0515625 0.08888888888888889
1 0.29921875 0.799537037037037 0.15052083333333333 0.19537037037037036
1 0.8020833333333334 0.8087962962962963 0.16145833333333334 0.20833333333333334
1 0.5432291666666667 0.49675925925925923 0.109375 0.1638888888888889
1 0.9513020833333333 0.6851851851851852 0.09635416666666667 0.17962962962962964
1 0.7643229166666666 0.4949074074074074 0.10260416666666666 0.1361111111111111
1 0.3497395833333333 0.4217592592592593 0.07552083333333333 0.09907407407407408
1 0.84453125 0.5814814814814815 0.1171875 0.16666666666666666
1 0.48046875 0.3888888888888889 0.07135416666666666 0.1
1 0.20807291666666666 0.4486111111111111 0.0796875 0.11388888888888889
1 0.6997395833333333 0.6611111111111111 0.13489583333333333 0.2111111111111111
1 0.5348958333333333 0.8560185185185185 0.16041666666666668 0.2101851851851852
1 0.33229166666666665 0.36018518518518516 0.06666666666666667 0.09074074074074075
1 0.12994791666666666 0.387037037037037 0.0765625 0.12407407407407407
1 0.5372395833333333 0.30185185185185187 0.0640625 0.08518518518518518
1 0.44453125 0.22314814814814815 0.0421875 0.06111111111111111
1 0.43125 0.32546296296296295 0.0625 0.08981481481481482
1 0.6411458333333333 0.28194444444444444 0.058333333333333334 0.09351851851851851
1 0.5838541666666667 0.1648148148148148 0.0375 0.040740740740740744
1 0.40859375 0.18564814814814815 0.0390625 0.05277777777777778
1 0.30755208333333334 0.3314814814814815 0.0546875 0.08703703703703704
1 0.8526041666666667 0.16527777777777777 0.03333333333333333 0.049074074074074076
1 0.5799479166666667 0.3425925925925926 0.06510416666666667 0.0962962962962963
1 0.5130208333333334 0.2851851851851852 0.046875 0.07592592592592592
1 0.7520833333333333 0.18009259259259258 0.0375 0.058333333333333334
1 0.53359375 0.21203703703703702 0.04635416666666667 0.07222222222222222
1 0.93515625 0.25 0.05572916666666667 0.07962962962962963
1 0.79140625 0.2550925925925926 0.05572916666666667 0.05277777777777778
1 0.8911458333333333 0.23055555555555557 0.051041666666666666 0.06111111111111111
1 0.48072916666666665 0.2490740740740741 0.052083333333333336 0.08148148148148149
1 0.37265625 0.23055555555555557 0.044270833333333336 0.07592592592592592
1 0.17786458333333333 0.31574074074074077 0.06510416666666667 0.07777777777777778
1 0.17265625 0.21805555555555556 0.04010416666666667 0.05648148148148148
1 0.87890625 0.1736111111111111 0.04010416666666667 0.05092592592592592
1 0.2643229166666667 0.2273148148148148 0.03802083333333333 0.06018518518518518
1 0.9588541666666667 0.362962962962963 0.08020833333333334 0.0962962962962963
1 0.8578125 0.2898148148148148 0.07291666666666667 0.08148148148148149
1 0.5044270833333333 0.19305555555555556 0.04114583333333333 0.06574074074074074
1 0.37864583333333335 0.1675925925925926 0.0375 0.04814814814814815
1 0.5908854166666667 0.25555555555555554 0.05260416666666667 0.07222222222222222
1 0.83046875 0.2351851851851852 0.04635416666666667 0.044444444444444446
1 0.46848958333333335 0.16157407407407406 0.0390625 0.062037037037037036
1 0.6434895833333333 0.16805555555555557 0.03802083333333333 0.05462962962962963
1 0.48072916666666665 0.17546296296296296 0.03333333333333333 0.058333333333333334
1 0.65625 0.13796296296296295 0.03333333333333333 0.03888888888888889
1 0.5861979166666667 0.1375 0.034895833333333334 0.05092592592592592
1 0.96484375 0.2898148148148148 0.06302083333333333 0.05925925925925926
1 0.3958333333333333 0.27361111111111114 0.05520833333333333 0.08796296296296297
1 0.7536458333333333 0.1300925925925926 0.035416666666666666 0.05462962962962963
1 0.7278645833333334 0.2412037037037037 0.0484375 0.06018518518518518
1 0.45859375 0.10185185185185185 0.025520833333333333 0.027777777777777776
1 0.33619791666666665 0.1175925925925926 0.024479166666666666 0.03888888888888889
1 0.8005208333333333 0.1597222222222222 0.029166666666666667 0.030555555555555555
1 0.4830729166666667 0.09722222222222222 0.024479166666666666 0.03518518518518519
1 0.16119791666666666 0.11805555555555555 0.03802083333333333 0.05277777777777778
1 0.17682291666666666 0.27175925925925926 0.0578125 0.058333333333333334
1 0.18828125 0.10324074074074074 0.0234375 0.030555555555555555
1 0.6627604166666666 0.19537037037037036 0.04114583333333333 0.040740740740740744
1 0.6877604166666667 0.21203703703703702 0.04114583333333333 0.046296296296296294
1 0.3046875 0.14953703703703702 0.034375 0.05462962962962963
1 0.27708333333333335 0.11342592592592593 0.03125 0.03425925925925926
1 0.66875 0.4009259259259259 0.0875 0.13148148148148148
1 0.18255208333333334 0.14537037037037037 0.04114583333333333 0.04814814814814815
1 0.7283854166666667 0.11574074074074074 0.0265625 0.04259259259259259
1 0.41067708333333336 0.3055555555555556 0.04635416666666667 0.07777777777777778
1 0.34609375 0.08101851851851852 0.0296875 0.03611111111111111
1 0.7049479166666667 0.15138888888888888 0.034895833333333334 0.03981481481481482
1 0.7049479166666667 0.18287037037037038 0.03697916666666667 0.05462962962962963
1 0.36953125 0.09305555555555556 0.024479166666666666 0.032407407407407406
1 0.34322916666666664 0.20185185185185187 0.0375 0.05740740740740741
1 0.5924479166666666 0.10740740740740741 0.025520833333333333 0.02962962962962963
1 0.2518229166666667 0.1865740740740741 0.04739583333333333 0.075
1 0.80546875 0.2013888888888889 0.03697916666666667 0.05648148148148148
1 0.5625 0.10555555555555556 0.03229166666666667 0.04814814814814815
1 0.25625 0.08796296296296297 0.025 0.03518518518518519
1 0.31354166666666666 0.10046296296296296 0.022916666666666665 0.032407407407407406
1 0.37864583333333335 0.1050925925925926 0.026041666666666668 0.03425925925925926
1 0.7752604166666667 0.22453703703703703 0.04739583333333333 0.06574074074074074
1 0.26171875 0.1439814814814815 0.027604166666666666 0.023148148148148147
1 0.28411458333333334 0.24814814814814815 0.0484375 0.06851851851851852
1 0.5265625 0.11805555555555555 0.017708333333333333 0.03611111111111111
1 0.22864583333333333 0.11805555555555555 0.034375 0.03425925925925926
1 0.29635416666666664 0.13703703703703704 0.026041666666666668 0.05
1 0.46875 0.06296296296296296 0.01875 0.018518518518518517
1 0.23385416666666667 0.13703703703703704 0.035416666666666666 0.046296296296296294
1 0.2908854166666667 0.2796296296296296 0.05364583333333333 0.07777777777777778
1 0.17604166666666668 0.1962962962962963 0.04375 0.05740740740740741
1 0.6739583333333333 0.1712962962962963 0.03333333333333333 0.03518518518518519
1 0.17057291666666666 0.17453703703703705 0.04010416666666667 0.06388888888888888
1 0.16796875 0.08101851851851852 0.030729166666666665 0.026851851851851852
1 0.65859375 0.10648148148148148 0.0234375 0.027777777777777776
1 0.4979166666666667 0.1175925925925926 0.028125 0.03148148148148148
1 0.9916666666666667 0.3226851851851852 0.015625 0.09537037037037037