2 0.75 0.11296296296296296 0.06145833333333333 0.12962962962962962
2 0.6734375 0.0962962962962963 0.052083333333333336 0.10555555555555556
1 0.8901041666666667 0.6194444444444445 0.11875 0.1685185185185185
1 0.73359375 0.48148148148148145 0.0984375 0.1259259259259259
1 0.6518229166666667 0.9138888888888889 0.2390625 0.17037037037037037
1 0.4640625 0.3773148148148148 0.08541666666666667 0.125
1 0.0703125 0.4546296296296296 0.084375 0.12962962962962962
1 0.20833333333333334 0.35138888888888886 0.06041666666666667 0.09166666666666666
1 0.3703125 0.5106481481481482 0.1 0.12685185185185185
1 0.3143229166666667 0.33796296296296297 0.0578125 0.07962962962962963
1 0.40078125 0.5689814814814815 0.10885416666666667 0.1398148148148148
1 0.5520833333333334 0.475462962962963 0.09791666666666667 0.14907407407407408
1 0.6203125 0.3819444444444444 0.075 0.10648148148148148
1 0.5979166666666667 0.549074074074074 0.10729166666666666 0.1425925925925926
1 0.42161458333333335 0.3138888888888889 0.058854166666666666 0.08333333333333333
1 0.9341145833333333 0.46944444444444444 0.0984375 0.1425925925925926
1 0.68046875 0.6796296296296296 0.15260416666666668 0.24259259259259258
1 0.48151041666666666 0.25 0.0546875 0.07407407407407407
1 0.23854166666666668 0.8953703703703704 0.16354166666666667 0.2074074074074074
1 0.5208333333333334 0.2791666666666667 0.053125 0.08055555555555556
1 0.4075520833333333 0.19166666666666668 0.0390625 0.05185185185185185
1 0.6635416666666667 0.42777777777777776 0.08541666666666667 0.12407407407407407
1 0.6575520833333334 0.19722222222222222 0.0421875 0.04259259259259259
1 0.98359375 0.31203703703703706 0.03177083333333333 0.07592592592592592
1 0.3848958333333333 0.26944444444444443 0.057291666666666664 0.07962962962962963
1 0.9703125 0.2 0.04479166666666667 0.05555555555555555
1 0.48463541666666665 0.17777777777777778 0.0421875 0.06296296296296296
1 0.3015625 0.29583333333333334 0.05625 0.075
1 0.5708333333333333 0.3148148148148148 0.06770833333333333 0.1111111111111111
1 0.528125 0.21157407407407408 0.042708333333333334 0.06018518518518518
1 0.9453125 0.33935185185185185 0.071875 0.09351851851851851
1 0.3828125 0.16157407407407406 0.035416666666666666 0.049074074074074076
1 0.8817708333333333 0.22592592592592592 0.04583333333333333 0.06111111111111111
1 0.9817708333333334 0.962037037037037 0.035416666666666666 0.07407407407407407
1 0.7130208333333333 0.19537037037037036 0.042708333333333334 0.06111111111111111
1 0.93203125 0.19027777777777777 0.0421875 0.05277777777777778
1 0.28072916666666664 0.274537037037037 0.04583333333333333 0.07314814814814814
1 0.7174479166666666 0.16157407407407406 0.04010416666666667 0.041666666666666664
1 0.9096354166666667 0.27685185185185185 0.05677083333333333 0.07222222222222222
1 0.7971354166666667 0.26342592592592595 0.0515625 0.06388888888888888
1 0.3625 0.09074074074074075 0.023958333333333335 0.03148148148148148
1 0.8609375 0.2949074074074074 0.05625 0.062037037037037036
1 0.7479166666666667 0.2101851851851852 0.04791666666666667 0.06111111111111111
1 0.6408854166666667 0.16203703703703703 0.0390625 0.06481481481481481
1 0.5723958333333333 0.1361111111111111 0.03333333333333333 0.040740740740740744
1 0.46380208333333334 0.15601851851851853 0.034895833333333334 0.04351851851851852
1 0.34296875 0.19953703703703704 0.03802083333333333 0.06759259259259259
1 0.19921875 0.12962962962962962 0.027604166666666666 0.046296296296296294
1 0.35885416666666664 0.14537037037037037 0.034375 0.040740740740740744
1 0.17760416666666667 0.2671296296296296 0.052083333333333336 0.06944444444444445
1 0.19192708333333333 0.3055555555555556 0.058854166666666666 0.10185185185185185
1 0.5690104166666666 0.22916666666666666 0.0484375 0.07685185185185185
1 0.3690104166666667 0.23194444444444445 0.0453125 0.07685185185185185
1 0.84453125 0.2 0.044270833333333336 0.037037037037037035
1 0.7565104166666666 0.2412037037037037 0.044270833333333336 0.04722222222222222
1 0.4427083333333333 0.21296296296296297 0.04375 0.07222222222222222
1 0.17135416666666667 0.19166666666666668 0.036458333333333336 0.053703703703703705
1 0.48984375 0.1162037037037037 0.027604166666666666 0.028703703703703703
1 0.30911458333333336 0.1527777777777778 0.03802083333333333 0.05925925925925926
1 0.5104166666666666 0.10648148148148148 0.025 0.037037037037037035
1 0.83828125 0.24027777777777778 0.050520833333333334 0.06574074074074074
1 0.44947916666666665 0.14907407407407408 0.029166666666666667 0.05
1 0.7046875 0.1087962962962963 0.025 0.04537037037037037
1 0.6328125 0.12916666666666668 0.034375 0.05277777777777778
1 0.890625 0.20185185185185187 0.042708333333333334 0.06296296296296296
1 0.44114583333333335 0.07453703703703704 0.026041666666666668 0.03796296296296296
1 0.3533854166666667 0.08148148148148149 0.021354166666666667 0.02962962962962963
1 0.45807291666666666 0.23981481481481481 0.03802083333333333 0.06481481481481481
1 0.175 0.23564814814814813 0.053125 0.05648148148148148
1 0.29192708333333334 0.13194444444444445 0.0296875 0.05092592592592592
1 0.5598958333333334 0.12407407407407407 0.026041666666666668 0.037037037037037035
1 0.32421875 0.1837962962962963 0.0328125 0.06388888888888888
1 0.39869791666666665 0.06620370370370371 0.0171875 0.025
1 0.5817708333333333 0.11944444444444445 0.022916666666666665 0.046296296296296294
1 0.803125 0.14305555555555555 0.0375 0.058333333333333334
1 0.22708333333333333 0.11805555555555555 0.03125 0.04722222222222222
1 0.3026041666666667 0.08935185185185185 0.020833333333333332 0.030555555555555555
1 0.4825520833333333 0.09212962962962963 0.0328125 0.03796296296296296
1 0.43671875 0.14074074074074075 0.033854166666666664 0.06111111111111111
1 0.5752604166666667 0.0912037037037037 0.0234375 0.026851851851851852
1 0.27421875 0.2388888888888889 0.050520833333333334 0.06666666666666667
1 0.6041666666666666 0.11805555555555555 0.03125 0.05277777777777778
1 0.6002604166666666 0.09166666666666666 0.021354166666666667 0.022222222222222223
1 0.35078125 0.12453703703703704 0.03802083333333333 0.04351851851851852
1 0.2526041666666667 0.07962962962962963 0.021875 0.03333333333333333
1 0.28411458333333334 0.12222222222222222 0.025520833333333333 0.044444444444444446
1 0.3328125 0.0763888888888889 0.023958333333333335 0.021296296296296296
1 0.5247395833333334 0.08657407407407407 0.019270833333333334 0.03796296296296296
1 0.49296875 0.0699074074074074 0.021354166666666667 0.023148148148148147
1 0.16822916666666668 0.1648148148148148 0.034375 0.040740740740740744
1 0.79609375 0.1935185185185185 0.0234375 0.07037037037037037
1 0.41354166666666664 0.06759259259259259 0.019791666666666666 0.025925925925925925
1 0.16927083333333334 0.1439814814814815 0.040625 0.03796296296296296
1 0.2526041666666667 0.13472222222222222 0.025 0.03611111111111111
1 0.24401041666666667 0.16342592592592592 0.044270833333333336 0.06759259259259259
1 0.99375 0.5879629629629629 0.011458333333333333 0.11296296296296296
1 0.15651041666666668 0.11157407407407408 0.0328125 0.05092592592592592
1 0.6213541666666667 0.08703703703703704 0.020833333333333332 0.03148148148148148
1 0.5356770833333333 0.1388888888888889 0.030729166666666665 0.037037037037037035
1 0.2640625 0.19768518518518519 0.046875 0.05462962962962963