2 0.8596354166666667 0.14537037037037037 0.0796875 0.13333333333333333
2 0.78984375 0.09259259259259259 0.0578125 0.09074074074074075
2 0.6375 0.34305555555555556 0.10104166666666667 0.19722222222222222
1 0.9125 0.9023148148148148 0.17395833333333333 0.1935185185185185
1 0.678125 0.6814814814814815 0.12083333333333333 0.1685185185185185
1 0.5552083333333333 0.32222222222222224 0.06354166666666666 0.08333333333333333
1 0.6328125 0.5851851851851851 0.10625 0.13703703703703704
1 0.20364583333333333 0.5268518518518519 0.0875 0.11851851851851852
1 0.3463541666666667 0.3925925925925926 0.075 0.1
1 0.7333333333333333 0.4634259259259259 0.10625 0.17314814814814813
1 0.7932291666666667 0.25972222222222224 0.052083333333333336 0.06574074074074074
1 0.4265625 0.6212962962962963 0.115625 0.18888888888888888
1 0.47421875 0.3800925925925926 0.0734375 0.10277777777777777
1 0.6872395833333333 0.21898148148148147 0.050520833333333334 0.04537037037037037
1 0.19114583333333332 0.4759259259259259 0.0875 0.10555555555555556
1 0.49583333333333335 0.27037037037037037 0.051041666666666666 0.07037037037037037
1 0.8177083333333334 0.23657407407407408 0.05 0.062037037037037036
1 0.55078125 0.22824074074074074 0.049479166666666664 0.075
1 0.9299479166666667 0.28425925925925927 0.0671875 0.10185185185185185
1 0.6369791666666667 0.16898148148148148 0.03854166666666667 0.05092592592592592
1 0.32864583333333336 0.3425925925925926 0.08020833333333334 0.12407407407407407
1 0.18958333333333333 0.25 0.04583333333333333 0.06666666666666667
1 0.5854166666666667 0.25092592592592594 0.05 0.06666666666666667
1 0.45625 0.34305555555555556 0.06041666666666667 0.08981481481481482
1 0.46588541666666666 0.2412037037037037 0.050520833333333334 0.06574074074074074
1 0.390625 0.562037037037037 0.08645833333333333 0.1388888888888889
1 0.2760416666666667 0.27314814814814814 0.05416666666666667 0.07037037037037037
1 0.9752604166666666 0.763425925925926 0.0484375 0.1824074074074074
1 0.4153645833333333 0.28703703703703703 0.06302083333333333 0.10740740740740741
1 0.2609375 0.19953703703703704 0.0375 0.05462962962962963
1 0.5763020833333333 0.36064814814814816 0.03177083333333333 0.09166666666666666
1 0.35520833333333335 0.2462962962962963 0.030208333333333334 0.06666666666666667
1 0.5765625 0.1388888888888889 0.03333333333333333 0.04814814814814815
1 0.8739583333333333 0.2199074074074074 0.051041666666666666 0.0787037037037037
1 0.7578125 0.21898148148148147 0.030208333333333334 0.06574074074074074
1 0.98046875 0.19768518518518519 0.03802083333333333 0.08055555555555556
1 0.9486979166666667 0.18981481481481483 0.044270833333333336 0.06851851851851852
1 0.42083333333333334 0.1375 0.04583333333333333 0.05462962962962963
1 0.7049479166666667 0.1398148148148148 0.021354166666666667 0.040740740740740744
1 0.18619791666666666 0.2064814814814815 0.0390625 0.05740740740740741
1 0.6135416666666667 0.09953703703703703 0.022916666666666665 0.019444444444444445
1 0.26067708333333334 0.09675925925925925 0.022395833333333334 0.03796296296296296
1 0.34401041666666665 0.21342592592592594 0.049479166666666664 0.07314814814814814
1 0.5122395833333333 0.10787037037037037 0.033854166666666664 0.049074074074074076
1 0.7494791666666667 0.1439814814814815 0.034375 0.041666666666666664
1 0.7463541666666667 0.20185185185185187 0.04583333333333333 0.07592592592592592
1 0.425 0.22546296296296298 0.042708333333333334 0.062037037037037036
1 0.41171875 0.18101851851851852 0.0390625 0.06388888888888888
1 0.3815104166666667 0.1587962962962963 0.0359375 0.05277777777777778
1 0.62109375 0.15694444444444444 0.034895833333333334 0.05092592592592592
1 0.16796875 0.13703703703703704 0.033854166666666664 0.037037037037037035
1 0.3229166666666667 0.1111111111111111 0.03229166666666667 0.03148148148148148
1 0.4908854166666667 0.10185185185185185 0.016145833333333335 0.037037037037037035
1 0.32734375 0.1675925925925926 0.034895833333333334 0.044444444444444446
1 0.17994791666666668 0.3990740740740741 0.06614583333333333 0.10740740740740741
1 0.28854166666666664 0.1300925925925926 0.03333333333333333 0.04537037037037037
1 0.3658854166666667 0.09212962962962963 0.025520833333333333 0.041666666666666664
1 0.44375 0.2013888888888889 0.035416666666666666 0.028703703703703703
1 0.16927083333333334 0.08101851851851852 0.027083333333333334 0.025
1 0.27421875 0.10833333333333334 0.0296875 0.040740740740740744
1 0.678125 0.14583333333333334 0.040625 0.06388888888888888
1 0.17447916666666666 0.17175925925925925 0.046875 0.04722222222222222
1 0.7645833333333333 0.1527777777777778 0.029166666666666667 0.03148148148148148
1 0.24375 0.16018518518518518 0.0375 0.04814814814814815
1 0.65703125 0.10416666666666667 0.024479166666666666 0.021296296296296296
1 0.33880208333333334 0.12777777777777777 0.0234375 0.03518518518518519
1 0.6 0.08611111111111111 0.028125 0.02962962962962963
1 0.30833333333333335 0.09259259259259259 0.035416666666666666 0.03518518518518519
1 0.38776041666666666 0.175 0.024479166666666666 0.05555555555555555
1 0.6341145833333334 0.12129629629629629 0.03177083333333333 0.040740740740740744
1 0.37916666666666665 0.2740740740740741 0.028125 0.07222222222222222
1 0.22395833333333334 0.12777777777777777 0.0375 0.03518518518518519
1 0.60625 0.1425925925925926 0.03333333333333333 0.06296296296296296
1 0.553125 0.125 0.015625 0.037037037037037035
1 0.45364583333333336 0.08101851851851852 0.019791666666666666 0.032407407407407406
1 0.35572916666666665 0.1361111111111111 0.03333333333333333 0.04814814814814815
1 0.65703125 0.1361111111111111 0.021354166666666667 0.044444444444444446
1 0.3880208333333333 0.10833333333333334 0.03333333333333333 0.046296296296296294
1 0.23541666666666666 0.13657407407407407 0.034375 0.03981481481481482
1 0.9265625 0.1787037037037037 0.040625 0.07037037037037037
1 0.7966145833333333 0.16620370370370371 0.0390625 0.06574074074074074
1 0.25364583333333335 0.18194444444444444 0.04583333333333333 0.04537037037037037
1 0.4791666666666667 0.0962962962962963 0.01875 0.03888888888888889
1 0.3841145833333333 0.2523148148148148 0.04739583333333333 0.08055555555555556
1 0.31015625 0.15462962962962962 0.0328125 0.05740740740740741
1 0.18541666666666667 0.34629629629629627 0.07708333333333334 0.11481481481481481