2 0.89296875 0.15231481481481482 0.07760416666666667 0.16203703703703703
2 0.7708333333333334 0.12453703703703704 0.06666666666666667 0.125
2 0.8453125 0.512962962962963 0.15208333333333332 0.29074074074074074
1 0.17708333333333334 0.7092592592592593 0.128125 0.15
1 0.24296875 0.8194444444444444 0.13385416666666666 0.1814814814814815
1 0.69921875 0.4532407407407407 0.0890625 0.11203703703703703
1 0.41484375 0.5745370370370371 0.10572916666666667 0.14351851851851852
1 0.6119791666666666 0.9430555555555555 0.18645833333333334 0.11203703703703703
1 0.6041666666666666 0.5611111111111111 0.10833333333333334 0.14444444444444443
1 0.5369791666666667 0.31296296296296294 0.06354166666666666 0.08518518518518518
1 0.6005208333333333 0.3625 0.06770833333333333 0.09537037037037037
1 0.35052083333333334 0.31712962962962965 0.0625 0.08055555555555556
1 0.6848958333333334 0.3402777777777778 0.06666666666666667 0.09351851851851851
1 0.7520833333333333 0.5236111111111111 0.04791666666666667 0.13240740740740742
1 0.5739583333333333 0.49074074074074076 0.08541666666666667 0.1259259259259259
1 0.9369791666666667 0.29907407407407405 0.06666666666666667 0.07962962962962963
1 0.31692708333333336 0.3560185185185185 0.06822916666666666 0.08981481481481482
1 0.5854166666666667 0.16712962962962963 0.0375 0.041666666666666664
1 0.37994791666666666 0.49212962962962964 0.11927083333333334 0.1712962962962963
1 0.19322916666666667 0.31574074074074077 0.058333333333333334 0.08148148148148149
1 0.8776041666666666 0.3 0.06979166666666667 0.07222222222222222
1 0.6828125 0.18333333333333332 0.040625 0.05185185185185185
1 0.27421875 0.24537037037037038 0.0453125 0.06111111111111111
1 0.6466145833333333 0.29444444444444445 0.0609375 0.08703703703703704
1 0.77109375 0.21944444444444444 0.050520833333333334 0.07962962962962963
1 0.5658854166666667 0.1337962962962963 0.03177083333333333 0.04537037037037037
1 0.8888020833333333 0.25416666666666665 0.05260416666666667 0.05092592592592592
1 0.74140625 0.17453703703703705 0.03802083333333333 0.062037037037037036
1 0.19348958333333333 0.4740740740740741 0.09114583333333333 0.12962962962962962
1 0.20260416666666667 0.5745370370370371 0.09270833333333334 0.14907407407407408
1 0.48671875 0.27175925925925926 0.04635416666666667 0.075
1 0.4192708333333333 0.3194444444444444 0.058333333333333334 0.1037037037037037
1 0.471875 0.17222222222222222 0.0375 0.06111111111111111
1 0.6424479166666667 0.19305555555555556 0.04010416666666667 0.04351851851851852
1 0.46119791666666665 0.3875 0.08697916666666666 0.13796296296296295
1 0.43411458333333336 0.3490740740740741 0.058854166666666666 0.1
1 0.4127604166666667 0.1884259259259259 0.043229166666666666 0.05648148148148148
1 0.2552083333333333 0.18935185185185185 0.04375 0.05462962962962963
1 0.6098958333333333 0.11851851851851852 0.0375 0.05740740740740741
1 0.19088541666666667 0.25462962962962965 0.04635416666666667 0.07037037037037037
1 0.8716145833333333 0.22592592592592592 0.050520833333333334 0.06666666666666667
1 0.3619791666666667 0.15231481481481482 0.03125 0.04351851851851852
1 0.43072916666666666 0.21203703703703702 0.0375 0.06111111111111111
1 0.23203125 0.1361111111111111 0.034895833333333334 0.05555555555555555
1 0.4778645833333333 0.09398148148148149 0.030729166666666665 0.04351851851851852
1 0.93515625 0.18101851851851852 0.019270833333333334 0.06944444444444445
1 0.5109375 0.28703703703703703 0.051041666666666666 0.08518518518518518
1 0.4473958333333333 0.15601851851851853 0.028125 0.04537037037037037
1 0.4984375 0.10462962962962963 0.027083333333333334 0.03518518518518519
1 0.8471354166666667 0.16203703703703703 0.021354166666666667 0.05740740740740741
1 0.32864583333333336 0.1837962962962963 0.036458333333333336 0.06388888888888888
1 0.6453125 0.11064814814814815 0.030208333333333334 0.03796296296296296
1 0.33541666666666664 0.07453703703703704 0.021875 0.030555555555555555
1 0.5236979166666667 0.11296296296296296 0.021354166666666667 0.044444444444444446
1 0.671875 0.11666666666666667 0.026041666666666668 0.03148148148148148
1 0.4044270833333333 0.06712962962962964 0.0234375 0.023148148148148147
1 0.17083333333333334 0.1587962962962963 0.035416666666666666 0.04537037037037037
1 0.24192708333333332 0.15833333333333333 0.030729166666666665 0.046296296296296294
1 0.4200520833333333 0.13518518518518519 0.033854166666666664 0.046296296296296294
1 0.83828125 0.15185185185185185 0.0359375 0.06111111111111111
1 0.3802083333333333 0.1638888888888889 0.03958333333333333 0.05555555555555555
1 0.28828125 0.1259259259259259 0.028645833333333332 0.04814814814814815
1 0.16692708333333334 0.09074074074074075 0.0296875 0.03148148148148148
1 0.6734375 0.14537037037037037 0.030208333333333334 0.03148148148148148
1 0.3489583333333333 0.20694444444444443 0.041666666666666664 0.062037037037037036
1 0.5625 0.07268518518518519 0.027083333333333334 0.026851851851851852
1 0.21015625 0.11805555555555555 0.0203125 0.026851851851851852
1 0.7067708333333333 0.13240740740740742 0.034375 0.04814814814814815
1 0.16927083333333334 0.13287037037037036 0.03229166666666667 0.028703703703703703
1 0.58046875 0.1050925925925926 0.028645833333333332 0.03981481481481482
1 0.2682291666666667 0.21851851851851853 0.04375 0.046296296296296294
1 0.4544270833333333 0.08518518518518518 0.0234375 0.02962962962962963
1 0.3489583333333333 0.13055555555555556 0.029166666666666667 0.03888888888888889
1 0.39348958333333334 0.1111111111111111 0.028645833333333332 0.05
1 0.6580729166666667 0.1675925925925926 0.034895833333333334 0.04814814814814815
1 0.7143229166666667 0.15694444444444444 0.0359375 0.06018518518518518
1 0.32265625 0.10833333333333334 0.0328125 0.040740740740740744
1 0.3067708333333333 0.15787037037037038 0.03229166666666667 0.05462962962962963
1 0.3888020833333333 0.26157407407407407 0.058854166666666666 0.08981481481481482
1 0.45390625 0.22777777777777777 0.04635416666666667 0.07962962962962963
1 0.2994791666666667 0.14675925925925926 0.029166666666666667 0.05092592592592592
1 0.27109375 0.11018518518518519 0.025520833333333333 0.04259259259259259
1 0.4088541666666667 0.12546296296296297 0.029166666666666667 0.05092592592592592
1 0.43671875 0.075 0.018229166666666668 0.02962962962962963
1 0.18151041666666667 0.23472222222222222 0.04635416666666667 0.062037037037037036
1 0.5557291666666667 0.09398148148148149 0.023958333333333335 0.03425925925925926
1 0.68359375 0.12916666666666668 0.021354166666666667 0.03796296296296296
1 0.6026041666666667 0.09027777777777778 0.022916666666666665 0.023148148148148147
1 0.36015625 0.23287037037037037 0.0390625 0.06388888888888888
1 0.6354166666666666 0.16527777777777777 0.023958333333333335 0.03981481481481482
1 0.6432291666666666 0.13842592592592592 0.029166666666666667 0.023148148148148147
1 0.5278645833333333 0.06388888888888888 0.019270833333333334 0.027777777777777776
1 0.21145833333333333 0.09537037037037037 0.022916666666666665 0.025925925925925925
1 0.5346354166666667 0.08564814814814815 0.022395833333333334 0.019444444444444445
1 0.99140625 0.27175925925925926 0.016145833333333335 0.08611111111111111
1 0.17760416666666667 0.19675925925925927 0.05 0.06574074074074074