3 0.9002604166666667 0.25925925925925924 0.06614583333333333 0.09814814814814815
1 0.5078125 0.8166666666666667 0.153125 0.20185185185185187
1 0.07734375 0.43796296296296294 0.07864583333333333 0.1037037037037037
1 0.23072916666666668 0.7842592592592592 0.14270833333333333 0.18888888888888888
1 0.7223958333333333 0.4875 0.096875 0.12314814814814815
1 0.440625 0.6166666666666667 0.1125 0.15555555555555556
1 0.37734375 0.49907407407407406 0.0890625 0.12777777777777777
1 0.18802083333333333 0.37037037037037035 0.065625 0.09259259259259259
1 0.6815104166666667 0.18611111111111112 0.04114583333333333 0.05555555555555555
1 0.9463541666666667 0.9601851851851851 0.10625 0.07777777777777778
1 0.6052083333333333 0.37083333333333335 0.07291666666666667 0.10092592592592593
1 0.9791666666666666 0.2037037037037037 0.040625 0.06111111111111111
1 0.51015625 0.19305555555555556 0.0421875 0.058333333333333334
1 0.5401041666666667 0.3212962962962963 0.06458333333333334 0.08333333333333333
1 0.46328125 0.24166666666666667 0.04010416666666667 0.06481481481481481
1 0.4140625 0.30324074074074076 0.04791666666666667 0.07685185185185185
1 0.334375 0.19953703703703704 0.046875 0.05648148148148148
1 0.81953125 0.4046296296296296 0.08489583333333334 0.12407407407407407
1 0.6140625 0.5412037037037037 0.10208333333333333 0.16574074074074074
1 0.49296875 0.4097222222222222 0.07552083333333333 0.10648148148148148
1 0.5328125 0.4675925925925926 0.08645833333333333 0.12037037037037036
1 0.41640625 0.13240740740740742 0.0234375 0.040740740740740744
1 0.44244791666666666 0.14675925925925926 0.04010416666666667 0.062037037037037036
1 0.31640625 0.34629629629629627 0.08072916666666667 0.12962962962962962
1 0.44557291666666665 0.3287037037037037 0.0640625 0.10740740740740741
1 0.9528645833333333 0.48148148148148145 0.09322916666666667 0.16296296296296298
1 0.9432291666666667 0.6643518518518519 0.1125 0.22314814814814815
1 0.4830729166666667 0.1736111111111111 0.03697916666666667 0.05648148148148148
1 0.39739583333333334 0.18888888888888888 0.03333333333333333 0.046296296296296294
1 0.3809895833333333 0.1597222222222222 0.034895833333333334 0.05462962962962963
1 0.6380208333333334 0.1625 0.036458333333333336 0.05648148148148148
1 0.39010416666666664 0.26435185185185184 0.053125 0.08611111111111111
1 0.7088541666666667 0.13842592592592592 0.03229166666666667 0.04351851851851852
1 0.1765625 0.18009259259259258 0.040625 0.05648148148148148
1 0.39557291666666666 0.1111111111111111 0.025520833333333333 0.037037037037037035
1 0.8572916666666667 0.8361111111111111 0.16979166666666667 0.26481481481481484
1 0.7541666666666667 0.11203703703703703 0.035416666666666666 0.027777777777777776
1 0.4244791666666667 0.20092592592592592 0.03854166666666667 0.05925925925925926
1 0.7651041666666667 0.21898148148148147 0.04791666666666667 0.062037037037037036
1 0.6731770833333334 0.14629629629629629 0.0359375 0.053703703703703705
1 0.7778645833333333 0.36157407407407405 0.08489583333333334 0.13425925925925927
1 0.5486979166666667 0.14629629629629629 0.0328125 0.03518518518518519
1 0.7721354166666666 0.1837962962962963 0.044270833333333336 0.06388888888888888
1 0.22916666666666666 0.17962962962962964 0.046875 0.07222222222222222
1 0.16640625 0.2824074074074074 0.049479166666666664 0.07222222222222222
1 0.15546875 0.10185185185185185 0.025520833333333333 0.044444444444444446
1 0.3 0.15648148148148147 0.03333333333333333 0.040740740740740744
1 0.6484375 0.13194444444444445 0.03125 0.028703703703703703
1 0.4348958333333333 0.09074074074074075 0.021875 0.02962962962962963
1 0.51640625 0.26944444444444443 0.05572916666666667 0.09074074074074075
1 0.5598958333333334 0.10555555555555556 0.026041666666666668 0.03518518518518519
1 0.29791666666666666 0.12962962962962962 0.03333333333333333 0.044444444444444446
1 0.26796875 0.1675925925925926 0.03802083333333333 0.040740740740740744
1 0.7325520833333333 0.1726851851851852 0.04010416666666667 0.05277777777777778
1 0.35104166666666664 0.0837962962962963 0.021875 0.030555555555555555
1 0.6026041666666667 0.14305555555555555 0.040625 0.062037037037037036
1 0.6098958333333333 0.10555555555555556 0.025 0.03518518518518519
1 0.15729166666666666 0.24351851851851852 0.04479166666666667 0.07592592592592592
1 0.3546875 0.1300925925925926 0.040625 0.03981481481481482
1 0.26979166666666665 0.26666666666666666 0.03333333333333333 0.06851851851851852
1 0.4895833333333333 0.11481481481481481 0.023958333333333335 0.03148148148148148
1 0.578125 0.09490740740740741 0.021875 0.032407407407407406
1 0.33177083333333335 0.16944444444444445 0.030208333333333334 0.020370370370370372
1 0.6395833333333333 0.10046296296296296 0.017708333333333333 0.030555555555555555
1 0.7677083333333333 0.15231481481481482 0.03958333333333333 0.05277777777777778
1 0.3221354166666667 0.11574074074074074 0.015104166666666667 0.03333333333333333
1 0.18333333333333332 0.30925925925925923 0.06041666666666667 0.09074074074074075
1 0.27708333333333335 0.22916666666666666 0.04895833333333333 0.06574074074074074
1 0.23671875 0.13055555555555556 0.0328125 0.03518518518518519
1 0.2638020833333333 0.22314814814814815 0.0453125 0.07962962962962963
1 0.55 0.11435185185185186 0.011458333333333333 0.028703703703703703
1 0.27057291666666666 0.11342592592592593 0.0296875 0.03981481481481482
1 0.2296875 0.11666666666666667 0.030208333333333334 0.05
1 0.36041666666666666 0.14537037037037037 0.03229166666666667 0.044444444444444446
1 0.47578125 0.07546296296296297 0.022395833333333334 0.03425925925925926
1 0.48515625 0.09074074074074075 0.021354166666666667 0.020370370370370372
1 0.4544270833333333 0.08425925925925926 0.021354166666666667 0.03888888888888889
1 0.17682291666666666 0.12268518518518519 0.0296875 0.03425925925925926
1 0.40390625 0.06666666666666667 0.018229166666666668 0.020370370370370372
1 0.5739583333333333 0.13703703703703704 0.015625 0.04814814814814815
1 0.5200520833333333 0.12824074074074074 0.03177083333333333 0.03611111111111111
1 0.4473958333333333 0.22268518518518518 0.040625 0.06944444444444445
1 0.60625 0.08148148148148149 0.023958333333333335 0.02962962962962963
1 0.17317708333333334 0.23796296296296296 0.0484375 0.03888888888888889
1 0.4953125 0.25787037037037036 0.040625 0.075
1 0.21901041666666668 0.09444444444444444 0.0296875 0.04259259259259259
1 0.31354166666666666 0.2828703703703704 0.06354166666666666 0.07685185185185185
1 0.28125 0.11805555555555555 0.019791666666666666 0.03796296296296296
1 0.2908854166666667 0.2777777777777778 0.050520833333333334 0.09444444444444444
1 0.31145833333333334 0.9921296296296296 0.13125 0.013888888888888888
1 0.3690104166666667 0.23981481481481481 0.0390625 0.07777777777777778
1 0.9924479166666667 0.3300925925925926 0.0140625 0.09537037037037037