2 0.6752604166666667 0.09305555555555556 0.0546875 0.10462962962962963
1 0.8325520833333333 0.5523148148148148 0.1140625 0.15092592592592594
1 0.58125 0.5583333333333333 0.11979166666666667 0.18333333333333332
1 0.9221354166666667 0.9194444444444444 0.1546875 0.15925925925925927
1 0.36484375 0.46296296296296297 0.08489583333333334 0.10925925925925926
1 0.4505208333333333 0.3490740740740741 0.06770833333333333 0.0962962962962963
1 0.6549479166666666 0.9537037037037037 0.19322916666666667 0.09074074074074075
1 0.50625 0.4217592592592593 0.07708333333333334 0.10833333333333334
1 0.5630208333333333 0.32175925925925924 0.06770833333333333 0.09166666666666666
1 0.4166666666666667 0.1925925925925926 0.041666666666666664 0.05
1 0.45416666666666666 0.23425925925925925 0.04791666666666667 0.06481481481481481
1 0.34479166666666666 0.3888888888888889 0.071875 0.0962962962962963
1 0.8908854166666667 0.3125 0.07239583333333334 0.058333333333333334
1 0.7809895833333333 0.774074074074074 0.15572916666666667 0.24259259259259258
1 0.71171875 0.4393518518518518 0.09114583333333333 0.14537037037037037
1 0.49713541666666666 0.2611111111111111 0.05572916666666667 0.08703703703703704
1 0.5546875 0.22407407407407406 0.04895833333333333 0.07777777777777778
1 0.07630208333333334 0.4287037037037037 0.08489583333333334 0.1388888888888889
1 0.18151041666666667 0.3375 0.06614583333333333 0.08611111111111111
1 0.6109375 0.36898148148148147 0.06979166666666667 0.10277777777777777
1 0.8526041666666667 0.16435185185185186 0.0375 0.049074074074074076
1 0.67421875 0.30277777777777776 0.0640625 0.1
1 0.5640625 0.15462962962962962 0.03229166666666667 0.037037037037037035
1 0.6916666666666667 0.22037037037037038 0.041666666666666664 0.046296296296296294
1 0.5341145833333333 0.30462962962962964 0.049479166666666664 0.08148148148148149
1 0.42630208333333336 0.32592592592592595 0.049479166666666664 0.08148148148148149
1 0.75078125 0.2361111111111111 0.050520833333333334 0.05
1 0.26510416666666664 0.23935185185185184 0.03958333333333333 0.06574074074074074
1 0.38619791666666664 0.1736111111111111 0.03697916666666667 0.05277777777777778
1 0.3182291666666667 0.35555555555555557 0.06458333333333334 0.08888888888888889
1 0.984375 0.23425925925925925 0.030208333333333334 0.06666666666666667
1 0.8255208333333334 0.15462962962962962 0.03229166666666667 0.046296296296296294
1 0.8880208333333334 0.23148148148148148 0.05 0.07592592592592592
1 0.52109375 0.11203703703703703 0.027604166666666666 0.037037037037037035
1 0.17083333333333334 0.22916666666666666 0.040625 0.058333333333333334
1 0.8026041666666667 0.26342592592592595 0.0625 0.075
1 0.7286458333333333 0.1699074074074074 0.03854166666666667 0.05462962962962963
1 0.8479166666666667 0.21666666666666667 0.04791666666666667 0.06111111111111111
1 0.9018229166666667 0.26296296296296295 0.05260416666666667 0.05185185185185185
1 0.5213541666666667 0.20694444444444443 0.042708333333333334 0.07314814814814814
1 0.296875 0.29768518518518516 0.05625 0.07685185185185185
1 0.18567708333333333 0.28425925925925927 0.0515625 0.05740740740740741
1 0.6138020833333333 0.2726851851851852 0.05572916666666667 0.07685185185185185
1 0.6575520833333334 0.19814814814814816 0.03697916666666667 0.044444444444444446
1 0.8002604166666667 0.18981481481481483 0.030729166666666665 0.05740740740740741
1 0.18046875 0.20601851851851852 0.04114583333333333 0.05648148148148148
1 0.35078125 0.08333333333333333 0.03177083333333333 0.037037037037037035
1 0.3846354166666667 0.24305555555555555 0.0453125 0.08055555555555556
1 0.48333333333333334 0.1712962962962963 0.03854166666666667 0.06666666666666667
1 0.49609375 0.1837962962962963 0.0359375 0.06018518518518518
1 0.34739583333333335 0.2111111111111111 0.036458333333333336 0.05925925925925926
1 0.3140625 0.17222222222222222 0.022916666666666665 0.04814814814814815
1 0.3848958333333333 0.10740740740740741 0.027083333333333334 0.03888888888888889
1 0.20729166666666668 0.49444444444444446 0.09375 0.1259259259259259
1 0.3182291666666667 0.10277777777777777 0.023958333333333335 0.03333333333333333
1 0.625 0.1587962962962963 0.034375 0.05092592592592592
1 0.3611979166666667 0.1412037037037037 0.027604166666666666 0.041666666666666664
1 0.40651041666666665 0.2902777777777778 0.05677083333333333 0.09351851851851851
1 0.33932291666666664 0.12083333333333333 0.0265625 0.03981481481481482
1 0.73828125 0.12037037037037036 0.0359375 0.046296296296296294
1 0.7973958333333333 0.2125 0.020833333333333332 0.032407407407407406
1 0.94765625 0.29305555555555557 0.0609375 0.09351851851851851
1 0.6341145833333334 0.18425925925925926 0.0359375 0.037037037037037035
1 0.7125 0.11157407407407408 0.028125 0.04351851851851852
1 0.384375 0.15231481481481482 0.0375 0.05648148148148148
1 0.3770833333333333 0.09490740740740741 0.023958333333333335 0.030555555555555555
1 0.63671875 0.13055555555555556 0.0328125 0.03888888888888889
1 0.7427083333333333 0.20833333333333334 0.04583333333333333 0.06481481481481481
1 0.44921875 0.0962962962962963 0.025520833333333333 0.027777777777777776
1 0.19609375 0.10277777777777777 0.024479166666666666 0.02962962962962963
1 0.2552083333333333 0.19444444444444445 0.051041666666666666 0.07962962962962963
1 0.33541666666666664 0.1837962962962963 0.03854166666666667 0.06759259259259259
1 0.30833333333333335 0.9333333333333333 0.184375 0.13148148148148148
1 0.25703125 0.08935185185185185 0.027604166666666666 0.03611111111111111
1 0.24895833333333334 0.07777777777777778 0.025 0.03148148148148148
1 0.6809895833333334 0.14583333333333334 0.033854166666666664 0.04537037037037037
1 0.23567708333333334 0.1486111111111111 0.0359375 0.041666666666666664
1 0.6419270833333334 0.10694444444444444 0.024479166666666666 0.03611111111111111
1 0.9348958333333334 0.6666666666666666 0.12916666666666668 0.18703703703703703
1 0.165625 0.12037037037037036 0.03854166666666667 0.05555555555555555
1 0.3098958333333333 0.1550925925925926 0.035416666666666666 0.05648148148148148
1 0.35494791666666664 0.22824074074074074 0.03697916666666667 0.062037037037037036
1 0.7669270833333334 0.1537037037037037 0.033854166666666664 0.03888888888888889
1 0.21770833333333334 0.10324074074074074 0.03125 0.03796296296296296
1 0.35833333333333334 0.12638888888888888 0.028125 0.03796296296296296
1 0.23177083333333334 0.12407407407407407 0.034375 0.025925925925925925
1 0.17890625 0.1537037037037037 0.034895833333333334 0.05555555555555555
1 0.67890625 0.1712962962962963 0.0359375 0.05185185185185185
1 0.2877604166666667 0.262037037037037 0.050520833333333334 0.07222222222222222
1 0.17161458333333332 0.16574074074074074 0.03802083333333333 0.037037037037037035
1 0.21197916666666666 0.07453703703703704 0.020833333333333332 0.021296296296296296
1 0.303125 0.08657407407407407 0.027083333333333334 0.03611111111111111
1 0.29921875 0.14351851851851852 0.027604166666666666 0.04814814814814815
1 0.5723958333333333 0.13657407407407407 0.030208333333333334 0.04351851851851852
1 0.47291666666666665 0.09259259259259259 0.025 0.03518518518518519
1 0.27239583333333334 0.10324074074074074 0.03229166666666667 0.03611111111111111
1 0.32265625 0.11712962962962963 0.0171875 0.03425925925925926
1 0.4861979166666667 0.1111111111111111 0.027604166666666666 0.03148148148148148
1 0.2872395833333333 0.12175925925925926 0.024479166666666666 0.041666666666666664
1 0.1703125 0.2962962962962963 0.05 0.06111111111111111
1 0.9885416666666667 0.3125 0.021875 0.11388888888888889
1 0.7484375 0.17962962962962964 0.04375 0.053703703703703705