2 0.8177083333333334 0.13287037037037036 0.065625 0.14537037037037037
2 0.721875 0.11064814814814815 0.065625 0.1175925925925926
1 0.2598958333333333 0.9435185185185185 0.175 0.1111111111111111
1 0.846875 0.5921296296296297 0.11770833333333333 0.14351851851851852
1 0.9528645833333333 0.7041666666666667 0.09322916666666667 0.1787037037037037
1 0.8151041666666666 0.4212962962962963 0.08333333333333333 0.11296296296296296
1 0.6986979166666667 0.4537037037037037 0.0859375 0.11851851851851852
1 0.70078125 0.6615740740740741 0.1140625 0.16944444444444445
1 0.6044270833333333 0.37453703703703706 0.07552083333333333 0.09907407407407408
1 0.8763020833333334 0.3050925925925926 0.06822916666666666 0.06574074074074074
1 0.3372395833333333 0.3888888888888889 0.07864583333333333 0.1
1 0.5330729166666667 0.3162037037037037 0.05572916666666667 0.08796296296296297
1 0.17447916666666666 0.36574074074074076 0.06770833333333333 0.10740740740740741
1 0.4432291666666667 0.6569444444444444 0.15729166666666666 0.2324074074074074
1 0.4203125 0.3074074074074074 0.06770833333333333 0.1037037037037037
1 0.35208333333333336 0.4337962962962963 0.078125 0.10648148148148148
1 0.4947916666666667 0.42268518518518516 0.07604166666666666 0.11018518518518519
1 0.38828125 0.2662037037037037 0.0484375 0.0712962962962963
1 0.58515625 0.16620370370370371 0.03697916666666667 0.03981481481481482
1 0.8354166666666667 0.2513888888888889 0.05625 0.06759259259259259
1 0.5708333333333333 0.3398148148148148 0.065625 0.09814814814814815
1 0.5135416666666667 0.19675925925925927 0.041666666666666664 0.06574074074074074
1 0.7424479166666667 0.24305555555555555 0.05260416666666667 0.05092592592592592
1 0.7606770833333333 0.3597222222222222 0.07552083333333333 0.11018518518518519
1 0.9442708333333333 0.3449074074074074 0.06458333333333334 0.09537037037037037
1 0.19791666666666666 0.2912037037037037 0.051041666666666666 0.07685185185185185
1 0.46901041666666665 0.37777777777777777 0.0703125 0.12037037037037036
1 0.5393229166666667 0.48657407407407405 0.1109375 0.17314814814814813
1 0.4822916666666667 0.18009259259259258 0.03333333333333333 0.049074074074074076
1 0.4921875 0.2657407407407407 0.05625 0.09074074074074075
1 0.23984375 0.7708333333333334 0.12447916666666667 0.19907407407407407
1 0.38125 0.17037037037037037 0.03229166666666667 0.04814814814814815
1 0.6270833333333333 0.16064814814814815 0.036458333333333336 0.04537037037037037
1 0.90859375 0.2662037037037037 0.058854166666666666 0.06944444444444445
1 0.95703125 0.24861111111111112 0.05260416666666667 0.06759259259259259
1 0.36380208333333336 0.23333333333333334 0.04635416666666667 0.06851851851851852
1 0.7059895833333333 0.18981481481481483 0.044270833333333336 0.07222222222222222
1 0.4401041666666667 0.21712962962962962 0.04895833333333333 0.06574074074074074
1 0.9731770833333333 0.30277777777777776 0.05260416666666667 0.08518518518518518
1 0.4466145833333333 0.1537037037037037 0.0359375 0.053703703703703705
1 0.2828125 0.25462962962962965 0.05 0.06666666666666667
1 0.20651041666666667 0.11990740740740741 0.0265625 0.041666666666666664
1 0.7856770833333333 0.18472222222222223 0.04635416666666667 0.03611111111111111
1 0.46484375 0.24074074074074073 0.0421875 0.07037037037037037
1 0.17161458333333332 0.17083333333333334 0.034895833333333334 0.04351851851851852
1 0.4609375 0.08472222222222223 0.026041666666666668 0.041666666666666664
1 0.36328125 0.14583333333333334 0.03177083333333333 0.04351851851851852
1 0.41171875 0.18703703703703703 0.04114583333333333 0.06851851851851852
1 0.17005208333333333 0.1259259259259259 0.03177083333333333 0.022222222222222223
1 0.47942708333333334 0.09722222222222222 0.024479166666666666 0.03333333333333333
1 0.4270833333333333 0.07361111111111111 0.036458333333333336 0.03796296296296296
1 0.684375 0.15324074074074073 0.036458333333333336 0.05648148148148148
1 0.3450520833333333 0.2037037037037037 0.04114583333333333 0.06851851851851852
1 0.23359375 0.14814814814814814 0.03697916666666667 0.06296296296296296
1 0.53671875 0.14027777777777778 0.03177083333333333 0.03425925925925926
1 0.7729166666666667 0.774537037037037 0.146875 0.19907407407407407
1 0.2828125 0.11944444444444445 0.027083333333333334 0.044444444444444446
1 0.6580729166666667 0.13796296296296295 0.0328125 0.05555555555555555
1 0.5736979166666667 0.10740740740740741 0.0328125 0.05185185185185185
1 0.2625 0.20972222222222223 0.04895833333333333 0.06018518518518518
1 0.32473958333333336 0.17592592592592593 0.0359375 0.06111111111111111
1 0.2989583333333333 0.13657407407407407 0.03333333333333333 0.05092592592592592
1 0.34479166666666666 0.1300925925925926 0.03125 0.03611111111111111
1 0.5143229166666666 0.788425925925926 0.14427083333333332 0.19537037037037036
1 0.3494791666666667 0.08194444444444444 0.022916666666666665 0.032407407407407406
1 0.31015625 0.1625 0.03177083333333333 0.05648148148148148
1 0.43125 0.13564814814814816 0.03229166666666667 0.03981481481481482
1 0.42109375 0.20972222222222223 0.0234375 0.05462962962962963
1 0.5924479166666666 0.12962962962962962 0.0296875 0.037037037037037035
1 0.8643229166666667 0.16018518518518518 0.033854166666666664 0.05925925925925926
1 0.6252604166666667 0.12638888888888888 0.027604166666666666 0.028703703703703703
1 0.41354166666666664 0.13055555555555556 0.03125 0.044444444444444446
1 0.20598958333333334 0.6439814814814815 0.1140625 0.21574074074074073
1 0.88671875 0.2273148148148148 0.05260416666666667 0.075
1 0.33229166666666665 0.11481481481481481 0.03854166666666667 0.040740740740740744
1 0.16979166666666667 0.14537037037037037 0.03125 0.03333333333333333
1 0.29296875 0.28194444444444444 0.049479166666666664 0.06944444444444445
1 0.18411458333333333 0.08009259259259259 0.013020833333333334 0.023148148148148147
1 0.18567708333333333 0.24027777777777778 0.050520833333333334 0.05277777777777778
1 0.16666666666666666 0.1037037037037037 0.03229166666666667 0.046296296296296294
1 0.5421875 0.07037037037037037 0.026041666666666668 0.02962962962962963
1 0.2518229166666667 0.1736111111111111 0.03802083333333333 0.05277777777777778
1 0.3921875 0.06666666666666667 0.021875 0.020370370370370372
1 0.6809895833333334 0.10740740740740741 0.018229166666666668 0.03333333333333333
1 0.55390625 0.09814814814814815 0.022395833333333334 0.03888888888888889
1 0.2713541666666667 0.23796296296296296 0.041666666666666664 0.06111111111111111
1 0.609375 0.14537037037037037 0.027083333333333334 0.04259259259259259
1 0.3255208333333333 0.07083333333333333 0.021875 0.021296296296296296
1 0.5330729166666667 0.11851851851851852 0.0359375 0.040740740740740744
1 0.7973958333333333 0.18333333333333332 0.022916666666666665 0.03333333333333333
1 0.57578125 0.07777777777777778 0.022395833333333334 0.012962962962962963
1 0.5161458333333333 0.10925925925925926 0.026041666666666668 0.044444444444444446
1 0.17760416666666667 0.19722222222222222 0.04479166666666667 0.03148148148148148
1 0.415625 0.10648148148148148 0.03229166666666667 0.022222222222222223
1 0.60859375 0.1037037037037037 0.024479166666666666 0.02962962962962963
1 0.7947916666666667 0.22870370370370371 0.046875 0.06481481481481481
1 0.7513020833333334 0.12453703703703704 0.009895833333333333 0.05462962962962963
1 0.18984375 0.26851851851851855 0.04739583333333333 0.06666666666666667
1 0.17526041666666667 0.21805555555555556 0.0484375 0.0712962962962963