1 0.2994791666666667 0.8972222222222223 0.16979166666666667 0.2037037037037037
1 0.8796875 0.8902777777777777 0.17916666666666667 0.2175925925925926
1 0.8044270833333333 0.5300925925925926 0.10885416666666667 0.14351851851851852
1 0.56484375 0.5347222222222222 0.1140625 0.175
1 0.20625 0.4777777777777778 0.08958333333333333 0.12222222222222222
1 0.3580729166666667 0.44583333333333336 0.07760416666666667 0.10462962962962963
1 0.49609375 0.4083333333333333 0.07552083333333333 0.10555555555555556
1 0.7463541666666667 0.7263888888888889 0.146875 0.22685185185185186
1 0.1 0.41064814814814815 0.08229166666666667 0.13425925925925927
1 0.6018229166666667 0.9143518518518519 0.1796875 0.16944444444444445
1 0.5533854166666666 0.31342592592592594 0.0671875 0.08796296296296297
1 0.8984375 0.6305555555555555 0.12708333333333333 0.17777777777777778
1 0.33958333333333335 0.37777777777777777 0.06979166666666667 0.09444444444444444
1 0.17942708333333332 0.32916666666666666 0.06822916666666666 0.08425925925925926
1 0.6932291666666667 0.4236111111111111 0.090625 0.1398148148148148
1 0.98828125 0.763425925925926 0.022395833333333334 0.16574074074074074
1 0.5463541666666667 0.21851851851851853 0.04895833333333333 0.07592592592592592
1 0.31328125 0.3453703703703704 0.0609375 0.08703703703703704
1 0.41302083333333334 0.19027777777777777 0.041666666666666664 0.049074074074074076
1 0.6604166666666667 0.2949074074074074 0.06145833333333333 0.09722222222222222
1 0.5981770833333333 0.3587962962962963 0.06822916666666666 0.10092592592592593
1 0.9161458333333333 0.325 0.075 0.05925925925925926
1 0.8630208333333333 0.1675925925925926 0.03854166666666667 0.04814814814814815
1 0.8643229166666667 0.22037037037037038 0.04739583333333333 0.05925925925925926
1 0.6044270833333333 0.2652777777777778 0.0546875 0.075
1 0.90546875 0.2388888888888889 0.0515625 0.07777777777777778
1 0.48984375 0.25555555555555554 0.0515625 0.08703703703703704
1 0.525 0.2972222222222222 0.04895833333333333 0.07962962962962963
1 0.17135416666666667 0.22453703703703703 0.040625 0.058333333333333334
1 0.26458333333333334 0.23472222222222222 0.03854166666666667 0.06388888888888888
1 0.4197916666666667 0.31805555555555554 0.04895833333333333 0.0787037037037037
1 0.5138020833333333 0.20046296296296295 0.0421875 0.06944444444444445
1 0.821875 0.2726851851851852 0.06875 0.07685185185185185
1 0.5716145833333334 0.15925925925925927 0.0359375 0.03888888888888889
1 0.83671875 0.15833333333333333 0.0328125 0.04814814814814815
1 0.4901041666666667 0.18101851851851852 0.036458333333333336 0.06018518518518518
1 0.45026041666666666 0.22962962962962963 0.04635416666666667 0.06296296296296296
1 0.7375 0.17407407407407408 0.036458333333333336 0.053703703703703705
1 0.9252604166666667 0.2712962962962963 0.0546875 0.053703703703703705
1 0.35208333333333336 0.22453703703703703 0.035416666666666666 0.06018518518518518
1 0.44244791666666666 0.33935185185185185 0.06510416666666667 0.09351851851851851
1 0.7046875 0.23425925925925925 0.04479166666666667 0.06296296296296296
1 0.18098958333333334 0.14953703703703702 0.0359375 0.049074074074074076
1 0.38125 0.1050925925925926 0.029166666666666667 0.03981481481481482
1 0.38359375 0.17037037037037037 0.03802083333333333 0.05
1 0.6408854166666667 0.19166666666666668 0.030729166666666665 0.03333333333333333
1 0.3484375 0.0824074074074074 0.030208333333333334 0.037037037037037035
1 0.45286458333333335 0.09814814814814815 0.025520833333333333 0.027777777777777776
1 0.40182291666666664 0.28379629629629627 0.05572916666666667 0.09166666666666666
1 0.5234375 0.11435185185185186 0.023958333333333335 0.03611111111111111
1 0.3802083333333333 0.23796296296296296 0.04479166666666667 0.07777777777777778
1 0.3377604166666667 0.11990740740740741 0.024479166666666666 0.03981481481481482
1 0.64375 0.1337962962962963 0.03125 0.03796296296296296
1 0.6888020833333334 0.17546296296296296 0.03802083333333333 0.05462962962962963
1 0.34765625 0.20694444444444443 0.04114583333333333 0.06018518518518518
1 0.7794270833333333 0.15138888888888888 0.0359375 0.028703703703703703
1 0.17838541666666666 0.20324074074074075 0.0421875 0.05462962962962963
1 0.7450520833333333 0.125 0.0359375 0.05
1 0.765625 0.24583333333333332 0.053125 0.05462962962962963
1 0.33307291666666666 0.18101851851851852 0.03802083333333333 0.06574074074074074
1 0.3171875 0.10092592592592593 0.023958333333333335 0.03333333333333333
1 0.6315104166666666 0.16296296296296298 0.0359375 0.053703703703703705
1 0.66875 0.2023148148148148 0.03958333333333333 0.04351851851851852
1 0.7518229166666667 0.21574074074074073 0.04010416666666667 0.06296296296296296
1 0.1953125 0.10324074074074074 0.025 0.032407407407407406
1 0.47682291666666665 0.09398148148148149 0.025520833333333333 0.03611111111111111
1 0.28619791666666666 0.12083333333333333 0.025520833333333333 0.03981481481481482
1 0.8057291666666667 0.2222222222222222 0.0375 0.04814814814814815
1 0.8020833333333334 0.18425925925925926 0.03229166666666667 0.037037037037037035
1 0.71875 0.11296296296296296 0.027083333333333334 0.04259259259259259
1 0.5776041666666667 0.13333333333333333 0.03333333333333333 0.05555555555555555
1 0.16197916666666667 0.12083333333333333 0.040625 0.05462962962962963
1 0.23463541666666668 0.1398148148148148 0.0359375 0.053703703703703705
1 0.6908854166666667 0.14814814814814814 0.033854166666666664 0.046296296296296294
1 0.2752604166666667 0.11064814814814815 0.025520833333333333 0.03611111111111111
1 0.5825520833333333 0.10416666666666667 0.0265625 0.03425925925925926
1 0.37421875 0.09351851851851851 0.025520833333333333 0.02962962962962963
1 0.2833333333333333 0.2574074074074074 0.04479166666666667 0.06851851851851852
1 0.6598958333333333 0.16527777777777777 0.030208333333333334 0.03425925925925926
1 0.9708333333333333 0.3037037037037037 0.057291666666666664 0.0962962962962963
1 0.17109375 0.17916666666666667 0.04010416666666667 0.06574074074074074
1 0.17786458333333333 0.2833333333333333 0.06197916666666667 0.06296296296296296
1 0.30833333333333335 0.15324074074074073 0.035416666666666666 0.05648148148148148
1 0.7557291666666667 0.17314814814814813 0.03333333333333333 0.03148148148148148
1 0.4361979166666667 0.07731481481481481 0.019270833333333334 0.025
1 0.46484375 0.06296296296296296 0.019270833333333334 0.020370370370370372
1 0.490625 0.11342592592592593 0.027083333333333334 0.030555555555555555
1 0.6486979166666667 0.10972222222222222 0.024479166666666666 0.03796296296296296
1 0.5567708333333333 0.09953703703703703 0.025 0.041666666666666664
1 0.3580729166666667 0.13657407407407407 0.028645833333333332 0.04722222222222222
1 0.25416666666666665 0.1912037037037037 0.04583333333333333 0.0787037037037037
1 0.47708333333333336 0.16620370370370371 0.03958333333333333 0.062037037037037036
1 0.37942708333333336 0.15092592592592594 0.03697916666666667 0.05740740740740741
1 0.22994791666666667 0.11898148148148148 0.034895833333333334 0.03425925925925926
1 0.9924479166666667 0.2337962962962963 0.0140625 0.04722222222222222
1 0.2942708333333333 0.29074074074074074 0.05520833333333333 0.07777777777777778