2 0.70625 0.09861111111111111 0.05416666666666667 0.1175925925925926
2 0.6453125 0.09027777777777778 0.05 0.09351851851851851
1 0.7338541666666667 0.7240740740740741 0.14375 0.18703703703703703
1 0.4778645833333333 0.7625 0.14322916666666666 0.18611111111111112
1 0.31302083333333336 0.7027777777777777 0.134375 0.17407407407407408
1 0.8971354166666666 0.6217592592592592 0.1265625 0.16018518518518518
1 0.9203125 0.9078703703703703 0.15833333333333333 0.1824074074074074
1 0.7216145833333333 0.4615740740740741 0.09635416666666667 0.12685185185185185
1 0.6544270833333333 0.6050925925925926 0.1234375 0.18981481481481483
1 0.5190104166666667 0.4601851851851852 0.10260416666666666 0.1537037037037037
1 0.20729166666666668 0.4203703703703704 0.07083333333333333 0.10925925925925926
1 0.3421875 0.39814814814814814 0.06979166666666667 0.09259259259259259
1 0.5213541666666667 0.2865740740740741 0.06041666666666667 0.08425925925925926
1 0.46380208333333334 0.3675925925925926 0.06927083333333334 0.09444444444444444
1 0.9716145833333333 0.26481481481481484 0.05572916666666667 0.08518518518518518
1 0.62109375 0.26805555555555555 0.0546875 0.08796296296296297
1 0.5611979166666666 0.32592592592592595 0.06197916666666667 0.09259259259259259
1 0.7895833333333333 0.5356481481481481 0.10729166666666666 0.15092592592592594
1 0.5205729166666667 0.20185185185185187 0.04635416666666667 0.06851851851851852
1 0.32369791666666664 0.3421296296296296 0.0640625 0.08425925925925926
1 0.6458333333333334 0.3773148148148148 0.08125 0.125
1 0.8989583333333333 0.17962962962962964 0.040625 0.05185185185185185
1 0.9247395833333333 0.2439814814814815 0.05364583333333333 0.06759259259259259
1 0.6005208333333333 0.17314814814814813 0.03854166666666667 0.040740740740740744
1 0.4361979166666667 0.2152777777777778 0.04114583333333333 0.06018518518518518
1 0.8697916666666666 0.16944444444444445 0.034375 0.05
1 0.4192708333333333 0.3106481481481482 0.06145833333333333 0.08611111111111111
1 0.15546875 0.36018518518518516 0.07135416666666666 0.11296296296296296
1 0.40260416666666665 0.17962962962962964 0.03854166666666667 0.05
1 0.30078125 0.3162037037037037 0.05364583333333333 0.0787037037037037
1 0.5739583333333333 0.24351851851851852 0.05 0.07037037037037037
1 0.6583333333333333 0.17407407407407408 0.03854166666666667 0.05555555555555555
1 0.17291666666666666 0.21296296296296297 0.03854166666666667 0.05555555555555555
1 0.9046875 0.3087962962962963 0.075 0.08425925925925926
1 0.4973958333333333 0.2722222222222222 0.04479166666666667 0.07407407407407407
1 0.8236979166666667 0.2726851851851852 0.0578125 0.062037037037037036
1 0.8184895833333333 0.17777777777777778 0.03697916666666667 0.05555555555555555
1 0.19322916666666667 0.14074074074074075 0.025 0.046296296296296294
1 0.2638020833333333 0.21944444444444444 0.04010416666666667 0.05925925925925926
1 0.7252604166666666 0.19583333333333333 0.03802083333333333 0.05648148148148148
1 0.6721354166666667 0.14351851851851852 0.0328125 0.03888888888888889
1 0.37421875 0.16157407407407406 0.034895833333333334 0.04537037037037037
1 0.8658854166666666 0.25324074074074077 0.050520833333333334 0.05092592592592592
1 0.49322916666666666 0.1837962962962963 0.03958333333333333 0.062037037037037036
1 0.38828125 0.26157407407407407 0.050520833333333334 0.08611111111111111
1 0.7223958333333333 0.15601851851851853 0.035416666666666666 0.03981481481481482
1 0.3651041666666667 0.2222222222222222 0.04375 0.07407407407407407
1 0.7096354166666666 0.22962962962962963 0.04739583333333333 0.06296296296296296
1 0.17552083333333332 0.3023148148148148 0.0625 0.075
1 0.6908854166666667 0.17916666666666667 0.04114583333333333 0.03981481481481482
1 0.7643229166666666 0.13287037037037036 0.0359375 0.05648148148148148
1 0.2794270833333333 0.11481481481481481 0.0265625 0.03888888888888889
1 0.6807291666666667 0.2074074074074074 0.041666666666666664 0.04259259259259259
1 0.47109375 0.16805555555555557 0.0328125 0.05462962962962963
1 0.48854166666666665 0.09814814814814815 0.025 0.03333333333333333
1 0.80234375 0.2351851851851852 0.0484375 0.06851851851851852
1 0.40078125 0.29305555555555557 0.044270833333333336 0.07314814814814814
1 0.30104166666666665 0.14444444444444443 0.03229166666666667 0.053703703703703705
1 0.8638020833333333 0.29398148148148145 0.034895833333333334 0.049074074074074076
1 0.7723958333333333 0.1884259259259259 0.03854166666666667 0.05648148148148148
1 0.34270833333333334 0.07824074074074074 0.028125 0.03425925925925926
1 0.16875 0.17037037037037037 0.042708333333333334 0.06296296296296296
1 0.4591145833333333 0.15462962962962962 0.03697916666666667 0.05740740740740741
1 0.8080729166666667 0.2050925925925926 0.04010416666666667 0.049074074074074076
1 0.25546875 0.08518518518518518 0.024479166666666666 0.03518518518518519
1 0.465625 0.10601851851851851 0.026041666666666668 0.030555555555555555
1 0.32057291666666665 0.1699074074074074 0.04114583333333333 0.062037037037037036
1 0.17604166666666668 0.1925925925925926 0.03854166666666667 0.053703703703703705
1 0.7424479166666667 0.11851851851851852 0.022395833333333334 0.044444444444444446
1 0.52421875 0.08287037037037037 0.0296875 0.03796296296296296
1 0.15989583333333332 0.1175925925925926 0.036458333333333336 0.05185185185185185
1 0.28567708333333336 0.26805555555555555 0.05260416666666667 0.07314814814814814
1 0.4703125 0.2388888888888889 0.04895833333333333 0.08148148148148149
1 0.27760416666666665 0.22916666666666666 0.03958333333333333 0.04351851851851852
1 0.25286458333333334 0.19305555555555556 0.04739583333333333 0.049074074074074076
1 0.5526041666666667 0.10416666666666667 0.016666666666666666 0.03425925925925926
1 0.29348958333333336 0.13287037037037036 0.025520833333333333 0.05092592592592592
1 0.30885416666666665 0.09722222222222222 0.021875 0.03333333333333333
1 0.5721354166666667 0.10648148148148148 0.030729166666666665 0.05185185185185185
1 0.5893229166666667 0.08009259259259259 0.019270833333333334 0.026851851851851852
1 0.3182291666666667 0.11064814814814815 0.017708333333333333 0.030555555555555555
1 0.5049479166666667 0.12361111111111112 0.028645833333333332 0.032407407407407406
1 0.5401041666666667 0.12083333333333333 0.029166666666666667 0.041666666666666664
1 0.33932291666666664 0.19537037037037036 0.03802083333333333 0.05555555555555555
1 0.3658854166666667 0.14074074074074075 0.03697916666666667 0.05185185185185185
1 0.25859375 0.1388888888888889 0.024479166666666666 0.022222222222222223
1 0.47291666666666665 0.06296296296296296 0.01875 0.018518518518518517
1 0.67265625 0.10787037037037037 0.016145833333333335 0.026851851851851852
1 0.7559895833333333 0.24814814814814815 0.0515625 0.05555555555555555
1 0.6020833333333333 0.1087962962962963 0.027083333333333334 0.030555555555555555
1 0.9888020833333333 0.3814814814814815 0.021354166666666667 0.08333333333333333
1 0.7622395833333333 0.18981481481481483 0.018229166666666668 0.053703703703703705
1 0.5973958333333333 0.1425925925925926 0.035416666666666666 0.05925925925925926
1 0.17578125 0.26064814814814813 0.05677083333333333 0.05648148148148148
1 0.2484375 0.16574074074074074 0.04583333333333333 0.046296296296296294