2 0.765625 0.11527777777777778 0.06458333333333334 0.1287037037037037
2 0.6838541666666667 0.09768518518518518 0.05416666666666667 0.10648148148148148
1 0.8236979166666667 0.5625 0.10677083333333333 0.14907407407407408
1 0.9559895833333333 0.5199074074074074 0.08697916666666666 0.13796296296296295
1 0.6885416666666667 0.44675925925925924 0.09166666666666666 0.1175925925925926
1 0.20390625 0.3314814814814815 0.0578125 0.08888888888888889
1 0.384375 0.5222222222222223 0.09270833333333334 0.12962962962962962
1 0.9138020833333333 0.8953703703703704 0.1671875 0.2074074074074074
1 0.44973958333333336 0.3541666666666667 0.0796875 0.11944444444444445
1 0.5677083333333334 0.8657407407407407 0.20833333333333334 0.26666666666666666
1 0.5653645833333333 0.5050925925925925 0.09947916666666666 0.13240740740740742
1 0.3065104166666667 0.3199074074074074 0.05572916666666667 0.075
1 0.3619791666666667 0.4722222222222222 0.09375 0.12222222222222222
1 0.41119791666666666 0.2972222222222222 0.05572916666666667 0.07777777777777778
1 0.67890625 0.21157407407407408 0.04739583333333333 0.05092592592592592
1 0.525 0.44166666666666665 0.09166666666666666 0.14814814814814814
1 0.9869791666666666 0.2074074074074074 0.025 0.05925925925925926
1 0.6322916666666667 0.6097222222222223 0.1375 0.2175925925925926
1 0.5908854166666667 0.36064814814814816 0.06510416666666667 0.09907407407407408
1 0.46770833333333334 0.23796296296296296 0.052083333333333336 0.07037037037037037
1 0.47265625 0.17037037037037037 0.0390625 0.06111111111111111
1 0.9875 0.7865740740740741 0.023958333333333335 0.16574074074074074
1 0.63359375 0.3990740740740741 0.08177083333333333 0.11666666666666667
1 0.37786458333333334 0.25787037037037036 0.05364583333333333 0.07685185185185185
1 0.7348958333333333 0.20462962962962963 0.041666666666666664 0.06111111111111111
1 0.68671875 0.9777777777777777 0.1453125 0.04259259259259259
1 0.73359375 0.17222222222222222 0.0421875 0.05185185185185185
1 0.5171875 0.11018518518518519 0.025 0.03888888888888889
1 0.5049479166666667 0.2662037037037037 0.0484375 0.07685185185185185
1 0.10963541666666667 0.4263888888888889 0.07864583333333333 0.12314814814814815
1 0.9046875 0.31296296296296294 0.06145833333333333 0.06481481481481481
1 0.39895833333333336 0.1837962962962963 0.0375 0.05092592592592592
1 0.37734375 0.15601851851851853 0.034895833333333334 0.04722222222222222
1 0.5125 0.2013888888888889 0.03958333333333333 0.058333333333333334
1 0.9177083333333333 0.23842592592592593 0.04895833333333333 0.06759259259259259
1 0.5442708333333334 0.29953703703703705 0.06354166666666666 0.10277777777777777
1 0.8307291666666666 0.2796296296296296 0.05520833333333333 0.06296296296296296
1 0.19973958333333333 0.1259259259259259 0.0296875 0.044444444444444446
1 0.2828125 0.9564814814814815 0.1625 0.08518518518518518
1 0.78671875 0.25416666666666665 0.0484375 0.05462962962962963
1 0.9559895833333333 0.2949074074074074 0.0609375 0.07314814814814814
1 0.5515625 0.21898148148148147 0.04583333333333333 0.075
1 0.5013020833333334 0.12361111111111112 0.028645833333333332 0.032407407407407406
1 0.9768229166666667 0.36435185185185187 0.0453125 0.09907407407407408
1 0.77109375 0.22037037037037038 0.0515625 0.06296296296296296
1 0.3380208333333333 0.1912037037037037 0.0375 0.06388888888888888
1 0.8171875 0.1476851851851852 0.040625 0.058333333333333334
1 0.5861979166666667 0.14166666666666666 0.033854166666666664 0.04259259259259259
1 0.9611979166666667 0.19583333333333333 0.03802083333333333 0.05462962962962963
1 0.8778645833333333 0.43148148148148147 0.09427083333333333 0.12777777777777777
1 0.4453125 0.22962962962962963 0.03229166666666667 0.06296296296296296
1 0.22109375 0.8393518518518519 0.14739583333333334 0.27314814814814814
1 0.7171875 0.11342592592592593 0.021875 0.05092592592592592
1 0.24114583333333334 0.1574074074074074 0.042708333333333334 0.06666666666666667
1 0.875 0.2523148148148148 0.051041666666666666 0.06759259259259259
1 0.36484375 0.22268518518518518 0.044270833333333336 0.07685185185185185
1 0.8197916666666667 0.22175925925925927 0.046875 0.05092592592592592
1 0.16979166666666667 0.18472222222222223 0.036458333333333336 0.05092592592592592
1 0.25885416666666666 0.18981481481481483 0.040625 0.053703703703703705
1 0.9216145833333333 0.20277777777777778 0.0453125 0.04814814814814815
1 0.43359375 0.2037037037037037 0.0421875 0.07222222222222222
1 0.3546875 0.14074074074074075 0.03125 0.03888888888888889
1 0.17005208333333333 0.1388888888888889 0.0390625 0.03333333333333333
1 0.28098958333333335 0.11898148148148148 0.024479166666666666 0.04537037037037037
1 0.2955729166666667 0.2824074074074074 0.05364583333333333 0.07222222222222222
1 0.6580729166666667 0.1675925925925926 0.04010416666666667 0.06666666666666667
1 0.28880208333333335 0.12685185185185185 0.028645833333333332 0.04814814814814815
1 0.2765625 0.262037037037037 0.04583333333333333 0.07037037037037037
1 0.30546875 0.1439814814814815 0.03802083333333333 0.04722222222222222
1 0.81015625 0.1884259259259259 0.04114583333333333 0.049074074074074076
1 0.15859375 0.10694444444444444 0.033854166666666664 0.04722222222222222
1 0.17604166666666668 0.25601851851851853 0.04479166666666667 0.06759259259259259
1 0.5528645833333333 0.14351851851851852 0.0203125 0.03518518518518519
1 0.6453125 0.1361111111111111 0.03333333333333333 0.053703703703703705
1 0.44557291666666665 0.07731481481481481 0.024479166666666666 0.03611111111111111
1 0.45286458333333335 0.14814814814814814 0.034895833333333334 0.044444444444444446
1 0.8692708333333333 0.21666666666666667 0.05 0.05555555555555555
1 0.5619791666666667 0.11203703703703703 0.028125 0.03518518518518519
1 0.58203125 0.09583333333333334 0.021354166666666667 0.028703703703703703
1 0.2518229166666667 0.07685185185185185 0.021354166666666667 0.03148148148148148
1 0.28098958333333335 0.07222222222222222 0.019270833333333334 0.022222222222222223
1 0.35963541666666665 0.08703703703703704 0.024479166666666666 0.03333333333333333
1 0.528125 0.06342592592592593 0.029166666666666667 0.025
1 0.5528645833333333 0.07777777777777778 0.022395833333333334 0.025925925925925925
1 0.4309895833333333 0.13472222222222222 0.03177083333333333 0.05648148148148148
1 0.44192708333333336 0.14212962962962963 0.0296875 0.04537037037037037
1 0.5700520833333333 0.12824074074074074 0.0234375 0.03796296296296296
1 0.46536458333333336 0.08564814814814815 0.0234375 0.032407407407407406
1 0.5932291666666667 0.11342592592592593 0.023958333333333335 0.026851851851851852
1 0.29765625 0.08333333333333333 0.0265625 0.027777777777777776
1 0.19348958333333333 0.28888888888888886 0.0546875 0.0962962962962963
1 0.19114583333333332 0.08055555555555556 0.016666666666666666 0.024074074074074074
1 0.22578125 0.11296296296296296 0.028645833333333332 0.040740740740740744
1 0.17526041666666667 0.22546296296296298 0.050520833333333334 0.05277777777777778
1 0.33098958333333334 0.07361111111111111 0.024479166666666666 0.021296296296296296
1 0.6106770833333334 0.09490740740740741 0.0203125 0.023148148148148147
1 0.64921875 0.0962962962962963 0.018229166666666668 0.025925925925925925
1 0.2703125 0.22870370370370371 0.05 0.06666666666666667
1 0.63359375 0.09027777777777778 0.019270833333333334 0.030555555555555555
1 0.34322916666666664 0.11898148148148148 0.040625 0.03981481481481482
1 0.165625 0.15787037037037038 0.03125 0.03981481481481482
1 0.6182291666666667 0.12175925925925926 0.03125 0.05462962962962963
1 0.16796875 0.07685185185185185 0.0296875 0.020370370370370372
1 0.24895833333333334 0.12129629629629629 0.022916666666666665 0.022222222222222223
1 0.31953125 0.1763888888888889 0.0328125 0.06018518518518518
1 0.32526041666666666 0.10046296296296296 0.0265625 0.03425925925925926
1 0.4953125 0.09907407407407408 0.023958333333333335 0.04259259259259259