2 0.6130208333333333 0.08657407407407407 0.096875 0.08425925925925926
1 0.42864583333333334 0.6370370370370371 0.1125 0.14444444444444443
1 0.2359375 0.7138888888888889 0.12604166666666666 0.17962962962962964
1 0.625 0.5699074074074074 0.10416666666666667 0.14537037037037037
1 0.8013020833333333 0.8680555555555556 0.19114583333333332 0.262037037037037
1 0.6578125 0.41064814814814815 0.08541666666666667 0.11388888888888889
1 0.3807291666666667 0.5092592592592593 0.09166666666666666 0.12777777777777777
1 0.49453125 0.2777777777777778 0.0578125 0.07222222222222222
1 0.5283854166666667 0.44722222222222224 0.08385416666666666 0.12407407407407407
1 0.6322916666666667 0.274537037037037 0.059375 0.09166666666666666
1 0.1984375 0.4203703703703704 0.08229166666666667 0.1111111111111111
1 0.81484375 0.3958333333333333 0.08177083333333333 0.12685185185185185
1 0.55859375 0.31712962962962965 0.07135416666666666 0.10462962962962963
1 0.4822916666666667 0.40879629629629627 0.065625 0.10277777777777777
1 0.32734375 0.3662037037037037 0.06822916666666666 0.09166666666666666
1 0.284375 0.2828703703703704 0.04895833333333333 0.075
1 0.7377604166666667 0.4736111111111111 0.09010416666666667 0.13240740740740742
1 0.5145833333333333 0.12962962962962962 0.03125 0.03518518518518519
1 0.4596354166666667 0.3592592592592593 0.07447916666666667 0.11296296296296296
1 0.8924479166666667 0.6129629629629629 0.1265625 0.20185185185185187
1 0.71328125 0.3458333333333333 0.07135416666666666 0.09537037037037037
1 0.13515625 0.38657407407407407 0.0765625 0.11388888888888889
1 0.18880208333333334 0.3416666666666667 0.06302083333333333 0.05740740740740741
1 0.35989583333333336 0.4597222222222222 0.08333333333333333 0.11944444444444445
1 0.59140625 0.24768518518518517 0.050520833333333334 0.08055555555555556
1 0.41796875 0.20601851851851852 0.0421875 0.06018518518518518
1 0.9885416666666667 0.3226851851851852 0.021875 0.08611111111111111
1 0.37265625 0.24768518518518517 0.043229166666666666 0.06759259259259259
1 0.38385416666666666 0.2712962962962963 0.042708333333333334 0.07222222222222222
1 0.4200520833333333 0.29074074074074074 0.05677083333333333 0.09259259259259259
1 0.7442708333333333 0.24814814814814815 0.057291666666666664 0.05555555555555555
1 0.9565104166666667 0.22453703703703703 0.0546875 0.06388888888888888
1 0.9177083333333333 0.27870370370370373 0.06041666666666667 0.08703703703703704
1 0.38359375 0.16296296296296298 0.030729166666666665 0.044444444444444446
1 0.18359375 0.2375 0.04114583333333333 0.062037037037037036
1 0.546875 0.22453703703703703 0.04479166666666667 0.07314814814814814
1 0.6895833333333333 0.20787037037037037 0.05 0.06018518518518518
1 0.31484375 0.3175925925925926 0.05677083333333333 0.08148148148148149
1 0.17109375 0.12731481481481483 0.04010416666666667 0.04351851851851852
1 0.69140625 0.17731481481481481 0.0359375 0.03425925925925926
1 0.7752604166666667 0.1388888888888889 0.025520833333333333 0.03518518518518519
1 0.3299479166666667 0.20092592592592592 0.0328125 0.053703703703703705
1 0.5932291666666667 0.09953703703703703 0.027083333333333334 0.03796296296296296
1 0.2989583333333333 0.1388888888888889 0.03229166666666667 0.040740740740740744
1 0.9184895833333333 0.21157407407407408 0.04010416666666667 0.049074074074074076
1 0.41171875 0.12685185185185185 0.0296875 0.04259259259259259
1 0.4466145833333333 0.22824074074074074 0.04739583333333333 0.06388888888888888
1 0.69453125 0.13564814814814816 0.030729166666666665 0.04537037037037037
1 0.61484375 0.1814814814814815 0.03802083333333333 0.040740740740740744
1 0.17239583333333333 0.26666666666666666 0.046875 0.06666666666666667
1 0.6557291666666667 0.19398148148148148 0.034375 0.041666666666666664
1 0.6223958333333334 0.12638888888888888 0.03229166666666667 0.04351851851851852
1 0.87578125 0.22361111111111112 0.024479166666666666 0.06388888888888888
1 0.8911458333333333 0.20046296296296295 0.035416666666666666 0.05277777777777778
1 0.3338541666666667 0.11851851851851852 0.026041666666666668 0.04259259259259259
1 0.33177083333333335 0.17083333333333334 0.03854166666666667 0.04537037037037037
1 0.4515625 0.08981481481481482 0.026041666666666668 0.040740740740740744
1 0.22057291666666667 0.11388888888888889 0.033854166666666664 0.040740740740740744
1 0.4908854166666667 0.10092592592592593 0.025520833333333333 0.03148148148148148
1 0.6549479166666666 0.1685185185185185 0.03802083333333333 0.04259259259259259
1 0.35546875 0.2152777777777778 0.043229166666666666 0.07314814814814814
1 0.3736979166666667 0.09907407407407408 0.030729166666666665 0.046296296296296294
1 0.5315104166666667 0.20787037037037037 0.04635416666666667 0.08055555555555556
1 0.9796875 0.26851851851851855 0.03958333333333333 0.07962962962962963
1 0.66875 0.1037037037037037 0.03125 0.044444444444444446
1 0.6947916666666667 0.10555555555555556 0.030208333333333334 0.03333333333333333
1 0.31276041666666665 0.1648148148148148 0.0296875 0.05555555555555555
1 0.796875 0.1763888888888889 0.021875 0.032407407407407406
1 0.6802083333333333 0.14953703703703702 0.03229166666666667 0.03981481481481482
1 0.55625 0.08611111111111111 0.022916666666666665 0.046296296296296294
1 0.35234375 0.13703703703703704 0.028645833333333332 0.03888888888888889
1 0.5653645833333333 0.1574074074074074 0.028645833333333332 0.03148148148148148
1 0.58984375 0.1648148148148148 0.030729166666666665 0.037037037037037035
1 0.7497395833333333 0.13425925925925927 0.027604166666666666 0.03888888888888889
1 0.4109375 0.17962962962962964 0.041666666666666664 0.06481481481481481
1 0.18125 0.18888888888888888 0.0375 0.040740740740740744
1 0.2609375 0.2263888888888889 0.05520833333333333 0.08796296296296297
1 0.2859375 0.12916666666666668 0.026041666666666668 0.03981481481481482
1 0.5799479166666667 0.12962962962962962 0.028645833333333332 0.03148148148148148
1 0.7580729166666667 0.15555555555555556 0.033854166666666664 0.046296296296296294
1 0.16979166666666667 0.20879629629629629 0.03854166666666667 0.06944444444444445
1 0.16953125 0.08194444444444444 0.028645833333333332 0.025
1 0.3458333333333333 0.08194444444444444 0.019791666666666666 0.032407407407407406
1 0.28098958333333335 0.11574074074074074 0.034895833333333334 0.03518518518518519
1 0.7856770833333333 0.22870370370370371 0.0671875 0.07777777777777778
1 0.26510416666666664 0.10138888888888889 0.026041666666666668 0.041666666666666664
1 0.5161458333333333 0.0875 0.025 0.041666666666666664
1 0.4265625 0.08611111111111111 0.019791666666666666 0.025925925925925925
1 0.35494791666666664 0.0962962962962963 0.013020833333333334 0.03148148148148148
1 0.37526041666666665 0.15185185185185185 0.0296875 0.05
1 0.27005208333333336 0.18703703703703703 0.0453125 0.05
1 0.8447916666666667 0.2412037037037037 0.06145833333333333 0.09722222222222222
1 0.6252604166666667 0.3837962962962963 0.0671875 0.09907407407407408
1 0.5359375 0.06666666666666667 0.020833333333333332 0.024074074074074074
1 0.6197916666666666 0.14953703703703702 0.03229166666666667 0.04537037037037037
1 0.6666666666666666 0.1361111111111111 0.026041666666666668 0.025925925925925925
1 0.7453125 0.1814814814814815 0.040625 0.05555555555555555
1 0.24557291666666667 0.16203703703703703 0.04010416666666667 0.05555555555555555
1 0.40390625 0.11666666666666667 0.0265625 0.046296296296296294
1 0.9705729166666667 0.18981481481481483 0.0578125 0.07592592592592592
1 0.33567708333333335 0.13194444444444445 0.019270833333333334 0.032407407407407406
1 0.21796875 0.08518518518518518 0.0265625 0.027777777777777776
1 0.23854166666666668 0.13657407407407407 0.035416666666666666 0.032407407407407406