2 0.78203125 0.12175925925925926 0.06927083333333334 0.1361111111111111
2 0.6942708333333333 0.09212962962962963 0.05416666666666667 0.09166666666666666
1 0.9481770833333333 0.7041666666666667 0.10260416666666666 0.1675925925925926
1 0.90625 0.47962962962962963 0.09583333333333334 0.12777777777777777
1 0.77421875 0.5189814814814815 0.09739583333333333 0.13796296296296295
1 0.9236979166666667 0.9157407407407407 0.1515625 0.16666666666666666
1 0.1390625 0.40185185185185185 0.07395833333333333 0.11481481481481481
1 0.6544270833333333 0.41759259259259257 0.08489583333333334 0.10925925925925926
1 0.40260416666666665 0.2861111111111111 0.05416666666666667 0.07592592592592592
1 0.30026041666666664 0.30416666666666664 0.05364583333333333 0.075
1 0.82109375 0.8060185185185185 0.1421875 0.20092592592592592
1 0.35052083333333334 0.44027777777777777 0.0875 0.11203703703703703
1 0.51328125 0.7888888888888889 0.18802083333333333 0.2740740740740741
1 0.5984375 0.5601851851851852 0.12708333333333333 0.19814814814814816
1 0.4390625 0.33564814814814814 0.07395833333333333 0.11388888888888889
1 0.56796875 0.3449074074074074 0.0609375 0.09722222222222222
1 0.6106770833333334 0.37592592592592594 0.07552083333333333 0.10925925925925926
1 0.37057291666666664 0.48842592592592593 0.0890625 0.1175925925925926
1 0.19973958333333333 0.3175925925925926 0.0546875 0.08518518518518518
1 0.25338541666666664 0.9083333333333333 0.1515625 0.1814814814814815
1 0.5236979166666667 0.287962962962963 0.0609375 0.0962962962962963
1 0.8328125 0.40370370370370373 0.08541666666666667 0.12407407407407407
1 0.39114583333333336 0.1787037037037037 0.0375 0.05
1 0.6734375 0.175 0.041666666666666664 0.06851851851851852
1 0.5020833333333333 0.41805555555555557 0.08020833333333334 0.13425925925925927
1 0.37161458333333336 0.24861111111111112 0.05260416666666667 0.07314814814814814
1 0.8145833333333333 0.2708333333333333 0.052083333333333336 0.058333333333333334
1 0.5393229166666667 0.4736111111111111 0.09322916666666667 0.125
1 0.5018229166666667 0.19212962962962962 0.0359375 0.05462962962962963
1 0.4625 0.1625 0.03854166666666667 0.058333333333333334
1 0.45546875 0.23055555555555557 0.049479166666666664 0.06851851851851852
1 0.5372395833333333 0.21064814814814814 0.0453125 0.0712962962962963
1 0.9505208333333334 0.21296296296296297 0.05416666666666667 0.053703703703703705
1 0.8645833333333334 0.2962962962962963 0.057291666666666664 0.06851851851851852
1 0.9828125 0.31851851851851853 0.03333333333333333 0.08703703703703704
1 0.9411458333333333 0.3458333333333333 0.071875 0.09166666666666666
1 0.6989583333333333 0.22962962962962963 0.04895833333333333 0.07037037037037037
1 0.9078125 0.2662037037037037 0.05416666666666667 0.06944444444444445
1 0.3723958333333333 0.15185185185185185 0.034375 0.04814814814814815
1 0.7481770833333333 0.18055555555555555 0.04114583333333333 0.05555555555555555
1 0.8950520833333333 0.22175925925925927 0.05260416666666667 0.05092592592592592
1 0.42578125 0.19675925925925927 0.04114583333333333 0.06944444444444445
1 0.20182291666666666 0.12314814814814815 0.027604166666666666 0.044444444444444446
1 0.16953125 0.17962962962962964 0.0359375 0.04814814814814815
1 0.9848958333333333 0.20324074074074075 0.029166666666666667 0.05648148148148148
1 0.2903645833333333 0.27175925925925926 0.050520833333333334 0.0712962962962963
1 0.7528645833333333 0.21157407407407408 0.04010416666666667 0.06574074074074074
1 0.8497395833333333 0.23796296296296296 0.05260416666666667 0.06481481481481481
1 0.23958333333333334 0.15231481481481482 0.04375 0.06574074074074074
1 0.5994791666666667 0.14675925925925926 0.035416666666666666 0.04351851851851852
1 0.2526041666666667 0.18333333333333332 0.03125 0.053703703703703705
1 0.4359375 0.2212962962962963 0.028125 0.06111111111111111
1 0.28619791666666666 0.12407407407407407 0.027604166666666666 0.04814814814814815
1 0.33307291666666666 0.18518518518518517 0.03697916666666667 0.06296296296296296
1 0.359375 0.2152777777777778 0.04375 0.07314814814814814
1 0.35 0.13564814814814816 0.034375 0.03796296296296296
1 0.56015625 0.15231481481481482 0.03177083333333333 0.03611111111111111
1 0.21328125 0.7611111111111111 0.13385416666666666 0.24814814814814815
1 0.7919270833333333 0.22916666666666666 0.05260416666666667 0.06574074074074074
1 0.31588541666666664 0.1712962962962963 0.03177083333333333 0.05740740740740741
1 0.6578125 0.1412037037037037 0.035416666666666666 0.05462962962962963
1 0.26536458333333335 0.2222222222222222 0.0453125 0.06296296296296296
1 0.4440104166666667 0.14212962962962963 0.033854166666666664 0.04351851851851852
1 0.27369791666666665 0.2523148148148148 0.043229166666666666 0.06759259259259259
1 0.83125 0.15138888888888888 0.040625 0.058333333333333334
1 0.1609375 0.10740740740740741 0.034375 0.05
1 0.6309895833333333 0.1259259259259259 0.03177083333333333 0.053703703703703705
1 0.35572916666666665 0.08564814814814815 0.022916666666666665 0.032407407407407406
1 0.3028645833333333 0.13796296296296295 0.0359375 0.04259259259259259
1 0.1765625 0.2462962962962963 0.04583333333333333 0.06296296296296296
1 0.8317708333333333 0.20185185185185187 0.04895833333333333 0.05740740740740741
1 0.5221354166666666 0.11157407407407408 0.027604166666666666 0.03981481481481482
1 0.58125 0.13240740740740742 0.023958333333333335 0.03888888888888889
1 0.25078125 0.07592592592592592 0.0203125 0.02962962962962963
1 0.4901041666666667 0.2564814814814815 0.04583333333333333 0.07407407407407407
1 0.5127604166666667 0.12638888888888888 0.028645833333333332 0.028703703703703703
1 0.6174479166666667 0.9231481481481482 0.1796875 0.15185185185185185
1 0.4080729166666667 0.06805555555555555 0.016145833333333335 0.025
1 0.64453125 0.09212962962962963 0.022395833333333334 0.028703703703703703
1 0.1703125 0.13518518518518519 0.0375 0.03333333333333333
1 0.5583333333333333 0.09907407407407408 0.029166666666666667 0.046296296296296294
1 0.34010416666666665 0.11712962962962963 0.035416666666666666 0.03796296296296296
1 0.6033854166666667 0.11574074074074074 0.024479166666666666 0.024074074074074074
1 0.4505208333333333 0.07824074074074074 0.025 0.03796296296296296
1 0.42604166666666665 0.13796296296296295 0.030208333333333334 0.04259259259259259
1 0.728125 0.1162037037037037 0.017708333333333333 0.05277777777777778
1 0.6591145833333333 0.09768518518518518 0.018229166666666668 0.026851851851851852
1 0.16744791666666667 0.15324074074074073 0.03177083333333333 0.03796296296296296
1 0.46953125 0.0875 0.025520833333333333 0.03611111111111111
1 0.19375 0.2773148148148148 0.053125 0.09351851851851851
1 0.9518229166666666 0.2513888888888889 0.049479166666666664 0.07314814814814814