1 0.47369791666666666 0.7240740740740741 0.13072916666666667 0.17222222222222222
1 0.6393229166666666 0.6050925925925926 0.1140625 0.16203703703703703
1 0.20729166666666668 0.5546296296296296 0.11041666666666666 0.14444444444444443
1 0.6200520833333333 0.9324074074074075 0.17135416666666667 0.13333333333333333
1 0.43984375 0.6222222222222222 0.11927083333333334 0.15925925925925927
1 0.49557291666666664 0.26805555555555555 0.0546875 0.07314814814814814
1 0.8049479166666667 0.5435185185185185 0.11510416666666666 0.15555555555555556
1 0.5578125 0.3337962962962963 0.06875 0.08981481481481482
1 0.98125 0.31574074074074077 0.036458333333333336 0.08333333333333333
1 0.7557291666666667 0.49953703703703706 0.08854166666666667 0.12685185185185185
1 0.35859375 0.4689814814814815 0.0859375 0.11944444444444445
1 0.190625 0.45092592592592595 0.08541666666666667 0.1111111111111111
1 0.8643229166666667 0.8634259259259259 0.15989583333333332 0.2212962962962963
1 0.4231770833333333 0.32546296296296295 0.0515625 0.08611111111111111
1 0.7356770833333334 0.3458333333333333 0.07552083333333333 0.11574074074074074
1 0.6520833333333333 0.39675925925925926 0.08541666666666667 0.13425925925925927
1 0.31588541666666664 0.33935185185185185 0.06197916666666667 0.08981481481481482
1 0.8690104166666667 0.4532407407407407 0.0921875 0.12314814814814815
1 0.4544270833333333 0.23935185185185184 0.049479166666666664 0.06388888888888888
1 0.4703125 0.35509259259259257 0.07083333333333333 0.11018518518518519
1 0.5731770833333333 0.5388888888888889 0.08802083333333334 0.12962962962962962
1 0.6190104166666667 0.2726851851851852 0.05572916666666667 0.08611111111111111
1 0.4083333333333333 0.2935185185185185 0.052083333333333336 0.07777777777777778
1 0.28177083333333336 0.262037037037037 0.0625 0.10185185185185185
1 0.896875 0.6532407407407408 0.13020833333333334 0.18055555555555555
1 0.8450520833333334 0.2537037037037037 0.0546875 0.07222222222222222
1 0.3734375 0.10740740740740741 0.014583333333333334 0.03518518518518519
1 0.86484375 0.22268518518518518 0.0453125 0.06759259259259259
1 0.6864583333333333 0.3050925925925926 0.065625 0.09907407407407408
1 0.9713541666666666 0.2523148148148148 0.05625 0.07314814814814814
1 0.38203125 0.24861111111111112 0.049479166666666664 0.08425925925925926
1 0.6533854166666667 0.19675925925925927 0.0421875 0.03981481481481482
1 0.6934895833333333 0.1310185185185185 0.0296875 0.04537037037037037
1 0.4083333333333333 0.18611111111111112 0.03333333333333333 0.04814814814814815
1 0.34921875 0.2324074074074074 0.0359375 0.05925925925925926
1 0.23958333333333334 0.14583333333333334 0.034375 0.04351851851851852
1 0.5458333333333333 0.4587962962962963 0.09583333333333334 0.14907407407407408
1 0.6729166666666667 0.15185185185185185 0.034375 0.04814814814814815
1 0.39296875 0.11388888888888889 0.0328125 0.053703703703703705
1 0.440625 0.1476851851851852 0.034375 0.04537037037037037
1 0.4395833333333333 0.20694444444444443 0.046875 0.075
1 0.48020833333333335 0.11018518518518519 0.026041666666666668 0.03148148148148148
1 0.7596354166666667 0.1837962962962963 0.0265625 0.05092592592592592
1 0.7184895833333333 0.12129629629629629 0.024479166666666666 0.03333333333333333
1 0.3067708333333333 0.15648148148148147 0.034375 0.046296296296296294
1 0.3502604166666667 0.38981481481481484 0.07135416666666666 0.09814814814814815
1 0.6096354166666667 0.17083333333333334 0.04114583333333333 0.04722222222222222
1 0.925 0.19212962962962962 0.052083333333333336 0.0712962962962963
1 0.6447916666666667 0.11712962962962963 0.027083333333333334 0.03981481481481482
1 0.6216145833333333 0.1550925925925926 0.03177083333333333 0.049074074074074076
1 0.7294270833333333 0.1449074074074074 0.03177083333333333 0.025
1 0.1765625 0.15046296296296297 0.041666666666666664 0.062037037037037036
1 0.5578125 0.14814814814814814 0.029166666666666667 0.03148148148148148
1 0.2296875 0.12546296296296297 0.03125 0.03981481481481482
1 0.7828125 0.2212962962962963 0.04791666666666667 0.07407407407407407
1 0.28203125 0.1125 0.0421875 0.04722222222222222
1 0.43072916666666666 0.13518518518518519 0.03125 0.05185185185185185
1 0.37161458333333336 0.15648148148148147 0.033854166666666664 0.044444444444444446
1 0.32526041666666666 0.07222222222222222 0.028645833333333332 0.025925925925925925
1 0.6924479166666667 0.1875 0.034895833333333334 0.06388888888888888
1 0.15885416666666666 0.08888888888888889 0.022916666666666665 0.037037037037037035
1 0.6247395833333333 0.1310185185185185 0.0328125 0.04351851851851852
1 0.6002604166666666 0.25092592592592594 0.05677083333333333 0.0962962962962963
1 0.5830729166666667 0.16064814814814815 0.027604166666666666 0.03611111111111111
1 0.36354166666666665 0.0912037037037037 0.020833333333333332 0.032407407407407406
1 0.7247395833333333 0.19444444444444445 0.0515625 0.07777777777777778
1 0.6598958333333333 0.10138888888888889 0.023958333333333335 0.04351851851851852
1 0.8041666666666667 0.17083333333333334 0.03333333333333333 0.04722222222222222
1 0.34765625 0.13055555555555556 0.028645833333333332 0.046296296296296294
1 0.5291666666666667 0.09166666666666666 0.023958333333333335 0.04259259259259259
1 0.39296875 0.1763888888888889 0.0328125 0.05648148148148148
1 0.9848958333333333 0.19583333333333333 0.029166666666666667 0.058333333333333334
1 0.32864583333333336 0.11203703703703703 0.028125 0.044444444444444446
1 0.34791666666666665 0.20555555555555555 0.041666666666666664 0.07037037037037037
1 0.35078125 0.15046296296296297 0.0234375 0.03611111111111111
1 0.5901041666666667 0.13425925925925927 0.030208333333333334 0.027777777777777776
1 0.17552083333333332 0.10416666666666667 0.027083333333333334 0.026851851851851852
1 0.6739583333333333 0.17916666666666667 0.022916666666666665 0.049074074074074076
1 0.84140625 0.1962962962962963 0.06927083333333334 0.07037037037037037
1 0.4986979166666667 0.10092592592592593 0.024479166666666666 0.04259259259259259
1 0.18723958333333332 0.2962962962962963 0.05677083333333333 0.11296296296296296
1 0.46171875 0.08842592592592592 0.022395833333333334 0.028703703703703703
1 0.3307291666666667 0.18888888888888888 0.034375 0.06296296296296296
1 0.5192708333333333 0.1310185185185185 0.028125 0.030555555555555555
1 0.5817708333333333 0.10416666666666667 0.026041666666666668 0.030555555555555555
1 0.57109375 0.12453703703703704 0.027604166666666666 0.03425925925925926
1 0.70078125 0.10740740740740741 0.019270833333333334 0.016666666666666666
1 0.6322916666666667 0.09027777777777778 0.027083333333333334 0.03425925925925926
1 0.17604166666666668 0.2152777777777778 0.04479166666666667 0.04722222222222222
1 0.27317708333333335 0.22037037037037038 0.0578125 0.07407407407407407
1 0.8729166666666667 0.16111111111111112 0.04583333333333333 0.06851851851851852
1 0.17473958333333334 0.23981481481481481 0.0453125 0.08888888888888889
1 0.16432291666666668 0.1300925925925926 0.024479166666666666 0.03981481481481482
1 0.5559895833333334 0.09722222222222222 0.022395833333333334 0.025925925925925925
1 0.25234375 0.17685185185185184 0.03697916666666667 0.06666666666666667
1 0.9916666666666667 0.5763888888888888 0.015625 0.125