1 0.5799479166666667 0.9032407407407408 0.15885416666666666 0.19166666666666668
1 0.20677083333333332 0.5300925925925926 0.10729166666666666 0.1398148148148148
1 0.546875 0.325 0.06666666666666667 0.08518518518518518
1 0.7796875 0.5222222222222223 0.11041666666666666 0.14444444444444443
1 0.8158854166666667 0.8087962962962963 0.14947916666666666 0.20462962962962963
1 0.4278645833333333 0.5953703703703703 0.11614583333333334 0.1537037037037037
1 0.7341145833333333 0.4810185185185185 0.08489583333333334 0.12314814814814815
1 0.3533854166666667 0.45092592592592595 0.08385416666666666 0.11296296296296296
1 0.84375 0.43425925925925923 0.08854166666666667 0.11851851851851852
1 0.18880208333333334 0.4351851851851852 0.0828125 0.10555555555555556
1 0.8658854166666666 0.6208333333333333 0.1265625 0.17314814814814813
1 0.86484375 0.26157407407407407 0.0578125 0.075
1 0.4171875 0.31712962962962965 0.04895833333333333 0.08425925925925926
1 0.48880208333333336 0.26296296296296295 0.05364583333333333 0.07222222222222222
1 0.7197916666666667 0.3347222222222222 0.07395833333333333 0.11388888888888889
1 0.3125 0.33055555555555555 0.059375 0.08703703703703704
1 0.18567708333333333 0.30416666666666664 0.05572916666666667 0.08055555555555556
1 0.5614583333333333 0.5162037037037037 0.09375 0.12685185185185185
1 0.63828125 0.3837962962962963 0.0828125 0.1287037037037037
1 0.46197916666666666 0.3449074074074074 0.06770833333333333 0.10833333333333334
1 0.4354166666666667 0.1449074074074074 0.03333333333333333 0.04722222222222222
1 0.60703125 0.2657407407407407 0.0546875 0.08333333333333333
1 0.9734375 0.5277777777777778 0.052083333333333336 0.16666666666666666
1 0.40390625 0.28703703703703703 0.049479166666666664 0.07592592592592592
1 0.44947916666666665 0.23564814814814813 0.04791666666666667 0.062037037037037036
1 0.34375 0.37916666666666665 0.065625 0.09166666666666666
1 0.37838541666666664 0.2439814814814815 0.049479166666666664 0.0824074074074074
1 0.9817708333333334 0.262037037037037 0.035416666666666666 0.07592592592592592
1 0.6713541666666667 0.29583333333333334 0.06458333333333334 0.09537037037037037
1 0.28020833333333334 0.25462962962962965 0.06041666666666667 0.1
1 0.68203125 0.15555555555555556 0.034895833333333334 0.04814814814814815
1 0.3703125 0.10601851851851851 0.014583333333333334 0.03425925925925926
1 0.38984375 0.1125 0.03177083333333333 0.05277777777777778
1 0.4049479166666667 0.18333333333333332 0.03177083333333333 0.046296296296296294
1 0.66484375 0.2037037037037037 0.0421875 0.04259259259259259
1 0.013802083333333333 0.4837962962962963 0.027604166666666666 0.1361111111111111
1 0.34609375 0.22685185185185186 0.03697916666666667 0.05925925925925926
1 0.48411458333333335 0.11296296296296296 0.0265625 0.03333333333333333
1 0.7015625 0.13333333333333333 0.03125 0.046296296296296294
1 0.8783854166666667 0.22824074074074074 0.0484375 0.06574074074074074
1 0.9427083333333334 0.1962962962962963 0.052083333333333336 0.07222222222222222
1 0.18411458333333333 0.26435185185185184 0.0515625 0.058333333333333334
1 0.6299479166666667 0.1587962962962963 0.03177083333333333 0.049074074074074076
1 0.42526041666666664 0.1337962962962963 0.0296875 0.05092592592592592
1 0.6184895833333334 0.17546296296296296 0.0421875 0.04722222222222222
1 0.7390625 0.19953703703703704 0.052083333333333336 0.08055555555555556
1 0.30364583333333334 0.15648148148148147 0.03229166666666667 0.044444444444444446
1 0.5890625 0.24351851851851852 0.05625 0.09259259259259259
1 0.23854166666666668 0.1439814814814815 0.03229166666666667 0.04351851851851852
1 0.53046875 0.44305555555555554 0.0921875 0.14537037037037037
1 0.6213541666666667 0.5782407407407407 0.10625 0.15462962962962962
1 0.434375 0.20324074074074075 0.04375 0.07314814814814814
1 0.34713541666666664 0.1287037037037037 0.0296875 0.046296296296296294
1 0.8567708333333334 0.20324074074074075 0.0625 0.075
1 0.36171875 0.09027777777777778 0.021354166666666667 0.032407407407407406
1 0.73671875 0.1486111111111111 0.0328125 0.026851851851851852
1 0.3458333333333333 0.19768518518518519 0.040625 0.06018518518518518
1 0.5651041666666666 0.15231481481481482 0.030208333333333334 0.032407407407407406
1 0.6518229166666667 0.11944444444444445 0.027604166666666666 0.040740740740740744
1 0.35 0.1476851851851852 0.025 0.03611111111111111
1 0.36875 0.1537037037037037 0.03229166666666667 0.040740740740740744
1 0.22942708333333334 0.12407407407407407 0.03177083333333333 0.040740740740740744
1 0.59140625 0.1648148148148148 0.0296875 0.037037037037037035
1 0.5864583333333333 0.10648148148148148 0.027083333333333334 0.03148148148148148
1 0.7255208333333333 0.12314814814814815 0.023958333333333335 0.03333333333333333
1 0.16119791666666666 0.08842592592592592 0.0265625 0.03796296296296296
1 0.5598958333333334 0.10092592592592593 0.023958333333333335 0.025925925925925925
1 0.46484375 0.09027777777777778 0.0234375 0.028703703703703703
1 0.39010416666666664 0.17222222222222222 0.03229166666666667 0.05555555555555555
1 0.5372395833333333 0.09305555555555556 0.0265625 0.041666666666666664
1 0.25755208333333335 0.17777777777777778 0.044270833333333336 0.05555555555555555
1 0.2765625 0.10972222222222222 0.03229166666666667 0.04351851851851852
1 0.6640625 0.1037037037037037 0.026041666666666668 0.044444444444444446
1 0.7973958333333333 0.22916666666666666 0.04895833333333333 0.075
1 0.3265625 0.10972222222222222 0.029166666666666667 0.04537037037037037
1 0.5015625 0.10416666666666667 0.027083333333333334 0.03981481481481482
1 0.63671875 0.09166666666666666 0.0296875 0.03518518518518519
1 0.8841145833333334 0.16574074074074074 0.049479166666666664 0.07037037037037037
1 0.6322916666666667 0.13425925925925927 0.03229166666666667 0.04259259259259259
1 0.5979166666666667 0.13796296296296295 0.03229166666666667 0.027777777777777776
1 0.8169270833333333 0.17453703703703705 0.033854166666666664 0.049074074074074076
1 0.1765625 0.1550925925925926 0.03958333333333333 0.041666666666666664
1 0.7802083333333333 0.18564814814814815 0.036458333333333336 0.04722222222222222
1 0.5231770833333333 0.13518518518518519 0.025520833333333333 0.027777777777777776
1 0.2875 0.12731481481481483 0.034375 0.03611111111111111
1 0.40130208333333334 0.075 0.022395833333333334 0.025925925925925925
1 0.17369791666666667 0.2449074074074074 0.0421875 0.06944444444444445
1 0.32864583333333336 0.18564814814814815 0.03333333333333333 0.062037037037037036
1 0.7067708333333333 0.10833333333333334 0.019791666666666666 0.014814814814814815
1 0.621875 0.12175925925925926 0.023958333333333335 0.030555555555555555
1 0.2713541666666667 0.21712962962962962 0.057291666666666664 0.06944444444444445
1 0.5755208333333334 0.12731481481481483 0.03125 0.032407407407407406
1 0.6979166666666666 0.1912037037037037 0.04791666666666667 0.06944444444444445
1 0.45364583333333336 0.6856481481481481 0.121875 0.16574074074074074
1 0.9921875 0.19814814814814816 0.014583333333333334 0.053703703703703705
1 0.17630208333333333 0.21203703703703702 0.04635416666666667 0.04814814814814815