2 0.7026041666666667 0.3939814814814815 0.115625 0.22685185185185186
2 0.9752604166666666 0.17685185185185184 0.0484375 0.17962962962962964
2 0.8270833333333333 0.14166666666666666 0.06770833333333333 0.13703703703703704
2 0.7643229166666666 0.08796296296296297 0.0546875 0.08518518518518518
1 0.8270833333333333 0.8782407407407408 0.15625 0.2175925925925926
1 0.7416666666666667 0.7203703703703703 0.13645833333333332 0.16666666666666666
1 0.6020833333333333 0.36018518518518516 0.07083333333333333 0.09259259259259259
1 0.2109375 0.6078703703703704 0.1 0.13425925925925927
1 0.18880208333333334 0.5412037037037037 0.09635416666666667 0.1175925925925926
1 0.5072916666666667 0.4324074074074074 0.08020833333333334 0.11481481481481481
1 0.36822916666666666 0.4449074074074074 0.08229166666666667 0.11388888888888889
1 0.6114583333333333 0.2800925925925926 0.05416666666666667 0.075
1 0.28671875 0.300462962962963 0.0578125 0.075
1 0.4901041666666667 0.26342592592592595 0.05625 0.07314814814814814
1 0.6286458333333333 0.4083333333333333 0.04375 0.1037037037037037
1 0.19166666666666668 0.26990740740740743 0.05 0.075
1 0.5239583333333333 0.3 0.05520833333333333 0.07777777777777778
1 0.81796875 0.5453703703703704 0.12447916666666667 0.2037037037037037
1 0.6455729166666667 0.1962962962962963 0.04114583333333333 0.03888888888888889
1 0.7302083333333333 0.23425925925925925 0.046875 0.05555555555555555
1 0.440625 0.6731481481481482 0.11875 0.1648148148148148
1 0.346875 0.3875 0.0875 0.13796296296296295
1 0.265625 0.2162037037037037 0.03958333333333333 0.05648148148148148
1 0.6083333333333333 0.15462962962962962 0.035416666666666666 0.04814814814814815
1 0.4940104166666667 0.387037037037037 0.0671875 0.10185185185185185
1 0.5802083333333333 0.25046296296296294 0.05520833333333333 0.08055555555555556
1 0.36770833333333336 0.2689814814814815 0.035416666666666666 0.06944444444444445
1 0.42942708333333335 0.31805555555555554 0.06822916666666666 0.11574074074074074
1 0.5002604166666667 0.7685185185185185 0.14635416666666667 0.22962962962962963
1 0.8638020833333333 0.2574074074074074 0.058854166666666666 0.09074074074074075
1 0.18619791666666666 0.45092592592592595 0.0734375 0.11296296296296296
1 0.3921875 0.17083333333333334 0.0375 0.05462962962962963
1 0.81875 0.20185185185185187 0.04583333333333333 0.07407407407407407
1 0.6794270833333333 0.12916666666666668 0.022395833333333334 0.041666666666666664
1 0.35911458333333335 0.2300925925925926 0.05260416666666667 0.0787037037037037
1 0.26119791666666664 0.1925925925925926 0.04635416666666667 0.046296296296296294
1 0.5231770833333333 0.11851851851851852 0.0234375 0.03148148148148148
1 0.9111979166666667 0.18055555555555555 0.03802083333333333 0.06296296296296296
1 0.5924479166666666 0.1449074074074074 0.0328125 0.049074074074074076
1 0.16848958333333333 0.08425925925925926 0.027604166666666666 0.027777777777777776
1 0.40260416666666665 0.18888888888888888 0.026041666666666668 0.05555555555555555
1 0.3341145833333333 0.20787037037037037 0.025520833333333333 0.05092592592592592
1 0.18723958333333332 0.21388888888888888 0.04010416666666667 0.05185185185185185
1 0.5 0.10231481481481482 0.030208333333333334 0.04537037037037037
1 0.24791666666666667 0.17083333333333334 0.03854166666666667 0.05092592592592592
1 0.45755208333333336 0.24074074074074073 0.049479166666666664 0.06666666666666667
1 0.559375 0.1287037037037037 0.028125 0.044444444444444446
1 0.41822916666666665 0.07083333333333333 0.019791666666666666 0.026851851851851852
1 0.6510416666666666 0.13472222222222222 0.041666666666666664 0.062037037037037036
1 0.18697916666666667 0.38796296296296295 0.07916666666666666 0.12407407407407407
1 0.2640625 0.10185185185185185 0.026041666666666668 0.037037037037037035
1 0.4578125 0.08425925925925926 0.020833333333333332 0.03333333333333333
1 0.29401041666666666 0.1398148148148148 0.0328125 0.053703703703703705
1 0.228125 0.125 0.035416666666666666 0.05185185185185185
1 0.9817708333333334 0.2439814814814815 0.035416666666666666 0.03425925925925926
1 0.36015625 0.14629629629629629 0.0359375 0.05185185185185185
1 0.9783854166666667 0.27546296296296297 0.0421875 0.05648148148148148
1 0.39947916666666666 0.29768518518518516 0.046875 0.0824074074074074
1 0.7140625 0.13333333333333333 0.030208333333333334 0.03518518518518519
1 0.721875 0.2013888888888889 0.04583333333333333 0.058333333333333334
1 0.4765625 0.09768518518518518 0.022916666666666665 0.032407407407407406
1 0.40182291666666664 0.11990740740740741 0.0296875 0.041666666666666664
1 0.4296875 0.21064814814814814 0.03854166666666667 0.04537037037037037
1 0.6135416666666667 0.11666666666666667 0.03229166666666667 0.04259259259259259
1 0.4427083333333333 0.15138888888888888 0.03333333333333333 0.05648148148148148
1 0.54453125 0.06620370370370371 0.0265625 0.032407407407407406
1 0.59453125 0.09444444444444444 0.021354166666666667 0.018518518518518517
1 0.5856770833333333 0.13148148148148148 0.033854166666666664 0.06111111111111111
1 0.16536458333333334 0.11435185185185186 0.027604166666666666 0.03425925925925926
1 0.31875 0.1638888888888889 0.03333333333333333 0.05740740740740741
1 0.33619791666666665 0.18518518518518517 0.03697916666666667 0.05555555555555555
1 0.5864583333333333 0.07824074074074074 0.027083333333333334 0.023148148148148147
1 0.7591145833333334 0.14907407407407408 0.03697916666666667 0.05555555555555555
1 0.4239583333333333 0.13796296296296295 0.026041666666666668 0.040740740740740744
1 0.39348958333333334 0.11342592592592593 0.0265625 0.04351851851851852
1 0.3302083333333333 0.11805555555555555 0.0375 0.03425925925925926
1 0.7575520833333333 0.21203703703703702 0.03177083333333333 0.05185185185185185
1 0.3265625 0.07175925925925926 0.019791666666666666 0.019444444444444445
1 0.1671875 0.14583333333333334 0.034375 0.041666666666666664
1 0.44296875 0.07824074074074074 0.019270833333333334 0.032407407407407406
1 0.9869791666666666 0.32222222222222224 0.025 0.09259259259259259
1 0.24010416666666667 0.1449074074074074 0.036458333333333336 0.03981481481481482
1 0.6354166666666666 0.10462962962962963 0.023958333333333335 0.03333333333333333
1 0.93828125 0.18564814814814815 0.034895833333333334 0.075
1 0.8924479166666667 0.16805555555555557 0.03802083333333333 0.06574074074074074
1 0.7973958333333333 0.18287037037037038 0.027083333333333334 0.06759259259259259
1 0.1671875 0.1763888888888889 0.03333333333333333 0.06018518518518518
1 0.7299479166666667 0.1398148148148148 0.027604166666666666 0.02962962962962963