1 0.8692708333333333 0.5842592592592593 0.12083333333333333 0.15925925925925927
1 0.6036458333333333 0.5935185185185186 0.13020833333333334 0.1962962962962963
1 0.9596354166666666 0.7162037037037037 0.0796875 0.19907407407407407
1 0.8315104166666667 0.8384259259259259 0.16927083333333334 0.2675925925925926
1 0.20911458333333333 0.5189814814814815 0.0984375 0.13240740740740742
1 0.3723958333333333 0.48518518518518516 0.0875 0.11296296296296296
1 0.57578125 0.3337962962962963 0.0703125 0.09537037037037037
1 0.7354166666666667 0.45925925925925926 0.09583333333333334 0.15185185185185185
1 0.5200520833333333 0.4412037037037037 0.08072916666666667 0.11203703703703703
1 0.4591145833333333 0.24074074074074073 0.050520833333333334 0.06666666666666667
1 0.4609375 0.3625 0.06979166666666667 0.09907407407407408
1 0.35052083333333334 0.4050925925925926 0.07395833333333333 0.10092592592592593
1 0.565625 0.23055555555555557 0.051041666666666666 0.07962962962962963
1 0.18229166666666666 0.34814814814814815 0.071875 0.09074074074074075
1 0.044270833333333336 0.45 0.08854166666666667 0.14629629629629629
1 0.8401041666666667 0.1597222222222222 0.0375 0.04722222222222222
1 0.5466145833333333 0.31574074074074077 0.0515625 0.08333333333333333
1 0.6932291666666667 0.3143518518518518 0.065625 0.10277777777777777
1 0.42109375 0.19768518518518519 0.0421875 0.05092592592592592
1 0.5049479166666667 0.26944444444444443 0.058854166666666666 0.08888888888888889
1 0.8638020833333333 0.30092592592592593 0.06927083333333334 0.05740740740740741
1 0.32421875 0.3680555555555556 0.0671875 0.09537037037037037
1 0.6265625 0.28194444444444444 0.058333333333333334 0.08055555555555556
1 0.6776041666666667 0.2125 0.041666666666666664 0.04537037037037037
1 0.17057291666666666 0.23564814814814813 0.04114583333333333 0.06018518518518518
1 0.9692708333333333 0.9634259259259259 0.06041666666666667 0.0712962962962963
1 0.5307291666666667 0.21064814814814814 0.04375 0.06944444444444445
1 0.30026041666666664 0.3074074074074074 0.0578125 0.08148148148148149
1 0.43463541666666666 0.337037037037037 0.0515625 0.08333333333333333
1 0.55546875 0.15 0.0328125 0.03518518518518519
1 0.39114583333333336 0.18055555555555555 0.03854166666666667 0.05185185185185185
1 0.503125 0.18981481481481483 0.0375 0.06296296296296296
1 0.8114583333333333 0.14953703703703702 0.03333333333333333 0.03981481481481482
1 0.1875 0.29259259259259257 0.05 0.05740740740740741
1 0.6278645833333333 0.3819444444444444 0.07239583333333334 0.10648148148148148
1 0.35833333333333334 0.2351851851851852 0.036458333333333336 0.06111111111111111
1 0.7552083333333334 0.1550925925925926 0.03333333333333333 0.049074074074074076
1 0.7794270833333333 0.2518518518518518 0.058854166666666666 0.06851851851851852
1 0.2677083333333333 0.2449074074074074 0.040625 0.06759259259259259
1 0.31588541666666664 0.1763888888888889 0.025520833333333333 0.049074074074074076
1 0.6440104166666667 0.1912037037037037 0.0359375 0.041666666666666664
1 0.36328125 0.1449074074074074 0.0296875 0.04351851851851852
1 0.39088541666666665 0.25 0.04739583333333333 0.08148148148148149
1 0.35390625 0.08657407407407407 0.03177083333333333 0.03981481481481482
1 0.82890625 0.21157407407407408 0.043229166666666666 0.06018518518518518
1 0.8768229166666667 0.25092592592592594 0.049479166666666664 0.05
1 0.86875 0.22407407407407406 0.04895833333333333 0.07222222222222222
1 0.38958333333333334 0.1111111111111111 0.029166666666666667 0.037037037037037035
1 0.5161458333333333 0.11018518518518519 0.029166666666666667 0.03518518518518519
1 0.6708333333333333 0.13518518518518519 0.03333333333333333 0.02962962962962963
1 0.6294270833333333 0.1259259259259259 0.033854166666666664 0.03518518518518519
1 0.415625 0.3 0.0625 0.0962962962962963
1 0.7322916666666667 0.23287037037037037 0.05 0.058333333333333334
1 0.35104166666666664 0.21666666666666667 0.040625 0.05925925925925926
1 0.7364583333333333 0.17037037037037037 0.03854166666666667 0.046296296296296294
1 0.7184895833333333 0.1675925925925926 0.03802083333333333 0.053703703703703705
1 0.7309895833333333 0.11851851851851852 0.0359375 0.044444444444444446
1 0.7270833333333333 0.20185185185185187 0.04375 0.05925925925925926
1 0.3815104166666667 0.1 0.0265625 0.037037037037037035
1 0.91953125 0.2800925925925926 0.058854166666666666 0.09166666666666666
1 0.61640625 0.15462962962962962 0.033854166666666664 0.05185185185185185
1 0.8 0.18194444444444444 0.030208333333333334 0.05092592592592592
1 0.9752604166666666 0.2273148148148148 0.0484375 0.062037037037037036
1 0.66796875 0.1648148148148148 0.0359375 0.04814814814814815
1 0.340625 0.12129629629629629 0.025 0.037037037037037035
1 0.28932291666666665 0.125 0.025520833333333333 0.040740740740740744
1 0.3203125 0.10462962962962963 0.023958333333333335 0.03518518518518519
1 0.6208333333333333 0.1787037037037037 0.03333333333333333 0.03518518518518519
1 0.7619791666666667 0.20601851851851852 0.025 0.03425925925925926
1 0.7049479166666667 0.11018518518518519 0.027604166666666666 0.04259259259259259
1 0.23203125 0.125 0.034895833333333334 0.03148148148148148
1 0.25625 0.19907407407407407 0.04895833333333333 0.07962962962962963
1 0.18072916666666666 0.20972222222222223 0.03958333333333333 0.05648148148148148
1 0.27734375 0.11574074074074074 0.0265625 0.040740740740740744
1 0.97265625 0.29768518518518516 0.05364583333333333 0.11203703703703703
1 0.29973958333333334 0.14444444444444443 0.025520833333333333 0.05185185185185185
1 0.19895833333333332 0.10462962962962963 0.025 0.03148148148148148
1 0.29270833333333335 0.27037037037037037 0.053125 0.07222222222222222
1 0.3880208333333333 0.15138888888888888 0.036458333333333336 0.04722222222222222
1 0.5653645833333333 0.12777777777777777 0.030729166666666665 0.05185185185185185
1 0.6354166666666666 0.10601851851851851 0.026041666666666668 0.03796296296296296
1 0.46901041666666665 0.09212962962962963 0.024479166666666666 0.03796296296296296
1 0.6411458333333333 0.15787037037037038 0.027083333333333334 0.030555555555555555
1 0.4901041666666667 0.17777777777777778 0.040625 0.07037037037037037
1 0.22005208333333334 0.1050925925925926 0.0296875 0.03796296296296296
1 0.31328125 0.1597222222222222 0.0359375 0.058333333333333334
1 0.33541666666666664 0.07361111111111111 0.019791666666666666 0.028703703703703703
1 0.4453125 0.0962962962962963 0.025 0.027777777777777776
1 0.25026041666666665 0.07916666666666666 0.025520833333333333 0.032407407407407406
1 0.16328125 0.12268518518518519 0.043229166666666666 0.05462962962962963
1 0.5856770833333333 0.09027777777777778 0.0171875 0.04351851851851852
1 0.5692708333333333 0.10648148148148148 0.027083333333333334 0.04259259259259259
1 0.259375 0.09166666666666666 0.030208333333333334 0.037037037037037035
1 0.17109375 0.18935185185185185 0.0390625 0.05462962962962963
1 0.32864583333333336 0.9875 0.12083333333333333 0.023148148148148147
1 0.2734375 0.10648148148148148 0.03229166666666667 0.03148148148148148
1 0.1796875 0.1574074074074074 0.034375 0.05740740740740741
1 0.23671875 0.15324074074074073 0.0359375 0.03981481481481482
1 0.2140625 0.07777777777777778 0.023958333333333335 0.025925925925925925
1 0.16901041666666666 0.30787037037037035 0.0515625 0.06574074074074074
1 0.32447916666666665 0.11805555555555555 0.016666666666666666 0.030555555555555555