1 0.48072916666666665 0.7361111111111112 0.13541666666666666 0.17777777777777778
1 0.3614583333333333 0.475 0.08541666666666667 0.12222222222222222
1 0.20989583333333334 0.5625 0.10729166666666666 0.14537037037037037
1 0.44453125 0.6361111111111111 0.12239583333333333 0.16111111111111112
1 0.19140625 0.45555555555555555 0.08697916666666666 0.1111111111111111
1 0.9763020833333333 0.3125 0.04635416666666667 0.0824074074074074
1 0.7630208333333334 0.5069444444444444 0.08958333333333333 0.1287037037037037
1 0.6453125 0.6148148148148148 0.11666666666666667 0.1648148148148148
1 0.6567708333333333 0.4013888888888889 0.08645833333333333 0.13425925925925927
1 0.49765625 0.2712962962962963 0.05572916666666667 0.07222222222222222
1 0.42578125 0.3287037037037037 0.05260416666666667 0.08518518518518518
1 0.8778645833333333 0.4583333333333333 0.09322916666666667 0.12407407407407407
1 0.31666666666666665 0.3439814814814815 0.0625 0.08981481481481482
1 0.7424479166666667 0.34953703703703703 0.07864583333333333 0.11944444444444445
1 0.8817708333333333 0.8842592592592593 0.16354166666666667 0.22407407407407406
1 0.58203125 0.5472222222222223 0.09635416666666667 0.13333333333333333
1 0.3528645833333333 0.3958333333333333 0.0703125 0.10092592592592593
1 0.4109375 0.2967592592592593 0.052083333333333336 0.0787037037037037
1 0.4734375 0.3587962962962963 0.06979166666666667 0.11203703703703703
1 0.8135416666666667 0.5518518518518518 0.11770833333333333 0.15555555555555556
1 0.9104166666666667 0.6648148148148149 0.13020833333333334 0.18518518518518517
1 0.6234375 0.2759259259259259 0.057291666666666664 0.08703703703703704
1 0.6911458333333333 0.30694444444444446 0.06770833333333333 0.09537037037037037
1 0.28229166666666666 0.26342592592592595 0.06145833333333333 0.10092592592592593
1 0.38333333333333336 0.25092592592592594 0.04895833333333333 0.08518518518518518
1 0.96484375 0.25046296296296294 0.0578125 0.07314814814814814
1 0.6346354166666667 0.9425925925925925 0.1734375 0.11296296296296296
1 0.4421875 0.14907407407407408 0.034375 0.04814814814814815
1 0.23958333333333334 0.14722222222222223 0.034375 0.04259259259259259
1 0.6708333333333333 0.15092592592592594 0.03333333333333333 0.046296296296296294
1 0.6486979166666667 0.19583333333333333 0.04010416666666667 0.03796296296296296
1 0.375 0.10833333333333334 0.015625 0.03518518518518519
1 0.6184895833333334 0.1537037037037037 0.03177083333333333 0.04814814814814815
1 0.86015625 0.2212962962962963 0.0453125 0.06666666666666667
1 0.35078125 0.23472222222222222 0.0359375 0.06018518518518518
1 0.3067708333333333 0.1587962962962963 0.034375 0.04722222222222222
1 0.39453125 0.11574074074074074 0.033854166666666664 0.053703703703703705
1 0.40963541666666664 0.1884259259259259 0.0328125 0.049074074074074076
1 0.39427083333333335 0.17731481481481481 0.03333333333333333 0.05648148148148148
1 0.17734375 0.15092592592592594 0.0421875 0.06296296296296296
1 0.7580729166666667 0.1824074074074074 0.030729166666666665 0.053703703703703705
1 0.55078125 0.4648148148148148 0.09739583333333333 0.1537037037037037
1 0.43255208333333334 0.13703703703703704 0.030729166666666665 0.05185185185185185
1 0.4791666666666667 0.1111111111111111 0.026041666666666668 0.03148148148148148
1 0.6059895833333333 0.16944444444444445 0.04114583333333333 0.046296296296296294
1 0.6432291666666666 0.11712962962962963 0.028125 0.03981481481481482
1 0.34817708333333336 0.13333333333333333 0.0296875 0.04814814814814815
1 0.44088541666666664 0.20833333333333334 0.0453125 0.07407407407407407
1 0.28151041666666665 0.11435185185185186 0.04010416666666667 0.04722222222222222
1 0.6908854166666667 0.12916666666666668 0.0296875 0.04351851851851852
1 0.15885416666666666 0.09074074074074075 0.022916666666666665 0.040740740740740744
1 0.91953125 0.1912037037037037 0.050520833333333334 0.06944444444444445
1 0.5807291666666666 0.16018518518518518 0.027083333333333334 0.03888888888888889
1 0.7203125 0.1925925925925926 0.053125 0.07777777777777778
1 0.6044270833333333 0.25277777777777777 0.05677083333333333 0.0962962962962963
1 0.3731770833333333 0.1587962962962963 0.03177083333333333 0.04537037037037037
1 0.8393229166666667 0.25092592592592594 0.05364583333333333 0.07222222222222222
1 0.1734375 0.24814814814814815 0.041666666666666664 0.07592592592592592
1 0.23020833333333332 0.12685185185185185 0.03333333333333333 0.040740740740740744
1 0.3645833333333333 0.09212962962962963 0.020833333333333332 0.032407407407407406
1 0.3494791666666667 0.2074074074074074 0.042708333333333334 0.07037037037037037
1 0.7783854166666667 0.2199074074074074 0.04635416666666667 0.07314814814814814
1 0.26328125 0.09768518518518518 0.021354166666666667 0.03425925925925926
1 0.71640625 0.12037037037037036 0.025520833333333333 0.03148148148148148
1 0.49713541666666666 0.09953703703703703 0.024479166666666666 0.03981481481481482
1 0.68828125 0.18425925925925926 0.0359375 0.06666666666666667
1 0.5559895833333334 0.14907407407407408 0.027604166666666666 0.03333333333333333
1 0.16979166666666667 0.1300925925925926 0.035416666666666666 0.041666666666666664
1 0.33098958333333334 0.1912037037037037 0.0328125 0.062037037037037036
1 0.7278645833333334 0.14675925925925926 0.030729166666666665 0.030555555555555555
1 0.32786458333333335 0.11805555555555555 0.025520833333333333 0.041666666666666664
1 0.32786458333333335 0.0712962962962963 0.0265625 0.024074074074074074
1 0.5799479166666667 0.10462962962962963 0.024479166666666666 0.02962962962962963
1 0.6583333333333333 0.10185185185185185 0.023958333333333335 0.044444444444444446
1 0.8026041666666667 0.17222222222222222 0.030208333333333334 0.05
1 0.6692708333333334 0.17777777777777778 0.021875 0.05185185185185185
1 0.51796875 0.13055555555555556 0.027604166666666666 0.03148148148148148
1 0.45677083333333335 0.24259259259259258 0.05 0.06481481481481481
1 0.175 0.10231481481481482 0.027083333333333334 0.023148148148148147
1 0.6994791666666667 0.10787037037037037 0.019791666666666666 0.017592592592592594
1 0.5880208333333333 0.13194444444444445 0.029166666666666667 0.026851851851851852
1 0.5611979166666666 0.33796296296296297 0.06927083333333334 0.08888888888888889
1 0.25416666666666665 0.17916666666666667 0.03958333333333333 0.06574074074074074
1 0.3234375 0.09398148148148149 0.03229166666666667 0.041666666666666664
1 0.39921875 0.07361111111111111 0.018229166666666668 0.023148148148148147
1 0.8703125 0.16111111111111112 0.04479166666666667 0.06851851851851852
1 0.8223958333333333 0.19675925925925927 0.046875 0.06759259259259259
1 0.9822916666666667 0.19537037037037036 0.034375 0.05925925925925926
1 0.1875 0.29907407407407405 0.057291666666666664 0.11481481481481481
1 0.27395833333333336 0.2222222222222222 0.057291666666666664 0.07222222222222222
1 0.3533854166666667 0.15046296296296297 0.021354166666666667 0.03611111111111111
1 0.4609375 0.08657407407407407 0.021875 0.028703703703703703
1 0.17473958333333334 0.20185185185185187 0.0484375 0.07592592592592592