2 0.9388020833333334 0.17175925925925925 0.0953125 0.15648148148148147
2 0.9567708333333333 0.47129629629629627 0.08541666666666667 0.2037037037037037
2 0.55546875 0.2777777777777778 0.0796875 0.16111111111111112
2 0.84453125 0.10416666666666667 0.06510416666666667 0.09351851851851851
1 0.6463541666666667 0.6101851851851852 0.11770833333333333 0.15555555555555556
1 0.7697916666666667 0.5328703703703703 0.10416666666666667 0.13425925925925927
1 0.925 0.32592592592592595 0.06875 0.07222222222222222
1 0.9528645833333333 0.6800925925925926 0.09322916666666667 0.22685185185185186
1 0.31328125 0.32407407407407407 0.06197916666666667 0.08518518518518518
1 0.19817708333333334 0.42962962962962964 0.07239583333333334 0.0962962962962963
1 0.4270833333333333 0.31666666666666665 0.059375 0.08333333333333333
1 0.503125 0.4439814814814815 0.078125 0.10462962962962963
1 0.5473958333333333 0.4925925925925926 0.0875 0.12407407407407407
1 0.01796875 0.5106481481481482 0.0359375 0.11203703703703703
1 0.8411458333333334 0.43842592592592594 0.09166666666666666 0.11574074074074074
1 0.49296875 0.27361111111111114 0.049479166666666664 0.0712962962962963
1 0.8736979166666666 0.262037037037037 0.05572916666666667 0.07777777777777778
1 0.9729166666666667 0.28703703703703703 0.053125 0.07407407407407407
1 0.6971354166666667 0.19490740740740742 0.043229166666666666 0.058333333333333334
1 0.5075520833333333 0.29814814814814816 0.0328125 0.07592592592592592
1 0.39817708333333335 0.2861111111111111 0.04739583333333333 0.07777777777777778
1 0.428125 0.21064814814814814 0.042708333333333334 0.058333333333333334
1 0.7421875 0.7476851851851852 0.14479166666666668 0.2361111111111111
1 0.25026041666666665 0.17777777777777778 0.03697916666666667 0.04814814814814815
1 0.6184895833333334 0.3680555555555556 0.08489583333333334 0.1361111111111111
1 0.46041666666666664 0.8921296296296296 0.17083333333333334 0.21388888888888888
1 0.19348958333333333 0.3861111111111111 0.0703125 0.08518518518518518
1 0.7979166666666667 0.26666666666666666 0.06041666666666667 0.05185185185185185
1 0.5864583333333333 0.14583333333333334 0.03333333333333333 0.03981481481481482
1 0.19713541666666667 0.14212962962962963 0.027604166666666666 0.03981481481481482
1 0.2721354166666667 0.23657407407407408 0.05364583333333333 0.062037037037037036
1 0.34140625 0.4356481481481482 0.06822916666666666 0.10833333333333334
1 0.38125 0.24537037037037038 0.05416666666666667 0.09259259259259259
1 0.62265625 0.15601851851851853 0.033854166666666664 0.05092592592592592
1 0.36796875 0.4689814814814815 0.0859375 0.1398148148148148
1 0.4484375 0.08101851851851852 0.025 0.032407407407407406
1 0.17447916666666666 0.3314814814814815 0.05416666666666667 0.09074074074074075
1 0.18255208333333334 0.18009259259259258 0.03697916666666667 0.04722222222222222
1 0.3 0.28935185185185186 0.0625 0.10462962962962963
1 0.32421875 0.1875 0.04114583333333333 0.06574074074074074
1 0.8520833333333333 0.23564814814814813 0.06666666666666667 0.0824074074074074
1 0.25494791666666666 0.08796296296296297 0.021354166666666667 0.03518518518518519
1 0.34296875 0.125 0.028645833333333332 0.04814814814814815
1 0.34791666666666665 0.23842592592592593 0.029166666666666667 0.06574074074074074
1 0.21510416666666668 0.10648148148148148 0.03125 0.044444444444444446
1 0.24010416666666667 0.16111111111111112 0.042708333333333334 0.04814814814814815
1 0.6815104166666667 0.18009259259259258 0.0359375 0.05648148148148148
1 0.4010416666666667 0.12129629629629629 0.041666666666666664 0.05
1 0.36432291666666666 0.14351851851851852 0.0328125 0.05
1 0.32421875 0.11527777777777778 0.021354166666666667 0.03425925925925926
1 0.65078125 0.11203703703703703 0.025520833333333333 0.024074074074074074
1 0.16692708333333334 0.12453703703703704 0.03177083333333333 0.03796296296296296
1 0.8341145833333333 0.18564814814814815 0.03802083333333333 0.05648148148148148
1 0.29635416666666664 0.13842592592592592 0.030208333333333334 0.05092592592592592
1 0.2682291666666667 0.09907407407407408 0.029166666666666667 0.040740740740740744
1 0.4942708333333333 0.10046296296296296 0.023958333333333335 0.03611111111111111
1 0.28046875 0.11990740740740741 0.03177083333333333 0.041666666666666664
1 0.35208333333333336 0.08055555555555556 0.023958333333333335 0.037037037037037035
1 0.40572916666666664 0.1875 0.041666666666666664 0.04351851851851852
1 0.3684895833333333 0.09537037037037037 0.027604166666666666 0.03888888888888889
1 0.6544270833333333 0.16712962962962963 0.03802083333333333 0.062037037037037036
1 0.46458333333333335 0.06759259259259259 0.01875 0.027777777777777776
1 0.53046875 0.2175925925925926 0.03697916666666667 0.06111111111111111
1 0.31640625 0.10324074074074074 0.033854166666666664 0.032407407407407406
1 0.8203125 0.17453703703703705 0.0375 0.06388888888888888
1 0.38697916666666665 0.06898148148148148 0.022916666666666665 0.025
1 0.8716145833333333 0.18009259259259258 0.0484375 0.06574074074074074
1 0.39010416666666664 0.14814814814814814 0.034375 0.03888888888888889
1 0.22838541666666667 0.12314814814814815 0.028645833333333332 0.03518518518518519
1 0.37604166666666666 0.09953703703703703 0.026041666666666668 0.03611111111111111
1 0.3078125 0.15462962962962962 0.034375 0.046296296296296294
1 0.6989583333333333 0.11944444444444445 0.028125 0.02962962962962963
1 0.5046875 0.19583333333333333 0.041666666666666664 0.06574074074074074
1 0.30078125 0.08472222222222223 0.0296875 0.032407407407407406
1 0.6286458333333333 0.09259259259259259 0.03125 0.03333333333333333
1 0.2375 0.13518518518518519 0.03333333333333333 0.025925925925925925
1 0.3484375 0.2162037037037037 0.04479166666666667 0.062037037037037036
1 0.44140625 0.07361111111111111 0.0234375 0.03796296296296296
1 0.76015625 0.15925925925925927 0.016145833333333335 0.046296296296296294
1 0.20729166666666668 0.07685185185185185 0.020833333333333332 0.020370370370370372
1 0.6791666666666667 0.13657407407407407 0.0375 0.03796296296296296
1 0.9856770833333334 0.23657407407407408 0.027604166666666666 0.03981481481481482
1 0.1859375 0.2152777777777778 0.040625 0.06018518518518518
1 0.45677083333333335 0.2324074074074074 0.04375 0.06481481481481481
1 0.178125 0.28935185185185186 0.06458333333333334 0.09537037037037037