1 0.2986979166666667 0.8925925925925926 0.16822916666666668 0.21296296296296297
1 0.8734375 0.8870370370370371 0.17708333333333334 0.22407407407407406
1 0.8013020833333333 0.5277777777777778 0.1078125 0.1425925925925926
1 0.5630208333333333 0.5305555555555556 0.11354166666666667 0.17407407407407408
1 0.5966145833333333 0.9138888888888889 0.17760416666666667 0.17037037037037037
1 0.20625 0.475 0.08958333333333333 0.12037037037037036
1 0.4947916666666667 0.40694444444444444 0.075 0.10462962962962963
1 0.7427083333333333 0.7194444444444444 0.14583333333333334 0.22037037037037038
1 0.10208333333333333 0.4101851851851852 0.08125 0.13333333333333333
1 0.3390625 0.3763888888888889 0.06979166666666667 0.09351851851851851
1 0.5528645833333333 0.31296296296296294 0.06614583333333333 0.08888888888888889
1 0.44166666666666665 0.3388888888888889 0.065625 0.09259259259259259
1 0.17890625 0.3282407407407407 0.06822916666666666 0.08425925925925926
1 0.9856770833333334 0.7574074074074074 0.027604166666666666 0.1814814814814815
1 0.596875 0.35833333333333334 0.06666666666666667 0.1
1 0.4127604166666667 0.18981481481481483 0.04114583333333333 0.05
1 0.659375 0.29398148148148145 0.06145833333333333 0.09722222222222222
1 0.6916666666666667 0.4212962962962963 0.08958333333333333 0.13703703703703704
1 0.5450520833333333 0.21805555555555556 0.0484375 0.07685185185185185
1 0.6036458333333333 0.26481481481481484 0.05416666666666667 0.07592592592592592
1 0.44973958333333336 0.22916666666666666 0.04635416666666667 0.06388888888888888
1 0.571875 0.1597222222222222 0.036458333333333336 0.03796296296296296
1 0.31276041666666665 0.3449074074074074 0.059895833333333336 0.08796296296296297
1 0.8247395833333333 0.274537037037037 0.06822916666666666 0.07685185185185185
1 0.17135416666666667 0.22453703703703703 0.040625 0.058333333333333334
1 0.91953125 0.32685185185185184 0.07552083333333333 0.06111111111111111
1 0.8640625 0.16805555555555557 0.03854166666666667 0.049074074074074076
1 0.5135416666666667 0.19907407407407407 0.041666666666666664 0.06666666666666667
1 0.41901041666666666 0.31666666666666665 0.0484375 0.07777777777777778
1 0.5239583333333333 0.2962962962962963 0.04791666666666667 0.07962962962962963
1 0.73828125 0.17453703703703705 0.0359375 0.05462962962962963
1 0.2643229166666667 0.2337962962962963 0.03802083333333333 0.06388888888888888
1 0.9075520833333334 0.23935185185185184 0.0515625 0.0787037037037037
1 0.3841145833333333 0.17037037037037037 0.03802083333333333 0.04814814814814815
1 0.78125 0.1527777777777778 0.034375 0.02962962962962963
1 0.4901041666666667 0.18055555555555555 0.036458333333333336 0.05925925925925926
1 0.3484375 0.08333333333333333 0.030208333333333334 0.03518518518518519
1 0.48880208333333336 0.25555555555555554 0.0515625 0.08703703703703704
1 0.45338541666666665 0.09861111111111111 0.0265625 0.026851851851851852
1 0.8377604166666667 0.1587962962962963 0.0328125 0.04722222222222222
1 0.3809895833333333 0.10555555555555556 0.027604166666666666 0.037037037037037035
1 0.9276041666666667 0.27314814814814814 0.05625 0.05555555555555555
1 0.18098958333333334 0.15 0.0359375 0.05
1 0.31328125 0.1675925925925926 0.024479166666666666 0.04814814814814815
1 0.40182291666666664 0.2833333333333333 0.05572916666666667 0.09074074074074075
1 0.86640625 0.22083333333333333 0.04739583333333333 0.058333333333333334
1 0.35234375 0.22361111111111112 0.0359375 0.06018518518518518
1 0.5236979166666667 0.11342592592592593 0.0234375 0.03611111111111111
1 0.33828125 0.11944444444444445 0.025520833333333333 0.040740740740740744
1 0.29401041666666666 0.29907407407407405 0.0546875 0.05925925925925926
1 0.6903645833333333 0.17592592592592593 0.03697916666666667 0.05555555555555555
1 0.7059895833333333 0.23287037037037037 0.0453125 0.058333333333333334
1 0.7458333333333333 0.1259259259259259 0.035416666666666666 0.05185185185185185
1 0.8067708333333333 0.22453703703703703 0.03854166666666667 0.04722222222222222
1 0.6442708333333333 0.13425925925925927 0.03229166666666667 0.037037037037037035
1 0.47760416666666666 0.09351851851851851 0.025 0.03518518518518519
1 0.18072916666666666 0.2023148148148148 0.03958333333333333 0.05462962962962963
1 0.34765625 0.2064814814814815 0.0421875 0.06111111111111111
1 0.6419270833333334 0.19212962962962962 0.0296875 0.032407407407407406
1 0.25390625 0.19074074074074074 0.0453125 0.07777777777777778
1 0.31692708333333336 0.10185185185185185 0.024479166666666666 0.03333333333333333
1 0.19505208333333332 0.10324074074074074 0.024479166666666666 0.032407407407407406
1 0.6705729166666666 0.20277777777777778 0.0390625 0.044444444444444446
1 0.7557291666666667 0.17407407407407408 0.03229166666666667 0.03148148148148148
1 0.4765625 0.16620370370370371 0.03958333333333333 0.062037037037037036
1 0.63203125 0.16296296296296298 0.0359375 0.053703703703703705
1 0.65859375 0.16574074074074074 0.0328125 0.03518518518518519
1 0.2859375 0.12129629629629629 0.025 0.03888888888888889
1 0.7200520833333334 0.1125 0.0265625 0.04351851851851852
1 0.5783854166666667 0.13425925925925927 0.033854166666666664 0.05555555555555555
1 0.76796875 0.24444444444444444 0.05364583333333333 0.05
1 0.6916666666666667 0.1486111111111111 0.034375 0.04722222222222222
1 0.8026041666666667 0.18564814814814815 0.03229166666666667 0.03796296296296296
1 0.3578125 0.4439814814814815 0.07708333333333334 0.10462962962962963
1 0.23463541666666668 0.1398148148148148 0.034895833333333334 0.05185185185185185
1 0.30755208333333334 0.1527777777777778 0.034895833333333334 0.05555555555555555
1 0.16119791666666666 0.11990740740740741 0.0390625 0.05462962962962963
1 0.37395833333333334 0.09166666666666666 0.023958333333333335 0.025925925925925925
1 0.3328125 0.18055555555555555 0.03854166666666667 0.06481481481481481
1 0.5833333333333334 0.10416666666666667 0.027083333333333334 0.032407407407407406
1 0.89453125 0.6259259259259259 0.1265625 0.17592592592592593
1 0.17786458333333333 0.27870370370370373 0.0609375 0.05740740740740741
1 0.64921875 0.10231481481481482 0.022395833333333334 0.023148148148148147
1 0.4908854166666667 0.11388888888888889 0.028645833333333332 0.03148148148148148
1 0.3572916666666667 0.12962962962962962 0.029166666666666667 0.046296296296296294
1 0.30390625 0.08703703703703704 0.0265625 0.037037037037037035
1 0.465625 0.06157407407407407 0.019791666666666666 0.019444444444444445
1 0.17057291666666666 0.1787037037037037 0.04114583333333333 0.06666666666666667
1 0.7520833333333333 0.21574074074074073 0.040625 0.06296296296296296
1 0.2833333333333333 0.2564814814814815 0.04479166666666667 0.06851851851851852
1 0.5567708333333333 0.1 0.026041666666666668 0.04259259259259259
1 0.37916666666666665 0.15046296296296297 0.03854166666666667 0.05462962962962963
1 0.37942708333333336 0.23703703703703705 0.044270833333333336 0.07777777777777778
1 0.971875 0.3050925925925926 0.05520833333333333 0.09537037037037037
1 0.22994791666666667 0.11990740740740741 0.034895833333333334 0.032407407407407406
1 0.9932291666666667 0.23425925925925925 0.0125 0.04814814814814815