2 0.6372395833333333 0.08981481481481482 0.0515625 0.09074074074074075
2 0.6950520833333333 0.09675925925925925 0.05260416666666667 0.11203703703703703
1 0.3 0.7930555555555555 0.15 0.1935185185185185
1 0.94921875 0.6791666666666667 0.10052083333333334 0.17685185185185184
1 0.8408854166666667 0.5782407407407407 0.11614583333333334 0.1638888888888889
1 0.5315104166666667 0.85 0.15885416666666666 0.2074074074074074
1 0.3497395833333333 0.4199074074074074 0.0765625 0.09907407407407408
1 0.796875 0.8041666666666667 0.159375 0.20833333333333334
1 0.76171875 0.4930555555555556 0.1015625 0.1361111111111111
1 0.20859375 0.4476851851851852 0.07864583333333333 0.11388888888888889
1 0.47942708333333334 0.3888888888888889 0.07135416666666666 0.1
1 0.696875 0.6583333333333333 0.13333333333333333 0.20925925925925926
1 0.54140625 0.49444444444444446 0.1078125 0.16296296296296298
1 0.33203125 0.35833333333333334 0.06614583333333333 0.08888888888888889
1 0.5364583333333334 0.30092592592592593 0.06458333333333334 0.08518518518518518
1 0.4440104166666667 0.22314814814814815 0.0421875 0.06111111111111111
1 0.5848958333333333 0.16574074074074074 0.03854166666666667 0.040740740740740744
1 0.43072916666666666 0.325 0.0625 0.08888888888888889
1 0.3072916666666667 0.3296296296296296 0.05416666666666667 0.08518518518518518
1 0.13229166666666667 0.38564814814814813 0.07604166666666666 0.12314814814814815
1 0.66796875 0.4 0.0859375 0.13333333333333333
1 0.4083333333333333 0.18518518518518517 0.03854166666666667 0.05
1 0.9369791666666667 0.2513888888888889 0.05520833333333333 0.08055555555555556
1 0.17786458333333333 0.31527777777777777 0.0640625 0.0787037037037037
1 0.4796875 0.24814814814814815 0.05 0.08333333333333333
1 0.51171875 0.2847222222222222 0.04739583333333333 0.07685185185185185
1 0.37942708333333336 0.16805555555555557 0.0390625 0.04722222222222222
1 0.88046875 0.17453703703703705 0.0390625 0.05092592592592592
1 0.8536458333333333 0.16574074074074074 0.03333333333333333 0.05
1 0.8322916666666667 0.23703703703703705 0.046875 0.046296296296296294
1 0.75234375 0.18194444444444444 0.03697916666666667 0.05648148148148148
1 0.5786458333333333 0.3416666666666667 0.06458333333333334 0.0962962962962963
1 0.5903645833333333 0.25462962962962965 0.05260416666666667 0.07222222222222222
1 0.2640625 0.22685185185185186 0.036458333333333336 0.06111111111111111
1 0.8575520833333333 0.29074074074074074 0.07864583333333333 0.08333333333333333
1 0.79375 0.25925925925925924 0.05625 0.05740740740740741
1 0.48046875 0.17546296296296296 0.033854166666666664 0.058333333333333334
1 0.5041666666666667 0.1912037037037037 0.040625 0.062037037037037036
1 0.17265625 0.21805555555555556 0.04010416666666667 0.05648148148148148
1 0.3723958333333333 0.2300925925925926 0.04375 0.07685185185185185
1 0.58671875 0.1375 0.0359375 0.05092592592592592
1 0.9690104166666667 0.2972222222222222 0.0609375 0.07037037037037037
1 0.9609375 0.3648148148148148 0.07708333333333334 0.0962962962962963
1 0.4591145833333333 0.10185185185185185 0.025520833333333333 0.027777777777777776
1 0.46770833333333334 0.16157407407407406 0.03958333333333333 0.062037037037037036
1 0.6575520833333334 0.13703703703703704 0.0328125 0.037037037037037035
1 0.64453125 0.16898148148148148 0.03802083333333333 0.05462962962962963
1 0.32838541666666665 0.17546296296296296 0.03802083333333333 0.062037037037037036
1 0.63984375 0.2814814814814815 0.058854166666666666 0.09444444444444444
1 0.48333333333333334 0.09675925925925925 0.025 0.03611111111111111
1 0.37447916666666664 0.10046296296296296 0.03333333333333333 0.04351851851851852
1 0.7546875 0.12962962962962962 0.036458333333333336 0.05555555555555555
1 0.16197916666666667 0.11851851851851852 0.040625 0.053703703703703705
1 0.41015625 0.3055555555555556 0.04635416666666667 0.07777777777777778
1 0.34296875 0.20185185185185187 0.03802083333333333 0.05555555555555555
1 0.8010416666666667 0.16064814814814815 0.03125 0.032407407407407406
1 0.5333333333333333 0.2111111111111111 0.046875 0.07222222222222222
1 0.39557291666666666 0.2726851851851852 0.05364583333333333 0.08796296296296297
1 0.6625 0.19722222222222222 0.03854166666666667 0.040740740740740744
1 0.3458333333333333 0.08055555555555556 0.030208333333333334 0.037037037037037035
1 0.17708333333333334 0.19768518518518519 0.041666666666666664 0.05648148148148148
1 0.18828125 0.10324074074074074 0.0234375 0.030555555555555555
1 0.77734375 0.22546296296296298 0.0484375 0.06574074074074074
1 0.25286458333333334 0.18564814814814815 0.04635416666666667 0.075
1 0.27708333333333335 0.11435185185185186 0.029166666666666667 0.03611111111111111
1 0.19270833333333334 0.1449074074074074 0.020833333333333332 0.049074074074074076
1 0.1765625 0.2708333333333333 0.058333333333333334 0.058333333333333334
1 0.6893229166666667 0.2125 0.04114583333333333 0.04722222222222222
1 0.30494791666666665 0.14907407407407408 0.033854166666666664 0.053703703703703705
1 0.7057291666666666 0.15185185185185185 0.035416666666666666 0.037037037037037035
1 0.7059895833333333 0.18287037037037038 0.03802083333333333 0.05648148148148148
1 0.73046875 0.1162037037037037 0.025520833333333333 0.04351851851851852
1 0.7294270833333333 0.24166666666666667 0.0484375 0.05925925925925926
1 0.5635416666666667 0.1050925925925926 0.03125 0.049074074074074076
1 0.6598958333333333 0.10601851851851851 0.021875 0.025
1 0.23385416666666667 0.13703703703703704 0.035416666666666666 0.046296296296296294
1 0.89375 0.23194444444444445 0.05 0.062037037037037036
1 0.2565104166666667 0.08796296296296297 0.024479166666666666 0.03518518518518519
1 0.31276041666666665 0.1 0.022395833333333334 0.03148148148148148
1 0.5924479166666666 0.10740740740740741 0.025520833333333333 0.02962962962962963
1 0.5276041666666667 0.1175925925925926 0.017708333333333333 0.037037037037037035
1 0.46901041666666665 0.06342592592592593 0.019270833333333334 0.019444444444444445
1 0.4432291666666667 0.07916666666666666 0.020833333333333332 0.026851851851851852
1 0.5182291666666666 0.07916666666666666 0.029166666666666667 0.03611111111111111
1 0.290625 0.27824074074074073 0.05416666666666667 0.0787037037037037
1 0.22916666666666666 0.11805555555555555 0.03333333333333333 0.032407407407407406
1 0.17083333333333334 0.17453703703703705 0.03958333333333333 0.062037037037037036
1 0.16822916666666668 0.08194444444444444 0.03229166666666667 0.026851851851851852
1 0.8057291666666667 0.20185185185185187 0.0375 0.05555555555555555
1 0.49895833333333334 0.11851851851851852 0.028125 0.03333333333333333
1 0.2838541666666667 0.24768518518518517 0.046875 0.06759259259259259
1 0.33567708333333335 0.11805555555555555 0.024479166666666666 0.03981481481481482
1 0.67421875 0.1712962962962963 0.034895833333333334 0.03333333333333333
1 0.37161458333333336 0.14722222222222223 0.03697916666666667 0.053703703703703705