3 0.9239583333333333 0.2675925925925926 0.06875 0.10185185185185185
2 0.8989583333333333 0.17824074074074073 0.08645833333333333 0.1787037037037037
1 0.6989583333333333 0.46620370370370373 0.09375 0.11944444444444445
1 0.47734375 0.762962962962963 0.14114583333333333 0.19074074074074074
1 0.10026041666666667 0.42083333333333334 0.07552083333333333 0.10092592592592593
1 0.90703125 0.9208333333333333 0.17552083333333332 0.15648148148148147
1 0.428125 0.5842592592592593 0.10729166666666666 0.14444444444444443
1 0.2877604166666667 0.9476851851851852 0.19947916666666668 0.10277777777777777
1 0.36640625 0.4787037037037037 0.0859375 0.12037037037037036
1 0.5291666666666667 0.3106481481481482 0.06354166666666666 0.0824074074074074
1 0.18802083333333333 0.3574074074074074 0.06458333333333334 0.09259259259259259
1 0.5182291666666666 0.44907407407407407 0.084375 0.11481481481481481
1 0.59296875 0.5152777777777777 0.0984375 0.15833333333333333
1 0.59140625 0.3574074074074074 0.07135416666666666 0.1
1 0.6932291666666667 0.18981481481481483 0.041666666666666664 0.05740740740740741
1 0.7927083333333333 0.387037037037037 0.08125 0.11851851851851852
1 0.9869791666666666 0.20833333333333334 0.025 0.06111111111111111
1 0.5018229166666667 0.1875 0.04010416666666667 0.058333333333333334
1 0.48098958333333336 0.39490740740740743 0.07239583333333334 0.10092592592592593
1 0.41171875 0.1287037037037037 0.0234375 0.03888888888888889
1 0.45651041666666664 0.23425925925925925 0.03802083333333333 0.06296296296296296
1 0.40703125 0.29398148148148145 0.04635416666666667 0.07314814814814814
1 0.4390625 0.3189814814814815 0.0625 0.10648148148148148
1 0.39427083333333335 0.18287037037037038 0.03333333333333333 0.04722222222222222
1 0.38515625 0.2569444444444444 0.0546875 0.08425925925925926
1 0.39140625 0.10925925925925926 0.024479166666666666 0.037037037037037035
1 0.6473958333333333 0.1675925925925926 0.036458333333333336 0.05740740740740741
1 0.17604166666666668 0.17453703703703705 0.041666666666666664 0.05648148148148148
1 0.3763020833333333 0.15601851851851853 0.033854166666666664 0.05277777777777778
1 0.9088541666666666 0.6263888888888889 0.13541666666666666 0.2101851851851852
1 0.41901041666666666 0.19583333333333333 0.03802083333333333 0.05648148148148148
1 0.9846354166666667 0.5314814814814814 0.0296875 0.17037037037037037
1 0.47708333333333336 0.1685185185185185 0.0375 0.05555555555555555
1 0.92421875 0.45694444444444443 0.10885416666666667 0.1527777777777778
1 0.68359375 0.15046296296296297 0.03697916666666667 0.05462962962962963
1 0.44244791666666666 0.2162037037037037 0.0390625 0.06759259259259259
1 0.5575520833333333 0.15138888888888888 0.0328125 0.032407407407407406
1 0.31171875 0.3365740740740741 0.07760416666666667 0.125
1 0.7177083333333333 0.1388888888888889 0.028125 0.040740740740740744
1 0.35598958333333336 0.13472222222222222 0.033854166666666664 0.05462962962962963
1 0.7802083333333333 0.22592592592592592 0.046875 0.06296296296296296
1 0.2234375 0.17592592592592593 0.04583333333333333 0.07222222222222222
1 0.6591145833333333 0.13333333333333333 0.033854166666666664 0.03148148148148148
1 0.3302083333333333 0.19398148148148148 0.04583333333333333 0.05648148148148148
1 0.15572916666666667 0.09907407407407408 0.026041666666666668 0.040740740740740744
1 0.8533854166666667 0.1699074074074074 0.011979166666666667 0.04351851851851852
1 0.3645833333333333 0.2324074074074074 0.03854166666666667 0.07592592592592592
1 0.5619791666666667 0.10601851851851851 0.030208333333333334 0.03796296296296296
1 0.75625 0.3476851851851852 0.078125 0.1287037037037037
1 0.29609375 0.12361111111111112 0.0296875 0.03981481481481482
1 0.74296875 0.175 0.04114583333333333 0.05555555555555555
1 0.6104166666666667 0.1476851851851852 0.040625 0.06388888888888888
1 0.34869791666666666 0.08287037037037037 0.024479166666666666 0.032407407407407406
1 0.43697916666666664 0.0912037037037037 0.022916666666666665 0.028703703703703703
1 0.16692708333333334 0.27361111111111114 0.0515625 0.06944444444444445
1 0.5013020833333334 0.2587962962962963 0.06822916666666666 0.08981481481481482
1 0.2713541666666667 0.11157407407407408 0.025 0.041666666666666664
1 0.221875 0.7314814814814815 0.13333333333333333 0.17407407407407408
1 0.6458333333333334 0.10231481481481482 0.01875 0.032407407407407406
1 0.22890625 0.11388888888888889 0.0296875 0.05
1 0.7822916666666667 0.14583333333333334 0.036458333333333336 0.03796296296296296
1 0.32760416666666664 0.1675925925925926 0.03125 0.025925925925925925
1 0.5098958333333333 0.08009259259259259 0.019791666666666666 0.017592592592592594
1 0.584375 0.09444444444444444 0.023958333333333335 0.03333333333333333
1 0.4375 0.1425925925925926 0.03958333333333333 0.06296296296296296
1 0.26796875 0.16574074074074074 0.03802083333333333 0.05
1 0.31197916666666664 0.27685185185185185 0.06666666666666667 0.07592592592592592
1 0.17604166666666668 0.23425925925925925 0.04895833333333333 0.046296296296296294
1 0.4934895833333333 0.11481481481481481 0.024479166666666666 0.027777777777777776
1 0.18151041666666667 0.300462962962963 0.05364583333333333 0.08981481481481482
1 0.2598958333333333 0.2175925925925926 0.042708333333333334 0.07777777777777778
1 0.27447916666666666 0.22314814814814815 0.04895833333333333 0.06296296296296296
1 0.7627604166666667 0.11388888888888889 0.03697916666666667 0.027777777777777776
1 0.31979166666666664 0.1125 0.014583333333333334 0.032407407407407406
1 0.23776041666666667 0.14074074074074075 0.0328125 0.03888888888888889
1 0.17682291666666666 0.12037037037037036 0.0296875 0.03333333333333333
1 0.48854166666666665 0.09166666666666666 0.022916666666666665 0.022222222222222223
1 0.58203125 0.14027777777777778 0.018229166666666668 0.04537037037037037
1 0.40598958333333335 0.06759259259259259 0.018229166666666668 0.022222222222222223
1 0.5239583333333333 0.12962962962962962 0.025 0.03518518518518519
1 0.7955729166666666 0.19074074074074074 0.021354166666666667 0.05740740740740741
1 0.2796875 0.2587962962962963 0.05625 0.0712962962962963
1 0.5526041666666667 0.11898148148148148 0.017708333333333333 0.03425925925925926
1 0.15703125 0.23796296296296296 0.04114583333333333 0.07407407407407407