2 0.7369791666666666 0.10694444444444444 0.058333333333333334 0.12314814814814815
2 0.6653645833333334 0.09398148148148149 0.050520833333333334 0.10277777777777777
1 0.41302083333333334 0.6101851851851852 0.11770833333333333 0.14814814814814814
1 0.6260416666666667 0.587037037037037 0.11770833333333333 0.1537037037037037
1 0.47630208333333335 0.3962962962962963 0.0890625 0.13333333333333333
1 0.9427083333333334 0.674074074074074 0.11354166666666667 0.17777777777777778
1 0.76953125 0.5115740740740741 0.1046875 0.13425925925925927
1 0.20859375 0.36574074074074076 0.06197916666666667 0.09444444444444444
1 0.36692708333333335 0.549074074074074 0.10677083333333333 0.13518518518518519
1 0.32135416666666666 0.35138888888888886 0.06041666666666667 0.08055555555555556
1 0.0390625 0.48055555555555557 0.078125 0.13518518518518519
1 0.4309895833333333 0.3263888888888889 0.0609375 0.08425925925925926
1 0.5752604166666667 0.5037037037037037 0.10364583333333334 0.1574074074074074
1 0.64296875 0.4 0.0796875 0.10925925925925926
1 0.41510416666666666 0.1986111111111111 0.03854166666666667 0.05648148148148148
1 0.7276041666666667 0.7425925925925926 0.16666666666666666 0.26296296296296295
1 0.26067708333333334 0.9356481481481481 0.18072916666666666 0.12685185185185185
1 0.9497395833333333 0.19444444444444445 0.044270833333333336 0.05555555555555555
1 0.64140625 0.1912037037037037 0.04114583333333333 0.04537037037037037
1 0.30520833333333336 0.3074074074074074 0.05520833333333333 0.07777777777777778
1 0.49296875 0.1837962962962963 0.04114583333333333 0.062037037037037036
1 0.9671875 0.5027777777777778 0.06458333333333334 0.15
1 0.49140625 0.2587962962962963 0.05572916666666667 0.075
1 0.9127604166666666 0.18425925925925926 0.04010416666666667 0.053703703703703705
1 0.9098958333333333 0.3148148148148148 0.06770833333333333 0.07592592592592592
1 0.59140625 0.3314814814814815 0.0703125 0.11296296296296296
1 0.7255208333333333 0.9731481481481481 0.18229166666666666 0.05185185185185185
1 0.5302083333333333 0.2902777777777778 0.05416666666666667 0.08425925925925926
1 0.38776041666666666 0.16666666666666666 0.0359375 0.05
1 0.5403645833333334 0.21851851851851853 0.0421875 0.06296296296296296
1 0.5627604166666667 0.13148148148148148 0.0328125 0.040740740740740744
1 0.8307291666666666 0.2800925925925926 0.05416666666666667 0.05648148148148148
1 0.39401041666666664 0.28055555555555556 0.05677083333333333 0.07962962962962963
1 0.8234375 0.19398148148148148 0.04375 0.03981481481481482
1 0.44973958333333336 0.21898148148148147 0.044270833333333336 0.075
1 0.6966145833333334 0.18981481481481483 0.04114583333333333 0.05925925925925926
1 0.68984375 0.45231481481481484 0.09010416666666667 0.1287037037037037
1 0.8786458333333333 0.2657407407407407 0.053125 0.07407407407407407
1 0.18776041666666668 0.3189814814814815 0.0609375 0.10462962962962963
1 0.46848958333333335 0.24722222222222223 0.04114583333333333 0.06666666666666667
1 0.9572916666666667 0.29768518518518516 0.058333333333333334 0.075
1 0.5041666666666667 0.10416666666666667 0.025 0.03796296296296296
1 0.2596354166666667 0.20324074074074075 0.0359375 0.05648148148148148
1 0.5822916666666667 0.23981481481481481 0.04895833333333333 0.08148148148148149
1 0.8682291666666667 0.19490740740740742 0.040625 0.06018518518518518
1 0.32786458333333335 0.18888888888888888 0.0328125 0.06296296296296296
1 0.34765625 0.20416666666666666 0.04010416666666667 0.06944444444444445
1 0.19739583333333333 0.13333333333333333 0.028125 0.046296296296296294
1 0.6283854166666667 0.15694444444444444 0.03802083333333333 0.062037037037037036
1 0.52265625 0.13148148148148148 0.0265625 0.02962962962962963
1 0.4825520833333333 0.1125 0.025520833333333333 0.028703703703703703
1 0.7309895833333333 0.20462962962962963 0.0453125 0.05925925925925926
1 0.7359375 0.23425925925925925 0.042708333333333334 0.05555555555555555
1 0.171875 0.19722222222222222 0.0375 0.053703703703703705
1 0.7065104166666667 0.15601851851851853 0.0359375 0.03981481481481482
1 0.36276041666666664 0.14907407407407408 0.0328125 0.040740740740740744
1 0.284375 0.2828703703703704 0.046875 0.0787037037037037
1 0.33515625 0.07314814814814814 0.027604166666666666 0.02962962962962963
1 0.85859375 0.21944444444444444 0.044270833333333336 0.06296296296296296
1 0.7713541666666667 0.25092592592592594 0.051041666666666666 0.05925925925925926
1 0.4434895833333333 0.14351851851851852 0.033854166666666664 0.05925925925925926
1 0.275 0.2462962962962963 0.046875 0.06666666666666667
1 0.29348958333333336 0.13425925925925927 0.0296875 0.05
1 0.815625 0.23935185185185184 0.05 0.0787037037037037
1 0.4708333333333333 0.16666666666666666 0.034375 0.05555555555555555
1 0.41015625 0.06805555555555555 0.021354166666666667 0.021296296296296296
1 0.4544270833333333 0.15324074074074073 0.027604166666666666 0.05092592592592592
1 0.17786458333333333 0.275 0.0546875 0.07222222222222222
1 0.6234375 0.12453703703703704 0.034375 0.04722222222222222
1 0.17447916666666666 0.24027777777777778 0.05416666666666667 0.05462962962962963
1 0.5723958333333333 0.1111111111111111 0.020833333333333332 0.03518518518518519
1 0.5955729166666667 0.11527777777777778 0.03177083333333333 0.05092592592592592
1 0.3640625 0.09305555555555556 0.025 0.032407407407407406
1 0.6119791666666666 0.08518518518518518 0.022916666666666665 0.02962962962962963
1 0.43802083333333336 0.07175925925925926 0.022916666666666665 0.032407407407407406
1 0.3033854166666667 0.09027777777777778 0.0203125 0.032407407407407406
1 0.22864583333333333 0.12129629629629629 0.03229166666666667 0.04814814814814815
1 0.24557291666666667 0.16712962962962963 0.0453125 0.0712962962962963
1 0.97734375 0.3648148148148148 0.044270833333333336 0.10925925925925926
1 0.35494791666666664 0.08425925925925926 0.022395833333333334 0.02962962962962963
1 0.76015625 0.17083333333333334 0.0234375 0.041666666666666664
1 0.5703125 0.09027777777777778 0.026041666666666668 0.030555555555555555
1 0.37161458333333336 0.23935185185185184 0.04635416666666667 0.08055555555555556
1 0.5377604166666666 0.09212962962962963 0.03177083333333333 0.04537037037037037
1 0.27447916666666666 0.10740740740740741 0.025 0.03518518518518519
1 0.31171875 0.10601851851851851 0.0171875 0.032407407407407406
1 0.3796875 0.2652777777777778 0.0375 0.06944444444444445
1 0.7703125 0.12453703703703704 0.019791666666666666 0.041666666666666664
1 0.16822916666666668 0.16666666666666666 0.035416666666666666 0.040740740740740744
1 0.3328125 0.11018518518518519 0.03229166666666667 0.040740740740740744
1 0.4869791666666667 0.0699074074074074 0.020833333333333332 0.023148148148148147
1 0.5197916666666667 0.08518518518518518 0.017708333333333333 0.037037037037037035
1 0.4783854166666667 0.08935185185185185 0.0328125 0.03796296296296296
1 0.25338541666666664 0.08148148148148149 0.022395833333333334 0.03333333333333333
1 0.45677083333333335 0.08333333333333333 0.022916666666666665 0.02962962962962963
1 0.15494791666666666 0.11296296296296296 0.033854166666666664 0.05185185185185185
1 0.7927083333333333 0.14074074074074075 0.035416666666666666 0.05740740740740741
1 0.3125 0.1574074074074074 0.036458333333333336 0.05740740740740741
1 0.16848958333333333 0.14675925925925926 0.04010416666666667 0.03611111111111111
1 0.9919270833333333 0.2763888888888889 0.015104166666666667 0.06944444444444445
1 0.27447916666666666 0.21203703703703702 0.042708333333333334 0.044444444444444446