2 0.8841145833333334 0.15 0.07447916666666667 0.15925925925925927
2 0.7651041666666667 0.12314814814814815 0.065625 0.12407407407407407
2 0.865625 0.5310185185185186 0.15833333333333333 0.30092592592592593
1 0.2520833333333333 0.850462962962963 0.13958333333333334 0.18611111111111112
1 0.7135416666666666 0.46296296296296297 0.09166666666666666 0.11666666666666667
1 0.69765625 0.34814814814814815 0.06927083333333334 0.09444444444444444
1 0.6177083333333333 0.5791666666666667 0.11354166666666667 0.15092592592592594
1 0.34713541666666664 0.3236111111111111 0.0640625 0.0824074074074074
1 0.7700520833333333 0.5393518518518519 0.049479166666666664 0.13425925925925927
1 0.42265625 0.5916666666666667 0.10885416666666667 0.15
1 0.6104166666666667 0.3712962962962963 0.06979166666666667 0.09814814814814815
1 0.58515625 0.5078703703703704 0.08802083333333334 0.13055555555555556
1 0.92421875 0.29212962962962963 0.06614583333333333 0.08055555555555556
1 0.54375 0.3175925925925926 0.06666666666666667 0.08703703703703704
1 0.19244791666666666 0.32222222222222224 0.058854166666666666 0.07962962962962963
1 0.18177083333333333 0.7342592592592593 0.13125 0.1537037037037037
1 0.32057291666666665 0.3638888888888889 0.06927083333333334 0.09074074074074075
1 0.63203125 0.9685185185185186 0.14635416666666667 0.06111111111111111
1 0.6583333333333333 0.3013888888888889 0.06354166666666666 0.09166666666666666
1 0.2765625 0.25 0.04479166666666667 0.06111111111111111
1 0.8578125 0.29398148148148145 0.06770833333333333 0.07314814814814814
1 0.5627604166666667 0.13240740740740742 0.03177083333333333 0.044444444444444446
1 0.6765625 0.1814814814814815 0.03958333333333333 0.05185185185185185
1 0.58203125 0.1648148148148148 0.034895833333333334 0.03888888888888889
1 0.4239583333333333 0.32546296296296295 0.059375 0.10277777777777777
1 0.6330729166666667 0.18935185185185185 0.044270833333333336 0.041666666666666664
1 0.39296875 0.26805555555555555 0.06197916666666667 0.08981481481481482
1 0.4921875 0.2777777777777778 0.04583333333333333 0.07592592592592592
1 0.4671875 0.3972222222222222 0.08854166666666667 0.1425925925925926
1 0.20963541666666666 0.5921296296296297 0.0984375 0.14907407407407408
1 0.5174479166666667 0.29259259259259257 0.0515625 0.08518518518518518
1 0.38255208333333335 0.5074074074074074 0.1203125 0.17777777777777778
1 0.4510416666666667 0.1597222222222222 0.029166666666666667 0.04351851851851852
1 0.4166666666666667 0.1925925925925926 0.04375 0.05925925925925926
1 0.7354166666666667 0.17222222222222222 0.03854166666666667 0.06296296296296296
1 0.19505208333333332 0.48935185185185187 0.09322916666666667 0.1398148148148148
1 0.47630208333333335 0.175 0.0390625 0.06111111111111111
1 0.4239583333333333 0.13842592592592592 0.03333333333333333 0.04722222222222222
1 0.36380208333333336 0.2361111111111111 0.0390625 0.06481481481481481
1 0.43515625 0.2152777777777778 0.03697916666666667 0.062037037037037036
1 0.4401041666666667 0.35833333333333334 0.059375 0.0962962962962963
1 0.984375 0.26342592592592595 0.030208333333333334 0.08796296296296297
1 0.3841145833333333 0.16666666666666666 0.03802083333333333 0.05555555555555555
1 0.4122395833333333 0.12824074074074074 0.03177083333333333 0.05092592592592592
1 0.8609375 0.22268518518518518 0.05 0.06574074074074074
1 0.47760416666666666 0.09259259259259259 0.030208333333333334 0.044444444444444446
1 0.25755208333333335 0.19212962962962962 0.04635416666666667 0.05462962962962963
1 0.39609375 0.11296296296296296 0.028645833333333332 0.05
1 0.19166666666666668 0.25787037037037036 0.04583333333333333 0.0712962962962963
1 0.271875 0.22777777777777777 0.04895833333333333 0.06111111111111111
1 0.17109375 0.1587962962962963 0.034895833333333334 0.04351851851851852
1 0.49713541666666666 0.1037037037037037 0.025520833333333333 0.03333333333333333
1 0.3502604166666667 0.13194444444444445 0.028645833333333332 0.03796296296296296
1 0.27369791666666665 0.11203703703703703 0.028645833333333332 0.044444444444444446
1 0.24453125 0.1597222222222222 0.034895833333333334 0.04722222222222222
1 0.36484375 0.15416666666666667 0.0296875 0.04351851851851852
1 0.92578125 0.17916666666666667 0.022395833333333334 0.06944444444444445
1 0.6682291666666667 0.14305555555555555 0.030208333333333334 0.028703703703703703
1 0.3533854166666667 0.2101851851851852 0.04114583333333333 0.06296296296296296
1 0.30911458333333336 0.1597222222222222 0.033854166666666664 0.05648148148148148
1 0.45807291666666666 0.23333333333333334 0.04739583333333333 0.08148148148148149
1 0.453125 0.08564814814814815 0.022916666666666665 0.030555555555555555
1 0.7630208333333334 0.2162037037037037 0.05 0.0787037037037037
1 0.6473958333333333 0.10972222222222222 0.027083333333333334 0.03611111111111111
1 0.6059895833333333 0.11805555555555555 0.03802083333333333 0.05462962962962963
1 0.6692708333333334 0.11527777777777778 0.022916666666666665 0.028703703703703703
1 0.16692708333333334 0.09074074074074075 0.0296875 0.03148148148148148
1 0.52265625 0.1125 0.024479166666666666 0.04351851851851852
1 0.33098958333333334 0.18564814814814815 0.03697916666666667 0.06388888888888888
1 0.6 0.09027777777777778 0.022916666666666665 0.023148148148148147
1 0.3341145833333333 0.12129629629629629 0.024479166666666666 0.03333333333333333
1 0.29010416666666666 0.12638888888888888 0.030208333333333334 0.04537037037037037
1 0.8333333333333334 0.15138888888888888 0.034375 0.06018518518518518
1 0.7083333333333334 0.15324074074074073 0.035416666666666666 0.058333333333333334
1 0.5770833333333333 0.10601851851851851 0.028125 0.04537037037037037
1 0.8401041666666667 0.1625 0.020833333333333332 0.05648148148148148
1 0.33697916666666666 0.07546296296296297 0.022916666666666665 0.030555555555555555
1 0.40338541666666666 0.06759259259259259 0.022395833333333334 0.022222222222222223
1 0.4348958333333333 0.075 0.019791666666666666 0.03333333333333333
1 0.18072916666666666 0.23055555555555557 0.04479166666666667 0.07777777777777778
1 0.56015625 0.07268518518518519 0.025520833333333333 0.025
1 0.6533854166666667 0.16527777777777777 0.033854166666666664 0.04537037037037037
1 0.3263020833333333 0.1087962962962963 0.028645833333333332 0.03981481481481482
1 0.17708333333333334 0.19907407407407407 0.04791666666666667 0.06481481481481481
1 0.6802083333333333 0.12685185185185185 0.019791666666666666 0.03518518518518519
1 0.6359375 0.14953703703703702 0.034375 0.049074074074074076
1 0.3015625 0.1486111111111111 0.030208333333333334 0.05277777777777778
1 0.7028645833333333 0.12824074074074074 0.033854166666666664 0.04351851851851852
1 0.23255208333333333 0.13935185185185187 0.0359375 0.05648148148148148
1 0.5549479166666667 0.08935185185185185 0.021354166666666667 0.030555555555555555
1 0.9875 0.38287037037037036 0.023958333333333335 0.08981481481481482
1 0.5341145833333333 0.08518518518518518 0.021354166666666667 0.020370370370370372
1 0.8794270833333333 0.25787037037037036 0.049479166666666664 0.06759259259259259