1 0.5166666666666667 0.812037037037037 0.14166666666666666 0.18333333333333332
1 0.28958333333333336 0.9194444444444444 0.17395833333333333 0.15925925925925927
1 0.7395833333333334 0.7212962962962963 0.13229166666666667 0.1814814814814815
1 0.5291666666666667 0.30972222222222223 0.06354166666666666 0.08055555555555556
1 0.7372395833333333 0.48333333333333334 0.10260416666666666 0.13333333333333333
1 0.3453125 0.42268518518518516 0.078125 0.10462962962962963
1 0.18619791666666666 0.4083333333333333 0.07864583333333333 0.1
1 0.58984375 0.5333333333333333 0.0953125 0.14444444444444443
1 0.6963541666666667 0.449537037037037 0.078125 0.1175925925925926
1 0.42213541666666665 0.625 0.11197916666666667 0.14629629629629629
1 0.8270833333333333 0.5680555555555555 0.10729166666666666 0.16018518518518518
1 0.20416666666666666 0.4912037037037037 0.1 0.12685185185185185
1 0.61171875 0.3611111111111111 0.0796875 0.12037037037037036
1 0.4041666666666667 0.5486111111111112 0.10625 0.13796296296296295
1 0.4393229166666667 0.22592592592592592 0.04635416666666667 0.06111111111111111
1 0.90546875 0.2773148148148148 0.059895833333333336 0.0787037037037037
1 0.6893229166666667 0.3138888888888889 0.0671875 0.10555555555555556
1 0.4747395833333333 0.2513888888888889 0.0515625 0.06759259259259259
1 0.7997395833333333 0.40185185185185185 0.0828125 0.10925925925925926
1 0.03828125 0.4486111111111111 0.0765625 0.1287037037037037
1 0.97421875 0.2037037037037037 0.050520833333333334 0.07407407407407407
1 0.3072916666666667 0.31527777777777777 0.06041666666666667 0.0824074074074074
1 0.5333333333333333 0.47685185185185186 0.08854166666666667 0.11666666666666667
1 0.8283854166666667 0.24074074074074073 0.05260416666666667 0.07962962962962963
1 0.39348958333333334 0.27361111111111114 0.0484375 0.075
1 0.4466145833333333 0.32685185185185184 0.0640625 0.10185185185185185
1 0.40651041666666665 0.30185185185185187 0.04739583333333333 0.07962962962962963
1 0.63671875 0.18425925925925926 0.0421875 0.05
1 0.428125 0.13703703703703704 0.03229166666666667 0.046296296296296294
1 0.684375 0.21342592592592594 0.04583333333333333 0.04351851851851852
1 0.5846354166666666 0.2518518518518518 0.05260416666666667 0.07962962962962963
1 0.34036458333333336 0.21712962962962962 0.03697916666666667 0.06018518518518518
1 0.39739583333333334 0.1763888888888889 0.03125 0.04722222222222222
1 0.33307291666666666 0.3587962962962963 0.0640625 0.08981481481481482
1 0.8041666666666667 0.19722222222222222 0.03333333333333333 0.05925925925925926
1 0.6453125 0.2796296296296296 0.058333333333333334 0.08888888888888889
1 0.4921875 0.11574074074074074 0.027083333333333334 0.03333333333333333
1 0.1796875 0.29259259259259257 0.051041666666666666 0.07407407407407407
1 0.4265625 0.19490740740740742 0.04375 0.06944444444444445
1 0.30182291666666666 0.14953703703703702 0.0328125 0.041666666666666664
1 0.6083333333333333 0.17314814814814813 0.029166666666666667 0.03888888888888889
1 0.6622395833333333 0.12407407407407407 0.028645833333333332 0.040740740740740744
1 0.9369791666666667 0.48009259259259257 0.1 0.1527777777777778
1 0.22708333333333333 0.12222222222222222 0.03125 0.037037037037037035
1 0.16145833333333334 0.0837962962962963 0.025 0.032407407407407406
1 0.2747395833333333 0.24583333333333332 0.058854166666666666 0.09537037037037037
1 0.18203125 0.25555555555555554 0.049479166666666664 0.06111111111111111
1 0.6966145833333334 0.1625 0.0359375 0.049074074074074076
1 0.3692708333333333 0.23425925925925925 0.046875 0.07962962962962963
1 0.8630208333333333 0.1925925925925926 0.029166666666666667 0.05
1 0.3651041666666667 0.10185185185185185 0.013541666666666667 0.03333333333333333
1 0.73671875 0.12731481481481483 0.024479166666666666 0.03425925925925926
1 0.346875 0.1412037037037037 0.026041666666666668 0.03796296296296296
1 0.34322916666666664 0.12453703703703704 0.029166666666666667 0.04537037037037037
1 0.64453125 0.16712962962962963 0.034895833333333334 0.05092592592592592
1 0.34140625 0.18518518518518517 0.0421875 0.046296296296296294
1 0.5596354166666667 0.1449074074074074 0.0296875 0.03425925925925926
1 0.74921875 0.1574074074074074 0.0328125 0.02962962962962963
1 0.5046875 0.41388888888888886 0.08541666666666667 0.12962962962962962
1 0.3625 0.14814814814814814 0.03125 0.040740740740740744
1 0.57734375 0.16111111111111112 0.0328125 0.03333333333333333
1 0.6734375 0.10601851851851851 0.026041666666666668 0.04537037037037037
1 0.8361979166666667 0.18518518518518517 0.0328125 0.05925925925925926
1 0.38515625 0.1648148148148148 0.03177083333333333 0.053703703703703705
1 0.471875 0.09212962962962963 0.023958333333333335 0.028703703703703703
1 0.27421875 0.10601851851851851 0.033854166666666664 0.041666666666666664
1 0.6322916666666667 0.1259259259259259 0.026041666666666668 0.03148148148148148
1 0.553125 0.11851851851851852 0.01875 0.02962962962962963
1 0.64453125 0.13333333333333333 0.0328125 0.03333333333333333
1 0.9078125 0.1712962962962963 0.04895833333333333 0.07222222222222222
1 0.9059895833333333 0.2351851851851852 0.0546875 0.06111111111111111
1 0.56796875 0.23194444444444445 0.05260416666666667 0.08796296296296297
1 0.725 0.20092592592592592 0.04583333333333333 0.07037037037037037
1 0.5955729166666667 0.1111111111111111 0.0265625 0.03518518518518519
1 0.5122395833333333 0.10324074074074074 0.0265625 0.05277777777777778
1 0.28619791666666666 0.12361111111111112 0.03697916666666667 0.03425925925925926
1 0.32265625 0.1787037037037037 0.03177083333333333 0.05925925925925926
1 0.32135416666666666 0.10416666666666667 0.028125 0.03981481481481482
1 0.89453125 0.21157407407407408 0.0546875 0.07685185185185185
1 0.41875 0.12638888888888888 0.028125 0.049074074074074076
1 0.17317708333333334 0.13287037037037036 0.03697916666666667 0.03796296296296296
1 0.5692708333333333 0.1037037037037037 0.022916666666666665 0.027777777777777776
1 0.3567708333333333 0.08703703703703704 0.022916666666666665 0.03333333333333333
1 0.7669270833333334 0.21064814814814814 0.05572916666666667 0.08611111111111111
1 0.17786458333333333 0.2050925925925926 0.043229166666666666 0.04537037037037037
1 0.4361979166666667 0.08101851851851852 0.0234375 0.03425925925925926
1 0.6125 0.14444444444444443 0.03229166666666667 0.02962962962962963
1 0.2677083333333333 0.20833333333333334 0.05520833333333333 0.06666666666666667
1 0.5544270833333333 0.08703703703703704 0.022395833333333334 0.024074074074074074
1 0.5408854166666667 0.07592592592592592 0.018229166666666668 0.03333333333333333
1 0.40859375 0.075 0.018229166666666668 0.020370370370370372
1 0.17213541666666668 0.22962962962962963 0.0421875 0.07962962962962963
1 0.6450520833333333 0.09537037037037037 0.028645833333333332 0.037037037037037035
1 0.7184895833333333 0.11064814814814815 0.0203125 0.01574074074074074
1 0.17395833333333333 0.14814814814814814 0.036458333333333336 0.02962962962962963
1 0.22109375 0.1037037037037037 0.03177083333333333 0.03148148148148148
1 0.496875 0.07962962962962963 0.020833333333333332 0.037037037037037035
1 0.58984375 0.13240740740740742 0.028645833333333332 0.037037037037037035
1 0.25442708333333336 0.20092592592592592 0.03802083333333333 0.06296296296296296
1 0.3841145833333333 0.1162037037037037 0.03177083333333333 0.03611111111111111
1 0.71640625 0.13935185185185187 0.03177083333333333 0.04537037037037037