2 0.7690104166666667 0.44722222222222224 0.13072916666666667 0.2537037037037037
2 0.9385416666666667 0.16342592592592592 0.08854166666666667 0.17314814814814813
2 0.79921875 0.13148148148148148 0.0640625 0.1259259259259259
1 0.6489583333333333 0.4013888888888889 0.08020833333333334 0.10092592592592593
1 0.17630208333333333 0.6171296296296296 0.10989583333333333 0.13055555555555556
1 0.22109375 0.7027777777777777 0.11614583333333334 0.1574074074074074
1 0.6151041666666667 0.9046296296296297 0.18125 0.18888888888888888
1 0.8901041666666667 0.8972222222222223 0.165625 0.2037037037037037
1 0.3875 0.5041666666666667 0.09375 0.12685185185185185
1 0.6390625 0.3087962962962963 0.06041666666666667 0.08425925925925926
1 0.9401041666666666 0.2916666666666667 0.06145833333333333 0.08518518518518518
1 0.5591145833333333 0.3287037037037037 0.06197916666666667 0.08703703703703704
1 0.5138020833333333 0.2865740740740741 0.0578125 0.07685185185185185
1 0.50703125 0.8148148148148148 0.14427083333333332 0.1962962962962963
1 0.6114583333333333 0.17824074074074073 0.040625 0.03981481481481482
1 0.30234375 0.32685185185185184 0.06197916666666667 0.08148148148148149
1 0.5526041666666667 0.49027777777777776 0.09375 0.1287037037037037
1 0.19322916666666667 0.29074074074074074 0.05416666666666667 0.07962962962962963
1 0.68515625 0.46111111111111114 0.0484375 0.11481481481481481
1 0.609375 0.2722222222222222 0.059375 0.08518518518518518
1 0.5307291666666667 0.43425925925925923 0.07604166666666666 0.11296296296296296
1 0.44114583333333335 0.34953703703703703 0.075 0.125
1 0.7169270833333333 0.19722222222222222 0.04010416666666667 0.05740740740740741
1 0.36666666666666664 0.2902777777777778 0.046875 0.0787037037037037
1 0.9763020833333333 0.3421296296296296 0.04635416666666667 0.09907407407407408
1 0.36041666666666666 0.4375 0.096875 0.15462962962962962
1 0.5854166666666667 0.14351851851851852 0.034375 0.04814814814814815
1 0.8127604166666667 0.23703703703703705 0.0546875 0.08518518518518518
1 0.46822916666666664 0.2523148148148148 0.042708333333333334 0.0712962962962963
1 0.4119791666666667 0.12731481481481483 0.03125 0.04351851851851852
1 0.925 0.24259259259259258 0.05625 0.07222222222222222
1 0.365625 0.15231481481481482 0.04583333333333333 0.05462962962962963
1 0.9174479166666667 0.6462962962962963 0.14739583333333334 0.24074074074074073
1 0.1890625 0.4222222222222222 0.08020833333333334 0.11666666666666667
1 0.68125 0.20925925925925926 0.040625 0.046296296296296294
1 0.25364583333333335 0.17916666666666667 0.04479166666666667 0.05277777777777778
1 0.40286458333333336 0.17962962962962964 0.0421875 0.05740740740740741
1 0.5109375 0.1111111111111111 0.027083333333333334 0.03518518518518519
1 0.7791666666666667 0.18518518518518517 0.04895833333333333 0.07222222222222222
1 0.4635416666666667 0.08842592592592592 0.026041666666666668 0.03611111111111111
1 0.6294270833333333 0.125 0.0390625 0.05740740740740741
1 0.4005208333333333 0.11990740740740741 0.03125 0.049074074074074076
1 0.26458333333333334 0.20462962962962963 0.042708333333333334 0.046296296296296294
1 0.2994791666666667 0.14583333333333334 0.03229166666666667 0.058333333333333334
1 0.37265625 0.2412037037037037 0.0546875 0.07685185185185185
1 0.19375 0.5087962962962963 0.0875 0.13055555555555556
1 0.4427083333333333 0.21203703703703702 0.04375 0.07777777777777778
1 0.2674479166666667 0.10462962962962963 0.0265625 0.04259259259259259
1 0.48854166666666665 0.09583333333333334 0.030208333333333334 0.04351851851851852
1 0.5697916666666667 0.13287037037037036 0.030208333333333334 0.04722222222222222
1 0.8815104166666666 0.17083333333333334 0.033854166666666664 0.062037037037037036
1 0.48854166666666665 0.2657407407407407 0.04895833333333333 0.07777777777777778
1 0.41875 0.19953703703703704 0.035416666666666666 0.06018518518518518
1 0.3424479166666667 0.12314814814814815 0.027604166666666666 0.037037037037037035
1 0.21145833333333333 0.10694444444444444 0.022916666666666665 0.041666666666666664
1 0.3255208333333333 0.1736111111111111 0.035416666666666666 0.06018518518518518
1 0.3494791666666667 0.21898148148148147 0.034375 0.05648148148148148
1 0.6611979166666667 0.11898148148148148 0.016145833333333335 0.03611111111111111
1 0.41041666666666665 0.06805555555555555 0.020833333333333332 0.025
1 0.3260416666666667 0.11574074074074074 0.020833333333333332 0.03333333333333333
1 0.5955729166666667 0.11296296296296296 0.03177083333333333 0.04814814814814815
1 0.69140625 0.12314814814814815 0.028645833333333332 0.03148148148148148
1 0.3458333333333333 0.19675925925925927 0.040625 0.06018518518518518
1 0.41041666666666665 0.2972222222222222 0.058333333333333334 0.09444444444444444
1 0.6697916666666667 0.17175925925925925 0.036458333333333336 0.06944444444444445
1 0.3848958333333333 0.10416666666666667 0.027083333333333334 0.04722222222222222
1 0.4513020833333333 0.16064814814814815 0.0453125 0.06018518518518518
1 0.2828125 0.11898148148148148 0.028125 0.04537037037037037
1 0.7026041666666667 0.1310185185185185 0.025 0.025
1 0.7450520833333333 0.16805555555555557 0.03802083333333333 0.062037037037037036
1 0.4484375 0.07962962962962963 0.021875 0.03333333333333333
1 0.8635416666666667 0.16018518518518518 0.036458333333333336 0.06296296296296296
1 0.23072916666666668 0.13935185185185187 0.035416666666666666 0.03981481481481482
1 0.18880208333333334 0.2388888888888889 0.043229166666666666 0.06666666666666667
1 0.8934895833333333 0.1814814814814815 0.013020833333333334 0.05925925925925926
1 0.70078125 0.15555555555555556 0.028645833333333332 0.03518518518518519
1 0.26901041666666664 0.23055555555555557 0.0421875 0.05740740740740741
1 0.3307291666666667 0.07175925925925926 0.020833333333333332 0.025
1 0.16875 0.1865740740740741 0.03333333333333333 0.06018518518518518
1 0.18125 0.22037037037037038 0.04375 0.05740740740740741
1 0.7299479166666667 0.1388888888888889 0.0359375 0.05555555555555555
1 0.17942708333333332 0.19537037037037036 0.044270833333333336 0.04814814814814815
1 0.61875 0.09907407407407408 0.020833333333333332 0.03148148148148148
1 0.7572916666666667 0.12962962962962962 0.019791666666666666 0.024074074074074074
1 0.3203125 0.10138888888888889 0.030208333333333334 0.03796296296296296
1 0.16875 0.15 0.034375 0.04259259259259259
1 0.5739583333333333 0.0787037037037037 0.027083333333333334 0.03148148148148148
1 0.4356770833333333 0.14537037037037037 0.025520833333333333 0.040740740740740744
1 0.16640625 0.08796296296296297 0.027604166666666666 0.02962962962962963
1 0.6479166666666667 0.12083333333333333 0.015625 0.04537037037037037
1 0.6841145833333333 0.17453703703703705 0.0359375 0.03611111111111111
1 0.4354166666666667 0.06898148148148148 0.016666666666666666 0.030555555555555555
1 0.23854166666666668 0.14953703703703702 0.030208333333333334 0.04722222222222222