3 0.8190104166666666 0.22407407407407406 0.058854166666666666 0.08888888888888889
2 0.87578125 0.11898148148148148 0.0703125 0.14907407407407408
2 0.8221354166666667 0.15324074074074073 0.07239583333333334 0.16018518518518518
1 0.82890625 0.5708333333333333 0.11614583333333334 0.14907407407407408
1 0.5104166666666666 0.7597222222222222 0.1375 0.18981481481481483
1 0.42135416666666664 0.5902777777777778 0.10416666666666667 0.1527777777777778
1 0.18802083333333333 0.4148148148148148 0.07395833333333333 0.10925925925925926
1 0.984375 0.2310185185185185 0.030208333333333334 0.06759259259259259
1 0.92890625 0.18333333333333332 0.0453125 0.05740740740740741
1 0.6515625 0.9699074074074074 0.15416666666666667 0.058333333333333334
1 0.6627604166666666 0.41898148148148145 0.08489583333333334 0.1175925925925926
1 0.71953125 0.6523148148148148 0.1234375 0.20277777777777778
1 0.43359375 0.13842592592592592 0.027604166666666666 0.04351851851851852
1 0.5861979166666667 0.35648148148148145 0.07239583333333334 0.09444444444444444
1 0.490625 0.26064814814814813 0.04583333333333333 0.0712962962962963
1 0.7096354166666666 0.1935185185185185 0.0421875 0.05555555555555555
1 0.9200520833333333 0.2722222222222222 0.06822916666666666 0.09814814814814815
1 0.6395833333333333 0.1625 0.0375 0.05277777777777778
1 0.7328125 0.16342592592592592 0.0375 0.05277777777777778
1 0.5434895833333333 0.2101851851851852 0.04635416666666667 0.06481481481481481
1 0.546875 0.4675925925925926 0.0875 0.11481481481481481
1 0.4765625 0.36666666666666664 0.071875 0.12037037037037036
1 0.35052083333333334 0.20972222222222223 0.04895833333333333 0.06388888888888888
1 0.46328125 0.15648148148148147 0.043229166666666666 0.06851851851851852
1 0.43854166666666666 0.3300925925925926 0.05416666666666667 0.0824074074074074
1 0.93125 0.475 0.10104166666666667 0.14814814814814814
1 0.5091145833333334 0.1865740740740741 0.04114583333333333 0.062037037037037036
1 0.6825520833333333 0.12453703703703704 0.030729166666666665 0.04351851851851852
1 0.3333333333333333 0.38564814814814813 0.090625 0.1398148148148148
1 0.39427083333333335 0.16944444444444445 0.036458333333333336 0.05740740740740741
1 0.31223958333333335 0.16342592592592592 0.0359375 0.041666666666666664
1 0.6973958333333333 0.15416666666666667 0.0375 0.049074074074074076
1 0.44296875 0.21296296296296297 0.0421875 0.06111111111111111
1 0.41171875 0.20092592592592592 0.03697916666666667 0.05185185185185185
1 0.41041666666666665 0.11527777777777778 0.027083333333333334 0.041666666666666664
1 0.5239583333333333 0.10092592592592593 0.026041666666666668 0.027777777777777776
1 0.46848958333333335 0.23796296296296296 0.044270833333333336 0.07592592592592592
1 0.41171875 0.28703703703703703 0.0578125 0.09444444444444444
1 0.17734375 0.18888888888888888 0.04114583333333333 0.05925925925925926
1 0.55625 0.2935185185185185 0.065625 0.09814814814814815
1 0.60546875 0.1425925925925926 0.034895833333333334 0.05185185185185185
1 0.28020833333333334 0.11527777777777778 0.03229166666666667 0.04351851851851852
1 0.3059895833333333 0.1361111111111111 0.03802083333333333 0.05185185185185185
1 0.2799479166666667 0.9537037037037037 0.18489583333333334 0.09074074074074075
1 0.15598958333333332 0.1 0.0265625 0.044444444444444446
1 0.17161458333333332 0.3453703703703704 0.06510416666666667 0.11296296296296296
1 0.5971354166666667 0.5435185185185185 0.1015625 0.14074074074074075
1 0.5236979166666667 0.1310185185185185 0.030729166666666665 0.03611111111111111
1 0.4973958333333333 0.11157407407407408 0.03333333333333333 0.03611111111111111
1 0.3885416666666667 0.2569444444444444 0.04479166666666667 0.0824074074074074
1 0.17864583333333334 0.2972222222222222 0.057291666666666664 0.06666666666666667
1 0.23385416666666667 0.11712962962962963 0.03333333333333333 0.05462962962962963
1 0.5734375 0.12361111111111112 0.035416666666666666 0.06018518518518518
1 0.7216145833333333 0.10092592592592593 0.033854166666666664 0.03148148148148148
1 0.2421875 0.1537037037037037 0.03958333333333333 0.04259259259259259
1 0.5270833333333333 0.2814814814814815 0.04583333333333333 0.08518518518518518
1 0.3299479166666667 0.11481481481481481 0.016145833333333335 0.02962962962962963
1 0.6393229166666666 0.12685185185185185 0.033854166666666664 0.044444444444444446
1 0.28619791666666666 0.12268518518518519 0.022395833333333334 0.03796296296296296
1 0.32421875 0.31157407407407406 0.0828125 0.08611111111111111
1 0.5885416666666666 0.09351851851851851 0.025 0.037037037037037035
1 0.6182291666666667 0.11574074074074074 0.025 0.03148148148148148
1 0.37135416666666665 0.15185185185185185 0.030208333333333334 0.044444444444444446
1 0.25442708333333336 0.07037037037037037 0.03177083333333333 0.025925925925925925
1 0.46484375 0.06388888888888888 0.022395833333333334 0.03148148148148148
1 0.2643229166666667 0.08888888888888889 0.024479166666666666 0.037037037037037035
1 0.5546875 0.12129629629629629 0.016666666666666666 0.05
1 0.175 0.16527777777777777 0.04375 0.049074074074074076
1 0.2716145833333333 0.23703703703703705 0.04739583333333333 0.08703703703703704
1 0.47421875 0.10231481481481482 0.021354166666666667 0.030555555555555555
1 0.28098958333333335 0.175 0.021354166666666667 0.04259259259259259
1 0.34609375 0.17962962962962964 0.034895833333333334 0.024074074074074074
1 0.42213541666666665 0.07962962962962963 0.025520833333333333 0.027777777777777776
1 0.17604166666666668 0.12361111111111112 0.03854166666666667 0.03796296296296296
1 0.63515625 0.09166666666666666 0.0234375 0.027777777777777776
1 0.71796875 0.1287037037037037 0.04010416666666667 0.03888888888888889
1 0.5583333333333333 0.08472222222222223 0.025 0.03611111111111111
1 0.47291666666666665 0.0787037037037037 0.019791666666666666 0.020370370370370372
1 0.34140625 0.0712962962962963 0.0234375 0.02962962962962963
1 0.5924479166666666 0.075 0.021354166666666667 0.03518518518518519
1 0.4002604166666667 0.06296296296296296 0.0203125 0.025925925925925925
1 0.25286458333333334 0.1875 0.04635416666666667 0.07685185185185185
1 0.2747395833333333 0.2898148148148148 0.028645833333333332 0.06666666666666667
1 0.16822916666666668 0.2657407407407407 0.057291666666666664 0.06666666666666667
1 0.2869791666666667 0.24305555555555555 0.053125 0.06759259259259259
1 0.8692708333333333 0.41712962962962963 0.09791666666666667 0.14907407407407408
1 0.15755208333333334 0.23842592592592593 0.043229166666666666 0.03796296296296296
1 0.171875 0.07731481481481481 0.023958333333333335 0.023148148148148147
1 0.28515625 0.2847222222222222 0.050520833333333334 0.07685185185185185
1 0.01015625 0.5018518518518519 0.0203125 0.11296296296296296