1 0.4153645833333333 0.600925925925926 0.10677083333333333 0.1388888888888889
1 0.2265625 0.6657407407407407 0.121875 0.1685185185185185
1 0.74921875 0.8064814814814815 0.17447916666666666 0.26666666666666666
1 0.8549479166666667 0.575 0.11822916666666666 0.18888888888888888
1 0.5994791666666667 0.5393518518518519 0.09583333333333334 0.13425925925925927
1 0.63984375 0.3912037037037037 0.0828125 0.11388888888888889
1 0.1953125 0.40370370370370373 0.07916666666666666 0.10740740740740741
1 0.51328125 0.42685185185185187 0.08072916666666667 0.11666666666666667
1 0.3734375 0.4861111111111111 0.08541666666666667 0.11666666666666667
1 0.6075520833333333 0.36898148148148147 0.06197916666666667 0.09351851851851851
1 0.4859375 0.26851851851851855 0.05520833333333333 0.06851851851851852
1 0.5458333333333333 0.30648148148148147 0.06770833333333333 0.10185185185185185
1 0.3216145833333333 0.35462962962962963 0.06614583333333333 0.08703703703703704
1 0.1890625 0.3282407407407407 0.05625 0.05462962962962963
1 0.41328125 0.2828703703703704 0.05364583333333333 0.08981481481481482
1 0.6174479166666667 0.2652777777777778 0.0578125 0.08981481481481482
1 0.4395833333333333 0.22314814814814815 0.04583333333333333 0.06296296296296296
1 0.6916666666666667 0.33055555555555555 0.06875 0.09259259259259259
1 0.471875 0.3925925925925926 0.06041666666666667 0.0962962962962963
1 0.14453125 0.37037037037037035 0.0609375 0.10925925925925926
1 0.35390625 0.43796296296296294 0.08489583333333334 0.11296296296296296
1 0.9453125 0.28888888888888886 0.06354166666666666 0.09074074074074075
1 0.28020833333333334 0.27361111111111114 0.046875 0.07314814814814814
1 0.5364583333333334 0.2162037037037037 0.04375 0.06944444444444445
1 0.7645833333333333 0.25416666666666665 0.05625 0.04722222222222222
1 0.37734375 0.26342592592592595 0.0421875 0.0712962962962963
1 0.17083333333333334 0.2601851851851852 0.04479166666666667 0.06481481481481481
1 0.4125 0.20046296296296295 0.041666666666666664 0.058333333333333334
1 0.75546875 0.18611111111111112 0.033854166666666664 0.05740740740740741
1 0.7872395833333333 0.3768518518518518 0.07864583333333333 0.12222222222222222
1 0.7044270833333334 0.18194444444444444 0.0359375 0.032407407407407406
1 0.3671875 0.24027777777777778 0.042708333333333334 0.06574074074074074
1 0.7033854166666667 0.22453703703703703 0.05260416666666667 0.0787037037037037
1 0.7140625 0.4513888888888889 0.08645833333333333 0.12685185185185185
1 0.6244791666666667 0.1865740740740741 0.0375 0.041666666666666664
1 0.5208333333333334 0.13333333333333333 0.03125 0.03333333333333333
1 0.6682291666666667 0.1986111111111111 0.03854166666666667 0.04351851851851852
1 0.40677083333333336 0.12268518518518519 0.03125 0.041666666666666664
1 0.7872395833333333 0.14444444444444443 0.0265625 0.040740740740740744
1 0.3268229166666667 0.19490740740740742 0.033854166666666664 0.05462962962962963
1 0.44947916666666665 0.3458333333333333 0.07083333333333333 0.10833333333333334
1 0.6669270833333333 0.175 0.04114583333333333 0.046296296296296294
1 0.57734375 0.2388888888888889 0.049479166666666664 0.07777777777777778
1 0.2838541666666667 0.125 0.028125 0.04259259259259259
1 0.7036458333333333 0.13796296296296295 0.029166666666666667 0.046296296296296294
1 0.29583333333333334 0.13472222222222222 0.029166666666666667 0.04722222222222222
1 0.4947916666666667 0.10277777777777777 0.026041666666666668 0.03148148148148148
1 0.3106770833333333 0.3055555555555556 0.05572916666666667 0.08148148148148149
1 0.5861979166666667 0.13055555555555556 0.0265625 0.027777777777777776
1 0.3697916666666667 0.09583333333333334 0.03125 0.04537037037037037
1 0.25885416666666666 0.21944444444444444 0.05416666666666667 0.08518518518518518
1 0.6013020833333333 0.09953703703703703 0.028645833333333332 0.03796296296296296
1 0.9731770833333333 0.22824074074074074 0.05260416666666667 0.062037037037037036
1 0.596875 0.16944444444444445 0.03229166666666667 0.037037037037037035
1 0.6747395833333333 0.13842592592592592 0.028645833333333332 0.026851851851851852
1 0.5223958333333333 0.20046296296296295 0.046875 0.0787037037037037
1 0.21822916666666667 0.11296296296296296 0.035416666666666666 0.03888888888888889
1 0.40651041666666665 0.17453703703703705 0.04010416666666667 0.06388888888888888
1 0.7018229166666666 0.10740740740740741 0.0296875 0.03518518518518519
1 0.6322916666666667 0.1287037037037037 0.029166666666666667 0.046296296296296294
1 0.37864583333333335 0.1574074074074074 0.030208333333333334 0.040740740740740744
1 0.32708333333333334 0.16527777777777777 0.0375 0.041666666666666664
1 0.6895833333333333 0.15138888888888888 0.034375 0.03796296296296296
1 0.35 0.1337962962962963 0.027083333333333334 0.03796296296296296
1 0.5752604166666667 0.15925925925925927 0.03177083333333333 0.03333333333333333
1 0.5622395833333333 0.08472222222222223 0.019270833333333334 0.04351851851851852
1 0.24114583333333334 0.16111111111111112 0.036458333333333336 0.05555555555555555
1 0.6755208333333333 0.1037037037037037 0.029166666666666667 0.04259259259259259
1 0.30885416666666665 0.16018518518518518 0.028125 0.05555555555555555
1 0.45416666666666666 0.09074074074074075 0.027083333333333334 0.04259259259259259
1 0.2375 0.13472222222222222 0.0375 0.032407407407407406
1 0.18229166666666666 0.2310185185185185 0.041666666666666664 0.06018518518518518
1 0.34296875 0.07962962962962963 0.019270833333333334 0.03148148148148148
1 0.3515625 0.20879629629629629 0.04375 0.07314814814814814
1 0.21848958333333332 0.0837962962962963 0.025520833333333333 0.028703703703703703
1 0.4317708333333333 0.08657407407407407 0.01875 0.025
1 0.8033854166666666 0.18101851851851852 0.033854166666666664 0.03425925925925926
1 0.35182291666666665 0.09444444444444444 0.013020833333333334 0.03148148148148148
1 0.3984375 0.11342592592592593 0.026041666666666668 0.04351851851851852
1 0.9046875 0.20555555555555555 0.036458333333333336 0.05740740740740741
1 0.3723958333333333 0.14814814814814814 0.03125 0.04814814814814815
1 0.8151041666666666 0.23703703703703705 0.05 0.07962962962962963
1 0.3307291666666667 0.11574074074074074 0.023958333333333335 0.040740740740740744
1 0.26510416666666664 0.09953703703703703 0.03229166666666667 0.041666666666666664
1 0.48020833333333335 0.09398148148148149 0.026041666666666668 0.03981481481481482
1 0.7596354166666667 0.1375 0.028645833333333332 0.03981481481481482
1 0.9348958333333334 0.22083333333333333 0.040625 0.062037037037037036
1 0.5216145833333333 0.09074074074074075 0.024479166666666666 0.04259259259259259
1 0.7614583333333333 0.12685185185185185 0.025 0.020370370370370372
1 0.98046875 0.17731481481481481 0.03802083333333333 0.041666666666666664
1 0.8666666666666667 0.25092592592592594 0.065625 0.09814814814814815
1 0.309375 0.0962962962962963 0.025 0.037037037037037035
1 0.48463541666666665 0.07037037037037037 0.033854166666666664 0.03333333333333333
1 0.18203125 0.18472222222222223 0.034895833333333334 0.041666666666666664
1 0.16927083333333334 0.18703703703703703 0.0375 0.03148148148148148
1 0.59921875 0.11481481481481481 0.027604166666666666 0.025925925925925925
1 0.3328125 0.12731481481481483 0.01875 0.030555555555555555
1 0.6268229166666667 0.1486111111111111 0.03177083333333333 0.03981481481481482
1 0.8768229166666667 0.23055555555555557 0.06510416666666667 0.06851851851851852
1 0.6044270833333333 0.14074074074074075 0.0234375 0.027777777777777776
1 0.53984375 0.07037037037037037 0.024479166666666666 0.03518518518518519
1 0.16875 0.20462962962962963 0.03854166666666667 0.06481481481481481
1 0.3109375 0.07222222222222222 0.023958333333333335 0.022222222222222223
1 0.2609375 0.18194444444444444 0.053125 0.05092592592592592
1 0.16979166666666667 0.13287037037037036 0.040625 0.058333333333333334
1 0.9916666666666667 0.27870370370370373 0.015625 0.07962962962962963
1 0.7666666666666667 0.1486111111111111 0.03229166666666667 0.023148148148148147