2 0.69296875 0.09722222222222222 0.05260416666666667 0.11296296296296296
2 0.6354166666666666 0.08935185185185185 0.051041666666666666 0.08796296296296297
1 0.2986979166666667 0.8166666666666667 0.15260416666666668 0.20185185185185187
1 0.8114583333333333 0.8203703703703704 0.1625 0.21296296296296297
1 0.54609375 0.5013888888888889 0.1109375 0.16574074074074074
1 0.7697916666666667 0.49907407407407406 0.103125 0.13703703703703704
1 0.70625 0.6699074074074074 0.13645833333333332 0.21574074074074073
1 0.4825520833333333 0.39166666666666666 0.0734375 0.1
1 0.8518229166666667 0.5884259259259259 0.11822916666666666 0.1675925925925926
1 0.5434895833333333 0.8662037037037037 0.16197916666666667 0.2175925925925926
1 0.95625 0.6962962962962963 0.08645833333333333 0.17592592592592593
1 0.3533854166666667 0.425 0.07552083333333333 0.1
1 0.12604166666666666 0.3912037037037037 0.07708333333333334 0.12685185185185185
1 0.20833333333333334 0.45185185185185184 0.08020833333333334 0.11481481481481481
1 0.43307291666666664 0.3277777777777778 0.06302083333333333 0.09074074074074075
1 0.6734375 0.4041666666666667 0.08541666666666667 0.13425925925925927
1 0.5401041666666667 0.3037037037037037 0.06458333333333334 0.08518518518518518
1 0.5822916666666667 0.1648148148148148 0.036458333333333336 0.040740740740740744
1 0.64375 0.28425925925925927 0.059375 0.09259259259259259
1 0.44505208333333335 0.22407407407407406 0.0421875 0.06111111111111111
1 0.5822916666666667 0.3453703703703704 0.065625 0.0962962962962963
1 0.5356770833333333 0.21203703703703702 0.04739583333333333 0.07222222222222222
1 0.40859375 0.18611111111111112 0.0390625 0.05185185185185185
1 0.30859375 0.3333333333333333 0.05677083333333333 0.08518518518518518
1 0.8880208333333334 0.22870370370370371 0.05 0.06111111111111111
1 0.4817708333333333 0.25 0.053125 0.08333333333333333
1 0.17864583333333334 0.3175925925925926 0.065625 0.07962962962962963
1 0.5145833333333333 0.2875 0.04791666666666667 0.075
1 0.8471354166666667 0.28703703703703703 0.0828125 0.07962962962962963
1 0.9309895833333334 0.24768518518518517 0.0546875 0.08055555555555556
1 0.33359375 0.3625 0.0671875 0.09166666666666666
1 0.37994791666666666 0.16898148148148148 0.03697916666666667 0.04722222222222222
1 0.7502604166666667 0.17916666666666667 0.03802083333333333 0.058333333333333334
1 0.85 0.1638888888888889 0.03229166666666667 0.04814814814814815
1 0.17239583333333333 0.21898148148148147 0.03958333333333333 0.05648148148148148
1 0.8770833333333333 0.1726851851851852 0.03958333333333333 0.049074074074074076
1 0.2640625 0.22870370370370371 0.0375 0.06296296296296296
1 0.8252604166666667 0.23472222222222222 0.04635416666666667 0.04537037037037037
1 0.64140625 0.1685185185185185 0.0359375 0.053703703703703705
1 0.346875 0.21944444444444444 0.03229166666666667 0.05925925925925926
1 0.5057291666666667 0.19490740740740742 0.040625 0.06759259259259259
1 0.5932291666666667 0.2574074074074074 0.051041666666666666 0.07407407407407407
1 0.48203125 0.17592592592592593 0.034895833333333334 0.05740740740740741
1 0.7526041666666666 0.12962962962962962 0.035416666666666666 0.053703703703703705
1 0.3729166666666667 0.2310185185185185 0.04479166666666667 0.07685185185185185
1 0.7877604166666666 0.2537037037037037 0.05572916666666667 0.05185185185185185
1 0.6544270833333333 0.1375 0.0328125 0.03796296296296296
1 0.46953125 0.16296296296296298 0.0390625 0.06296296296296296
1 0.95234375 0.3587962962962963 0.07760416666666667 0.09166666666666666
1 0.6859375 0.21203703703703702 0.040625 0.04814814814814815
1 0.659375 0.19490740740740742 0.03958333333333333 0.041666666666666664
1 0.5848958333333333 0.13564814814814816 0.035416666666666666 0.05277777777777778
1 0.39609375 0.274537037037037 0.05364583333333333 0.08981481481481482
1 0.33645833333333336 0.11805555555555555 0.025 0.03981481481481482
1 0.9598958333333333 0.2875 0.059375 0.06018518518518518
1 0.37578125 0.10185185185185185 0.03177083333333333 0.04259259259259259
1 0.7026041666666667 0.15138888888888888 0.034375 0.041666666666666664
1 0.30416666666666664 0.15046296296296297 0.03229166666666667 0.05462962962962963
1 0.7989583333333333 0.15833333333333333 0.028125 0.02962962962962963
1 0.41171875 0.30787037037037035 0.04635416666666667 0.07685185185185185
1 0.45755208333333336 0.10138888888888889 0.025520833333333333 0.028703703703703703
1 0.18255208333333334 0.14629629629629629 0.04010416666666667 0.04814814814814815
1 0.1765625 0.27314814814814814 0.058333333333333334 0.05740740740740741
1 0.1890625 0.10277777777777777 0.023958333333333335 0.03148148148148148
1 0.7252604166666666 0.23935185185185184 0.04635416666666667 0.058333333333333334
1 0.35625 0.1361111111111111 0.028125 0.04259259259259259
1 0.2908854166666667 0.2828703703703704 0.05364583333333333 0.075
1 0.7278645833333334 0.11574074074074074 0.0265625 0.04259259259259259
1 0.48203125 0.09722222222222222 0.025520833333333333 0.037037037037037035
1 0.34375 0.20324074074074075 0.0375 0.058333333333333334
1 0.17838541666666666 0.19814814814814816 0.04010416666666667 0.05555555555555555
1 0.5611979166666666 0.10416666666666667 0.03177083333333333 0.05092592592592592
1 0.6713541666666667 0.1712962962962963 0.036458333333333336 0.03333333333333333
1 0.27708333333333335 0.11435185185185186 0.030208333333333334 0.03611111111111111
1 0.16119791666666666 0.11805555555555555 0.0390625 0.05277777777777778
1 0.32864583333333336 0.17731481481481481 0.0375 0.06574074074074074
1 0.3140625 0.10092592592592593 0.022916666666666665 0.03333333333333333
1 0.590625 0.10648148148148148 0.027083333333333334 0.02962962962962963
1 0.7026041666666667 0.1824074074074074 0.036458333333333336 0.053703703703703705
1 0.5268229166666667 0.11712962962962963 0.018229166666666668 0.03425925925925926
1 0.6575520833333334 0.10601851851851851 0.022395833333333334 0.026851851851851852
1 0.16770833333333332 0.08287037037037037 0.03125 0.028703703703703703
1 0.25338541666666664 0.20046296296296295 0.043229166666666666 0.04722222222222222
1 0.2838541666666667 0.26064814814814813 0.04791666666666667 0.049074074074074076
1 0.8044270833333333 0.19953703703703704 0.0359375 0.05648148148148148
1 0.22864583333333333 0.11712962962962963 0.034375 0.03611111111111111
1 0.31145833333333334 0.16620370370370371 0.019791666666666666 0.04722222222222222
1 0.49609375 0.1175925925925926 0.0296875 0.03148148148148148
1 0.7598958333333333 0.22268518518518518 0.025 0.06574074074074074
1 0.9895833333333334 0.32037037037037036 0.019791666666666666 0.10185185185185185
1 0.25052083333333336 0.17222222222222222 0.04791666666666667 0.04814814814814815