3 0.95625 0.6476851851851851 0.08645833333333333 0.3509259259259259
2 0.8385416666666666 0.13796296296296295 0.06875 0.15
2 0.7348958333333333 0.11388888888888889 0.06458333333333334 0.11481481481481481
1 0.7963541666666667 0.5435185185185185 0.10729166666666666 0.12962962962962962
1 0.228125 0.8912037037037037 0.15729166666666666 0.19166666666666668
1 0.7080729166666667 0.6958333333333333 0.13385416666666666 0.1787037037037037
1 0.47421875 0.7125 0.1328125 0.17685185185185184
1 0.7723958333333333 0.39305555555555555 0.078125 0.10648148148148148
1 0.8825520833333333 0.6393518518518518 0.0765625 0.16203703703703703
1 0.66484375 0.4203703703703704 0.08072916666666667 0.11296296296296296
1 0.8627604166666667 0.2638888888888889 0.058854166666666666 0.07037037037037037
1 0.91796875 0.324537037037037 0.0703125 0.06944444444444445
1 0.65546875 0.600462962962963 0.10364583333333334 0.15462962962962962
1 0.41796875 0.5995370370370371 0.14427083333333332 0.20833333333333334
1 0.7736979166666667 0.2550925925925926 0.0578125 0.05092592592592592
1 0.18411458333333333 0.35138888888888886 0.0640625 0.09351851851851851
1 0.72421875 0.3388888888888889 0.07239583333333334 0.10555555555555556
1 0.309375 0.9703703703703703 0.134375 0.05740740740740741
1 0.58046875 0.35462962962962963 0.07135416666666666 0.09444444444444444
1 0.51796875 0.30277777777777776 0.0515625 0.08333333333333333
1 0.4109375 0.29305555555555557 0.065625 0.10092592592592593
1 0.7234375 0.19768518518518519 0.04583333333333333 0.075
1 0.2872395833333333 0.27037037037037037 0.0484375 0.06481481481481481
1 0.59921875 0.17453703703703705 0.03802083333333333 0.03981481481481482
1 0.9794270833333333 0.3680555555555556 0.04010416666666667 0.09907407407407408
1 0.453125 0.3578703703703704 0.06875 0.11574074074074074
1 0.6427083333333333 0.1675925925925926 0.03854166666666667 0.04814814814814815
1 0.33489583333333334 0.36527777777777776 0.07395833333333333 0.09351851851851851
1 0.23411458333333332 0.7018518518518518 0.1140625 0.17962962962962964
1 0.4713541666666667 0.17222222222222222 0.030208333333333334 0.046296296296296294
1 0.47552083333333334 0.3990740740740741 0.06770833333333333 0.10555555555555556
1 0.5510416666666667 0.32222222222222224 0.06145833333333333 0.09444444444444444
1 0.8213541666666667 0.23981481481481481 0.046875 0.06851851851851852
1 0.37578125 0.16527777777777777 0.030729166666666665 0.04722222222222222
1 0.9450520833333333 0.2875 0.06302083333333333 0.08425925925925926
1 0.42942708333333335 0.20694444444444443 0.0484375 0.06388888888888888
1 0.37916666666666665 0.2550925925925926 0.042708333333333334 0.06944444444444445
1 0.3614583333333333 0.22546296296296298 0.04375 0.06759259259259259
1 0.19661458333333334 0.27870370370370373 0.049479166666666664 0.07222222222222222
1 0.7005208333333334 0.15925925925925927 0.0375 0.05925925925925926
1 0.8838541666666667 0.16805555555555557 0.03125 0.06574074074074074
1 0.9825520833333333 0.2611111111111111 0.033854166666666664 0.06851851851851852
1 0.43776041666666665 0.1476851851851852 0.034895833333333334 0.049074074074074076
1 0.171875 0.16435185185185186 0.034375 0.03981481481481482
1 0.40286458333333336 0.18009259259259258 0.0390625 0.06388888888888888
1 0.27760416666666665 0.24537037037037038 0.046875 0.06481481481481481
1 0.5559895833333334 0.1486111111111111 0.0234375 0.03796296296296296
1 0.4666666666666667 0.08703703703703704 0.029166666666666667 0.04259259259259259
1 0.23359375 0.14305555555555555 0.0390625 0.06018518518518518
1 0.3065104166666667 0.15694444444444444 0.03177083333333333 0.05648148148148148
1 0.5020833333333333 0.1884259259259259 0.03958333333333333 0.06388888888888888
1 0.2799479166666667 0.1162037037037037 0.028645833333333332 0.04722222222222222
1 0.48541666666666666 0.09907407407407408 0.026041666666666668 0.03333333333333333
1 0.34375 0.07777777777777778 0.025 0.03333333333333333
1 0.3578125 0.13935185185185187 0.030208333333333334 0.04351851851851852
1 0.47682291666666665 0.2537037037037037 0.05260416666666667 0.08703703703703704
1 0.5098958333333333 0.45092592592592595 0.10208333333333333 0.16111111111111112
1 0.31979166666666664 0.16944444444444445 0.034375 0.05925925925925926
1 0.6395833333333333 0.13240740740740742 0.026041666666666668 0.027777777777777776
1 0.4078125 0.1259259259259259 0.030208333333333334 0.040740740740740744
1 0.3390625 0.19768518518518519 0.03958333333333333 0.06759259259259259
1 0.17734375 0.19166666666666668 0.044270833333333336 0.03333333333333333
1 0.8109375 0.2023148148148148 0.042708333333333334 0.058333333333333334
1 0.42473958333333334 0.13148148148148148 0.03177083333333333 0.04259259259259259
1 0.3458333333333333 0.21712962962962962 0.025 0.05648148148148148
1 0.9216145833333333 0.2351851851851852 0.05677083333333333 0.08333333333333333
1 0.2604166666666667 0.2050925925925926 0.05 0.058333333333333334
1 0.5841145833333333 0.11018518518518519 0.0328125 0.05185185185185185
1 0.5440104166666667 0.12129629629629629 0.03177083333333333 0.03518518518518519
1 0.4278645833333333 0.07314814814814814 0.0265625 0.03518518518518519
1 0.24869791666666666 0.1685185185185185 0.03697916666666667 0.05
1 0.6736979166666667 0.14074074074074075 0.033854166666666664 0.05555555555555555
1 0.6049479166666667 0.13518518518518519 0.0328125 0.040740740740740744
1 0.33932291666666664 0.12685185185185185 0.028645833333333332 0.037037037037037035
1 0.6236979166666666 0.15138888888888888 0.028645833333333332 0.041666666666666664
1 0.5833333333333334 0.08055555555555556 0.021875 0.014814814814814815
1 0.3411458333333333 0.4074074074074074 0.07395833333333333 0.10185185185185185
1 0.5596354166666667 0.09953703703703703 0.025520833333333333 0.03981481481481482
1 0.5135416666666667 0.10648148148148148 0.030208333333333334 0.04259259259259259
1 0.6184895833333334 0.10648148148148148 0.0234375 0.03148148148148148
1 0.20416666666666666 0.5893518518518519 0.10520833333333333 0.19537037037037036
1 0.32265625 0.07453703703703704 0.0234375 0.028703703703703703
1 0.16979166666666667 0.1412037037037037 0.03125 0.03611111111111111
1 0.29609375 0.13333333333333333 0.0328125 0.05
1 0.4080729166666667 0.10555555555555556 0.028645833333333332 0.025925925925925925
1 0.1859375 0.25833333333333336 0.046875 0.06481481481481481
1 0.16666666666666666 0.10092592592592593 0.030208333333333334 0.044444444444444446
1 0.20885416666666667 0.11574074074074074 0.027083333333333334 0.040740740740740744
1 0.17604166666666668 0.21064814814814814 0.04895833333333333 0.0712962962962963
1 0.45338541666666665 0.23055555555555557 0.04010416666666667 0.06851851851851852
1 0.74765625 0.14814814814814814 0.0390625 0.04814814814814815
1 0.18567708333333333 0.22361111111111112 0.0484375 0.04351851851851852