3 0.8794270833333333 0.2513888888888889 0.0640625 0.09537037037037037
2 0.8643229166666667 0.17083333333333334 0.08385416666666666 0.16944444444444445
2 0.90390625 0.13194444444444445 0.07552083333333333 0.15833333333333333
1 0.24036458333333333 0.8361111111111111 0.1515625 0.19814814814814816
1 0.7442708333333333 0.5064814814814815 0.10208333333333333 0.13148148148148148
1 0.054427083333333334 0.4527777777777778 0.0796875 0.10740740740740741
1 0.53671875 0.8694444444444445 0.1609375 0.22407407407407406
1 0.38697916666666665 0.5194444444444445 0.09375 0.13333333333333333
1 0.45364583333333336 0.6486111111111111 0.11770833333333333 0.1638888888888889
1 0.9684895833333333 0.19953703703703704 0.04739583333333333 0.06018518518518518
1 0.1875 0.38101851851851853 0.06770833333333333 0.09907407407407408
1 0.7489583333333333 0.21574074074074073 0.04479166666666667 0.05740740740740741
1 0.6346354166666667 0.5666666666666667 0.10677083333333333 0.17592592592592593
1 0.5497395833333333 0.3300925925925926 0.0671875 0.08611111111111111
1 0.978125 0.3087962962962963 0.042708333333333334 0.10833333333333334
1 0.6184895833333334 0.38287037037037036 0.0765625 0.10462962962962963
1 0.6705729166666666 0.18101851851851852 0.04010416666666667 0.05462962962962963
1 0.546875 0.4847222222222222 0.09166666666666666 0.12314814814814815
1 0.84453125 0.4212962962962963 0.0890625 0.12962962962962962
1 0.5046875 0.42407407407407405 0.07916666666666666 0.10925925925925926
1 0.5177083333333333 0.19907407407407407 0.042708333333333334 0.06111111111111111
1 0.9122395833333333 0.8791666666666667 0.17447916666666666 0.23981481481481481
1 0.4518229166666667 0.3388888888888889 0.0671875 0.1111111111111111
1 0.41953125 0.31157407407407406 0.0484375 0.07685185185185185
1 0.4203125 0.13472222222222222 0.022916666666666665 0.041666666666666664
1 0.39505208333333336 0.27175925925925926 0.05572916666666667 0.08796296296296297
1 0.46927083333333336 0.24814814814814815 0.042708333333333334 0.06666666666666667
1 0.9697916666666667 0.5087962962962963 0.059375 0.16944444444444445
1 0.6294270833333333 0.15925925925925927 0.0359375 0.05555555555555555
1 0.446875 0.14953703703703702 0.041666666666666664 0.06574074074074074
1 0.38333333333333336 0.1638888888888889 0.034375 0.05555555555555555
1 0.32083333333333336 0.35555555555555557 0.08229166666666667 0.13333333333333333
1 0.42864583333333334 0.2064814814814815 0.03958333333333333 0.06111111111111111
1 0.40078125 0.1935185185185185 0.034895833333333334 0.04814814814814815
1 0.4890625 0.18009259259259258 0.03854166666666667 0.062037037037037036
1 0.7026041666666667 0.13657407407407407 0.03229166666666667 0.04537037037037037
1 0.54140625 0.14351851851851852 0.0328125 0.03333333333333333
1 0.3372395833333333 0.20416666666666666 0.04739583333333333 0.058333333333333334
1 0.17630208333333333 0.18425925925925926 0.04010416666666667 0.05925925925925926
1 0.39895833333333336 0.11342592592592593 0.026041666666666668 0.03796296296296296
1 0.96640625 0.7032407407407407 0.06614583333333333 0.225
1 0.17604166666666668 0.12546296296296297 0.03229166666666667 0.03611111111111111
1 0.7567708333333333 0.17546296296296296 0.03229166666666667 0.04722222222222222
1 0.15520833333333334 0.1037037037037037 0.026041666666666668 0.044444444444444446
1 0.74609375 0.10925925925925926 0.034895833333333334 0.027777777777777776
1 0.7229166666666667 0.1685185185185185 0.03854166666666667 0.05185185185185185
1 0.55625 0.1037037037037037 0.022916666666666665 0.03518518518518519
1 0.796875 0.37407407407407406 0.08645833333333333 0.13333333333333333
1 0.6638020833333333 0.14351851851851852 0.0359375 0.053703703703703705
1 0.5953125 0.14074074074074075 0.03958333333333333 0.05925925925925926
1 0.26484375 0.22824074074074074 0.044270833333333336 0.08055555555555556
1 0.6518229166666667 0.10277777777777777 0.028645833333333332 0.02962962962962963
1 0.23125 0.11990740740740741 0.03229166666666667 0.05277777777777778
1 0.28177083333333336 0.12222222222222222 0.020833333333333332 0.040740740740740744
1 0.6390625 0.12731481481481483 0.03125 0.030555555555555555
1 0.16458333333333333 0.25046296296296294 0.06041666666666667 0.07685185185185185
1 0.6356770833333333 0.09907407407407408 0.018229166666666668 0.03148148148148148
1 0.5736979166666667 0.09212962962962963 0.0234375 0.032407407407407406
1 0.3 0.13287037037037036 0.034375 0.049074074074074076
1 0.6044270833333333 0.1037037037037037 0.024479166666666666 0.03888888888888889
1 0.3515625 0.08611111111111111 0.022916666666666665 0.03148148148148148
1 0.36380208333333336 0.14722222222222223 0.033854166666666664 0.04814814814814815
1 0.51484375 0.12407407407407407 0.03802083333333333 0.03888888888888889
1 0.48125 0.0875 0.020833333333333332 0.019444444444444445
1 0.29375 0.2865740740740741 0.05 0.09537037037037037
1 0.17161458333333332 0.08194444444444444 0.0234375 0.023148148148148147
1 0.3731770833333333 0.24537037037037038 0.04010416666666667 0.07962962962962963
1 0.33489583333333334 0.1726851851851852 0.030208333333333334 0.019444444444444445
1 0.5677083333333334 0.13287037037037036 0.014583333333333334 0.04722222222222222
1 0.16796875 0.2884259259259259 0.050520833333333334 0.0712962962962963
1 0.5033854166666667 0.26481481481481484 0.043229166666666666 0.07777777777777778
1 0.17239583333333333 0.16157407407407406 0.03958333333333333 0.05462962962962963
1 0.23515625 0.18287037037037038 0.04635416666666667 0.07314814814814814
1 0.42994791666666665 0.0875 0.024479166666666666 0.028703703703703703
1 0.603125 0.07731481481481481 0.019791666666666666 0.021296296296296296
1 0.4856770833333333 0.1111111111111111 0.022395833333333334 0.027777777777777776
1 0.31666666666666665 0.29398148148148145 0.06354166666666666 0.0787037037037037
1 0.45078125 0.22824074074074074 0.04114583333333333 0.06944444444444445
1 0.30078125 0.15833333333333333 0.034895833333333334 0.044444444444444446
1 0.40234375 0.06759259259259259 0.0203125 0.022222222222222223
1 0.23619791666666667 0.13055555555555556 0.03697916666666667 0.03333333333333333
1 0.278125 0.23425925925925925 0.05 0.06851851851851852
1 0.18177083333333333 0.3226851851851852 0.06354166666666666 0.10462962962962963
1 0.2703125 0.16944444444444445 0.03229166666666667 0.040740740740740744
1 0.52578125 0.2763888888888889 0.059895833333333336 0.09166666666666666