2 0.6549479166666666 0.35555555555555557 0.1046875 0.20555555555555555
2 0.8502604166666666 0.1375 0.07864583333333333 0.1175925925925926
2 0.78125 0.09212962962962963 0.057291666666666664 0.09166666666666666
1 0.7158854166666667 0.7314814814814815 0.1296875 0.17962962962962964
1 0.9486979166666667 0.9384259259259259 0.1015625 0.12129629629629629
1 0.5682291666666667 0.3333333333333333 0.06458333333333334 0.08518518518518518
1 0.35234375 0.4064814814814815 0.07760416666666667 0.10185185185185185
1 0.484375 0.39537037037037037 0.07395833333333333 0.10555555555555556
1 0.4434895833333333 0.6625 0.1234375 0.19722222222222222
1 0.19244791666666666 0.49583333333333335 0.0890625 0.10833333333333334
1 0.6736979166666667 0.2111111111111111 0.0484375 0.044444444444444446
1 0.20520833333333333 0.549537037037037 0.090625 0.125
1 0.40260416666666665 0.5907407407407408 0.09479166666666666 0.14629629629629629
1 0.5036458333333333 0.27870370370370373 0.052083333333333336 0.07222222222222222
1 0.5908854166666667 0.3731481481481482 0.033854166666666664 0.09259259259259259
1 0.5934895833333333 0.2574074074074074 0.0515625 0.06666666666666667
1 0.18958333333333333 0.25462962962962965 0.04791666666666667 0.07037037037037037
1 0.2791666666666667 0.2810185185185185 0.05625 0.0712962962962963
1 0.6278645833333333 0.1638888888888889 0.03697916666666667 0.05
1 0.7572916666666667 0.48518518518518516 0.11145833333333334 0.1814814814814815
1 0.47239583333333335 0.24814814814814815 0.053125 0.06851851851851852
1 0.5588541666666667 0.23425925925925925 0.052083333333333336 0.07592592592592592
1 0.33515625 0.35694444444444445 0.08385416666666666 0.12685185185185185
1 0.4671875 0.3560185185185185 0.06041666666666667 0.09351851851851851
1 0.26276041666666666 0.2064814814814815 0.03802083333333333 0.05185185185185185
1 0.7744791666666667 0.2518518518518518 0.04895833333333333 0.06296296296296296
1 0.42083333333333334 0.2953703703703704 0.06458333333333334 0.10740740740740741
1 0.80546875 0.22870370370370371 0.0359375 0.06296296296296296
1 0.35989583333333336 0.2518518518518518 0.030208333333333334 0.06481481481481481
1 0.90859375 0.2759259259259259 0.0640625 0.1
1 0.16640625 0.17037037037037037 0.0328125 0.053703703703703705
1 0.38567708333333334 0.16157407407407406 0.03802083333333333 0.05462962962962963
1 0.57109375 0.1361111111111111 0.0328125 0.046296296296296294
1 0.24557291666666667 0.16342592592592592 0.03802083333333333 0.049074074074074076
1 0.696875 0.13564814814814816 0.020833333333333332 0.04351851851851852
1 0.43828125 0.22268518518518518 0.04739583333333333 0.05462962962962963
1 0.26145833333333335 0.09722222222222222 0.022916666666666665 0.03888888888888889
1 0.7502604166666667 0.21574074074074073 0.044270833333333336 0.05740740740740741
1 0.4869791666666667 0.10092592592592593 0.019791666666666666 0.03518518518518519
1 0.18125 0.4148148148148148 0.06979166666666667 0.10925925925925926
1 0.18619791666666666 0.20324074074074075 0.04010416666666667 0.049074074074074076
1 0.3924479166666667 0.11064814814814815 0.034895833333333334 0.04537037037037037
1 0.9153645833333334 0.17546296296296296 0.0390625 0.06759259259259259
1 0.3307291666666667 0.19583333333333333 0.03333333333333333 0.05277777777777778
1 0.6119791666666666 0.15324074074074073 0.035416666666666666 0.05092592592592592
1 0.3690104166666667 0.09444444444444444 0.0265625 0.044444444444444446
1 0.7375 0.1412037037037037 0.03333333333333333 0.03796296296296296
1 0.3268229166666667 0.11203703703703703 0.034895833333333334 0.03333333333333333
1 0.2755208333333333 0.10972222222222222 0.03125 0.04537037037037037
1 0.5083333333333333 0.10555555555555556 0.029166666666666667 0.04814814814814815
1 0.35703125 0.13842592592592592 0.0328125 0.049074074074074076
1 0.28984375 0.13194444444444445 0.034895833333333334 0.04722222222222222
1 0.7838541666666666 0.1625 0.040625 0.06574074074074074
1 0.16953125 0.08101851851851852 0.025520833333333333 0.025
1 0.33932291666666664 0.12824074074074074 0.019270833333333334 0.03611111111111111
1 0.16796875 0.13935185185185187 0.033854166666666664 0.03796296296296296
1 0.3924479166666667 0.17916666666666667 0.025520833333333333 0.05462962962962963
1 0.3890625 0.25787037037037036 0.04791666666666667 0.08425925925925926
1 0.93671875 0.1865740740740741 0.0421875 0.06574074074074074
1 0.42526041666666664 0.07083333333333333 0.022395833333333334 0.030555555555555555
1 0.66640625 0.14166666666666666 0.04739583333333333 0.06296296296296296
1 0.18619791666666666 0.35833333333333334 0.07864583333333333 0.11851851851851852
1 0.38515625 0.2810185185185185 0.0296875 0.07685185185185185
1 0.23541666666666666 0.13842592592592592 0.03333333333333333 0.041666666666666664
1 0.6 0.13796296296296295 0.03229166666666667 0.06481481481481481
1 0.7520833333333333 0.1486111111111111 0.029166666666666667 0.028703703703703703
1 0.8572916666666667 0.21388888888888888 0.051041666666666666 0.07592592592592592
1 0.31276041666666665 0.15694444444444444 0.0328125 0.05648148148148148
1 0.31015625 0.09212962962962963 0.0328125 0.03425925925925926
1 0.1796875 0.17546296296296296 0.03958333333333333 0.04537037037037037
1 0.62734375 0.11898148148148148 0.0328125 0.03981481481481482
1 0.4510416666666667 0.0787037037037037 0.019791666666666666 0.03333333333333333
1 0.16510416666666666 0.11203703703703703 0.028125 0.03333333333333333
1 0.3489583333333333 0.2175925925925926 0.05 0.07407407407407407
1 0.4661458333333333 0.08472222222222223 0.01875 0.03981481481481482
1 0.6078125 0.09722222222222222 0.021875 0.016666666666666666
1 0.3302083333333333 0.1712962962962963 0.034375 0.044444444444444446
1 0.6604166666666667 0.6185185185185185 0.1125 0.14444444444444443
1 0.4140625 0.12962962962962962 0.026041666666666668 0.037037037037037035
1 0.6513020833333333 0.10231481481481482 0.0234375 0.023148148148148147
1 0.5966145833333333 0.0837962962962963 0.027604166666666666 0.030555555555555555
1 0.73203125 0.1962962962962963 0.043229166666666666 0.07407407407407407
1 0.97421875 0.1935185185185185 0.050520833333333334 0.07777777777777778
1 0.41822916666666665 0.1837962962962963 0.040625 0.062037037037037036
1 0.8411458333333334 0.19768518518518519 0.04895833333333333 0.07685185185185185
1 0.25859375 0.18472222222222223 0.0484375 0.041666666666666664