2 0.6333333333333333 0.08888888888888889 0.05 0.08703703703703704
1 0.8268229166666666 0.836574074074074 0.16614583333333333 0.2175925925925926
1 0.20625 0.4583333333333333 0.08645833333333333 0.11666666666666667
1 0.35390625 0.4300925925925926 0.07760416666666667 0.10092592592592593
1 0.7778645833333333 0.5078703703703704 0.1046875 0.1398148148148148
1 0.5513020833333333 0.5097222222222222 0.11197916666666667 0.1675925925925926
1 0.7153645833333333 0.6828703703703703 0.1390625 0.2212962962962963
1 0.86328125 0.5972222222222222 0.11927083333333334 0.17222222222222222
1 0.5565104166666667 0.8870370370370371 0.16614583333333333 0.21851851851851853
1 0.9638020833333333 0.711574074074074 0.07135416666666666 0.18425925925925926
1 0.4859375 0.3958333333333333 0.07395833333333333 0.10092592592592593
1 0.43515625 0.33101851851851855 0.06302083333333333 0.09166666666666666
1 0.1203125 0.3962962962962963 0.078125 0.12777777777777777
1 0.5432291666666667 0.3055555555555556 0.065625 0.08703703703703704
1 0.5794270833333334 0.16342592592592592 0.03697916666666667 0.03981481481481482
1 0.40963541666666664 0.18888888888888888 0.04010416666666667 0.053703703703703705
1 0.6484375 0.28703703703703703 0.06041666666666667 0.09444444444444444
1 0.4466145833333333 0.2263888888888889 0.0421875 0.062037037037037036
1 0.3098958333333333 0.33796296296296297 0.05625 0.08703703703703704
1 0.8817708333333333 0.22546296296296298 0.05 0.058333333333333334
1 0.38203125 0.16944444444444445 0.03697916666666667 0.04814814814814815
1 0.5169270833333334 0.2902777777777778 0.04739583333333333 0.07685185185185185
1 0.33541666666666664 0.36666666666666664 0.06770833333333333 0.09074074074074075
1 0.5861979166666667 0.3486111111111111 0.06614583333333333 0.09907407407407408
1 0.48385416666666664 0.25046296296296294 0.051041666666666666 0.08425925925925926
1 0.8471354166666667 0.16203703703703703 0.0328125 0.04814814814814815
1 0.2638020833333333 0.23055555555555557 0.03802083333333333 0.06296296296296296
1 0.84140625 0.28194444444444444 0.07864583333333333 0.0787037037037037
1 0.29739583333333336 0.8351851851851851 0.15729166666666666 0.20555555555555555
1 0.94296875 0.3527777777777778 0.07864583333333333 0.09259259259259259
1 0.9239583333333333 0.2449074074074074 0.05416666666666667 0.08055555555555556
1 0.37552083333333336 0.23287037037037037 0.046875 0.0787037037037037
1 0.6388020833333333 0.1675925925925926 0.0359375 0.053703703703703705
1 0.17239583333333333 0.22037037037037038 0.03958333333333333 0.05740740740740741
1 0.50859375 0.19490740740740742 0.04010416666666667 0.06388888888888888
1 0.71953125 0.23657407407407408 0.04635416666666667 0.05462962962962963
1 0.7828125 0.25046296296296294 0.05416666666666667 0.05092592592592592
1 0.8734375 0.17083333333333334 0.03958333333333333 0.049074074074074076
1 0.34869791666666666 0.22037037037037038 0.034895833333333334 0.05925925925925926
1 0.59609375 0.2587962962962963 0.0515625 0.07314814814814814
1 0.7505208333333333 0.12824074074074074 0.035416666666666666 0.05462962962962963
1 0.6518229166666667 0.13564814814814816 0.03177083333333333 0.03611111111111111
1 0.3971354166666667 0.2773148148148148 0.05364583333333333 0.08981481481481482
1 0.3372395833333333 0.11805555555555555 0.025520833333333333 0.03981481481481482
1 0.6817708333333333 0.20925925925925926 0.03958333333333333 0.046296296296296294
1 0.74609375 0.1787037037037037 0.03697916666666667 0.05740740740740741
1 0.8192708333333333 0.23148148148148148 0.04583333333333333 0.04259259259259259
1 0.9515625 0.2828703703703704 0.05625 0.05462962962962963
1 0.34661458333333334 0.08148148148148149 0.030729166666666665 0.037037037037037035
1 0.30520833333333336 0.15092592592592594 0.03333333333333333 0.053703703703703705
1 0.17942708333333332 0.3212962962962963 0.06510416666666667 0.08333333333333333
1 0.17682291666666666 0.2773148148148148 0.058854166666666666 0.06388888888888888
1 0.5380208333333333 0.21435185185185185 0.046875 0.07314814814814814
1 0.5830729166666667 0.1361111111111111 0.0359375 0.05555555555555555
1 0.7919270833333333 0.15694444444444444 0.0328125 0.030555555555555555
1 0.6994791666666667 0.18101851851851852 0.036458333333333336 0.05277777777777778
1 0.16145833333333334 0.11944444444444445 0.03958333333333333 0.05185185185185185
1 0.28567708333333336 0.2638888888888889 0.0515625 0.04814814814814815
1 0.48359375 0.1763888888888889 0.033854166666666664 0.058333333333333334
1 0.5598958333333334 0.10277777777777777 0.029166666666666667 0.05
1 0.7609375 0.17916666666666667 0.021875 0.03425925925925926
1 0.17760416666666667 0.19953703703703704 0.041666666666666664 0.05277777777777778
1 0.48098958333333336 0.09675925925925925 0.025520833333333333 0.03611111111111111
1 0.2747395833333333 0.11388888888888889 0.025520833333333333 0.03518518518518519
1 0.28411458333333334 0.11990740740740741 0.024479166666666666 0.03796296296296296
1 0.8036458333333333 0.19722222222222222 0.035416666666666666 0.05555555555555555
1 0.6552083333333333 0.19398148148148148 0.0375 0.03981481481481482
1 0.6989583333333333 0.14814814814814814 0.035416666666666666 0.037037037037037035
1 0.3299479166666667 0.18888888888888888 0.0359375 0.04259259259259259
1 0.35651041666666666 0.13703703703703704 0.027604166666666666 0.044444444444444446
1 0.45598958333333334 0.10092592592592593 0.0265625 0.027777777777777776
1 0.3450520833333333 0.20416666666666666 0.0390625 0.058333333333333334
1 0.18255208333333334 0.1476851851851852 0.03697916666666667 0.04537037037037037
1 0.49505208333333334 0.1162037037037037 0.027604166666666666 0.032407407407407406
1 0.19114583333333332 0.10416666666666667 0.021875 0.030555555555555555
1 0.17057291666666666 0.17592592592592593 0.0390625 0.06296296296296296
1 0.66953125 0.17037037037037037 0.030729166666666665 0.03518518518518519
1 0.2513020833333333 0.17314814814814813 0.049479166666666664 0.046296296296296294
1 0.6552083333333333 0.10462962962962963 0.021875 0.025925925925925925
1 0.3143229166666667 0.10138888888888889 0.022395833333333334 0.032407407407407406
1 0.23385416666666667 0.1375 0.034375 0.049074074074074076
1 0.3723958333333333 0.09074074074074075 0.022916666666666665 0.024074074074074074
1 0.5135416666666667 0.10462962962962963 0.025 0.044444444444444446
1 0.5888020833333333 0.10601851851851851 0.0265625 0.032407407407407406
1 0.28567708333333336 0.23055555555555557 0.0421875 0.02962962962962963
1 0.25625 0.08888888888888889 0.026041666666666668 0.037037037037037035
1 0.9848958333333333 0.3087962962962963 0.029166666666666667 0.08425925925925926
1 0.22838541666666667 0.11805555555555555 0.034895833333333334 0.03611111111111111
1 0.16770833333333332 0.08287037037037037 0.03229166666666667 0.028703703703703703
1 0.5255208333333333 0.11574074074074074 0.019791666666666666 0.03518518518518519
1 0.4390625 0.07824074074074074 0.017708333333333333 0.025
1 0.4669270833333333 0.062037037037037036 0.018229166666666668 0.018518518518518517
1 0.6786458333333333 0.40879629629629627 0.084375 0.13425925925925927
1 0.7252604166666666 0.11527777777777778 0.0265625 0.041666666666666664
1 0.29921875 0.1398148148148148 0.030729166666666665 0.04814814814814815
1 0.7583333333333333 0.2212962962962963 0.030208333333333334 0.06481481481481481
1 0.29244791666666664 0.28425925925925927 0.05572916666666667 0.07777777777777778
1 0.47161458333333334 0.16296296296296298 0.04114583333333333 0.06296296296296296
1 0.41380208333333335 0.3111111111111111 0.04739583333333333 0.07777777777777778
1 0.37942708333333336 0.10462962962962963 0.0265625 0.037037037037037035