2 0.95078125 0.17314814814814813 0.09739583333333333 0.16296296296296298
2 0.9408854166666667 0.4625 0.1171875 0.2064814814814815
1 0.7494791666666667 0.512962962962963 0.10104166666666667 0.12962962962962962
1 0.6270833333333333 0.5847222222222223 0.1125 0.14722222222222223
1 0.5375 0.47638888888888886 0.08333333333333333 0.11944444444444445
1 0.49296875 0.43148148148148147 0.07864583333333333 0.10185185185185185
1 0.42291666666666666 0.30972222222222223 0.06041666666666667 0.08425925925925926
1 0.19791666666666666 0.4199074074074074 0.07083333333333333 0.09537037037037037
1 0.9455729166666667 0.3337962962962963 0.07135416666666666 0.06944444444444445
1 0.029427083333333333 0.4949074074074074 0.058854166666666666 0.11388888888888889
1 0.8893229166666666 0.2689814814814815 0.05677083333333333 0.08055555555555556
1 0.48776041666666664 0.2671296296296296 0.049479166666666664 0.06944444444444445
1 0.81875 0.42268518518518516 0.08854166666666667 0.11203703703703703
1 0.453125 0.22685185185185186 0.04479166666666667 0.06296296296296296
1 0.4234375 0.20694444444444443 0.042708333333333334 0.05648148148148148
1 0.30885416666666665 0.31851851851851853 0.059375 0.08148148148148149
1 0.19401041666666666 0.37592592592592594 0.06822916666666666 0.08333333333333333
1 0.7049479166666667 0.19907407407407407 0.043229166666666666 0.05925925925925926
1 0.8140625 0.27314814814814814 0.06145833333333333 0.05
1 0.25078125 0.1763888888888889 0.0359375 0.04722222222222222
1 0.19947916666666668 0.13935185185185187 0.030208333333333334 0.03981481481481482
1 0.3924479166666667 0.2800925925925926 0.04739583333333333 0.0787037037037037
1 0.36276041666666664 0.4537037037037037 0.08385416666666666 0.13518518518518519
1 0.34270833333333334 0.42407407407407405 0.075 0.10555555555555556
1 0.2716145833333333 0.23148148148148148 0.05260416666666667 0.06296296296296296
1 0.49973958333333335 0.29259259259259257 0.030729166666666665 0.07222222222222222
1 0.4596354166666667 0.8671296296296296 0.1640625 0.262037037037037
1 0.6049479166666667 0.35833333333333334 0.08177083333333333 0.13333333333333333
1 0.6278645833333333 0.16111111111111112 0.034895833333333334 0.053703703703703705
1 0.68984375 0.18518518518518517 0.0390625 0.05740740740740741
1 0.9838541666666667 0.29444444444444445 0.03125 0.07592592592592592
1 0.16744791666666667 0.12222222222222222 0.030729166666666665 0.03333333333333333
1 0.5934895833333333 0.14953703703703702 0.033854166666666664 0.03796296296296296
1 0.44973958333333336 0.08287037037037037 0.0265625 0.03425925925925926
1 0.29765625 0.2833333333333333 0.06197916666666667 0.10185185185185185
1 0.17395833333333333 0.3236111111111111 0.05416666666666667 0.08981481481481482
1 0.49921875 0.1912037037037037 0.043229166666666666 0.06574074074074074
1 0.37838541666666664 0.24027777777777778 0.05572916666666667 0.09166666666666666
1 0.2674479166666667 0.09814814814814815 0.027604166666666666 0.040740740740740744
1 0.25442708333333336 0.08703703703703704 0.021354166666666667 0.03888888888888889
1 0.8658854166666666 0.23981481481481481 0.0703125 0.08333333333333333
1 0.6609375 0.1699074074074074 0.03854166666666667 0.06388888888888888
1 0.4036458333333333 0.18333333333333332 0.0375 0.044444444444444446
1 0.23828125 0.16018518518518518 0.0421875 0.046296296296296294
1 0.9346354166666667 0.6481481481481481 0.1296875 0.21481481481481482
1 0.36276041666666664 0.14074074074074075 0.034895833333333334 0.04814814814814815
1 0.39921875 0.12083333333333333 0.0390625 0.05092592592592592
1 0.2950520833333333 0.1375 0.0296875 0.05092592592592592
1 0.7114583333333333 0.7097222222222223 0.13645833333333332 0.225
1 0.18255208333333334 0.17731481481481481 0.0359375 0.04351851851851852
1 0.34140625 0.12361111111111112 0.028645833333333332 0.04722222222222222
1 0.5088541666666667 0.11018518518518519 0.021875 0.040740740740740744
1 0.65546875 0.11527777777777778 0.025520833333333333 0.028703703703703703
1 0.18385416666666668 0.28379629629629627 0.05 0.09537037037037037
1 0.35052083333333334 0.07962962962962963 0.022916666666666665 0.03518518518518519
1 0.3455729166666667 0.23425925925925925 0.0265625 0.06296296296296296
1 0.21432291666666667 0.10185185185185185 0.0296875 0.037037037037037035
1 0.28046875 0.11851851851851852 0.0328125 0.04259259259259259
1 0.49661458333333336 0.09583333333333334 0.025520833333333333 0.04722222222222222
1 0.8442708333333333 0.18935185185185185 0.040625 0.058333333333333334
1 0.7427083333333333 0.16944444444444445 0.04479166666666667 0.07222222222222222
1 0.4671875 0.06898148148148148 0.017708333333333333 0.032407407407407406
1 0.8854166666666666 0.17777777777777778 0.04479166666666667 0.05740740740740741
1 0.8299479166666667 0.1763888888888889 0.0390625 0.06574074074074074
1 0.47604166666666664 0.09166666666666666 0.022916666666666665 0.040740740740740744
1 0.7046875 0.12268518518518519 0.028125 0.032407407407407406
1 0.6317708333333333 0.09583333333333334 0.034375 0.03796296296296296
1 0.22864583333333333 0.11898148148148148 0.03125 0.030555555555555555
1 0.3065104166666667 0.15231481481481482 0.0328125 0.04722222222222222
1 0.3497395833333333 0.21157407407407408 0.049479166666666664 0.06574074074074074
1 0.6854166666666667 0.13935185185185187 0.0375 0.03981481481481482
1 0.390625 0.15324074074074073 0.03229166666666667 0.05462962962962963
1 0.18567708333333333 0.2111111111111111 0.04114583333333333 0.05740740740740741
1 0.52265625 0.2023148148148148 0.03802083333333333 0.041666666666666664
1 0.3221354166666667 0.18425925925925926 0.04114583333333333 0.06481481481481481