2 0.9627604166666667 0.20185185185185187 0.07239583333333334 0.19444444444444445
1 0.22604166666666667 0.7759259259259259 0.15208333333333332 0.19814814814814816
1 0.63203125 0.4050925925925926 0.08072916666666667 0.10462962962962963
1 0.7236979166666667 0.7393518518518518 0.13385416666666666 0.1824074074074074
1 0.19973958333333333 0.5893518518518519 0.10885416666666667 0.14166666666666666
1 0.409375 0.6138888888888889 0.11458333333333333 0.1537037037037037
1 0.5700520833333333 0.8967592592592593 0.1703125 0.20462962962962963
1 0.8596354166666667 0.8666666666666667 0.1640625 0.23148148148148148
1 0.9458333333333333 0.6708333333333333 0.10729166666666666 0.1712962962962963
1 0.4953125 0.2800925925925926 0.057291666666666664 0.07314814814814814
1 0.3416666666666667 0.4125 0.07395833333333333 0.10648148148148148
1 0.8473958333333333 0.25416666666666665 0.052083333333333336 0.0712962962962963
1 0.15651041666666668 0.37037037037037035 0.0640625 0.09259259259259259
1 0.47708333333333336 0.39166666666666666 0.07291666666666667 0.1
1 0.390625 0.4898148148148148 0.090625 0.12037037037037036
1 0.8807291666666667 0.44305555555555554 0.09791666666666667 0.14537037037037037
1 0.55 0.31805555555555554 0.06354166666666666 0.08796296296296297
1 0.7111979166666667 0.33425925925925926 0.06927083333333334 0.10555555555555556
1 0.47630208333333335 0.17083333333333334 0.0390625 0.05277777777777778
1 0.7763020833333333 0.5120370370370371 0.10885416666666667 0.17222222222222222
1 0.52890625 0.4393518518518518 0.08489583333333334 0.1361111111111111
1 0.7432291666666667 0.2125 0.04583333333333333 0.062037037037037036
1 0.81015625 0.3787037037037037 0.09114583333333333 0.11481481481481481
1 0.446875 0.34953703703703703 0.06041666666666667 0.09166666666666666
1 0.3184895833333333 0.17777777777777778 0.0421875 0.05740740740740741
1 0.396875 0.12083333333333333 0.020833333333333332 0.03796296296296296
1 0.18854166666666666 0.3194444444444444 0.05625 0.08148148148148149
1 0.38125 0.2671296296296296 0.041666666666666664 0.06759259259259259
1 0.29973958333333334 0.30277777777777776 0.06927083333333334 0.11666666666666667
1 0.37005208333333334 0.2351851851851852 0.0484375 0.07777777777777778
1 0.98828125 0.7601851851851852 0.022395833333333334 0.17777777777777778
1 0.43802083333333336 0.21342592592592594 0.036458333333333336 0.05462962962962963
1 0.45807291666666666 0.15601851851851853 0.033854166666666664 0.05648148148148148
1 0.37994791666666666 0.10231481481481482 0.0234375 0.03425925925925926
1 0.47213541666666664 0.2375 0.0546875 0.0824074074074074
1 0.1984375 0.1648148148148148 0.042708333333333334 0.06666666666666667
1 0.5901041666666667 0.1685185185185185 0.0375 0.037037037037037035
1 0.4158854166666667 0.28703703703703703 0.05572916666666667 0.0962962962962963
1 0.4197916666666667 0.1310185185185185 0.036458333333333336 0.06018518518518518
1 0.6911458333333333 0.18564814814814815 0.041666666666666664 0.06574074074074074
1 0.37916666666666665 0.1712962962962963 0.03229166666666667 0.044444444444444446
1 0.23984375 0.16157407407407406 0.030729166666666665 0.04722222222222222
1 0.6458333333333334 0.1125 0.027083333333333334 0.03611111111111111
1 0.36171875 0.14629629629629629 0.0328125 0.05
1 0.6861979166666666 0.30324074074074076 0.06822916666666666 0.11388888888888889
1 0.66875 0.6129629629629629 0.12083333333333333 0.19814814814814816
1 0.7278645833333334 0.1685185185185185 0.03697916666666667 0.06111111111111111
1 0.68046875 0.11342592592592593 0.027604166666666666 0.03611111111111111
1 0.91171875 0.17777777777777778 0.04010416666666667 0.06296296296296296
1 0.8028645833333333 0.12916666666666668 0.04010416666666667 0.03796296296296296
1 0.6885416666666667 0.13472222222222222 0.03125 0.04722222222222222
1 0.5838541666666667 0.11574074074074074 0.03229166666666667 0.04259259259259259
1 0.39869791666666665 0.18009259259259258 0.03697916666666667 0.049074074074074076
1 0.6661458333333333 0.10601851851851851 0.019791666666666666 0.030555555555555555
1 0.2671875 0.10601851851851851 0.023958333333333335 0.03796296296296296
1 0.6994791666666667 0.14722222222222223 0.034375 0.02962962962962963
1 0.8270833333333333 0.16944444444444445 0.04479166666666667 0.06296296296296296
1 0.45338541666666665 0.09861111111111111 0.0234375 0.028703703703703703
1 0.753125 0.15231481481481482 0.027083333333333334 0.04722222222222222
1 0.35052083333333334 0.21388888888888888 0.0375 0.07407407407407407
1 0.5731770833333333 0.1310185185185185 0.028645833333333332 0.03981481481481482
1 0.6265625 0.12129629629629629 0.027083333333333334 0.024074074074074074
1 0.15755208333333334 0.09675925925925925 0.025520833333333333 0.041666666666666664
1 0.16536458333333334 0.2523148148148148 0.0421875 0.06388888888888888
1 0.28828125 0.1175925925925926 0.030729166666666665 0.03888888888888889
1 0.7815104166666667 0.18333333333333332 0.04635416666666667 0.07962962962962963
1 0.61640625 0.1527777777777778 0.025520833333333333 0.046296296296296294
1 0.8447916666666667 0.21805555555555556 0.04791666666666667 0.05092592592592592
1 0.23541666666666666 0.13703703703703704 0.03333333333333333 0.03888888888888889
1 0.64609375 0.16435185185185186 0.0453125 0.06759259259259259
1 0.34401041666666665 0.0787037037037037 0.0203125 0.03148148148148148
1 0.17526041666666667 0.11342592592592593 0.027604166666666666 0.030555555555555555
1 0.5151041666666667 0.1310185185185185 0.026041666666666668 0.032407407407407406
1 0.52578125 0.08888888888888889 0.019270833333333334 0.022222222222222223
1 0.49505208333333334 0.08101851851851852 0.024479166666666666 0.03796296296296296
1 0.60625 0.10185185185185185 0.023958333333333335 0.03333333333333333
1 0.26979166666666665 0.2023148148148148 0.04479166666666667 0.05277777777777778
1 0.259375 0.23981481481481481 0.029166666666666667 0.06481481481481481
1 0.5075520833333333 0.09768518518518518 0.0234375 0.023148148148148147
1 0.4161458333333333 0.21064814814814814 0.021875 0.041666666666666664
1 0.2752604166666667 0.1587962962962963 0.033854166666666664 0.05462962962962963
1 0.32760416666666664 0.0699074074074074 0.016666666666666666 0.021296296296296296
1 0.53203125 0.13564814814814816 0.0109375 0.026851851851851852
1 0.16692708333333334 0.20277777777777778 0.0328125 0.03333333333333333
1 0.4231770833333333 0.2 0.03697916666666667 0.06296296296296296
1 0.17057291666666666 0.0837962962962963 0.024479166666666666 0.028703703703703703
1 0.3419270833333333 0.1337962962962963 0.027604166666666666 0.03796296296296296
1 0.56015625 0.14675925925925926 0.0328125 0.041666666666666664
1 0.48489583333333336 0.11157407407407408 0.019791666666666666 0.026851851851851852
1 0.34036458333333336 0.11990740740740741 0.030729166666666665 0.03981481481481482
1 0.5526041666666667 0.09351851851851851 0.019791666666666666 0.027777777777777776
1 0.44296875 0.08055555555555556 0.0234375 0.027777777777777776
1 0.6286458333333333 0.09027777777777778 0.022916666666666665 0.03611111111111111
1 0.1796875 0.27685185185185185 0.04895833333333333 0.09074074074074075
1 0.62421875 0.16064814814814815 0.0171875 0.06018518518518518
1 0.47317708333333336 0.0875 0.021354166666666667 0.03611111111111111
1 0.21588541666666666 0.08981481481481482 0.028645833333333332 0.040740740740740744
1 0.30833333333333335 0.23287037037037037 0.028125 0.032407407407407406
1 0.41458333333333336 0.0712962962962963 0.01875 0.027777777777777776
1 0.1796875 0.21666666666666667 0.042708333333333334 0.040740740740740744
1 0.25625 0.20046296296296295 0.040625 0.0712962962962963
1 0.2760416666666667 0.25462962962962965 0.04479166666666667 0.07592592592592592