2 0.95703125 0.1685185185185185 0.08385416666666666 0.17777777777777778
2 0.7463541666666667 0.4273148148148148 0.125 0.24166666666666667
1 0.82890625 0.8324074074074074 0.15052083333333333 0.19444444444444445
1 0.5692708333333333 0.8736111111111111 0.16666666666666666 0.25092592592592594
1 0.6328125 0.3851851851851852 0.07708333333333334 0.1
1 0.9625 0.30324074074074076 0.06354166666666666 0.08796296296296297
1 0.47994791666666664 0.7606481481481482 0.1359375 0.18611111111111112
1 0.17864583333333334 0.5898148148148148 0.10625 0.12777777777777777
1 0.21692708333333333 0.6671296296296296 0.10989583333333333 0.14907407407407408
1 0.6653645833333334 0.44212962962962965 0.050520833333333334 0.11388888888888889
1 0.5359375 0.4689814814814815 0.0875 0.12314814814814815
1 0.9328125 0.9606481481481481 0.13333333333333333 0.07685185185185185
1 0.6216145833333333 0.18472222222222223 0.043229166666666666 0.03796296296296296
1 0.29635416666666664 0.3189814814814815 0.06041666666666667 0.0787037037037037
1 0.6276041666666666 0.3 0.058333333333333334 0.08148148148148149
1 0.19270833333333334 0.28194444444444444 0.053125 0.0824074074074074
1 0.50625 0.2791666666666667 0.058333333333333334 0.075
1 0.5466145833333333 0.3189814814814815 0.059895833333333336 0.08425925925925926
1 0.5174479166666667 0.41712962962962963 0.0734375 0.11018518518518519
1 0.2682291666666667 0.22592592592592592 0.041666666666666664 0.05740740740740741
1 0.3796875 0.48333333333333334 0.08854166666666667 0.12037037037037036
1 0.7317708333333334 0.2037037037037037 0.03958333333333333 0.05740740740740741
1 0.59375 0.14722222222222223 0.034375 0.046296296296296294
1 0.8776041666666666 0.6083333333333333 0.13854166666666667 0.22592592592592592
1 0.83046875 0.24305555555555555 0.05677083333333333 0.08796296296296297
1 0.5984375 0.2652777777777778 0.057291666666666664 0.08425925925925926
1 0.43645833333333334 0.33796296296296297 0.07291666666666667 0.12407407407407407
1 0.69609375 0.21851851851851853 0.044270833333333336 0.04814814814814815
1 0.18854166666666666 0.4013888888888889 0.078125 0.09722222222222222
1 0.6375 0.12916666666666668 0.03854166666666667 0.06018518518518518
1 0.39947916666666666 0.17685185185185184 0.040625 0.05740740740740741
1 0.9458333333333333 0.25 0.058333333333333334 0.07407407407407407
1 0.8921875 0.1736111111111111 0.035416666666666666 0.062037037037037036
1 0.69921875 0.12731481481481483 0.028645833333333332 0.032407407407407406
1 0.47942708333333334 0.2587962962962963 0.0453125 0.075
1 0.19036458333333334 0.4888888888888889 0.0828125 0.1259259259259259
1 0.24140625 0.14814814814814814 0.0359375 0.044444444444444446
1 0.29791666666666666 0.14583333333333334 0.03333333333333333 0.05648148148148148
1 0.26666666666666666 0.10555555555555556 0.026041666666666668 0.040740740740740744
1 0.40859375 0.12731481481481483 0.0296875 0.03796296296296296
1 0.51640625 0.11481481481481481 0.028645833333333332 0.03518518518518519
1 0.22916666666666666 0.13703703703703704 0.03333333333333333 0.040740740740740744
1 0.4627604166666667 0.2449074074074074 0.04114583333333333 0.06388888888888888
1 0.5768229166666666 0.13935185185185187 0.0296875 0.04722222222222222
1 0.3671875 0.24166666666666667 0.052083333333333336 0.08333333333333333
1 0.49244791666666665 0.09907407407407408 0.030729166666666665 0.044444444444444446
1 0.36796875 0.2833333333333333 0.03697916666666667 0.07407407407407407
1 0.41380208333333335 0.1962962962962963 0.0328125 0.05740740740740741
1 0.45078125 0.15694444444444444 0.034895833333333334 0.05648148148148148
1 0.4515625 0.08148148148148149 0.020833333333333332 0.03333333333333333
1 0.16822916666666668 0.1837962962962963 0.03229166666666667 0.06018518518518518
1 0.6658854166666667 0.12314814814814815 0.021354166666666667 0.037037037037037035
1 0.25104166666666666 0.1763888888888889 0.040625 0.05092592592592592
1 0.4674479166666667 0.09074074074074075 0.0265625 0.03333333333333333
1 0.6807291666666667 0.17592592592592593 0.03854166666666667 0.06666666666666667
1 0.7127604166666667 0.16064814814814815 0.028645833333333332 0.03425925925925926
1 0.87421875 0.16296296296296298 0.03697916666666667 0.06481481481481481
1 0.18854166666666666 0.23425925925925925 0.042708333333333334 0.06851851851851852
1 0.34010416666666665 0.19398148148148148 0.04375 0.06018518518518518
1 0.38177083333333334 0.10416666666666667 0.026041666666666668 0.049074074074074076
1 0.4049479166666667 0.28564814814814815 0.0640625 0.08611111111111111
1 0.7127604166666667 0.13564814814814816 0.025520833333333333 0.028703703703703703
1 0.36484375 0.15138888888888888 0.0390625 0.05277777777777778
1 0.33958333333333335 0.12222222222222222 0.029166666666666667 0.03518518518518519
1 0.28046875 0.11851851851851852 0.027604166666666666 0.044444444444444446
1 0.5395833333333333 0.06527777777777778 0.022916666666666665 0.032407407407407406
1 0.6015625 0.11064814814814815 0.03125 0.03981481481481482
1 0.3184895833333333 0.10046296296296296 0.0296875 0.03611111111111111
1 0.32369791666666664 0.17175925925925925 0.034895833333333334 0.06018518518518518
1 0.3450520833333333 0.21342592592592594 0.0359375 0.058333333333333334
1 0.16510416666666666 0.1162037037037037 0.027083333333333334 0.03425925925925926
1 0.39869791666666665 0.11805555555555555 0.0296875 0.04722222222222222
1 0.16875 0.1486111111111111 0.03333333333333333 0.041666666666666664
1 0.7403645833333333 0.14305555555555555 0.0359375 0.05277777777777778
1 0.6963541666666667 0.18518518518518517 0.040625 0.04259259259259259
1 0.35651041666666666 0.41944444444444445 0.09427083333333333 0.15
1 0.26458333333333334 0.20046296296296295 0.04479166666666667 0.049074074074074076
1 0.5786458333333333 0.07453703703703704 0.027083333333333334 0.021296296296296296
1 0.4388020833333333 0.2074074074074074 0.0421875 0.07407407407407407
1 0.8 0.19027777777777777 0.027083333333333334 0.06759259259259259
1 0.6252604166666667 0.1050925925925926 0.022395833333333334 0.03981481481481482
1 0.43723958333333335 0.07268518518518519 0.018229166666666668 0.030555555555555555
1 0.40963541666666664 0.3125 0.05677083333333333 0.08425925925925926
1 0.41302083333333334 0.07037037037037037 0.019791666666666666 0.022222222222222223
1 0.16744791666666667 0.08657407407407407 0.0265625 0.028703703703703703
1 0.7565104166666666 0.17407407407407408 0.033854166666666664 0.06296296296296296
1 0.4309895833333333 0.1449074074074074 0.027604166666666666 0.041666666666666664
1 0.9091145833333333 0.18009259259259258 0.019270833333333334 0.0712962962962963