2 0.7567708333333333 0.11203703703703703 0.0625 0.12407407407407407
2 0.6776041666666667 0.09537037037037037 0.051041666666666666 0.10185185185185185
1 0.60859375 0.8925925925925926 0.2234375 0.21296296296296297
1 0.8572916666666667 0.5907407407407408 0.1125 0.15555555555555556
1 0.9747395833333333 0.5449074074074074 0.049479166666666664 0.14351851851851852
1 0.94453125 0.9254629629629629 0.10989583333333333 0.14722222222222223
1 0.08958333333333333 0.4388888888888889 0.08125 0.1259259259259259
1 0.45651041666666664 0.36527777777777776 0.0828125 0.12129629629629629
1 0.4161458333333333 0.30694444444444446 0.05625 0.08055555555555556
1 0.5817708333333333 0.5287037037037037 0.10416666666666667 0.1388888888888889
1 0.71171875 0.46296296296296297 0.09427083333333333 0.12037037037037036
1 0.39296875 0.5467592592592593 0.09635416666666667 0.13425925925925927
1 0.3098958333333333 0.3277777777777778 0.057291666666666664 0.07777777777777778
1 0.36796875 0.49027777777777776 0.0984375 0.12314814814814815
1 0.9794270833333333 0.20324074074074075 0.04010416666666667 0.05648148148148148
1 0.475 0.24537037037037038 0.053125 0.07222222222222222
1 0.6057291666666667 0.3712962962962963 0.06979166666666667 0.1037037037037037
1 0.65625 0.6439814814814815 0.14479166666666668 0.2324074074074074
1 0.40286458333333336 0.18703703703703703 0.03802083333333333 0.04814814814814815
1 0.6489583333333333 0.412962962962963 0.08229166666666667 0.12037037037037036
1 0.5213541666666667 0.20555555555555555 0.03958333333333333 0.05740740740740741
1 0.4783854166666667 0.17314814814814813 0.04010416666666667 0.06296296296296296
1 0.92890625 0.28379629629629627 0.06197916666666667 0.0712962962962963
1 0.5575520833333333 0.30833333333333335 0.06614583333333333 0.10555555555555556
1 0.72265625 0.19814814814814816 0.04114583333333333 0.06296296296296296
1 0.37942708333333336 0.26296296296296295 0.05364583333333333 0.07962962962962963
1 0.20625 0.3416666666666667 0.058333333333333334 0.09074074074074075
1 0.5380208333333333 0.4587962962962963 0.09479166666666666 0.14722222222222223
1 0.5611979166666666 0.22268518518518518 0.04739583333333333 0.07314814814814814
1 0.8783854166666667 0.3037037037037037 0.0640625 0.06296296296296296
1 0.37916666666666665 0.15833333333333333 0.035416666666666666 0.05
1 0.5791666666666667 0.1375 0.03333333333333333 0.041666666666666664
1 0.19921875 0.12731481481481483 0.027604166666666666 0.04537037037037037
1 0.8557291666666667 0.2023148148148148 0.046875 0.03796296296296296
1 0.22864583333333333 0.8731481481481481 0.15520833333333334 0.2518518518518518
1 0.32135416666666666 0.17962962962962964 0.03229166666666667 0.06296296296296296
1 0.9046875 0.45092592592592595 0.09479166666666666 0.13518518518518519
1 0.9453125 0.19212962962962962 0.03958333333333333 0.05462962962962963
1 0.64921875 0.16435185185185186 0.0390625 0.06388888888888888
1 0.5130208333333334 0.27314814814814814 0.05 0.07962962962962963
1 0.96484375 0.35138888888888886 0.06927083333333334 0.09537037037037037
1 0.7236979166666667 0.1675925925925926 0.0421875 0.04814814814814815
1 0.34036458333333336 0.19583333333333333 0.03697916666666667 0.06574074074074074
1 0.25677083333333334 0.1935185185185185 0.034375 0.05555555555555555
1 0.4947916666666667 0.11990740740740741 0.029166666666666667 0.032407407407407406
1 0.19296875 0.29907407407407405 0.05677083333333333 0.0962962962962963
1 0.36015625 0.08935185185185185 0.024479166666666666 0.032407407407407406
1 0.4505208333333333 0.2351851851851852 0.03229166666666667 0.06481481481481481
1 0.35572916666666665 0.1425925925925926 0.03229166666666667 0.040740740740740744
1 0.2986979166666667 0.287962962962963 0.05572916666666667 0.07592592592592592
1 0.2786458333333333 0.26666666666666666 0.04583333333333333 0.07222222222222222
1 0.5403645833333334 0.1398148148148148 0.033854166666666664 0.03518518518518519
1 0.17083333333333334 0.1412037037037037 0.03958333333333333 0.03611111111111111
1 0.5635416666666667 0.1259259259259259 0.025 0.03888888888888889
1 0.3065104166666667 0.14351851851851852 0.03802083333333333 0.044444444444444446
1 0.8549479166666667 0.24583333333333332 0.0515625 0.06574074074074074
1 0.45807291666666666 0.15231481481481482 0.034895833333333334 0.04351851851851852
1 0.5135416666666667 0.10740740740740741 0.025 0.037037037037037035
1 0.2903645833333333 0.12824074074074074 0.028645833333333332 0.04722222222222222
1 0.9046875 0.2050925925925926 0.04375 0.06388888888888888
1 0.6674479166666667 0.2037037037037037 0.0421875 0.046296296296296294
1 0.44244791666666666 0.07546296296296297 0.024479166666666666 0.03796296296296296
1 0.43333333333333335 0.13796296296296295 0.03229166666666667 0.05925925925925926
1 0.640625 0.13194444444444445 0.036458333333333336 0.05277777777777778
1 0.17708333333333334 0.2611111111111111 0.051041666666666666 0.07037037037037037
1 0.1703125 0.1884259259259259 0.035416666666666666 0.05092592592592592
1 0.26979166666666665 0.2337962962962963 0.04479166666666667 0.06759259259259259
1 0.7703125 0.24861111111111112 0.046875 0.049074074074074076
1 0.36666666666666664 0.2273148148148148 0.04375 0.07685185185185185
1 0.7065104166666667 0.11296296296296296 0.0328125 0.05185185185185185
1 0.52421875 0.06435185185185185 0.027604166666666666 0.026851851851851852
1 0.29348958333333336 0.9685185185185186 0.14635416666666667 0.06111111111111111
1 0.30078125 0.08796296296296297 0.0203125 0.02962962962962963
1 0.35130208333333335 0.08101851851851852 0.022395833333333334 0.030555555555555555
1 0.809375 0.1449074074074074 0.03958333333333333 0.06018518518518518
1 0.2265625 0.1111111111111111 0.029166666666666667 0.03888888888888889
1 0.8002604166666667 0.1787037037037037 0.030729166666666665 0.037037037037037035
1 0.24348958333333334 0.16018518518518518 0.044270833333333336 0.06666666666666667
1 0.48541666666666666 0.09212962962962963 0.03333333333333333 0.03796296296296296
1 0.5869791666666667 0.11666666666666667 0.022916666666666665 0.037037037037037035
1 0.2518229166666667 0.07777777777777778 0.0203125 0.03148148148148148
1 0.5484375 0.08009259259259259 0.025 0.026851851851851852
1 0.7536458333333333 0.21666666666666667 0.03958333333333333 0.05925925925925926
1 0.2825520833333333 0.12037037037037036 0.0234375 0.044444444444444446
1 0.16744791666666667 0.07824074074074074 0.0328125 0.025
1 0.19166666666666668 0.08055555555555556 0.01875 0.024074074074074074
1 0.5776041666666667 0.09305555555555556 0.020833333333333332 0.026851851851851852
1 0.6442708333333333 0.09398148148148149 0.019791666666666666 0.026851851851851852
1 0.6104166666666667 0.11898148148148148 0.03125 0.05462962962962963
1 0.46041666666666664 0.08564814814814815 0.022916666666666665 0.028703703703703703
1 0.43828125 0.20833333333333334 0.043229166666666666 0.07407407407407407
1 0.80859375 0.225 0.0390625 0.03148148148148148
1 0.17473958333333334 0.22962962962962963 0.0515625 0.05555555555555555
1 0.30833333333333335 0.1 0.01875 0.03148148148148148
1 0.15703125 0.1087962962962963 0.0328125 0.05092592592592592
1 0.33125 0.07592592592592592 0.022916666666666665 0.022222222222222223
1 0.4934895833333333 0.06898148148148148 0.021354166666666667 0.017592592592592594
1 0.62734375 0.0875 0.019270833333333334 0.030555555555555555
1 0.8059895833333334 0.21157407407407408 0.03697916666666667 0.049074074074074076
1 0.8127604166666667 0.27175925925925926 0.05260416666666667 0.06388888888888888
1 0.44583333333333336 0.14444444444444443 0.03125 0.05
1 0.16692708333333334 0.15833333333333333 0.0328125 0.044444444444444446
1 0.25026041666666665 0.1310185185185185 0.0265625 0.03611111111111111
1 0.89765625 0.2300925925925926 0.04739583333333333 0.062037037037037036
1 0.24088541666666666 0.13935185185185187 0.04010416666666667 0.026851851851851852