2 0.7421875 0.11157407407407408 0.06145833333333333 0.1287037037037037
2 0.6692708333333334 0.09490740740740741 0.052083333333333336 0.10277777777777777
1 0.9208333333333333 0.649074074074074 0.12395833333333334 0.17222222222222222
1 0.05182291666666667 0.46944444444444444 0.0859375 0.13148148148148148
1 0.7533854166666667 0.49675925925925923 0.10052083333333334 0.1287037037037037
1 0.615625 0.5680555555555555 0.11770833333333333 0.14907407407407408
1 0.25 0.9157407407407407 0.171875 0.16666666666666666
1 0.4705729166666667 0.387037037037037 0.08697916666666666 0.12962962962962962
1 0.40572916666666664 0.5907407407407408 0.109375 0.14444444444444443
1 0.3182291666666667 0.34444444444444444 0.06041666666666667 0.08148148148148149
1 0.37005208333333334 0.5328703703703703 0.10364583333333334 0.13425925925925927
1 0.20833333333333334 0.3587962962962963 0.06041666666666667 0.09351851851851851
1 0.48671875 0.25416666666666665 0.05364583333333333 0.075
1 0.42630208333333336 0.32083333333333336 0.059895833333333336 0.08425925925925926
1 0.7046875 0.7129629629629629 0.16041666666666668 0.2537037037037037
1 0.6776041666666667 0.4398148148148148 0.08854166666666667 0.1259259259259259
1 0.56484375 0.49166666666666664 0.10052083333333334 0.15555555555555556
1 0.6338541666666667 0.38935185185185184 0.07916666666666666 0.11203703703703703
1 0.7002604166666667 0.9472222222222222 0.2421875 0.1037037037037037
1 0.53515625 0.2152777777777778 0.0421875 0.06018518518518518
1 0.9588541666666667 0.19722222222222222 0.04479166666666667 0.05555555555555555
1 0.4125 0.1962962962962963 0.03958333333333333 0.053703703703703705
1 0.6489583333333333 0.19537037037037036 0.040625 0.046296296296296294
1 0.48854166666666665 0.1814814814814815 0.041666666666666664 0.06296296296296296
1 0.95546875 0.4861111111111111 0.08802083333333334 0.14629629629629629
1 0.97265625 0.30462962962962964 0.05364583333333333 0.07592592592592592
1 0.5265625 0.2851851851851852 0.053125 0.08148148148148149
1 0.30442708333333335 0.3013888888888889 0.0578125 0.07685185185185185
1 0.39010416666666664 0.275 0.05625 0.07962962962962963
1 0.3848958333333333 0.1648148148148148 0.0375 0.05
1 0.9260416666666667 0.32314814814814813 0.06875 0.07777777777777778
1 0.5763020833333333 0.2351851851851852 0.0484375 0.07777777777777778
1 0.84375 0.287962962962963 0.05625 0.05925925925925926
1 0.58203125 0.32407407407407407 0.06927083333333334 0.1111111111111111
1 0.9213541666666667 0.1875 0.040625 0.05277777777777778
1 0.7458333333333333 0.2375 0.042708333333333334 0.049074074074074076
1 0.2825520833333333 0.2796296296296296 0.04635416666666667 0.07407407407407407
1 0.7041666666666667 0.19212962962962962 0.041666666666666664 0.06018518518518518
1 0.7104166666666667 0.1587962962962963 0.03958333333333333 0.041666666666666664
1 0.2591145833333333 0.20046296296296295 0.0359375 0.05462962962962963
1 0.87890625 0.1986111111111111 0.04114583333333333 0.06018518518518518
1 0.50703125 0.10601851851851851 0.024479166666666666 0.03796296296296296
1 0.5671875 0.13472222222222222 0.03333333333333333 0.041666666666666664
1 0.86875 0.2222222222222222 0.04479166666666667 0.06296296296296296
1 0.1984375 0.13194444444444445 0.027083333333333334 0.04537037037037037
1 0.3455729166666667 0.2013888888888889 0.0390625 0.06944444444444445
1 0.19010416666666666 0.31296296296296294 0.059375 0.10185185185185185
1 0.89296875 0.2689814814814815 0.0546875 0.06944444444444445
1 0.7388020833333333 0.2074074074074074 0.04739583333333333 0.05925925925925926
1 0.8322916666666667 0.19722222222222222 0.04479166666666667 0.037037037037037035
1 0.7973958333333333 0.14305555555555555 0.0375 0.058333333333333334
1 0.7833333333333333 0.2569444444444444 0.05 0.058333333333333334
1 0.4395833333333333 0.14166666666666666 0.035416666666666666 0.06111111111111111
1 0.46770833333333334 0.1597222222222222 0.034375 0.04722222222222222
1 0.36328125 0.09166666666666666 0.024479166666666666 0.03333333333333333
1 0.36953125 0.23564814814814813 0.04635416666666667 0.08055555555555556
1 0.3611979166666667 0.14722222222222223 0.034895833333333334 0.040740740740740744
1 0.48541666666666666 0.11435185185185186 0.029166666666666667 0.028703703703703703
1 0.44609375 0.2162037037037037 0.044270833333333336 0.075
1 0.3263020833333333 0.18611111111111112 0.033854166666666664 0.06481481481481481
1 0.17213541666666668 0.19490740740740742 0.03697916666666667 0.05277777777777778
1 0.634375 0.16064814814814815 0.0375 0.06018518518518518
1 0.8265625 0.2351851851851852 0.04895833333333333 0.06481481481481481
1 0.9856770833333334 0.3662037037037037 0.027604166666666666 0.09166666666666666
1 0.43854166666666666 0.07268518518518519 0.025 0.03611111111111111
1 0.7783854166666667 0.18981481481481483 0.043229166666666666 0.07222222222222222
1 0.29270833333333335 0.1337962962962963 0.029166666666666667 0.05277777777777778
1 0.33359375 0.07268518518518519 0.025520833333333333 0.028703703703703703
1 0.45260416666666664 0.15092592592592594 0.028125 0.05185185185185185
1 0.15520833333333334 0.09722222222222222 0.03333333333333333 0.020370370370370372
1 0.5260416666666666 0.13287037037037036 0.019791666666666666 0.028703703703703703
1 0.6286458333333333 0.12777777777777777 0.03333333333333333 0.053703703703703705
1 0.6002604166666666 0.11527777777777778 0.030729166666666665 0.049074074074074076
1 0.16979166666666667 0.14629629629629629 0.03958333333333333 0.03888888888888889
1 0.25338541666666664 0.08101851851851852 0.022395833333333334 0.03425925925925926
1 0.22760416666666666 0.11990740740740741 0.03229166666666667 0.049074074074074076
1 0.3515625 0.125 0.03958333333333333 0.04259259259259259
1 0.5390625 0.09305555555555556 0.029166666666666667 0.04537037037037037
1 0.17942708333333332 0.2722222222222222 0.05572916666666667 0.07037037037037037
1 0.33151041666666664 0.10787037037037037 0.0328125 0.03981481481481482
1 0.396875 0.06481481481481481 0.014583333333333334 0.020370370370370372
1 0.4778645833333333 0.0912037037037037 0.0296875 0.03981481481481482
1 0.3109375 0.15555555555555556 0.036458333333333336 0.05740740740740741
1 0.16848958333333333 0.16620370370370371 0.0359375 0.03981481481481482
1 0.4119791666666667 0.06759259259259259 0.020833333333333332 0.025925925925925925
1 0.3028645833333333 0.08981481481481482 0.022395833333333334 0.03148148148148148
1 0.275 0.24212962962962964 0.04895833333333333 0.06944444444444445
1 0.5223958333333333 0.08564814814814815 0.019791666666666666 0.03796296296296296
1 0.37604166666666666 0.26296296296296295 0.036458333333333336 0.06851851851851852
1 0.48880208333333336 0.06944444444444445 0.0203125 0.020370370370370372
1 0.24635416666666668 0.17731481481481481 0.04479166666666667 0.04722222222222222
1 0.24244791666666668 0.14537037037037037 0.044270833333333336 0.03148148148148148
1 0.6174479166666667 0.08611111111111111 0.021354166666666667 0.02962962962962963
1 0.19427083333333334 0.08287037037037037 0.021875 0.026851851851851852
1 0.7776041666666667 0.1259259259259259 0.014583333333333334 0.040740740740740744
1 0.15729166666666666 0.11990740740740741 0.03229166666666667 0.03611111111111111
1 0.69765625 0.10925925925925926 0.0328125 0.05
1 0.25390625 0.13564814814814816 0.025520833333333333 0.03611111111111111
1 0.3533854166666667 0.08287037037037037 0.022395833333333334 0.030555555555555555
1 0.47161458333333334 0.2439814814814815 0.05572916666666667 0.06759259259259259
1 0.175 0.23842592592592593 0.05416666666666667 0.05648148148148148