1 0.21223958333333334 0.6722222222222223 0.1328125 0.17407407407407408
1 0.5028645833333333 0.774074074074074 0.14739583333333334 0.19444444444444445
1 0.7502604166666667 0.7449074074074075 0.1421875 0.19722222222222222
1 0.59765625 0.9055555555555556 0.1734375 0.18703703703703703
1 0.19609375 0.5254629629629629 0.0984375 0.12685185185185185
1 0.3848958333333333 0.5486111111111112 0.10104166666666667 0.13796296296296295
1 0.7203125 0.4597222222222222 0.09895833333333333 0.15648148148148147
1 0.60078125 0.37407407407407406 0.07552083333333333 0.09814814814814815
1 0.89140625 0.2759259259259259 0.05677083333333333 0.07222222222222222
1 0.4515625 0.362962962962963 0.058333333333333334 0.09444444444444444
1 0.4778645833333333 0.26296296296296295 0.05364583333333333 0.07037037037037037
1 0.9328125 0.6578703703703703 0.13333333333333333 0.18425925925925926
1 0.65625 0.6453703703703704 0.11770833333333333 0.1574074074074074
1 0.8669270833333333 0.5921296296296297 0.11822916666666666 0.14907407407407408
1 0.17369791666666667 0.34675925925925927 0.058854166666666666 0.08611111111111111
1 0.5260416666666666 0.2972222222222222 0.06145833333333333 0.07962962962962963
1 0.3299479166666667 0.38101851851851853 0.06927083333333334 0.09907407407407408
1 0.7770833333333333 0.2263888888888889 0.04895833333333333 0.06759259259259259
1 0.8145833333333333 0.399537037037037 0.0875 0.13240740740740742
1 0.671875 0.30694444444444446 0.06354166666666666 0.09537037037037037
1 0.5028645833333333 0.40185185185185185 0.07760416666666667 0.1259259259259259
1 0.3736979166666667 0.4476851851851852 0.08177083333333333 0.11388888888888889
1 0.43072916666666666 0.32546296296296295 0.057291666666666664 0.08611111111111111
1 0.7559895833333333 0.3472222222222222 0.07864583333333333 0.10925925925925926
1 0.8890625 0.2263888888888889 0.052083333333333336 0.06944444444444445
1 0.40234375 0.27037037037037037 0.05364583333333333 0.09259259259259259
1 0.9645833333333333 0.5333333333333333 0.06979166666666667 0.1388888888888889
1 0.31276041666666665 0.1675925925925926 0.04114583333333333 0.053703703703703705
1 0.38671875 0.11435185185185186 0.018229166666666668 0.03611111111111111
1 0.4588541666666667 0.22361111111111112 0.053125 0.0787037037037037
1 0.4265625 0.20046296296296295 0.034375 0.05092592592592592
1 0.6083333333333333 0.1763888888888889 0.03958333333333333 0.03611111111111111
1 0.29296875 0.28564814814814815 0.0671875 0.10833333333333334
1 0.8598958333333333 0.17777777777777778 0.04583333333333333 0.06666666666666667
1 0.5533854166666666 0.1449074074074074 0.025520833333333333 0.03425925925925926
1 0.2359375 0.15462962962962962 0.029166666666666667 0.046296296296296294
1 0.18541666666666667 0.15787037037037038 0.041666666666666664 0.06388888888888888
1 0.59609375 0.11944444444444445 0.034895833333333334 0.044444444444444446
1 0.18723958333333332 0.2986111111111111 0.05364583333333333 0.07685185185185185
1 0.7244791666666667 0.2013888888888889 0.04375 0.06018518518518518
1 0.5768229166666666 0.15462962962962962 0.03697916666666667 0.044444444444444446
1 0.3541666666666667 0.13842592592592592 0.03125 0.049074074074074076
1 0.34088541666666666 0.20277777777777778 0.033854166666666664 0.06666666666666667
1 0.6494791666666667 0.28055555555555556 0.0625 0.1037037037037037
1 0.38723958333333336 0.16944444444444445 0.0359375 0.044444444444444446
1 0.8104166666666667 0.2037037037037037 0.040625 0.06111111111111111
1 0.7231770833333333 0.16527777777777777 0.0421875 0.04537037037037037
1 0.37265625 0.09861111111111111 0.022395833333333334 0.03425925925925926
1 0.7020833333333333 0.13842592592592592 0.030208333333333334 0.04351851851851852
1 0.41041666666666665 0.19027777777777777 0.035416666666666666 0.06018518518518518
1 0.58984375 0.1388888888888889 0.027604166666666666 0.03888888888888889
1 0.69296875 0.1162037037037037 0.027604166666666666 0.03796296296296296
1 0.36822916666666666 0.16157407407407406 0.030208333333333334 0.03981481481481482
1 0.9393229166666667 0.18518518518518517 0.044270833333333336 0.06666666666666667
1 0.16484375 0.23935185185185184 0.04010416666666667 0.062037037037037036
1 0.25338541666666664 0.19027777777777777 0.03802083333333333 0.0712962962962963
1 0.46171875 0.16018518518518518 0.03697916666666667 0.05
1 0.6713541666666667 0.17453703703703705 0.04791666666666667 0.07314814814814814
1 0.33567708333333335 0.07453703703703704 0.027604166666666666 0.030555555555555555
1 0.7708333333333334 0.14166666666666666 0.023958333333333335 0.014814814814814815
1 0.66328125 0.11944444444444445 0.0296875 0.040740740740740744
1 0.2638020833333333 0.10092592592592593 0.021354166666666667 0.03888888888888889
1 0.44973958333333336 0.14629629629629629 0.03177083333333333 0.05555555555555555
1 0.46328125 0.10324074074074074 0.0234375 0.028703703703703703
1 0.6130208333333333 0.5435185185185185 0.10625 0.17222222222222222
1 0.3619791666666667 0.22175925925925927 0.04791666666666667 0.075
1 0.6783854166666666 0.1087962962962963 0.018229166666666668 0.032407407407407406
1 0.28177083333333336 0.1175925925925926 0.034375 0.04814814814814815
1 0.33541666666666664 0.11944444444444445 0.030208333333333334 0.05
1 0.6458333333333334 0.16944444444444445 0.022916666666666665 0.05925925925925926
1 0.56171875 0.09537037037037037 0.024479166666666666 0.024074074074074074
1 0.23203125 0.13194444444444445 0.0328125 0.03796296296296296
1 0.26510416666666664 0.19444444444444445 0.042708333333333334 0.053703703703703705
1 0.6205729166666667 0.10740740740740741 0.0265625 0.03518518518518519
1 0.1765625 0.2462962962962963 0.046875 0.05555555555555555
1 0.29244791666666664 0.07824074074074074 0.022395833333333334 0.03425925925925926
1 0.4088541666666667 0.13194444444444445 0.035416666666666666 0.03981481481481482
1 0.49557291666666664 0.1175925925925926 0.0203125 0.027777777777777776
1 0.16223958333333333 0.13657407407407407 0.0234375 0.03981481481481482
1 0.15729166666666666 0.09351851851851851 0.026041666666666668 0.04259259259259259
1 0.28125 0.24027777777777778 0.06458333333333334 0.075
1 0.75859375 0.17407407407407408 0.030729166666666665 0.053703703703703705
1 0.2796875 0.14953703703703702 0.035416666666666666 0.049074074074074076
1 0.82890625 0.1449074074074074 0.04010416666666667 0.05648148148148148
1 0.6388020833333333 0.09212962962962963 0.022395833333333334 0.03611111111111111
1 0.36692708333333335 0.2518518518518518 0.04010416666666667 0.06296296296296296
1 0.21380208333333334 0.08657407407407407 0.027604166666666666 0.03981481481481482
1 0.5265625 0.1337962962962963 0.020833333333333332 0.028703703703703703
1 0.6390625 0.1587962962962963 0.034375 0.05277777777777778
1 0.16614583333333333 0.19305555555555556 0.035416666666666666 0.03611111111111111
1 0.5598958333333334 0.11574074074074074 0.029166666666666667 0.03333333333333333