2 0.628125 0.08981481481481482 0.09895833333333333 0.09444444444444444
1 0.9484375 0.6731481481481482 0.10208333333333333 0.18518518518518517
1 0.39296875 0.5393518518518519 0.09739583333333333 0.12314814814814815
1 0.21510416666666668 0.587037037037037 0.109375 0.14629629629629629
1 0.48671875 0.3939814814814815 0.07447916666666667 0.10833333333333334
1 0.9466145833333334 0.9319444444444445 0.10572916666666667 0.13425925925925927
1 0.471875 0.2537037037037037 0.053125 0.06666666666666667
1 0.18880208333333334 0.37453703703703706 0.0734375 0.09907407407407408
1 0.3619791666666667 0.44305555555555554 0.08020833333333334 0.11203703703703703
1 0.7932291666666667 0.5138888888888888 0.10729166666666666 0.1685185185185185
1 0.5580729166666667 0.48703703703703705 0.0890625 0.12222222222222222
1 0.5760416666666667 0.34074074074074073 0.059375 0.08888888888888889
1 0.6075520833333333 0.3638888888888889 0.0765625 0.10185185185185185
1 0.66875 0.4162037037037037 0.07916666666666666 0.11574074074074074
1 0.33697916666666666 0.4013888888888889 0.07083333333333333 0.10277777777777777
1 0.45286458333333335 0.362962962962963 0.05572916666666667 0.09074074074074075
1 0.59140625 0.24768518518518517 0.0546875 0.08425925925925926
1 0.65546875 0.30648148148148147 0.06302083333333333 0.08518518518518518
1 0.7390625 0.3458333333333333 0.07291666666666667 0.11203703703703703
1 0.42994791666666665 0.2111111111111111 0.044270833333333336 0.05740740740740741
1 0.18802083333333333 0.30787037037037035 0.053125 0.05092592592592592
1 0.8122395833333333 0.274537037037037 0.05572916666666667 0.05092592592592592
1 0.1703125 0.24814814814814815 0.04375 0.06296296296296296
1 0.31015625 0.32685185185185184 0.06197916666666667 0.08888888888888889
1 0.7252604166666666 0.14629629629629629 0.03177083333333333 0.04814814814814815
1 0.36692708333333335 0.24861111111111112 0.0390625 0.06574074074074074
1 0.5247395833333334 0.28888888888888886 0.0609375 0.09444444444444444
1 0.5200520833333333 0.2037037037037037 0.04114583333333333 0.06481481481481481
1 0.27291666666666664 0.2601851851851852 0.042708333333333334 0.07037037037037037
1 0.98671875 0.3143518518518518 0.025520833333333333 0.09166666666666666
1 0.6971354166666667 0.21157407407407408 0.04114583333333333 0.04351851851851852
1 0.81328125 0.15092592592592594 0.0296875 0.04259259259259259
1 0.40338541666666666 0.2662037037037037 0.0515625 0.08796296296296297
1 0.43072916666666666 0.32175925925925924 0.06354166666666666 0.10277777777777777
1 0.7338541666666667 0.22916666666666666 0.05520833333333333 0.062037037037037036
1 0.8278645833333333 0.20416666666666666 0.0484375 0.06018518518518518
1 0.2565104166666667 0.20925925925925926 0.05364583333333333 0.08333333333333333
1 0.16302083333333334 0.3458333333333333 0.05416666666666667 0.10277777777777777
1 0.5536458333333333 0.22962962962962963 0.04583333333333333 0.08333333333333333
1 0.39869791666666665 0.1162037037037037 0.0296875 0.041666666666666664
1 0.403125 0.1925925925925926 0.03958333333333333 0.05555555555555555
1 0.7325520833333333 0.18981481481481483 0.03697916666666667 0.027777777777777776
1 0.3580729166666667 0.22824074074074074 0.04010416666666667 0.062037037037037036
1 0.29244791666666664 0.13055555555555556 0.027604166666666666 0.046296296296296294
1 0.36276041666666664 0.08888888888888889 0.030729166666666665 0.040740740740740744
1 0.7848958333333333 0.13564814814814816 0.028125 0.026851851851851852
1 0.6166666666666667 0.18055555555555555 0.03229166666666667 0.040740740740740744
1 0.32265625 0.18703703703703703 0.030729166666666665 0.05185185185185185
1 0.6458333333333334 0.1587962962962963 0.034375 0.04351851851851852
1 0.665625 0.6893518518518519 0.15 0.22685185185185186
1 0.6940104166666666 0.15 0.03177083333333333 0.03333333333333333
1 0.64765625 0.19675925925925927 0.03802083333333333 0.03981481481481482
1 0.9768229166666667 0.23287037037037037 0.03697916666666667 0.06388888888888888
1 0.371875 0.15138888888888888 0.027083333333333334 0.041666666666666664
1 0.18255208333333334 0.22037037037037038 0.04010416666666667 0.05925925925925926
1 0.5359375 0.14166666666666666 0.03229166666666667 0.03518518518518519
1 0.64921875 0.13472222222222222 0.03177083333333333 0.041666666666666664
1 0.50625 0.18935185185185185 0.04479166666666667 0.075
1 0.5033854166666667 0.10555555555555556 0.0265625 0.03518518518518519
1 0.3890625 0.10648148148148148 0.026041666666666668 0.03888888888888889
1 0.26171875 0.09537037037037037 0.0296875 0.040740740740740744
1 0.7104166666666667 0.16018518518518518 0.034375 0.037037037037037035
1 0.16953125 0.12361111111111112 0.0359375 0.04537037037037037
1 0.59375 0.16527777777777777 0.03229166666666667 0.03796296296296296
1 0.8630208333333333 0.25601851851851853 0.05520833333333333 0.08425925925925926
1 0.6934895833333333 0.18888888888888888 0.0421875 0.053703703703703705
1 0.39817708333333335 0.16620370370370371 0.0390625 0.06018518518518518
1 0.7143229166666667 0.11342592592592593 0.0328125 0.041666666666666664
1 0.3390625 0.07546296296296297 0.019791666666666666 0.030555555555555555
1 0.9354166666666667 0.2013888888888889 0.046875 0.032407407407407406
1 0.34427083333333336 0.19907407407407407 0.040625 0.07037037037037037
1 0.6122395833333333 0.12037037037037036 0.028645833333333332 0.03148148148148148
1 0.23828125 0.1527777777777778 0.0359375 0.05740740740740741
1 0.3265625 0.10972222222222222 0.025 0.03796296296296296
1 0.6213541666666667 0.14814814814814814 0.025 0.027777777777777776
1 0.32057291666666665 0.16620370370370371 0.03697916666666667 0.06018518518518518
1 0.34479166666666666 0.12824074074074074 0.027083333333333334 0.03796296296296296
1 0.43802083333333336 0.09074074074074075 0.021875 0.027777777777777776
1 0.21744791666666666 0.08148148148148149 0.0265625 0.02962962962962963
1 0.46015625 0.08888888888888889 0.024479166666666666 0.03518518518518519
1 0.5734375 0.08888888888888889 0.017708333333333333 0.04259259259259259
1 0.7981770833333334 0.1935185185185185 0.0265625 0.053703703703703705
1 0.5994791666666667 0.13842592592592592 0.030208333333333334 0.030555555555555555
1 0.17942708333333332 0.16620370370370371 0.04010416666666667 0.06018518518518518
1 0.8276041666666667 0.2337962962962963 0.03854166666666667 0.049074074074074076
1 0.61796875 0.10277777777777777 0.025520833333333333 0.037037037037037035
1 0.5315104166666667 0.09398148148148149 0.024479166666666666 0.041666666666666664
1 0.27682291666666664 0.10925925925925926 0.0328125 0.037037037037037035
1 0.3046875 0.15231481481481482 0.028125 0.05648148148148148
1 0.9265625 0.24074074074074073 0.06666666666666667 0.06481481481481481
1 0.4875 0.09537037037037037 0.025 0.04259259259259259
1 0.23359375 0.1287037037037037 0.033854166666666664 0.03518518518518519
1 0.6880208333333333 0.10833333333333334 0.029166666666666667 0.046296296296296294
1 0.25416666666666665 0.1638888888888889 0.04479166666666667 0.037037037037037035
1 0.2986979166666667 0.287962962962963 0.0484375 0.07592592592592592
1 0.3072916666666667 0.09212962962962963 0.027083333333333334 0.03425925925925926
1 0.41015625 0.07037037037037037 0.019270833333333334 0.027777777777777776
1 0.16901041666666666 0.19583333333333333 0.03697916666666667 0.06574074074074074
1 0.5559895833333334 0.10416666666666667 0.022395833333333334 0.03981481481481482
1 0.7877604166666666 0.16018518518518518 0.0359375 0.03148148148148148
1 0.21276041666666667 0.1087962962962963 0.03697916666666667 0.03611111111111111
1 0.165625 0.09351851851851851 0.035416666666666666 0.05
1 0.5541666666666667 0.11851851851851852 0.019791666666666666 0.046296296296296294
1 0.0049479166666666664 0.5231481481481481 0.009895833333333333 0.1037037037037037
1 0.9919270833333333 0.23935185185185184 0.015104166666666667 0.062037037037037036