2 0.7434895833333334 0.11157407407407408 0.059895833333333336 0.1287037037037037
2 0.66953125 0.09490740740740741 0.05260416666666667 0.10277777777777777
1 0.91640625 0.6449074074074074 0.1234375 0.1712962962962963
1 0.7505208333333333 0.4935185185185185 0.1 0.12777777777777777
1 0.0546875 0.4666666666666667 0.08645833333333333 0.12962962962962962
1 0.31744791666666666 0.34305555555555556 0.059895833333333336 0.08055555555555556
1 0.6125 0.5643518518518519 0.11458333333333333 0.14537037037037037
1 0.6890625 0.9430555555555555 0.2520833333333333 0.11203703703703703
1 0.37005208333333334 0.5282407407407408 0.10364583333333334 0.13240740740740742
1 0.24791666666666667 0.9120370370370371 0.17083333333333334 0.17407407407407408
1 0.6322916666666667 0.3888888888888889 0.07916666666666666 0.1111111111111111
1 0.20833333333333334 0.3574074074074074 0.06041666666666667 0.09259259259259259
1 0.48671875 0.25277777777777777 0.0546875 0.07407407407407407
1 0.97421875 0.3050925925925926 0.050520833333333334 0.07314814814814814
1 0.65078125 0.19490740740740742 0.0421875 0.04351851851851852
1 0.67578125 0.43842592592592594 0.08802083333333334 0.125
1 0.42604166666666665 0.3194444444444444 0.059375 0.08333333333333333
1 0.7013020833333333 0.7064814814814815 0.15885416666666666 0.25
1 0.9606770833333333 0.19814814814814816 0.044270833333333336 0.05555555555555555
1 0.5627604166666667 0.4875 0.10052083333333334 0.1527777777777778
1 0.4046875 0.5879629629629629 0.11145833333333334 0.14444444444444443
1 0.46979166666666666 0.3851851851851852 0.08541666666666667 0.12962962962962962
1 0.5341145833333333 0.21435185185185185 0.043229166666666666 0.06018518518518518
1 0.3880208333333333 0.2740740740740741 0.057291666666666664 0.07962962962962963
1 0.30416666666666664 0.300462962962963 0.058333333333333334 0.07685185185185185
1 0.4875 0.18055555555555555 0.041666666666666664 0.06296296296296296
1 0.5252604166666667 0.28379629629629627 0.05364583333333333 0.0824074074074074
1 0.4114583333333333 0.19537037037037036 0.03854166666666667 0.053703703703703705
1 0.384375 0.16435185185185186 0.036458333333333336 0.05092592592592592
1 0.7481770833333333 0.23796296296296296 0.044270833333333336 0.05
1 0.92265625 0.18796296296296297 0.04010416666666667 0.053703703703703705
1 0.45989583333333334 0.24351851851851852 0.034375 0.06666666666666667
1 0.9294270833333333 0.33194444444444443 0.06822916666666666 0.09166666666666666
1 0.28229166666666666 0.27870370370370373 0.04583333333333333 0.07222222222222222
1 0.575 0.2337962962962963 0.04895833333333333 0.07685185185185185
1 0.58046875 0.32222222222222224 0.06927083333333334 0.1111111111111111
1 0.8338541666666667 0.19675925925925927 0.04375 0.03611111111111111
1 0.7057291666666666 0.1925925925925926 0.041666666666666664 0.06111111111111111
1 0.19010416666666666 0.31203703703703706 0.059375 0.1
1 0.8458333333333333 0.2884259259259259 0.057291666666666664 0.058333333333333334
1 0.73984375 0.2074074074074074 0.04635416666666667 0.05925925925925926
1 0.87109375 0.22407407407407406 0.0453125 0.06666666666666667
1 0.7838541666666666 0.25833333333333336 0.053125 0.05925925925925926
1 0.5684895833333333 0.1337962962962963 0.0328125 0.041666666666666664
1 0.9533854166666667 0.4837962962962963 0.0921875 0.14537037037037037
1 0.7104166666666667 0.1587962962962963 0.03958333333333333 0.041666666666666664
1 0.3697916666666667 0.23564814814814813 0.04583333333333333 0.08055555555555556
1 0.8799479166666667 0.19953703703703704 0.0421875 0.06018518518518518
1 0.1984375 0.1310185185185185 0.027083333333333334 0.04722222222222222
1 0.8955729166666667 0.26990740740740743 0.05364583333333333 0.06944444444444445
1 0.25833333333333336 0.2 0.03333333333333333 0.05555555555555555
1 0.3455729166666667 0.20046296296296295 0.0390625 0.06944444444444445
1 0.36302083333333335 0.09259259259259259 0.025 0.03333333333333333
1 0.4869791666666667 0.11527777777777778 0.028125 0.030555555555555555
1 0.7973958333333333 0.1425925925925926 0.03854166666666667 0.05740740740740741
1 0.44375 0.21574074074074073 0.04791666666666667 0.07222222222222222
1 0.3606770833333333 0.14675925925925926 0.033854166666666664 0.03981481481481482
1 0.828125 0.23564814814814813 0.04895833333333333 0.062037037037037036
1 0.4671875 0.15787037037037038 0.034375 0.04537037037037037
1 0.5072916666666667 0.10416666666666667 0.025 0.03796296296296296
1 0.6354166666666666 0.16018518518518518 0.03854166666666667 0.06111111111111111
1 0.17161458333333332 0.19490740740740742 0.0359375 0.05277777777777778
1 0.2747395833333333 0.24166666666666667 0.049479166666666664 0.07037037037037037
1 0.43828125 0.07407407407407407 0.025520833333333333 0.037037037037037035
1 0.5260416666666666 0.13240740740740742 0.020833333333333332 0.027777777777777776
1 0.9877604166666667 0.36898148148148147 0.0234375 0.09537037037037037
1 0.6283854166666667 0.12777777777777777 0.033854166666666664 0.05185185185185185
1 0.29296875 0.13287037037037036 0.030729166666666665 0.05277777777777778
1 0.6010416666666667 0.11527777777777778 0.030208333333333334 0.04722222222222222
1 0.17838541666666666 0.2708333333333333 0.0546875 0.0712962962962963
1 0.30963541666666666 0.15 0.03802083333333333 0.04814814814814815
1 0.7786458333333334 0.18935185185185185 0.041666666666666664 0.07314814814814814
1 0.6177083333333333 0.08564814814814815 0.021875 0.028703703703703703
1 0.22942708333333334 0.11388888888888889 0.027604166666666666 0.03888888888888889
1 0.16927083333333334 0.16620370370370371 0.035416666666666666 0.03981481481481482
1 0.33177083333333335 0.10833333333333334 0.03229166666666667 0.03888888888888889
1 0.253125 0.08055555555555556 0.021875 0.03518518518518519
1 0.16927083333333334 0.14583333333333334 0.03958333333333333 0.03796296296296296
1 0.24427083333333333 0.16527777777777777 0.04479166666666667 0.06944444444444445
1 0.4796875 0.09074074074074075 0.03333333333333333 0.03888888888888889
1 0.3528645833333333 0.12731481481481483 0.03802083333333333 0.04722222222222222
1 0.16744791666666667 0.08194444444444444 0.033854166666666664 0.030555555555555555
1 0.53984375 0.09305555555555556 0.030729166666666665 0.04351851851851852
1 0.5783854166666667 0.11435185185185186 0.021354166666666667 0.03981481481481482
1 0.303125 0.09027777777777778 0.019791666666666666 0.030555555555555555
1 0.15572916666666667 0.1125 0.03333333333333333 0.05277777777777778
1 0.19453125 0.0824074074074074 0.021354166666666667 0.025925925925925925
1 0.4395833333333333 0.1425925925925926 0.034375 0.06296296296296296
1 0.4895833333333333 0.06851851851851852 0.019791666666666666 0.018518518518518517
1 0.28515625 0.12268518518518519 0.024479166666666666 0.04722222222222222
1 0.253125 0.13425925925925927 0.023958333333333335 0.03518518518518519
1 0.4127604166666667 0.06759259259259259 0.0203125 0.024074074074074074
1 0.24166666666666667 0.1449074074074074 0.041666666666666664 0.030555555555555555
1 0.175 0.23796296296296296 0.05416666666666667 0.05740740740740741
1 0.45234375 0.15 0.028645833333333332 0.05
1 0.32578125 0.18518518518518517 0.0328125 0.06481481481481481
1 0.7778645833333333 0.1259259259259259 0.0140625 0.040740740740740744