2 0.83984375 0.1388888888888889 0.06927083333333334 0.15
2 0.7356770833333334 0.11435185185185186 0.0640625 0.11574074074074074
2 0.9536458333333333 0.6453703703703704 0.09166666666666666 0.3574074074074074
1 0.79296875 0.5416666666666666 0.10677083333333333 0.12962962962962962
1 0.22630208333333332 0.8861111111111111 0.15572916666666667 0.19074074074074074
1 0.7697916666666667 0.3912037037037037 0.078125 0.10462962962962963
1 0.878125 0.6356481481481482 0.075 0.16018518518518518
1 0.7044270833333334 0.6925925925925925 0.13177083333333334 0.17777777777777778
1 0.47317708333333336 0.7083333333333334 0.13072916666666667 0.17592592592592593
1 0.9203125 0.32592592592592595 0.071875 0.07037037037037037
1 0.6630208333333333 0.41944444444444445 0.08020833333333334 0.1111111111111111
1 0.8643229166666667 0.26481481481481484 0.058854166666666666 0.07222222222222222
1 0.57890625 0.35324074074074074 0.07135416666666666 0.09537037037037037
1 0.3078125 0.9671296296296297 0.13645833333333332 0.06388888888888888
1 0.6526041666666667 0.5962962962962963 0.103125 0.15185185185185185
1 0.41692708333333334 0.5972222222222222 0.14322916666666666 0.20925925925925926
1 0.18489583333333334 0.3509259259259259 0.06458333333333334 0.09259259259259259
1 0.7221354166666667 0.3375 0.07239583333333334 0.10462962962962963
1 0.5174479166666667 0.30092592592592593 0.050520833333333334 0.08518518518518518
1 0.7752604166666667 0.2550925925925926 0.0578125 0.05092592592592592
1 0.40989583333333335 0.2916666666666667 0.06666666666666667 0.1
1 0.2872395833333333 0.26944444444444443 0.0484375 0.06481481481481481
1 0.6002604166666666 0.17453703703703705 0.0390625 0.03981481481481482
1 0.7247395833333333 0.19907407407407407 0.0453125 0.07592592592592592
1 0.98046875 0.36944444444444446 0.03802083333333333 0.0962962962962963
1 0.50078125 0.1875 0.04010416666666667 0.06388888888888888
1 0.23072916666666668 0.6976851851851852 0.10833333333333334 0.18055555555555555
1 0.45234375 0.35694444444444445 0.06822916666666666 0.1175925925925926
1 0.64375 0.16805555555555557 0.03854166666666667 0.04722222222222222
1 0.19635416666666666 0.27824074074074073 0.05 0.0712962962962963
1 0.4708333333333333 0.17083333333333334 0.030208333333333334 0.04537037037037037
1 0.47421875 0.39814814814814814 0.0671875 0.10555555555555556
1 0.37526041666666665 0.16435185185185186 0.03177083333333333 0.04722222222222222
1 0.3609375 0.225 0.042708333333333334 0.06666666666666667
1 0.37864583333333335 0.25462962962962965 0.042708333333333334 0.06851851851851852
1 0.42864583333333334 0.20694444444444443 0.04791666666666667 0.062037037037037036
1 0.9484375 0.28888888888888886 0.0625 0.08518518518518518
1 0.88515625 0.16805555555555557 0.030729166666666665 0.06574074074074074
1 0.33515625 0.362962962962963 0.0734375 0.09259259259259259
1 0.33984375 0.4060185185185185 0.07447916666666667 0.10092592592592593
1 0.40234375 0.18009259259259258 0.04010416666666667 0.062037037037037036
1 0.17239583333333333 0.16342592592592592 0.034375 0.03796296296296296
1 0.5080729166666667 0.449537037037037 0.1015625 0.16203703703703703
1 0.35833333333333334 0.1388888888888889 0.03333333333333333 0.04259259259259259
1 0.4674479166666667 0.0875 0.027604166666666666 0.041666666666666664
1 0.553125 0.14953703703703702 0.030208333333333334 0.03981481481481482
1 0.7013020833333333 0.1597222222222222 0.03802083333333333 0.06018518518518518
1 0.48515625 0.09907407407407408 0.025520833333333333 0.03333333333333333
1 0.3067708333333333 0.1574074074074074 0.03125 0.05740740740740741
1 0.23359375 0.1439814814814815 0.0390625 0.06388888888888888
1 0.27786458333333336 0.2439814814814815 0.049479166666666664 0.06388888888888888
1 0.98359375 0.26157407407407407 0.03177083333333333 0.06759259259259259
1 0.82265625 0.23935185185185184 0.04739583333333333 0.06944444444444445
1 0.24869791666666666 0.1675925925925926 0.0359375 0.05
1 0.2796875 0.11666666666666667 0.028125 0.046296296296296294
1 0.6057291666666667 0.13518518518518519 0.03333333333333333 0.040740740740740744
1 0.31953125 0.17037037037037037 0.034895833333333334 0.05925925925925926
1 0.17786458333333333 0.19212962962962962 0.044270833333333336 0.032407407407407406
1 0.3453125 0.2175925925925926 0.026041666666666668 0.05925925925925926
1 0.584375 0.10972222222222222 0.03229166666666667 0.05277777777777778
1 0.4244791666666667 0.13055555555555556 0.03229166666666667 0.040740740740740744
1 0.33880208333333334 0.19768518518518519 0.0390625 0.06759259259259259
1 0.6401041666666667 0.13333333333333333 0.027083333333333334 0.027777777777777776
1 0.5138020833333333 0.10601851851851851 0.03177083333333333 0.04351851851851852
1 0.18515625 0.25925925925925924 0.0453125 0.06111111111111111
1 0.34401041666666665 0.0787037037037037 0.024479166666666666 0.03148148148148148
1 0.47604166666666664 0.25277777777777777 0.052083333333333336 0.08703703703703704
1 0.26067708333333334 0.20416666666666666 0.049479166666666664 0.058333333333333334
1 0.4283854166666667 0.07314814814814814 0.027604166666666666 0.03518518518518519
1 0.33958333333333335 0.12638888888888888 0.026041666666666668 0.03611111111111111
1 0.5455729166666666 0.12222222222222222 0.030729166666666665 0.03518518518518519
1 0.21744791666666666 0.08287037037037037 0.0328125 0.032407407407407406
1 0.9236979166666667 0.23657407407407408 0.05572916666666667 0.08055555555555556
1 0.17005208333333333 0.1361111111111111 0.03177083333333333 0.044444444444444446
1 0.675 0.14212962962962963 0.034375 0.05648148148148148
1 0.61875 0.10787037037037037 0.023958333333333335 0.030555555555555555
1 0.56015625 0.09953703703703703 0.025520833333333333 0.03981481481481482
1 0.81171875 0.2023148148148148 0.044270833333333336 0.058333333333333334
1 0.5481770833333334 0.3212962962962963 0.0609375 0.09259259259259259
1 0.20416666666666666 0.5856481481481481 0.10416666666666667 0.1935185185185185
1 0.29609375 0.1337962962962963 0.0328125 0.05092592592592592
1 0.52265625 0.11203703703703703 0.021354166666666667 0.046296296296296294
1 0.17630208333333333 0.2111111111111111 0.0484375 0.07037037037037037
1 0.453125 0.2300925925925926 0.03958333333333333 0.06759259259259259
1 0.4078125 0.12037037037037036 0.03125 0.05185185185185185
1 0.4421875 0.07546296296296297 0.026041666666666668 0.03611111111111111
1 0.6247395833333333 0.15185185185185185 0.028645833333333332 0.040740740740740744
1 0.20885416666666667 0.11574074074074074 0.027083333333333334 0.040740740740740744
1 0.43697916666666664 0.14814814814814814 0.035416666666666666 0.04814814814814815
1 0.18489583333333334 0.22407407407407406 0.052083333333333336 0.044444444444444446