1 0.21692708333333333 0.6060185185185185 0.11302083333333333 0.15462962962962962
1 0.39895833333333336 0.5555555555555556 0.09270833333333334 0.12962962962962962
1 0.6854166666666667 0.7180555555555556 0.15520833333333334 0.2361111111111111
1 0.9614583333333333 0.6916666666666667 0.07604166666666666 0.2037037037037037
1 0.3651041666666667 0.4546296296296296 0.08125 0.11296296296296296
1 0.5682291666666667 0.49953703703703706 0.090625 0.125
1 0.584375 0.3476851851851852 0.058333333333333334 0.08981481481481482
1 0.80859375 0.5282407407407408 0.10989583333333333 0.17314814814814813
1 0.47578125 0.2564814814814815 0.05364583333333333 0.06851851851851852
1 0.9778645833333334 0.3050925925925926 0.043229166666666666 0.09537037037037037
1 0.5979166666666667 0.2518518518518518 0.05520833333333333 0.08703703703703704
1 0.796875 0.26851851851851855 0.058333333333333334 0.05185185185185185
1 0.27447916666666666 0.26296296296296295 0.04479166666666667 0.07037037037037037
1 0.45729166666666665 0.37083333333333335 0.05625 0.09166666666666666
1 0.6166666666666667 0.37083333333333335 0.078125 0.10462962962962963
1 0.19010416666666666 0.3824074074074074 0.075 0.10185185185185185
1 0.3453125 0.41064814814814815 0.08020833333333334 0.10462962962962963
1 0.49296875 0.4013888888888889 0.07552083333333333 0.11018518518518519
1 0.68046875 0.425462962962963 0.08177083333333333 0.11944444444444445
1 0.18828125 0.31296296296296294 0.05364583333333333 0.05185185185185185
1 0.43203125 0.21481481481481482 0.0453125 0.06111111111111111
1 0.7515625 0.35324074074074074 0.07395833333333333 0.11388888888888889
1 0.66484375 0.3125 0.0640625 0.08611111111111111
1 0.1703125 0.24953703703703703 0.04375 0.06388888888888888
1 0.53046875 0.29259259259259257 0.06197916666666667 0.09814814814814815
1 0.52421875 0.20694444444444443 0.0421875 0.06759259259259259
1 0.3684895833333333 0.2523148148148148 0.0390625 0.06759259259259259
1 0.31328125 0.337037037037037 0.06302083333333333 0.08333333333333333
1 0.5598958333333334 0.22824074074074074 0.046875 0.075
1 0.7229166666666667 0.2263888888888889 0.05625 0.06388888888888888
1 0.9635416666666666 0.22916666666666666 0.041666666666666664 0.06388888888888888
1 0.40572916666666664 0.2689814814814815 0.052083333333333336 0.08796296296296297
1 0.82265625 0.1912037037037037 0.0390625 0.03796296296296296
1 0.7192708333333333 0.1449074074074074 0.03125 0.04722222222222222
1 0.4010416666666667 0.1175925925925926 0.030208333333333334 0.04259259259259259
1 0.80625 0.14953703703703702 0.028125 0.04351851851851852
1 0.40520833333333334 0.1935185185185185 0.041666666666666664 0.05740740740740741
1 0.5109375 0.1912037037037037 0.04479166666666667 0.07314814814814814
1 0.15989583333333332 0.35138888888888886 0.058333333333333334 0.10462962962962963
1 0.4356770833333333 0.32731481481481484 0.06614583333333333 0.10462962962962963
1 0.9270833333333334 0.20416666666666666 0.04375 0.041666666666666664
1 0.725 0.1884259259259259 0.0375 0.032407407407407406
1 0.7765625 0.1425925925925926 0.030208333333333334 0.04259259259259259
1 0.6114583333333333 0.17685185185185184 0.03125 0.037037037037037035
1 0.29322916666666665 0.13055555555555556 0.028125 0.046296296296296294
1 0.6893229166666667 0.20694444444444443 0.0390625 0.041666666666666664
1 0.9760416666666667 0.9578703703703704 0.046875 0.0824074074074074
1 0.26276041666666666 0.09490740740740741 0.0296875 0.03981481481481482
1 0.2557291666666667 0.21296296296296297 0.052083333333333336 0.08333333333333333
1 0.321875 0.18981481481481483 0.028125 0.05
1 0.37083333333333335 0.1537037037037037 0.03229166666666667 0.044444444444444446
1 0.6403645833333333 0.15648148148148147 0.0328125 0.04814814814814815
1 0.5953125 0.1361111111111111 0.03125 0.03148148148148148
1 0.98671875 0.23148148148148148 0.025520833333333333 0.05555555555555555
1 0.58984375 0.1638888888888889 0.0359375 0.037037037037037035
1 0.30416666666666664 0.29259259259259257 0.05520833333333333 0.07592592592592592
1 0.71015625 0.11203703703703703 0.0328125 0.040740740740740744
1 0.43515625 0.08842592592592592 0.021354166666666667 0.026851851851851852
1 0.8481770833333333 0.25046296296296294 0.05260416666666667 0.0824074074074074
1 0.1828125 0.22314814814814815 0.03958333333333333 0.05740740740740741
1 0.39140625 0.10787037037037037 0.025520833333333333 0.03981481481481482
1 0.16901041666666666 0.125 0.04010416666666667 0.04814814814814815
1 0.21822916666666667 0.08194444444444444 0.027083333333333334 0.028703703703703703
1 0.6848958333333334 0.1050925925925926 0.028125 0.041666666666666664
1 0.5010416666666667 0.10555555555555556 0.026041666666666668 0.03333333333333333
1 0.6403645833333333 0.19398148148148148 0.0390625 0.041666666666666664
1 0.6088541666666667 0.1175925925925926 0.029166666666666667 0.02962962962962963
1 0.9026041666666667 0.2657407407407407 0.06979166666666667 0.10185185185185185
1 0.3640625 0.09351851851851851 0.030208333333333334 0.044444444444444446
1 0.3463541666666667 0.1287037037037037 0.027083333333333334 0.03888888888888889
1 0.7041666666666667 0.1574074074074074 0.034375 0.040740740740740744
1 0.6138020833333333 0.1037037037037037 0.0296875 0.040740740740740744
1 0.30546875 0.15324074074074073 0.027604166666666666 0.05648148148148148
1 0.5541666666666667 0.10231481481481482 0.019791666666666666 0.03981481481481482
1 0.5291666666666667 0.09305555555555556 0.026041666666666668 0.04537037037037037
1 0.17734375 0.17824074074074073 0.043229166666666666 0.03981481481481482
1 0.5708333333333333 0.08611111111111111 0.01875 0.04259259259259259
1 0.25885416666666666 0.17453703703703705 0.053125 0.05092592592592592
1 0.234375 0.12916666666666668 0.034375 0.03611111111111111
1 0.7815104166666667 0.1837962962962963 0.04114583333333333 0.08055555555555556
1 0.33984375 0.07685185185185185 0.018229166666666668 0.02962962962962963
1 0.45807291666666666 0.08703703703703704 0.025520833333333333 0.03518518518518519
1 0.23932291666666666 0.15324074074074073 0.03697916666666667 0.06018518518518518
1 0.3268229166666667 0.10972222222222222 0.0234375 0.03796296296296296
1 0.17734375 0.15092592592592594 0.03802083333333333 0.027777777777777776
1 0.16848958333333333 0.19675925925925927 0.03697916666666667 0.06388888888888888
1 0.8153645833333333 0.23194444444444445 0.04010416666666667 0.05648148148148148
1 0.3458333333333333 0.20092592592592592 0.040625 0.07037037037037037
1 0.21588541666666666 0.10925925925925926 0.03802083333333333 0.037037037037037035
1 0.5263020833333333 0.13518518518518519 0.021354166666666667 0.025925925925925925
1 0.6169270833333333 0.14583333333333334 0.0234375 0.030555555555555555
1 0.54765625 0.06342592592592593 0.019270833333333334 0.019444444444444445
1 0.6859375 0.1837962962962963 0.041666666666666664 0.05277777777777778
1 0.4002604166666667 0.1685185185185185 0.0390625 0.06111111111111111
1 0.55234375 0.12731481481481483 0.015104166666666667 0.03611111111111111
1 0.6447916666666667 0.13518518518518519 0.030208333333333334 0.046296296296296294
1 0.32135416666666666 0.1685185185185185 0.036458333333333336 0.05925925925925926
1 0.36015625 0.2310185185185185 0.04010416666666667 0.06388888888888888
1 0.9109375 0.2412037037037037 0.065625 0.07314814814814814
1 0.4856770833333333 0.09490740740740741 0.0265625 0.04351851851851852
1 0.53125 0.13935185185185187 0.03333333333333333 0.03425925925925926
1 0.27734375 0.1111111111111111 0.0328125 0.03518518518518519