2 0.8776041666666666 0.14907407407407408 0.08125 0.13518518518518519
2 0.6114583333333333 0.3226851851851852 0.08645833333333333 0.18611111111111112
2 0.8041666666666667 0.09259259259259259 0.059375 0.0962962962962963
1 0.6333333333333333 0.6152777777777778 0.10833333333333334 0.1527777777777778
1 0.8135416666666667 0.8087962962962963 0.15625 0.20277777777777778
1 0.5341145833333333 0.30648148148148147 0.0578125 0.07777777777777778
1 0.7130208333333333 0.23425925925925925 0.053125 0.053703703703703705
1 0.5919270833333333 0.537962962962963 0.09322916666666667 0.1259259259259259
1 0.33697916666666666 0.36944444444444446 0.07083333333333333 0.09444444444444444
1 0.9338541666666667 0.6791666666666667 0.13125 0.1675925925925926
1 0.20130208333333333 0.4986111111111111 0.08177083333333333 0.10833333333333334
1 0.43776041666666665 0.3236111111111111 0.0546875 0.08796296296296297
1 0.4828125 0.25833333333333336 0.04895833333333333 0.07037037037037037
1 0.8536458333333333 0.24768518518518517 0.05520833333333333 0.06574074074074074
1 0.2716145833333333 0.262037037037037 0.0515625 0.06851851851851852
1 0.45989583333333334 0.36018518518518516 0.06770833333333333 0.0962962962962963
1 0.65234375 0.17407407407407408 0.0390625 0.053703703703703705
1 0.8231770833333333 0.27685185185185185 0.0578125 0.06851851851851852
1 0.5721354166666667 0.23935185185185184 0.0484375 0.06574074074074074
1 0.9736979166666667 0.549537037037037 0.0515625 0.14166666666666666
1 0.37421875 0.5189814814814815 0.08072916666666667 0.1287037037037037
1 0.5559895833333334 0.33796296296296297 0.033854166666666664 0.08888888888888889
1 0.45651041666666664 0.2300925925925926 0.049479166666666664 0.06018518518518518
1 0.6981770833333333 0.43287037037037035 0.0984375 0.16203703703703703
1 0.19140625 0.44675925925925924 0.08072916666666667 0.10092592592592593
1 0.25729166666666664 0.19537037037037036 0.036458333333333336 0.05
1 0.9658854166666667 0.30092592592592593 0.0671875 0.10555555555555556
1 0.4046875 0.5712962962962963 0.10625 0.1685185185185185
1 0.9760416666666667 0.9657407407407408 0.046875 0.06666666666666667
1 0.5872395833333334 0.14305555555555555 0.034895833333333334 0.05092592592592592
1 0.1875 0.2412037037037037 0.04375 0.06574074074074074
1 0.34817708333333336 0.23842592592592593 0.025520833333333333 0.06018518518518518
1 0.17838541666666666 0.37916666666666665 0.0640625 0.10277777777777777
1 0.7184895833333333 0.14305555555555555 0.0203125 0.04351851851851852
1 0.90546875 0.2300925925925926 0.0515625 0.08055555555555556
1 0.35130208333333335 0.13194444444444445 0.033854166666666664 0.04537037037037037
1 0.5369791666666667 0.21712962962962962 0.04583333333333333 0.06944444444444445
1 0.40989583333333335 0.20555555555555555 0.03854166666666667 0.03888888888888889
1 0.3377604166666667 0.20462962962962963 0.0484375 0.07037037037037037
1 0.184375 0.19675925925925927 0.03958333333333333 0.05092592592592592
1 0.62265625 0.10231481481481482 0.0234375 0.021296296296296296
1 0.28828125 0.12916666666666668 0.0296875 0.04722222222222222
1 0.6372395833333333 0.16203703703703703 0.0359375 0.053703703703703705
1 0.32083333333333336 0.3263888888888889 0.078125 0.1175925925925926
1 0.38255208333333335 0.10462962962962963 0.0328125 0.044444444444444446
1 0.3765625 0.15324074074074073 0.035416666666666666 0.05092592592592592
1 0.40703125 0.27314814814814814 0.058854166666666666 0.10185185185185185
1 0.5572916666666666 0.1300925925925926 0.025 0.03611111111111111
1 0.7911458333333333 0.22870370370370371 0.04895833333333333 0.06296296296296296
1 0.91796875 0.21388888888888888 0.05260416666666667 0.08518518518518518
1 0.7684895833333333 0.15925925925925927 0.0359375 0.06296296296296296
1 0.49765625 0.10416666666666667 0.0140625 0.03611111111111111
1 0.4036458333333333 0.17314814814814813 0.03854166666666667 0.05925925925925926
1 0.81328125 0.1712962962962963 0.04114583333333333 0.06851851851851852
1 0.3729166666666667 0.26157407407407407 0.034375 0.06944444444444445
1 0.43385416666666665 0.075 0.021875 0.03148148148148148
1 0.4348958333333333 0.19722222222222222 0.034375 0.037037037037037035
1 0.94921875 0.17453703703703705 0.03697916666666667 0.05092592592592592
1 0.7989583333333333 0.1875 0.023958333333333335 0.030555555555555555
1 0.3328125 0.12222222222222222 0.01875 0.03333333333333333
1 0.6169270833333333 0.1486111111111111 0.033854166666666664 0.06388888888888888
1 0.9703125 0.20879629629629629 0.046875 0.05092592592592592
1 0.9708333333333333 0.17685185185185184 0.041666666666666664 0.02962962962962963
1 0.271875 0.10648148148148148 0.028125 0.040740740740740744
1 0.2604166666666667 0.1712962962962963 0.03229166666666667 0.03148148148148148
1 0.36223958333333334 0.08981481481481482 0.024479166666666666 0.04259259259259259
1 0.42265625 0.13472222222222222 0.0296875 0.049074074074074076
1 0.64609375 0.12361111111111112 0.030729166666666665 0.03981481481481482
1 0.4596354166666667 0.08333333333333333 0.019270833333333334 0.03518518518518519
1 0.38125 0.1675925925925926 0.023958333333333335 0.053703703703703705
1 0.24270833333333333 0.15601851851851853 0.0375 0.04722222222222222
1 0.25885416666666666 0.09351851851851851 0.021875 0.037037037037037035
1 0.6671875 0.10694444444444444 0.025 0.023148148148148147
1 0.3046875 0.15 0.03125 0.05555555555555555
1 0.57734375 0.11064814814814815 0.022395833333333334 0.04351851851851852
1 0.16796875 0.12916666666666668 0.033854166666666664 0.03796296296296296
1 0.5169270833333334 0.10925925925925926 0.034895833333333334 0.05
1 0.31927083333333334 0.10648148148148148 0.03333333333333333 0.03333333333333333
1 0.31796875 0.16435185185185186 0.044270833333333336 0.04722222222222222
1 0.1765625 0.1884259259259259 0.034375 0.049074074074074076
1 0.40546875 0.12175925925925926 0.0265625 0.03611111111111111
1 0.3736979166666667 0.24166666666666667 0.044270833333333336 0.07777777777777778
1 0.18333333333333332 0.3277777777777778 0.07291666666666667 0.10925925925925926
1 0.9921875 0.20462962962962963 0.014583333333333334 0.07962962962962963