1 0.5106770833333333 0.8013888888888889 0.14010416666666667 0.1824074074074074
1 0.2875 0.9125 0.171875 0.17314814814814813
1 0.73203125 0.7111111111111111 0.1296875 0.17962962962962964
1 0.5268229166666667 0.30694444444444446 0.06302083333333333 0.0787037037037037
1 0.7325520833333333 0.47824074074074074 0.1015625 0.13240740740740742
1 0.34479166666666666 0.4199074074074074 0.078125 0.10462962962962963
1 0.6924479166666667 0.4449074074074074 0.07760416666666667 0.11388888888888889
1 0.5880208333333333 0.5282407407407408 0.09791666666666667 0.14166666666666666
1 0.4197916666666667 0.6180555555555556 0.11041666666666666 0.14907407407407408
1 0.7947916666666667 0.39861111111111114 0.08125 0.10833333333333334
1 0.20390625 0.487962962962963 0.0984375 0.1259259259259259
1 0.18645833333333334 0.4050925925925926 0.078125 0.09907407407407408
1 0.82265625 0.562037037037037 0.10572916666666667 0.1574074074074074
1 0.4015625 0.5425925925925926 0.10625 0.1388888888888889
1 0.4734375 0.24953703703703703 0.052083333333333336 0.06759259259259259
1 0.6091145833333333 0.3592592592592593 0.07864583333333333 0.11851851851851852
1 0.6869791666666667 0.31157407407407406 0.06666666666666667 0.10462962962962963
1 0.04088541666666667 0.4462962962962963 0.08177083333333333 0.13148148148148148
1 0.5309895833333333 0.47453703703703703 0.0859375 0.11574074074074074
1 0.40546875 0.3 0.04739583333333333 0.08148148148148149
1 0.3067708333333333 0.31342592592592594 0.06145833333333333 0.0824074074074074
1 0.91015625 0.2800925925925926 0.059895833333333336 0.0787037037037037
1 0.8322916666666667 0.24212962962962964 0.052083333333333336 0.0787037037037037
1 0.49322916666666666 0.11805555555555555 0.028125 0.03611111111111111
1 0.68828125 0.21574074074074073 0.0453125 0.046296296296296294
1 0.6419270833333334 0.2791666666666667 0.0578125 0.09351851851851851
1 0.3921875 0.2726851851851852 0.046875 0.07314814814814814
1 0.6388020833333333 0.1837962962962963 0.043229166666666666 0.049074074074074076
1 0.3958333333333333 0.17546296296296296 0.03125 0.04722222222222222
1 0.42734375 0.13657407407407407 0.0328125 0.04537037037037037
1 0.58203125 0.25 0.0515625 0.07962962962962963
1 0.3328125 0.35509259259259257 0.06458333333333334 0.08981481481481482
1 0.9307291666666667 0.475 0.09895833333333333 0.15185185185185185
1 0.43828125 0.225 0.04739583333333333 0.06296296296296296
1 0.38333333333333336 0.10694444444444444 0.03229166666666667 0.049074074074074076
1 0.6989583333333333 0.16296296296296298 0.036458333333333336 0.05
1 0.7385416666666667 0.12685185185185185 0.025 0.03518518518518519
1 0.17942708333333332 0.2912037037037037 0.0515625 0.075
1 0.2747395833333333 0.24444444444444444 0.058854166666666666 0.09444444444444444
1 0.3645833333333333 0.10138888888888889 0.014583333333333334 0.032407407407407406
1 0.34010416666666665 0.2162037037037037 0.036458333333333336 0.058333333333333334
1 0.6106770833333334 0.17314814814814813 0.030729166666666665 0.03888888888888889
1 0.5559895833333334 0.08842592592592592 0.0234375 0.026851851851851852
1 0.18177083333333333 0.25462962962962965 0.05 0.06481481481481481
1 0.9763020833333333 0.20416666666666666 0.04635416666666667 0.075
1 0.80546875 0.19768518518518519 0.0359375 0.06018518518518518
1 0.6635416666666667 0.12407407407407407 0.029166666666666667 0.040740740740740744
1 0.50234375 0.4125 0.0859375 0.13055555555555556
1 0.1625 0.0824074074074074 0.023958333333333335 0.02962962962962963
1 0.5666666666666667 0.22916666666666666 0.052083333333333336 0.08611111111111111
1 0.3841145833333333 0.1648148148148148 0.03177083333333333 0.053703703703703705
1 0.22682291666666668 0.12175925925925926 0.03177083333333333 0.03796296296296296
1 0.47265625 0.09166666666666666 0.0234375 0.027777777777777776
1 0.44479166666666664 0.325 0.06458333333333334 0.10185185185185185
1 0.83828125 0.1824074074074074 0.033854166666666664 0.05185185185185185
1 0.57890625 0.16064814814814815 0.0328125 0.03425925925925926
1 0.3463541666666667 0.1388888888888889 0.027083333333333334 0.037037037037037035
1 0.34140625 0.1837962962962963 0.04114583333333333 0.04722222222222222
1 0.7713541666666667 0.21157407407407408 0.057291666666666664 0.08611111111111111
1 0.6747395833333333 0.10555555555555556 0.025520833333333333 0.046296296296296294
1 0.5697916666666667 0.10185185185185185 0.021875 0.024074074074074074
1 0.8653645833333333 0.19212962962962962 0.030729166666666665 0.049074074074074076
1 0.7518229166666667 0.15833333333333333 0.03177083333333333 0.02962962962962963
1 0.3619791666666667 0.1476851851851852 0.03125 0.041666666666666664
1 0.634375 0.125 0.027083333333333334 0.03148148148148148
1 0.5606770833333333 0.14444444444444443 0.030729166666666665 0.03518518518518519
1 0.55390625 0.11666666666666667 0.0203125 0.027777777777777776
1 0.5119791666666667 0.1050925925925926 0.026041666666666668 0.04722222222222222
1 0.43645833333333334 0.07962962962962963 0.023958333333333335 0.03518518518518519
1 0.6130208333333333 0.14583333333333334 0.034375 0.030555555555555555
1 0.17369791666666667 0.1337962962962963 0.0359375 0.03981481481481482
1 0.29583333333333334 0.13842592592592592 0.03854166666666667 0.041666666666666664
1 0.42604166666666665 0.19444444444444445 0.04479166666666667 0.07037037037037037
1 0.90859375 0.23703703703703705 0.0546875 0.06481481481481481
1 0.596875 0.1111111111111111 0.028125 0.037037037037037035
1 0.3216145833333333 0.1037037037037037 0.027604166666666666 0.040740740740740744
1 0.321875 0.17777777777777778 0.030208333333333334 0.05740740740740741
1 0.71796875 0.1398148148148148 0.0328125 0.044444444444444446
1 0.30182291666666666 0.1486111111111111 0.0328125 0.041666666666666664
1 0.6463541666666667 0.13425925925925927 0.03229166666666667 0.03518518518518519
1 0.34296875 0.12407407407407407 0.028645833333333332 0.044444444444444446
1 0.22135416666666666 0.10462962962962963 0.03333333333333333 0.03518518518518519
1 0.28619791666666666 0.12175925925925926 0.03697916666666667 0.03425925925925926
1 0.16666666666666666 0.17037037037037037 0.029166666666666667 0.03518518518518519
1 0.41822916666666665 0.1259259259259259 0.029166666666666667 0.05
1 0.9091145833333333 0.17222222222222222 0.0515625 0.07222222222222222
1 0.725 0.20092592592592592 0.051041666666666666 0.07222222222222222
1 0.41015625 0.07685185185185185 0.0203125 0.024074074074074074
1 0.27760416666666665 0.1865740740740741 0.03333333333333333 0.025
1 0.35572916666666665 0.08611111111111111 0.021875 0.03333333333333333
1 0.6463541666666667 0.09398148148148149 0.028125 0.03611111111111111
1 0.5359375 0.13935185185185187 0.025 0.030555555555555555
1 0.36875 0.23333333333333334 0.046875 0.07962962962962963
1 0.1765625 0.2037037037037037 0.04583333333333333 0.046296296296296294
1 0.2669270833333333 0.2074074074074074 0.05260416666666667 0.06481481481481481
1 0.646875 0.1675925925925926 0.034375 0.05
1 0.8822916666666667 0.2037037037037037 0.026041666666666668 0.06111111111111111
1 0.5919270833333333 0.13287037037037036 0.028645833333333332 0.03796296296296296
1 0.25286458333333334 0.1712962962962963 0.0421875 0.053703703703703705
1 0.21119791666666668 0.08287037037037037 0.0265625 0.03425925925925926
1 0.49713541666666666 0.0787037037037037 0.022395833333333334 0.037037037037037035
1 0.17109375 0.2300925925925926 0.04114583333333333 0.0787037037037037
1 0.9015625 0.21342592592592594 0.052083333333333336 0.06944444444444445