2 0.8213541666666667 0.1337962962962963 0.06875 0.14722222222222223
2 0.7234375 0.1111111111111111 0.06666666666666667 0.11851851851851852
1 0.25416666666666665 0.9342592592592592 0.17083333333333334 0.12962962962962962
1 0.83671875 0.5800925925925926 0.11510416666666666 0.14537037037037037
1 0.7596354166666667 0.7578703703703704 0.14427083333333332 0.19537037037037036
1 0.50625 0.7736111111111111 0.140625 0.1935185185185185
1 0.8067708333333333 0.4152777777777778 0.08229166666666667 0.11203703703703703
1 0.9427083333333334 0.6884259259259259 0.09791666666666667 0.1787037037037037
1 0.6921875 0.44675925925925924 0.08541666666666667 0.1175925925925926
1 0.17682291666666666 0.36203703703703705 0.0671875 0.10555555555555556
1 0.6908854166666667 0.6486111111111111 0.11197916666666667 0.1638888888888889
1 0.5989583333333334 0.37083333333333335 0.07604166666666666 0.09907407407407408
1 0.43802083333333336 0.6449074074074074 0.15416666666666667 0.22314814814814815
1 0.8830729166666667 0.3074074074074074 0.06822916666666666 0.06481481481481481
1 0.8401041666666667 0.25324074074074077 0.057291666666666664 0.06944444444444445
1 0.33671875 0.3851851851851852 0.07760416666666667 0.09814814814814815
1 0.5880208333333333 0.16712962962962963 0.0375 0.03981481481481482
1 0.5302083333333333 0.3125 0.053125 0.08611111111111111
1 0.5114583333333333 0.19537037037037036 0.040625 0.06666666666666667
1 0.7479166666666667 0.2439814814814815 0.05520833333333333 0.049074074074074076
1 0.4901041666666667 0.41805555555555557 0.07291666666666667 0.11018518518518519
1 0.3875 0.2638888888888889 0.04895833333333333 0.07037037037037037
1 0.5333333333333333 0.4787037037037037 0.109375 0.17037037037037037
1 0.9541666666666667 0.3435185185185185 0.06458333333333334 0.08703703703703704
1 0.1984375 0.28703703703703703 0.05 0.07592592592592592
1 0.7552083333333334 0.35555555555555557 0.07708333333333334 0.10925925925925926
1 0.6299479166666667 0.16111111111111112 0.03697916666666667 0.046296296296296294
1 0.46588541666666666 0.37453703703703706 0.0703125 0.1175925925925926
1 0.7994791666666666 0.1837962962962963 0.027083333333333334 0.03425925925925926
1 0.4796875 0.17916666666666667 0.03333333333333333 0.05092592592592592
1 0.5677083333333334 0.3351851851851852 0.06770833333333333 0.0962962962962963
1 0.43723958333333335 0.21435185185185185 0.04739583333333333 0.06388888888888888
1 0.29192708333333334 0.2796296296296296 0.049479166666666664 0.06851851851851852
1 0.38046875 0.1675925925925926 0.033854166666666664 0.046296296296296294
1 0.4890625 0.26296296296296295 0.05625 0.09074074074074075
1 0.36223958333333334 0.23148148148148148 0.049479166666666664 0.06851851851851852
1 0.23880208333333333 0.7564814814814815 0.12239583333333333 0.19444444444444445
1 0.44427083333333334 0.1527777777777778 0.036458333333333336 0.05185185185185185
1 0.91640625 0.26851851851851855 0.05677083333333333 0.07037037037037037
1 0.35052083333333334 0.4287037037037037 0.07604166666666666 0.10555555555555556
1 0.5763020833333333 0.10787037037037037 0.0328125 0.05092592592592592
1 0.6875 0.15462962962962962 0.0375 0.05740740740740741
1 0.25104166666666666 0.17314814814814813 0.036458333333333336 0.05185185185185185
1 0.28020833333333334 0.2518518518518518 0.046875 0.06481481481481481
1 0.34453125 0.20185185185185187 0.043229166666666666 0.06851851851851852
1 0.17213541666666668 0.16944444444444445 0.0359375 0.040740740740740744
1 0.4125 0.12962962962962962 0.03125 0.044444444444444446
1 0.41015625 0.18518518518518517 0.0421875 0.06666666666666667
1 0.20677083333333332 0.11898148148148148 0.026041666666666668 0.03981481481481482
1 0.4627604166666667 0.23842592592592593 0.0421875 0.06944444444444445
1 0.36328125 0.14444444444444443 0.03177083333333333 0.044444444444444446
1 0.2328125 0.14675925925925926 0.036458333333333336 0.06388888888888888
1 0.47994791666666664 0.09722222222222222 0.024479166666666666 0.03148148148148148
1 0.7989583333333333 0.2300925925925926 0.04791666666666667 0.06388888888888888
1 0.8684895833333334 0.16296296296296298 0.033854166666666664 0.06111111111111111
1 0.28229166666666666 0.11851851851851852 0.026041666666666668 0.044444444444444446
1 0.6606770833333333 0.13935185185185187 0.0328125 0.05648148148148148
1 0.4278645833333333 0.07361111111111111 0.0359375 0.03611111111111111
1 0.2986979166666667 0.13657407407407407 0.0328125 0.05277777777777778
1 0.20546875 0.6328703703703704 0.11302083333333333 0.2101851851851852
1 0.32369791666666664 0.175 0.0359375 0.05925925925925926
1 0.34479166666666666 0.12962962962962962 0.030208333333333334 0.03518518518518519
1 0.62734375 0.12685185185185185 0.028645833333333332 0.027777777777777776
1 0.57734375 0.0787037037037037 0.022395833333333334 0.014814814814814815
1 0.43020833333333336 0.13518518518518519 0.03125 0.03888888888888889
1 0.34817708333333336 0.08287037037037037 0.0234375 0.030555555555555555
1 0.5395833333333333 0.14166666666666666 0.03125 0.03333333333333333
1 0.6109375 0.14629629629629629 0.029166666666666667 0.040740740740740744
1 0.6380208333333334 0.1050925925925926 0.020833333333333332 0.026851851851851852
1 0.5549479166666667 0.09861111111111111 0.022395833333333334 0.03981481481481482
1 0.5442708333333334 0.06805555555555555 0.023958333333333335 0.025
1 0.70859375 0.19074074074074074 0.044270833333333336 0.07222222222222222
1 0.9625 0.25046296296296294 0.05416666666666667 0.06574074074074074
1 0.41171875 0.10694444444444444 0.027604166666666666 0.023148148148148147
1 0.6130208333333333 0.10277777777777777 0.027083333333333334 0.02962962962962963
1 0.89296875 0.22916666666666666 0.0546875 0.075
1 0.17447916666666666 0.21805555555555556 0.04791666666666667 0.0712962962962963
1 0.16927083333333334 0.14444444444444443 0.030208333333333334 0.03148148148148148
1 0.32421875 0.07083333333333333 0.022395833333333334 0.023148148148148147
1 0.6588541666666666 0.09305555555555556 0.021875 0.019444444444444445
1 0.16692708333333334 0.10185185185185185 0.0328125 0.046296296296296294
1 0.41848958333333336 0.30462962962962964 0.06614583333333333 0.10185185185185185
1 0.309375 0.16203703703703703 0.03125 0.05740740740740741
1 0.978125 0.30185185185185187 0.042708333333333334 0.07777777777777778
1 0.240625 0.12037037037037036 0.028125 0.03518518518518519
1 0.26119791666666664 0.20925925925925926 0.04739583333333333 0.05925925925925926
1 0.5380208333333333 0.1175925925925926 0.030208333333333334 0.040740740740740744
1 0.33177083333333335 0.11527777777777778 0.036458333333333336 0.03981481481481482
1 0.6825520833333333 0.10787037037037037 0.019270833333333334 0.032407407407407406
1 0.46171875 0.08472222222222223 0.027604166666666666 0.041666666666666664
1 0.5947916666666667 0.1300925925925926 0.030208333333333334 0.03611111111111111
1 0.27109375 0.2361111111111111 0.0421875 0.06296296296296296
1 0.18828125 0.25462962962962965 0.05260416666666667 0.08703703703703704