2 0.8825520833333333 0.1550925925925926 0.0859375 0.14537037037037037
2 0.6083333333333333 0.31712962962962965 0.09270833333333334 0.1824074074074074
1 0.9106770833333333 0.6587962962962963 0.12864583333333332 0.1638888888888889
1 0.7872395833333333 0.7800925925925926 0.15052083333333333 0.19537037037037036
1 0.20130208333333333 0.4888888888888889 0.08072916666666667 0.10925925925925926
1 0.8333333333333334 0.2824074074074074 0.059375 0.06666666666666667
1 0.62109375 0.5972222222222222 0.10572916666666667 0.14814814814814814
1 0.68828125 0.4236111111111111 0.09635416666666667 0.15833333333333333
1 0.52890625 0.30324074074074076 0.058854166666666666 0.0787037037037037
1 0.3341145833333333 0.3638888888888889 0.06927083333333334 0.09259259259259259
1 0.4557291666666667 0.3541666666666667 0.065625 0.09351851851851851
1 0.9484375 0.9384259259259259 0.10208333333333333 0.12129629629629629
1 0.9627604166666667 0.5337962962962963 0.0734375 0.13796296296296295
1 0.58046875 0.5236111111111111 0.09114583333333333 0.12129629629629629
1 0.4791666666666667 0.25462962962962965 0.046875 0.07037037037037037
1 0.3984375 0.5574074074074075 0.10104166666666667 0.16296296296296298
1 0.43333333333333335 0.3199074074074074 0.05416666666666667 0.08611111111111111
1 0.6567708333333333 0.17731481481481481 0.040625 0.05462962962962963
1 0.8658854166666666 0.2523148148148148 0.05572916666666667 0.06759259259259259
1 0.1921875 0.4398148148148148 0.07916666666666666 0.1
1 0.27005208333333336 0.2587962962962963 0.0515625 0.06759259259259259
1 0.31588541666666664 0.32222222222222224 0.07447916666666667 0.11481481481481481
1 0.5502604166666667 0.3337962962962963 0.034895833333333334 0.08425925925925926
1 0.37005208333333334 0.5083333333333333 0.08072916666666667 0.1259259259259259
1 0.5671875 0.23703703703703705 0.046875 0.06481481481481481
1 0.9721354166666667 0.30694444444444446 0.0546875 0.10462962962962963
1 0.7208333333333333 0.23472222222222222 0.053125 0.049074074074074076
1 0.4518229166666667 0.22916666666666666 0.049479166666666664 0.062037037037037036
1 0.5908854166666667 0.14444444444444443 0.033854166666666664 0.05
1 0.2559895833333333 0.19305555555555556 0.0359375 0.049074074074074076
1 0.17786458333333333 0.3726851851851852 0.06302083333333333 0.10648148148148148
1 0.9161458333333333 0.23333333333333334 0.05 0.08333333333333333
1 0.18463541666666666 0.1935185185185185 0.0390625 0.05
1 0.18723958333333332 0.2351851851851852 0.043229166666666666 0.07037037037037037
1 0.36953125 0.2587962962962963 0.033854166666666664 0.06944444444444445
1 0.25833333333333336 0.09259259259259259 0.022916666666666665 0.03888888888888889
1 0.2171875 0.11481481481481481 0.03125 0.05185185185185185
1 0.5190104166666667 0.1125 0.0328125 0.049074074074074076
1 0.4044270833333333 0.26990740740740743 0.059895833333333336 0.09907407407407408
1 0.9783854166666667 0.21064814814814814 0.0421875 0.049074074074074076
1 0.978125 0.17916666666666667 0.042708333333333334 0.032407407407407406
1 0.6088541666666667 0.08657407407407407 0.03229166666666667 0.030555555555555555
1 0.5588541666666667 0.13194444444444445 0.027083333333333334 0.03796296296296296
1 0.375 0.15138888888888888 0.034375 0.049074074074074076
1 0.62578125 0.10185185185185185 0.0234375 0.020370370370370372
1 0.62265625 0.15185185185185185 0.034895833333333334 0.06111111111111111
1 0.27109375 0.1050925925925926 0.030729166666666665 0.041666666666666664
1 0.3458333333333333 0.1300925925925926 0.042708333333333334 0.04722222222222222
1 0.16770833333333332 0.08425925925925926 0.029166666666666667 0.03333333333333333
1 0.4359375 0.07592592592592592 0.021875 0.03333333333333333
1 0.2872395833333333 0.12824074074074074 0.030729166666666665 0.04722222222222222
1 0.4010416666666667 0.17083333333333334 0.03854166666666667 0.05648148148148148
1 0.36354166666666665 0.23333333333333334 0.059375 0.06481481481481481
1 0.38125 0.10416666666666667 0.03125 0.04537037037037037
1 0.47890625 0.09166666666666666 0.022395833333333334 0.03888888888888889
1 0.19036458333333334 0.32175925925925924 0.05677083333333333 0.10462962962962963
1 0.17552083333333332 0.18518518518518517 0.03229166666666667 0.05
1 0.934375 0.21712962962962962 0.052083333333333336 0.08611111111111111
1 0.49973958333333335 0.10648148148148148 0.015104166666666667 0.037037037037037035
1 0.6494791666666667 0.12546296296296297 0.03229166666666667 0.03981481481481482
1 0.30390625 0.1476851851851852 0.03177083333333333 0.05462962962962963
1 0.3182291666666667 0.10694444444444444 0.03229166666666667 0.032407407407407406
1 0.77421875 0.16064814814814815 0.034895833333333334 0.058333333333333334
1 0.43307291666666664 0.19583333333333333 0.033854166666666664 0.03611111111111111
1 0.16953125 0.16018518518518518 0.043229166666666666 0.05555555555555555
1 0.4901041666666667 0.09907407407407408 0.025 0.037037037037037035
1 0.72265625 0.14583333333333334 0.0203125 0.04351851851851852
1 0.23229166666666667 0.12916666666666668 0.03229166666666667 0.03981481481481482
1 0.58046875 0.11203703703703703 0.022395833333333334 0.04259259259259259
1 0.9549479166666667 0.1675925925925926 0.04010416666666667 0.03518518518518519
1 0.41171875 0.06898148148148148 0.019270833333333334 0.025
1 0.5330729166666667 0.21481481481481482 0.0453125 0.07222222222222222
1 0.3614583333333333 0.08796296296296297 0.025 0.04259259259259259
1 0.64296875 0.16527777777777777 0.03697916666666667 0.05462962962962963
1 0.8083333333333333 0.19074074074074074 0.023958333333333335 0.03148148148148148
1 0.6705729166666666 0.10833333333333334 0.0265625 0.024074074074074074
1 0.3171875 0.16296296296296298 0.04375 0.044444444444444446
1 0.6895833333333333 0.15231481481481482 0.05520833333333333 0.06574074074074074
1 0.40546875 0.2023148148148148 0.04010416666666667 0.03796296296296296
1 0.24765625 0.1726851851851852 0.0421875 0.04537037037037037
1 0.16796875 0.12824074074074074 0.034895833333333334 0.03796296296296296
1 0.24114583333333334 0.15555555555555556 0.036458333333333336 0.05
1 0.33645833333333336 0.20185185185185187 0.046875 0.07037037037037037
1 0.7901041666666667 0.22777777777777777 0.06979166666666667 0.06296296296296296