2 0.953125 0.16805555555555557 0.084375 0.17685185185185184
2 0.7505208333333333 0.4305555555555556 0.12708333333333333 0.24259259259259258
1 0.17708333333333334 0.5944444444444444 0.10833333333333334 0.1259259259259259
1 0.21796875 0.674537037037037 0.1109375 0.14907407407407408
1 0.6361979166666667 0.38842592592592595 0.07760416666666667 0.10092592592592593
1 0.5403645833333334 0.4736111111111111 0.0890625 0.12314814814814815
1 0.578125 0.8777777777777778 0.16875 0.24259259259259258
1 0.9580729166666667 0.30092592592592593 0.06302083333333333 0.08703703703703704
1 0.8401041666666667 0.8449074074074074 0.153125 0.19722222222222222
1 0.48541666666666666 0.7699074074074074 0.1375 0.18796296296296297
1 0.29713541666666665 0.32037037037037036 0.0609375 0.07962962962962963
1 0.6690104166666667 0.44537037037037036 0.049479166666666664 0.11481481481481481
1 0.5484375 0.32037037037037036 0.059375 0.08518518518518518
1 0.6213541666666667 0.18333333333333332 0.03854166666666667 0.03518518518518519
1 0.3807291666666667 0.48703703703703705 0.09166666666666666 0.12222222222222222
1 0.6294270833333333 0.30277777777777776 0.058854166666666666 0.08333333333333333
1 0.9416666666666667 0.9675925925925926 0.115625 0.06296296296296296
1 0.2682291666666667 0.22870370370370371 0.041666666666666664 0.05555555555555555
1 0.19270833333333334 0.28425925925925927 0.052083333333333336 0.08148148148148149
1 0.6 0.26666666666666666 0.057291666666666664 0.08518518518518518
1 0.8265625 0.24166666666666667 0.05625 0.08703703703703704
1 0.5924479166666666 0.14583333333333334 0.033854166666666664 0.04722222222222222
1 0.18880208333333334 0.4013888888888889 0.07760416666666667 0.09351851851851851
1 0.5078125 0.28055555555555556 0.057291666666666664 0.07592592592592592
1 0.5203125 0.4212962962962963 0.07291666666666667 0.1111111111111111
1 0.6932291666666667 0.21851851851851853 0.04375 0.053703703703703705
1 0.7286458333333333 0.20185185185185187 0.03958333333333333 0.05740740740740741
1 0.1921875 0.4898148148148148 0.08333333333333333 0.12962962962962962
1 0.3575520833333333 0.42268518518518516 0.0953125 0.14907407407407408
1 0.4002604166666667 0.17777777777777778 0.04010416666666667 0.05740740740740741
1 0.43697916666666664 0.3402777777777778 0.07291666666666667 0.12685185185185185
1 0.8903645833333333 0.17314814814814813 0.0359375 0.06296296296296296
1 0.34609375 0.2152777777777778 0.0359375 0.058333333333333334
1 0.36796875 0.2861111111111111 0.03802083333333333 0.07222222222222222
1 0.63671875 0.12777777777777777 0.04010416666666667 0.05925925925925926
1 0.4635416666666667 0.24583333333333332 0.041666666666666664 0.06759259259259259
1 0.45 0.08101851851851852 0.01875 0.032407407407407406
1 0.9419270833333333 0.24861111111111112 0.0578125 0.075
1 0.4666666666666667 0.08935185185185185 0.025 0.03425925925925926
1 0.884375 0.6152777777777778 0.13958333333333334 0.22685185185185186
1 0.4153645833333333 0.1962962962962963 0.033854166666666664 0.05740740740740741
1 0.409375 0.12685185185185185 0.030208333333333334 0.040740740740740744
1 0.26666666666666666 0.1050925925925926 0.026041666666666668 0.03981481481481482
1 0.2518229166666667 0.17824074074074073 0.04114583333333333 0.049074074074074076
1 0.5145833333333333 0.11435185185185186 0.027083333333333334 0.032407407407407406
1 0.49140625 0.09953703703703703 0.030729166666666665 0.041666666666666664
1 0.6653645833333334 0.12175925925925926 0.019270833333333334 0.03796296296296296
1 0.6973958333333333 0.1259259259259259 0.029166666666666667 0.03148148148148148
1 0.8716145833333333 0.1625 0.03697916666666667 0.06388888888888888
1 0.36666666666666664 0.15185185185185185 0.03958333333333333 0.05185185185185185
1 0.3690104166666667 0.24212962962962964 0.05364583333333333 0.08425925925925926
1 0.40989583333333335 0.29907407407407405 0.058333333333333334 0.1111111111111111
1 0.18880208333333334 0.23472222222222222 0.044270833333333336 0.06944444444444445
1 0.23776041666666667 0.15 0.028645833333333332 0.04259259259259259
1 0.4125 0.06944444444444445 0.019791666666666666 0.024074074074074074
1 0.340625 0.12175925925925926 0.028125 0.03425925925925926
1 0.39921875 0.11805555555555555 0.028645833333333332 0.04722222222222222
1 0.34270833333333334 0.19444444444444445 0.03958333333333333 0.05925925925925926
1 0.48072916666666665 0.25972222222222224 0.04791666666666667 0.075
1 0.38255208333333335 0.10462962962962963 0.0265625 0.04814814814814815
1 0.5755208333333334 0.13703703703703704 0.030208333333333334 0.046296296296296294
1 0.21171875 0.10601851851851851 0.025520833333333333 0.04351851851851852
1 0.4395833333333333 0.20879629629629629 0.04375 0.075
1 0.2981770833333333 0.14629629629629629 0.0328125 0.05740740740740741
1 0.26458333333333334 0.2023148148148148 0.04375 0.04722222222222222
1 0.9057291666666667 0.1787037037037037 0.017708333333333333 0.07222222222222222
1 0.32786458333333335 0.18888888888888888 0.027604166666666666 0.053703703703703705
1 0.7388020833333333 0.1412037037037037 0.03697916666666667 0.05277777777777778
1 0.18125 0.2175925925925926 0.04375 0.05740740740740741
1 0.5393229166666667 0.06435185185185185 0.021354166666666667 0.032407407407407406
1 0.32447916666666665 0.17175925925925925 0.035416666666666666 0.06018518518518518
1 0.6002604166666666 0.11666666666666667 0.030729166666666665 0.053703703703703705
1 0.23072916666666668 0.1388888888888889 0.036458333333333336 0.03888888888888889
1 0.3307291666666667 0.07268518518518519 0.020833333333333332 0.025
1 0.7111979166666667 0.13425925925925927 0.025520833333333333 0.027777777777777776
1 0.5778645833333333 0.07407407407407407 0.0265625 0.020370370370370372
1 0.43645833333333334 0.07361111111111111 0.017708333333333333 0.030555555555555555
1 0.16848958333333333 0.14629629629629629 0.033854166666666664 0.03888888888888889
1 0.69375 0.1824074074074074 0.03854166666666667 0.040740740740740744
1 0.1671875 0.08842592592592592 0.027083333333333334 0.028703703703703703
1 0.4518229166666667 0.15787037037037038 0.0359375 0.05277777777777778
1 0.81953125 0.17222222222222222 0.03802083333333333 0.04814814814814815
1 0.7981770833333334 0.18703703703703703 0.024479166666666666 0.06296296296296296
1 0.43307291666666664 0.1449074074074074 0.0265625 0.041666666666666664
1 0.6236979166666666 0.10324074074074074 0.022395833333333334 0.03611111111111111
1 0.35390625 0.14212962962962963 0.028645833333333332 0.041666666666666664
1 0.6786458333333333 0.17453703703703705 0.03958333333333333 0.06574074074074074
1 0.71015625 0.15925925925925927 0.028645833333333332 0.03333333333333333
1 0.17578125 0.18611111111111112 0.04739583333333333 0.05925925925925926
1 0.7541666666666667 0.17314814814814813 0.03333333333333333 0.06111111111111111