3 0.83125 0.2310185185185185 0.06041666666666667 0.08981481481481482
1 0.41432291666666665 0.5726851851851852 0.10364583333333334 0.14907407407407408
1 0.4953125 0.7319444444444444 0.13229166666666667 0.1824074074074074
1 0.8075520833333333 0.5560185185185185 0.1140625 0.14722222222222223
1 0.26901041666666664 0.9324074074074075 0.1765625 0.13333333333333333
1 0.65234375 0.4111111111111111 0.08177083333333333 0.11481481481481481
1 0.5776041666666667 0.35138888888888886 0.071875 0.09166666666666666
1 0.5364583333333334 0.4597222222222222 0.08541666666666667 0.11944444444444445
1 0.019270833333333334 0.4888888888888889 0.03854166666666667 0.11481481481481481
1 0.6447916666666667 0.16666666666666666 0.0375 0.05185185185185185
1 0.9364583333333333 0.1884259259259259 0.046875 0.058333333333333334
1 0.71796875 0.19907407407407407 0.0421875 0.05555555555555555
1 0.9106770833333333 0.4634259259259259 0.09739583333333333 0.1398148148148148
1 0.9346354166666667 0.2810185185185185 0.0703125 0.10092592592592593
1 0.18802083333333333 0.40694444444444444 0.071875 0.10648148148148148
1 0.6986979166666667 0.6319444444444444 0.11927083333333334 0.19722222222222222
1 0.5364583333333334 0.20972222222222223 0.04583333333333333 0.06388888888888888
1 0.48541666666666666 0.25925925925925924 0.04375 0.07037037037037037
1 0.7388020833333333 0.1675925925925926 0.0390625 0.053703703703703705
1 0.43072916666666666 0.1398148148148148 0.026041666666666668 0.04259259259259259
1 0.4700520833333333 0.36203703703703705 0.07135416666666666 0.11851851851851852
1 0.3294270833333333 0.3768518518518518 0.09010416666666667 0.1425925925925926
1 0.40859375 0.2851851851851852 0.0578125 0.09259259259259259
1 0.3921875 0.16805555555555557 0.035416666666666666 0.05462962962962963
1 0.40911458333333334 0.2 0.03697916666666667 0.05
1 0.6263020833333334 0.9462962962962963 0.18802083333333333 0.10555555555555556
1 0.6864583333333333 0.12685185185185185 0.03125 0.044444444444444446
1 0.17708333333333334 0.18935185185185185 0.041666666666666664 0.06018518518518518
1 0.346875 0.20972222222222223 0.046875 0.062037037037037036
1 0.434375 0.3263888888888889 0.053125 0.08425925925925926
1 0.4080729166666667 0.11574074074074074 0.027604166666666666 0.040740740740740744
1 0.43984375 0.2125 0.04114583333333333 0.058333333333333334
1 0.4591145833333333 0.1574074074074074 0.0421875 0.06851851851851852
1 0.4640625 0.2361111111111111 0.042708333333333334 0.07407407407407407
1 0.30911458333333336 0.16435185185185186 0.033854166666666664 0.03981481481481482
1 0.5484375 0.29074074074074074 0.06354166666666666 0.09814814814814815
1 0.703125 0.15787037037037038 0.0375 0.05092592592592592
1 0.24192708333333332 0.15231481481481482 0.04010416666666667 0.04351851851851852
1 0.3046875 0.1361111111111111 0.036458333333333336 0.05185185185185185
1 0.64375 0.13194444444444445 0.034375 0.04722222222222222
1 0.17317708333333334 0.29444444444444445 0.06197916666666667 0.06111111111111111
1 0.35494791666666664 0.08287037037037037 0.0234375 0.026851851851851852
1 0.15520833333333334 0.10046296296296296 0.027083333333333334 0.03981481481481482
1 0.2859375 0.12361111111111112 0.022916666666666665 0.041666666666666664
1 0.5786458333333333 0.1287037037037037 0.036458333333333336 0.06111111111111111
1 0.5565104166666667 0.1259259259259259 0.018229166666666668 0.05
1 0.17473958333333334 0.3416666666666667 0.059895833333333336 0.10925925925925926
1 0.6106770833333334 0.14537037037037037 0.03697916666666667 0.05555555555555555
1 0.584375 0.5305555555555556 0.1 0.13518518518518519
1 0.27265625 0.2884259259259259 0.027604166666666666 0.06388888888888888
1 0.7268229166666667 0.10231481481481482 0.033854166666666664 0.028703703703703703
1 0.38359375 0.2550925925925926 0.043229166666666666 0.08425925925925926
1 0.5260416666666666 0.1310185185185185 0.029166666666666667 0.032407407407407406
1 0.6263020833333334 0.09074074074074075 0.019270833333333334 0.025925925925925925
1 0.27838541666666666 0.17407407407407408 0.025520833333333333 0.046296296296296294
1 0.25729166666666664 0.07175925925925926 0.027083333333333334 0.025
1 0.17604166666666668 0.12546296296296297 0.03854166666666667 0.03796296296296296
1 0.27734375 0.11574074074074074 0.027604166666666666 0.04259259259259259
1 0.6385416666666667 0.09490740740740741 0.023958333333333335 0.026851851851851852
1 0.23385416666666667 0.11944444444444445 0.03333333333333333 0.05555555555555555
1 0.50390625 0.1865740740740741 0.04114583333333333 0.062037037037037036
1 0.8518229166666667 0.4046296296296296 0.09427083333333333 0.1388888888888889
1 0.5630208333333333 0.08472222222222223 0.023958333333333335 0.032407407407407406
1 0.525 0.10324074074074074 0.023958333333333335 0.028703703703703703
1 0.2713541666666667 0.23703703703703705 0.04791666666666667 0.08518518518518518
1 0.6229166666666667 0.11574074074074074 0.025 0.024074074074074074
1 0.46588541666666666 0.06712962962962964 0.021354166666666667 0.030555555555555555
1 0.47421875 0.08287037037037037 0.0203125 0.019444444444444445
1 0.3419270833333333 0.17824074074074073 0.033854166666666664 0.021296296296296296
1 0.7299479166666667 0.13287037037037036 0.0328125 0.03611111111111111
1 0.171875 0.07916666666666666 0.023958333333333335 0.023148148148148147
1 0.40078125 0.06435185185185185 0.021354166666666667 0.021296296296296296
1 0.5934895833333333 0.07824074074074074 0.024479166666666666 0.03425925925925926
1 0.59140625 0.09814814814814815 0.024479166666666666 0.037037037037037035
1 0.32005208333333335 0.30833333333333335 0.07760416666666667 0.08518518518518518
1 0.5221354166666666 0.2791666666666667 0.04635416666666667 0.0824074074074074
1 0.3640625 0.13472222222222222 0.041666666666666664 0.041666666666666664
1 0.17447916666666666 0.16666666666666666 0.04479166666666667 0.05185185185185185
1 0.28411458333333334 0.24212962962962964 0.0515625 0.06759259259259259
1 0.16822916666666668 0.26481481481481484 0.05625 0.06666666666666667
1 0.24973958333333332 0.1875 0.04635416666666667 0.075
1 0.990625 0.23842592592592593 0.017708333333333333 0.06388888888888888