2 0.7057291666666666 0.09861111111111111 0.05416666666666667 0.1175925925925926
2 0.6447916666666667 0.09074074074074075 0.051041666666666666 0.09444444444444444
1 0.31171875 0.7078703703703704 0.13489583333333333 0.17314814814814813
1 0.48072916666666665 0.7680555555555556 0.14375 0.18796296296296297
1 0.9013020833333333 0.6263888888888889 0.12760416666666666 0.16203703703703703
1 0.73828125 0.7296296296296296 0.14427083333333332 0.18888888888888888
1 0.92421875 0.9115740740740741 0.15052083333333333 0.175
1 0.7236979166666667 0.46296296296296297 0.0953125 0.12407407407407407
1 0.5203125 0.4625 0.103125 0.15092592592592594
1 0.2046875 0.4222222222222222 0.075 0.10925925925925926
1 0.7927083333333333 0.5398148148148149 0.10729166666666666 0.1537037037037037
1 0.34322916666666664 0.4 0.06979166666666667 0.09259259259259259
1 0.46432291666666664 0.36944444444444446 0.06927083333333334 0.09444444444444444
1 0.6572916666666667 0.6087962962962963 0.12395833333333334 0.18796296296296297
1 0.52265625 0.28703703703703703 0.06197916666666667 0.08333333333333333
1 0.62265625 0.26851851851851855 0.05572916666666667 0.08888888888888889
1 0.5622395833333333 0.32685185185185184 0.06197916666666667 0.09259259259259259
1 0.9703125 0.26342592592592595 0.057291666666666664 0.08425925925925926
1 0.325 0.3435185185185185 0.06458333333333334 0.08703703703703704
1 0.646875 0.3787037037037037 0.08333333333333333 0.1259259259259259
1 0.52109375 0.20277777777777778 0.0453125 0.07037037037037037
1 0.40260416666666665 0.18055555555555555 0.0375 0.05
1 0.6010416666666667 0.17314814814814813 0.036458333333333336 0.040740740740740744
1 0.8979166666666667 0.17962962962962964 0.03958333333333333 0.05185185185185185
1 0.3015625 0.31712962962962965 0.05416666666666667 0.08055555555555556
1 0.43697916666666664 0.21574074074074073 0.040625 0.06111111111111111
1 0.4197916666666667 0.3125 0.06041666666666667 0.08611111111111111
1 0.5752604166666667 0.2439814814814815 0.0484375 0.06944444444444445
1 0.8684895833333334 0.1699074074074074 0.034895833333333334 0.05092592592592592
1 0.47109375 0.23935185185185184 0.049479166666666664 0.0824074074074074
1 0.9231770833333334 0.2439814814814815 0.05364583333333333 0.06574074074074074
1 0.15364583333333334 0.3611111111111111 0.071875 0.11296296296296296
1 0.9010416666666666 0.30648148148148147 0.07708333333333334 0.08148148148148149
1 0.17265625 0.21296296296296297 0.03802083333333333 0.05555555555555555
1 0.8161458333333333 0.17731481481481481 0.03854166666666667 0.05648148148148148
1 0.26458333333333334 0.2199074074074074 0.040625 0.06018518518518518
1 0.6799479166666667 0.20601851851851852 0.04114583333333333 0.041666666666666664
1 0.6708333333333333 0.14305555555555555 0.03333333333333333 0.03796296296296296
1 0.7216145833333333 0.1550925925925926 0.034895833333333334 0.03981481481481482
1 0.65703125 0.1736111111111111 0.03802083333333333 0.05648148148148148
1 0.3888020833333333 0.2625 0.050520833333333334 0.08611111111111111
1 0.8638020833333333 0.24953703703703703 0.049479166666666664 0.04537037037037037
1 0.49453125 0.18333333333333332 0.03802083333333333 0.05925925925925926
1 0.821875 0.27037037037037037 0.057291666666666664 0.05740740740740741
1 0.7236979166666667 0.19537037037037036 0.03697916666666667 0.05740740740740741
1 0.40130208333333334 0.2935185185185185 0.044270833333333336 0.07407407407407407
1 0.37447916666666664 0.16203703703703703 0.034375 0.044444444444444446
1 0.17473958333333334 0.30277777777777776 0.0640625 0.07407407407407407
1 0.7072916666666667 0.22916666666666666 0.04895833333333333 0.06388888888888888
1 0.47213541666666664 0.16805555555555557 0.0328125 0.05277777777777778
1 0.7638020833333333 0.13333333333333333 0.0359375 0.05740740740740741
1 0.32083333333333336 0.17037037037037037 0.04375 0.06296296296296296
1 0.30052083333333335 0.1449074074074074 0.03125 0.05277777777777778
1 0.3653645833333333 0.2222222222222222 0.043229166666666666 0.07407407407407407
1 0.48854166666666665 0.09768518518518518 0.025 0.03425925925925926
1 0.45989583333333334 0.1550925925925926 0.0375 0.058333333333333334
1 0.68828125 0.1787037037037037 0.04114583333333333 0.03888888888888889
1 0.17630208333333333 0.1925925925925926 0.03802083333333333 0.053703703703703705
1 0.8036458333333333 0.23425925925925925 0.046875 0.06666666666666667
1 0.27890625 0.11481481481481481 0.0265625 0.03888888888888889
1 0.8078125 0.20555555555555555 0.03958333333333333 0.05
1 0.18984375 0.1412037037037037 0.030729166666666665 0.04537037037037037
1 0.7536458333333333 0.24675925925925926 0.052083333333333336 0.05277777777777778
1 0.7411458333333333 0.11805555555555555 0.023958333333333335 0.04537037037037037
1 0.34270833333333334 0.07824074074074074 0.028125 0.03425925925925926
1 0.5044270833333333 0.12268518518518519 0.0296875 0.03425925925925926
1 0.9817708333333334 0.38055555555555554 0.035416666666666666 0.08518518518518518
1 0.15963541666666667 0.11805555555555555 0.03697916666666667 0.05277777777777778
1 0.2557291666666667 0.08564814814814815 0.023958333333333335 0.03425925925925926
1 0.7609375 0.18935185185185185 0.019791666666666666 0.05462962962962963
1 0.3098958333333333 0.09814814814814815 0.023958333333333335 0.03518518518518519
1 0.25104166666666666 0.18101851851851852 0.04583333333333333 0.07314814814814814
1 0.465625 0.10648148148148148 0.025 0.03148148148148148
1 0.37265625 0.10138888888888889 0.0265625 0.03611111111111111
1 0.5515625 0.10277777777777777 0.016666666666666666 0.03333333333333333
1 0.5716145833333334 0.10740740740740741 0.03177083333333333 0.05
1 0.29375 0.13240740740740742 0.026041666666666668 0.05
1 0.17604166666666668 0.2611111111111111 0.05625 0.05555555555555555
1 0.5390625 0.12129629629629629 0.029166666666666667 0.040740740740740744
1 0.5966145833333333 0.14305555555555555 0.0359375 0.058333333333333334
1 0.16875 0.17037037037037037 0.042708333333333334 0.06296296296296296
1 0.4981770833333333 0.2740740740740741 0.0453125 0.07407407407407407
1 0.5234375 0.08055555555555556 0.029166666666666667 0.03888888888888889
1 0.8625 0.29212962962962963 0.03229166666666667 0.049074074074074076
1 0.33932291666666664 0.19583333333333333 0.03802083333333333 0.05462962962962963
1 0.5890625 0.08009259259259259 0.019791666666666666 0.028703703703703703
1 0.47265625 0.0625 0.019270833333333334 0.017592592592592594
1 0.6015625 0.11064814814814815 0.027083333333333334 0.032407407407407406
1 0.28619791666666666 0.26805555555555555 0.05260416666666667 0.075
1 0.27734375 0.22916666666666666 0.0390625 0.04537037037037037
1 0.671875 0.10787037037037037 0.016666666666666666 0.028703703703703703