3 0.9546875 0.27824074074074073 0.07083333333333333 0.10648148148148148
2 0.9213541666666667 0.1837962962962963 0.08854166666666667 0.1824074074074074
1 0.26171875 0.9055555555555556 0.18072916666666666 0.18703703703703703
1 0.44895833333333335 0.7055555555555556 0.13125 0.17777777777777778
1 0.8354166666666667 0.874537037037037 0.159375 0.21574074074074073
1 0.675 0.4439814814814815 0.08854166666666667 0.11574074074074074
1 0.12265625 0.4009259259259259 0.07135416666666666 0.09444444444444444
1 0.3575520833333333 0.4532407407407407 0.08177083333333333 0.11574074074074074
1 0.21302083333333333 0.6768518518518518 0.12291666666666666 0.16296296296296298
1 0.41380208333333335 0.549537037037037 0.09739583333333333 0.13796296296296295
1 0.7635416666666667 0.3662037037037037 0.07708333333333334 0.11388888888888889
1 0.5171875 0.29953703703703705 0.06145833333333333 0.0787037037037037
1 0.18880208333333334 0.34305555555555556 0.06197916666666667 0.08796296296296297
1 0.5692708333333333 0.48564814814814816 0.09479166666666666 0.14907407407407408
1 0.95859375 0.4981481481481482 0.08177083333333333 0.1648148148148148
1 0.7080729166666667 0.19490740740740742 0.0421875 0.058333333333333334
1 0.5770833333333333 0.3421296296296296 0.06875 0.09537037037037037
1 0.50234375 0.4263888888888889 0.08072916666666667 0.11018518518518519
1 0.8583333333333333 0.5833333333333334 0.125 0.19814814814814816
1 0.40703125 0.12361111111111112 0.022395833333333334 0.03981481481481482
1 0.46848958333333335 0.37824074074074077 0.0703125 0.09907407407407408
1 0.8815104166666666 0.4300925925925926 0.09947916666666666 0.1398148148148148
1 0.49322916666666666 0.18055555555555555 0.03958333333333333 0.05555555555555555
1 0.3059895833333333 0.32314814814814813 0.07239583333333334 0.12037037037037036
1 0.39869791666666665 0.28379629629629627 0.044270833333333336 0.0712962962962963
1 0.4317708333333333 0.13796296296296295 0.03854166666666667 0.06111111111111111
1 0.5669270833333333 0.15416666666666667 0.0359375 0.03425925925925926
1 0.6609375 0.1712962962962963 0.0375 0.05925925925925926
1 0.3723958333333333 0.15185185185185185 0.034375 0.053703703703703705
1 0.45078125 0.22592592592592592 0.03697916666666667 0.05925925925925926
1 0.4315104166666667 0.3060185185185185 0.059895833333333336 0.10092592592592593
1 0.3268229166666667 0.18518518518518517 0.044270833333333336 0.06111111111111111
1 0.8059895833333334 0.1925925925925926 0.03697916666666667 0.05740740740740741
1 0.7278645833333334 0.1412037037037037 0.0296875 0.04351851851851852
1 0.175 0.16666666666666666 0.03958333333333333 0.05
1 0.871875 0.1648148148148148 0.020833333333333332 0.06111111111111111
1 0.38984375 0.1787037037037037 0.0328125 0.046296296296296294
1 0.3875 0.10462962962962963 0.025 0.037037037037037035
1 0.4703125 0.16203703703703703 0.035416666666666666 0.05555555555555555
1 0.49296875 0.25046296296296294 0.06197916666666667 0.08611111111111111
1 0.6723958333333333 0.9837962962962963 0.1375 0.030555555555555555
1 0.7328125 0.33055555555555555 0.07395833333333333 0.12407407407407407
1 0.56953125 0.10740740740740741 0.03177083333333333 0.040740740740740744
1 0.43697916666666664 0.20972222222222223 0.03854166666666667 0.06574074074074074
1 0.3807291666666667 0.24814814814814815 0.052083333333333336 0.08148148148148149
1 0.4122395833333333 0.1912037037037037 0.03697916666666667 0.05648148148148148
1 0.7763020833333333 0.11666666666666667 0.03697916666666667 0.02962962962962963
1 0.8015625 0.2324074074074074 0.04791666666666667 0.06481481481481481
1 0.36015625 0.2263888888888889 0.03802083333333333 0.0712962962962963
1 0.97265625 0.21296296296296297 0.019270833333333334 0.03148148148148148
1 0.6252604166666667 0.1037037037037037 0.025520833333333333 0.02962962962962963
1 0.7559895833333333 0.1699074074074074 0.043229166666666666 0.075
1 0.6658854166666667 0.10787037037037037 0.0265625 0.03425925925925926
1 0.696875 0.15555555555555556 0.0375 0.05740740740740741
1 0.15546875 0.09675925925925925 0.025520833333333333 0.041666666666666664
1 0.7494791666666667 0.7143518518518519 0.140625 0.22870370370370371
1 0.5575520833333333 0.12037037037037036 0.024479166666666666 0.03518518518518519
1 0.21744791666666666 0.17083333333333334 0.04739583333333333 0.0712962962962963
1 0.18411458333333333 0.2916666666666667 0.05677083333333333 0.09259259259259259
1 0.2703125 0.1574074074074074 0.034375 0.053703703703703705
1 0.79765625 0.1486111111111111 0.03697916666666667 0.03981481481481482
1 0.34765625 0.08055555555555556 0.021354166666666667 0.03333333333333333
1 0.62109375 0.15 0.0421875 0.06481481481481481
1 0.5213541666666667 0.12731481481481483 0.021875 0.030555555555555555
1 0.29322916666666665 0.11990740740740741 0.03125 0.03981481481481482
1 0.29765625 0.14814814814814814 0.0265625 0.03333333333333333
1 0.5 0.1175925925925926 0.025 0.027777777777777776
1 0.4421875 0.09351851851851851 0.025 0.02962962962962963
1 0.17447916666666666 0.1125 0.027083333333333334 0.030555555555555555
1 0.159375 0.21342592592592594 0.03958333333333333 0.041666666666666664
1 0.65390625 0.10231481481481482 0.021354166666666667 0.03425925925925926
1 0.27291666666666664 0.21388888888888888 0.046875 0.05740740740740741
1 0.26953125 0.10740740740740741 0.024479166666666666 0.040740740740740744
1 0.590625 0.09583333333333334 0.022916666666666665 0.032407407407407406
1 0.6755208333333333 0.11481481481481481 0.028125 0.024074074074074074
1 0.25833333333333336 0.20972222222222223 0.042708333333333334 0.07685185185185185
1 0.6153645833333333 0.08518518518518518 0.0265625 0.03518518518518519
1 0.59609375 0.14537037037037037 0.024479166666666666 0.053703703703703705
1 0.22838541666666667 0.10925925925925926 0.030729166666666665 0.046296296296296294
1 0.17708333333333334 0.225 0.04791666666666667 0.044444444444444446
1 0.3489583333333333 0.125 0.035416666666666666 0.046296296296296294
1 0.97734375 0.9587962962962963 0.044270833333333336 0.08055555555555556
1 0.6736979166666667 0.14212962962962963 0.030729166666666665 0.041666666666666664
1 0.48515625 0.07546296296296297 0.022395833333333334 0.03611111111111111
1 0.30703125 0.26666666666666666 0.06510416666666667 0.07407407407407407
1 0.16484375 0.14444444444444443 0.0265625 0.04259259259259259
1 0.4791666666666667 0.2412037037037037 0.03958333333333333 0.0712962962962963
1 0.16354166666666667 0.26481481481481484 0.04375 0.06666666666666667
1 0.28177083333333336 0.26296296296296295 0.04583333333333333 0.08888888888888889