2 0.8283854166666667 0.1412037037037037 0.06822916666666666 0.13796296296296295
2 0.7005208333333334 0.3921296296296296 0.115625 0.225
2 0.7653645833333333 0.08796296296296297 0.0546875 0.08518518518518518
2 0.9763020833333333 0.17731481481481481 0.04635416666666667 0.18055555555555555
1 0.8213541666666667 0.8694444444444445 0.15416666666666667 0.21481481481481482
1 0.74140625 0.7152777777777778 0.14322916666666666 0.1675925925925926
1 0.6005208333333333 0.3587962962962963 0.07083333333333333 0.09166666666666666
1 0.21041666666666667 0.6050925925925926 0.1 0.1361111111111111
1 0.18880208333333334 0.5393518518518519 0.09635416666666667 0.11944444444444445
1 0.64453125 0.19537037037037036 0.04635416666666667 0.037037037037037035
1 0.5059895833333333 0.4300925925925926 0.0796875 0.11574074074074074
1 0.36692708333333335 0.44305555555555554 0.0828125 0.11388888888888889
1 0.6268229166666667 0.40555555555555556 0.0453125 0.10185185185185185
1 0.28567708333333336 0.29953703703703705 0.0578125 0.075
1 0.4388020833333333 0.6689814814814815 0.11927083333333334 0.1638888888888889
1 0.19166666666666668 0.2689814814814815 0.05 0.075
1 0.81484375 0.5430555555555555 0.1234375 0.20277777777777778
1 0.7317708333333334 0.23472222222222222 0.046875 0.05648148148148148
1 0.6104166666666667 0.27824074074074073 0.05520833333333333 0.075
1 0.6091145833333333 0.15462962962962962 0.034895833333333334 0.04814814814814815
1 0.49765625 0.7615740740740741 0.14427083333333332 0.2324074074074074
1 0.3458333333333333 0.387037037037037 0.08645833333333333 0.1388888888888889
1 0.265625 0.2152777777777778 0.03958333333333333 0.05462962962962963
1 0.9885416666666667 0.32314814814814813 0.021875 0.09074074074074075
1 0.4895833333333333 0.26342592592592595 0.05520833333333333 0.07314814814814814
1 0.5791666666666667 0.24861111111111112 0.05416666666666667 0.08055555555555556
1 0.3580729166666667 0.2300925925925926 0.0515625 0.0787037037037037
1 0.49322916666666666 0.38564814814814813 0.06666666666666667 0.10277777777777777
1 0.42864583333333334 0.31712962962962965 0.06770833333333333 0.11574074074074074
1 0.8661458333333333 0.25833333333333336 0.059375 0.09074074074074075
1 0.3924479166666667 0.16944444444444445 0.0390625 0.05555555555555555
1 0.3578125 0.14537037037037037 0.042708333333333334 0.05185185185185185
1 0.6794270833333333 0.1287037037037037 0.022395833333333334 0.044444444444444446
1 0.18515625 0.44722222222222224 0.07239583333333334 0.10925925925925926
1 0.16822916666666668 0.0837962962962963 0.028125 0.028703703703703703
1 0.45651041666666664 0.24027777777777778 0.0484375 0.06388888888888888
1 0.24765625 0.1699074074074074 0.0390625 0.05092592592592592
1 0.5010416666666667 0.10231481481481482 0.030208333333333334 0.04537037037037037
1 0.18697916666666667 0.22407407407407406 0.040625 0.07037037037037037
1 0.40286458333333336 0.1884259259259259 0.028645833333333332 0.05462962962962963
1 0.5236979166666667 0.11851851851851852 0.022395833333333334 0.03333333333333333
1 0.9125 0.18009259259259258 0.03854166666666667 0.06388888888888888
1 0.23463541666666668 0.14444444444444443 0.027604166666666666 0.040740740740740744
1 0.5588541666666667 0.12824074074074074 0.029166666666666667 0.04537037037037037
1 0.5940104166666667 0.14444444444444443 0.03177083333333333 0.04814814814814815
1 0.3671875 0.26851851851851855 0.035416666666666666 0.06851851851851852
1 0.33567708333333335 0.20601851851851852 0.0296875 0.05462962962962963
1 0.2640625 0.10231481481481482 0.026041666666666668 0.03981481481481482
1 0.22734375 0.12361111111111112 0.0359375 0.05462962962962963
1 0.3296875 0.1175925925925926 0.03958333333333333 0.03518518518518519
1 0.33515625 0.18425925925925926 0.03697916666666667 0.05555555555555555
1 0.5229166666666667 0.2986111111111111 0.05520833333333333 0.07685185185185185
1 0.6513020833333333 0.13472222222222222 0.04114583333333333 0.062037037037037036
1 0.27786458333333336 0.11435185185185186 0.028645833333333332 0.04351851851851852
1 0.8205729166666667 0.2023148148148148 0.04635416666666667 0.075
1 0.41796875 0.07037037037037037 0.0203125 0.027777777777777776
1 0.37473958333333335 0.10092592592592593 0.025520833333333333 0.04814814814814815
1 0.43072916666666666 0.19675925925925927 0.041666666666666664 0.06759259259259259
1 0.31875 0.16342592592592592 0.034375 0.058333333333333334
1 0.29322916666666665 0.1388888888888889 0.03333333333333333 0.053703703703703705
1 0.45807291666666666 0.08564814814814815 0.018229166666666668 0.032407407407407406
1 0.2591145833333333 0.19305555555555556 0.043229166666666666 0.04537037037037037
1 0.7229166666666667 0.2013888888888889 0.04583333333333333 0.06018518518518518
1 0.5864583333333333 0.13240740740740742 0.03333333333333333 0.05925925925925926
1 0.16640625 0.14675925925925926 0.033854166666666664 0.041666666666666664
1 0.7630208333333334 0.21435185185185185 0.040625 0.05462962962962963
1 0.715625 0.18564814814814815 0.06458333333333334 0.06944444444444445
1 0.93984375 0.18564814814814815 0.0359375 0.075
1 0.6140625 0.11712962962962963 0.03229166666666667 0.041666666666666664
1 0.5953125 0.09490740740740741 0.021875 0.019444444444444445
1 0.47682291666666665 0.0962962962962963 0.022395833333333334 0.03148148148148148
1 0.44192708333333336 0.15 0.0328125 0.053703703703703705
1 0.76015625 0.14814814814814814 0.03697916666666667 0.053703703703703705
1 0.73125 0.1398148148148148 0.027083333333333334 0.02962962962962963
1 0.3260416666666667 0.0712962962962963 0.020833333333333332 0.020370370370370372
1 0.31171875 0.09768518518518518 0.03697916666666667 0.03611111111111111
1 0.15911458333333334 0.18518518518518517 0.019270833333333334 0.040740740740740744
1 0.5669270833333333 0.10185185185185185 0.0359375 0.040740740740740744
1 0.8934895833333333 0.1685185185185185 0.03802083333333333 0.06666666666666667
1 0.39479166666666665 0.1125 0.029166666666666667 0.04351851851851852
1 0.7151041666666667 0.1337962962962963 0.030208333333333334 0.03425925925925926
1 0.5458333333333333 0.06574074074074074 0.023958333333333335 0.03333333333333333
1 0.1875 0.38657407407407407 0.07708333333333334 0.125
1 0.7994791666666666 0.18287037037037038 0.026041666666666668 0.06574074074074074
1 0.4427083333333333 0.07731481481481481 0.01875 0.032407407407407406
1 0.40130208333333334 0.11990740740740741 0.028645833333333332 0.03981481481481482
1 0.18020833333333333 0.19675925925925927 0.040625 0.075
1 0.45260416666666664 0.21805555555555556 0.03958333333333333 0.03425925925925926
1 0.39947916666666666 0.2967592592592593 0.04791666666666667 0.0824074074074074
1 0.63671875 0.10324074074074074 0.0234375 0.030555555555555555
1 0.5869791666666667 0.07685185185185185 0.026041666666666668 0.022222222222222223
1 0.9791666666666666 0.26481481481481484 0.040625 0.07777777777777778