1 0.20885416666666667 0.6027777777777777 0.12083333333333333 0.15555555555555556
1 0.5229166666666667 0.8050925925925926 0.14791666666666667 0.20092592592592592
1 0.46484375 0.6893518518518519 0.13177083333333334 0.17314814814814813
1 0.9408854166666667 0.9324074074074075 0.1171875 0.13333333333333333
1 0.9411458333333333 0.2967592592592593 0.06145833333333333 0.07685185185185185
1 0.68359375 0.663425925925926 0.1265625 0.175
1 0.3692708333333333 0.5023148148148148 0.09375 0.125
1 0.5091145833333334 0.2814814814814815 0.0578125 0.07777777777777778
1 0.5776041666666667 0.35324074074074074 0.071875 0.09166666666666666
1 0.6817708333333333 0.425 0.090625 0.14444444444444443
1 0.4359375 0.3421296296296296 0.05520833333333333 0.09166666666666666
1 0.32135416666666666 0.3574074074074074 0.065625 0.09259259259259259
1 0.8122395833333333 0.24027777777777778 0.050520833333333334 0.06944444444444445
1 0.19296875 0.48703703703703705 0.09010416666666667 0.12037037037037036
1 0.8609375 0.5925925925925926 0.12916666666666668 0.1648148148148148
1 0.8005208333333333 0.5407407407407407 0.09479166666666666 0.13518518518518519
1 0.6104166666666667 0.5837962962962963 0.10625 0.14351851851851852
1 0.7700520833333333 0.3685185185185185 0.08177083333333333 0.12407407407407407
1 0.46510416666666665 0.2513888888888889 0.05 0.06759259259259259
1 0.4856770833333333 0.3768518518518518 0.0734375 0.11666666666666667
1 0.18385416666666668 0.3287037037037037 0.057291666666666664 0.08333333333333333
1 0.64375 0.28935185185185186 0.059375 0.08981481481481482
1 0.41953125 0.30833333333333335 0.05364583333333333 0.08148148148148149
1 0.7169270833333333 0.325 0.0703125 0.10555555555555556
1 0.44947916666666665 0.1537037037037037 0.035416666666666666 0.04814814814814815
1 0.93203125 0.24074074074074073 0.05572916666666667 0.07037037037037037
1 0.3578125 0.2412037037037037 0.03958333333333333 0.062037037037037036
1 0.3807291666666667 0.11018518518518519 0.016666666666666666 0.03518518518518519
1 0.3619791666666667 0.41574074074074074 0.07395833333333333 0.10555555555555556
1 0.74453125 0.1763888888888889 0.043229166666666666 0.05277777777777778
1 0.28489583333333335 0.2722222222222222 0.06458333333333334 0.1037037037037037
1 0.9231770833333334 0.4875 0.09947916666666666 0.13425925925925927
1 0.9497395833333333 0.7240740740740741 0.09947916666666666 0.2
1 0.83828125 0.21481481481481482 0.043229166666666666 0.06296296296296296
1 0.7552083333333334 0.2125 0.04375 0.06759259259259259
1 0.30885416666666665 0.16342592592592592 0.036458333333333336 0.05277777777777778
1 0.17942708333333332 0.15462962962962962 0.0453125 0.06296296296296296
1 0.4171875 0.19398148148148148 0.03333333333333333 0.049074074074074076
1 0.3921875 0.25925925925925924 0.052083333333333336 0.08888888888888889
1 0.6307291666666667 0.18981481481481483 0.040625 0.04259259259259259
1 0.6057291666666667 0.14722222222222223 0.03125 0.044444444444444446
1 0.3294270833333333 0.07453703703703704 0.030729166666666665 0.030555555555555555
1 0.28203125 0.11527777777777778 0.03697916666666667 0.049074074074074076
1 0.37916666666666665 0.16296296296296298 0.03333333333333333 0.046296296296296294
1 0.62265625 0.26342592592592595 0.059895833333333336 0.09907407407407408
1 0.35078125 0.13425925925925927 0.0296875 0.04814814814814815
1 0.6705729166666666 0.17824074074074073 0.0296875 0.06388888888888888
1 0.28515625 0.14537037037037037 0.0296875 0.04259259259259259
1 0.6796875 0.12546296296296297 0.028125 0.04351851851851852
1 0.7166666666666667 0.14814814814814814 0.03333333333333333 0.044444444444444446
1 0.36875 0.09398148148148149 0.022916666666666665 0.03425925925925926
1 0.44192708333333336 0.1412037037037037 0.030729166666666665 0.05277777777777778
1 0.2359375 0.15138888888888888 0.027083333333333334 0.04351851851851852
1 0.9669270833333333 0.19398148148148148 0.0453125 0.06759259259259259
1 0.5682291666666667 0.15324074074074073 0.028125 0.03611111111111111
1 0.5755208333333334 0.49722222222222223 0.10208333333333333 0.1574074074074074
1 0.18828125 0.28425925925925927 0.05260416666666667 0.07222222222222222
1 0.6333333333333333 0.11296296296296296 0.026041666666666668 0.03518518518518519
1 0.33255208333333336 0.11666666666666667 0.0296875 0.05
1 0.7065104166666667 0.12083333333333333 0.027604166666666666 0.03981481481481482
1 0.5940104166666667 0.16527777777777777 0.03802083333333333 0.04722222222222222
1 0.40130208333333334 0.11851851851851852 0.033854166666666664 0.05555555555555555
1 0.40130208333333334 0.18287037037037038 0.034895833333333334 0.058333333333333334
1 0.6981770833333333 0.18518518518518517 0.049479166666666664 0.07592592592592592
1 0.35859375 0.1550925925925926 0.0234375 0.03981481481481482
1 0.5255208333333333 0.13333333333333333 0.021875 0.02962962962962963
1 0.15755208333333334 0.09212962962962963 0.025520833333333333 0.04351851851851852
1 0.44947916666666665 0.2152777777777778 0.04791666666666667 0.075
1 0.17421875 0.10231481481481482 0.0234375 0.023148148148148147
1 0.6127604166666667 0.12685185185185185 0.030729166666666665 0.04259259259259259
1 0.834375 0.17777777777777778 0.03958333333333333 0.040740740740740744
1 0.44635416666666666 0.07731481481481481 0.021875 0.03796296296296296
1 0.2903645833333333 0.20879629629629629 0.03697916666666667 0.03425925925925926
1 0.6502604166666667 0.09907407407407408 0.0234375 0.04259259259259259
1 0.790625 0.15138888888888888 0.023958333333333335 0.019444444444444445
1 0.575 0.12824074074074074 0.028125 0.025
1 0.54453125 0.1412037037037037 0.0265625 0.028703703703703703
1 0.2630208333333333 0.09722222222222222 0.020833333333333332 0.03518518518518519
1 0.6578125 0.1449074074074074 0.034375 0.04537037037037037
1 0.52421875 0.10740740740740741 0.021354166666666667 0.027777777777777776
1 0.23098958333333333 0.1287037037037037 0.03177083333333333 0.040740740740740744
1 0.5169270833333334 0.08703703703703704 0.025520833333333333 0.037037037037037035
1 0.5497395833333333 0.09398148148148149 0.016145833333333335 0.023148148148148147
1 0.42239583333333336 0.07314814814814814 0.028125 0.03518518518518519
1 0.8518229166666667 0.15462962962962962 0.043229166666666666 0.06481481481481481
1 0.6559895833333333 0.16898148148148148 0.0296875 0.05092592592592592
1 0.57265625 0.10092592592592593 0.0234375 0.02962962962962963
1 0.17447916666666666 0.2550925925925926 0.04479166666666667 0.08055555555555556
1 0.45677083333333335 0.08472222222222223 0.022916666666666665 0.030555555555555555
1 0.33489583333333334 0.19490740740740742 0.03333333333333333 0.06759259259259259
1 0.16979166666666667 0.13194444444444445 0.035416666666666666 0.041666666666666664
1 0.559375 0.11944444444444445 0.021875 0.03148148148148148
1 0.50859375 0.12407407407407407 0.021354166666666667 0.03148148148148148
1 0.2591145833333333 0.1884259259259259 0.04739583333333333 0.058333333333333334
1 0.8015625 0.1824074074074074 0.030208333333333334 0.05185185185185185
1 0.2786458333333333 0.22916666666666666 0.06354166666666666 0.07685185185185185
1 0.35390625 0.21296296296296297 0.043229166666666666 0.07222222222222222
1 0.8932291666666666 0.18611111111111112 0.04895833333333333 0.06851851851851852
1 0.17369791666666667 0.20277777777777778 0.0484375 0.06851851851851852
1 0.47265625 0.11527777777777778 0.025520833333333333 0.04722222222222222