1 0.21171875 0.662962962962963 0.13177083333333334 0.17407407407407408
1 0.5869791666666667 0.899074074074074 0.16770833333333332 0.2
1 0.4979166666666667 0.763425925925926 0.14479166666666668 0.18796296296296297
1 0.38255208333333335 0.5435185185185185 0.1015625 0.13518518518518519
1 0.7432291666666667 0.7351851851851852 0.13958333333333334 0.1962962962962963
1 0.19583333333333333 0.5199074074074074 0.09791666666666667 0.125
1 0.5981770833333333 0.37175925925925923 0.07447916666666667 0.09907407407407408
1 0.8953125 0.2773148148148148 0.057291666666666664 0.075
1 0.7166666666666667 0.45601851851851855 0.09895833333333333 0.15462962962962962
1 0.44921875 0.3611111111111111 0.058854166666666666 0.09444444444444444
1 0.6502604166666667 0.6388888888888888 0.11614583333333334 0.15555555555555556
1 0.17473958333333334 0.3458333333333333 0.058854166666666666 0.08425925925925926
1 0.92890625 0.6504629629629629 0.14114583333333333 0.1787037037037037
1 0.8596354166666667 0.5847222222222223 0.1171875 0.14722222222222223
1 0.8091145833333333 0.3958333333333333 0.08802083333333334 0.13240740740740742
1 0.32890625 0.37824074074074077 0.06822916666666666 0.09907407407407408
1 0.5234375 0.29444444444444445 0.06145833333333333 0.08148148148148149
1 0.47604166666666664 0.2611111111111111 0.053125 0.07037037037037037
1 0.6684895833333333 0.30462962962962964 0.06302083333333333 0.0962962962962963
1 0.5010416666666667 0.39861111111111114 0.07708333333333334 0.125
1 0.3723958333333333 0.4425925925925926 0.07916666666666666 0.1111111111111111
1 0.42890625 0.3236111111111111 0.05677083333333333 0.08611111111111111
1 0.78046875 0.22777777777777777 0.0484375 0.06666666666666667
1 0.7278645833333334 0.2023148148148148 0.044270833333333336 0.062037037037037036
1 0.4005208333333333 0.2689814814814815 0.052083333333333336 0.09166666666666666
1 0.38619791666666664 0.11388888888888889 0.018229166666666668 0.037037037037037035
1 0.9416666666666667 0.18703703703703703 0.04375 0.06666666666666667
1 0.8927083333333333 0.22824074074074074 0.052083333333333336 0.0712962962962963
1 0.2911458333333333 0.28379629629629627 0.065625 0.10648148148148148
1 0.7518229166666667 0.3453703703703704 0.0765625 0.10925925925925926
1 0.31197916666666664 0.16805555555555557 0.040625 0.05277777777777778
1 0.4596354166666667 0.15833333333333333 0.034895833333333334 0.05
1 0.4078125 0.12175925925925926 0.035416666666666666 0.058333333333333334
1 0.42526041666666664 0.2 0.034895833333333334 0.05185185185185185
1 0.3651041666666667 0.25092592592592594 0.040625 0.06296296296296296
1 0.353125 0.13796296296296295 0.030208333333333334 0.04814814814814815
1 0.8627604166666667 0.1787037037037037 0.04635416666666667 0.06666666666666667
1 0.5919270833333333 0.13935185185185187 0.0296875 0.041666666666666664
1 0.61015625 0.1787037037037037 0.04010416666666667 0.037037037037037035
1 0.23567708333333334 0.15462962962962962 0.028645833333333332 0.044444444444444446
1 0.36796875 0.1597222222222222 0.030729166666666665 0.041666666666666664
1 0.96171875 0.5337962962962963 0.07552083333333333 0.14722222222222223
1 0.725 0.16805555555555557 0.042708333333333334 0.05092592592592592
1 0.45729166666666665 0.2222222222222222 0.052083333333333336 0.07962962962962963
1 0.3859375 0.16898148148148148 0.035416666666666666 0.04722222222222222
1 0.5541666666666667 0.14537037037037037 0.026041666666666668 0.03333333333333333
1 0.18828125 0.29768518518518516 0.0515625 0.07685185185185185
1 0.6463541666666667 0.27870370370370373 0.0625 0.10555555555555556
1 0.59765625 0.11944444444444445 0.034895833333333334 0.044444444444444446
1 0.81328125 0.2037037037037037 0.04010416666666667 0.06111111111111111
1 0.5786458333333333 0.1550925925925926 0.0375 0.04537037037037037
1 0.26328125 0.10046296296296296 0.022395833333333334 0.03981481481481482
1 0.340625 0.20185185185185187 0.034375 0.06851851851851852
1 0.3385416666666667 0.07268518518518519 0.020833333333333332 0.028703703703703703
1 0.33515625 0.11990740740740741 0.030729166666666665 0.049074074074074076
1 0.5276041666666667 0.13472222222222222 0.019791666666666666 0.026851851851851852
1 0.28177083333333336 0.11574074074074074 0.034375 0.04814814814814815
1 0.69375 0.1162037037037037 0.029166666666666667 0.03796296296296296
1 0.25364583333333335 0.1884259259259259 0.03854166666666667 0.0712962962962963
1 0.37213541666666666 0.09675925925925925 0.022395833333333334 0.03611111111111111
1 0.4640625 0.10231481481481482 0.025 0.028703703703703703
1 0.44895833333333335 0.14537037037037037 0.03229166666666667 0.05555555555555555
1 0.646875 0.17083333333333334 0.021875 0.058333333333333334
1 0.6080729166666666 0.5388888888888889 0.10677083333333333 0.17037037037037037
1 0.184375 0.15833333333333333 0.041666666666666664 0.06481481481481481
1 0.6739583333333333 0.17546296296296296 0.046875 0.07314814814814814
1 0.7036458333333333 0.13935185185185187 0.030208333333333334 0.04351851851851852
1 0.17317708333333334 0.1 0.021354166666666667 0.022222222222222223
1 0.4088541666666667 0.18935185185185185 0.035416666666666666 0.06018518518518518
1 0.496875 0.1175925925925926 0.01875 0.027777777777777776
1 0.8294270833333334 0.14305555555555555 0.043229166666666666 0.05648148148148148
1 0.3606770833333333 0.22083333333333333 0.04635416666666667 0.075
1 0.26510416666666664 0.19166666666666668 0.041666666666666664 0.05
1 0.6643229166666667 0.12037037037037036 0.028645833333333332 0.040740740740740744
1 0.5372395833333333 0.09166666666666666 0.022395833333333334 0.024074074074074074
1 0.15677083333333333 0.09305555555555556 0.025 0.04351851851851852
1 0.621875 0.10787037037037037 0.025 0.03425925925925926
1 0.5625 0.09583333333333334 0.025 0.026851851851851852
1 0.5609375 0.12037037037037036 0.029166666666666667 0.024074074074074074
1 0.25234375 0.2273148148148148 0.0234375 0.062037037037037036
1 0.50546875 0.08472222222222223 0.024479166666666666 0.03796296296296296
1 0.16588541666666667 0.19305555555555556 0.0359375 0.03796296296296296
1 0.28020833333333334 0.23796296296296296 0.06458333333333334 0.07592592592592592
1 0.1625 0.13657407407407407 0.023958333333333335 0.03981481481481482
1 0.6408854166666667 0.09537037037037037 0.022395833333333334 0.03888888888888889
1 0.2950520833333333 0.21712962962962962 0.034895833333333334 0.032407407407407406
1 0.21484375 0.08703703703703704 0.027604166666666666 0.03888888888888889
1 0.171875 0.23981481481481481 0.05 0.06111111111111111
1 0.17708333333333334 0.26157407407407407 0.046875 0.08425925925925926
1 0.2791666666666667 0.14907407407407408 0.034375 0.044444444444444446
1 0.7669270833333334 0.17407407407407408 0.043229166666666666 0.05740740740740741
1 0.23203125 0.13055555555555556 0.03177083333333333 0.037037037037037035
1 0.9924479166666667 0.8018518518518518 0.0140625 0.10740740740740741