2 0.6622395833333333 0.36203703703703705 0.10572916666666667 0.2074074074074074
2 0.7776041666666667 0.08842592592592592 0.058333333333333334 0.08981481481481482
2 0.846875 0.1361111111111111 0.075 0.11851851851851852
1 0.73359375 0.7537037037037037 0.13385416666666666 0.18518518518518517
1 0.5734375 0.337037037037037 0.065625 0.08518518518518518
1 0.4518229166666667 0.6777777777777778 0.12552083333333333 0.20185185185185187
1 0.6729166666666667 0.6356481481481482 0.115625 0.14722222222222223
1 0.35520833333333335 0.4125 0.078125 0.10462962962962963
1 0.4859375 0.4009259259259259 0.07291666666666667 0.10740740740740741
1 0.66796875 0.2101851851851852 0.0484375 0.04259259259259259
1 0.40677083333333336 0.6037037037037037 0.09583333333333334 0.15185185185185185
1 0.20625 0.5592592592592592 0.09166666666666666 0.1259259259259259
1 0.2799479166666667 0.28425925925925927 0.05572916666666667 0.07222222222222222
1 0.5963541666666666 0.2611111111111111 0.052083333333333336 0.06666666666666667
1 0.9005208333333333 0.2722222222222222 0.06354166666666666 0.1
1 0.5963541666666666 0.37916666666666665 0.035416666666666666 0.09351851851851851
1 0.7674479166666667 0.49583333333333335 0.11302083333333333 0.18425925925925926
1 0.50703125 0.2828703703703704 0.05260416666666667 0.07314814814814814
1 0.47552083333333334 0.2513888888888889 0.053125 0.06759259259259259
1 0.19114583333333332 0.5018518518518519 0.09166666666666666 0.10925925925925926
1 0.9677083333333333 0.9583333333333334 0.06354166666666666 0.08148148148148149
1 0.5625 0.23657407407407408 0.053125 0.07685185185185185
1 0.19010416666666666 0.25787037037037036 0.04791666666666667 0.06944444444444445
1 0.2635416666666667 0.20833333333333334 0.03854166666666667 0.05185185185185185
1 0.9325520833333333 0.18611111111111112 0.0421875 0.06666666666666667
1 0.8015625 0.22685185185185186 0.028125 0.06111111111111111
1 0.62421875 0.1625 0.03697916666666667 0.05092592592592592
1 0.3380208333333333 0.36157407407407405 0.08333333333333333 0.13055555555555556
1 0.69375 0.1337962962962963 0.021875 0.04351851851851852
1 0.3619791666666667 0.2537037037037037 0.03229166666666667 0.06851851851851852
1 0.47213541666666664 0.36018518518518516 0.06302083333333333 0.0962962962962963
1 0.42265625 0.29907407407407405 0.06510416666666667 0.10925925925925926
1 0.44166666666666665 0.2222222222222222 0.04791666666666667 0.053703703703703705
1 0.35 0.2199074074074074 0.04895833333333333 0.07685185185185185
1 0.38697916666666665 0.16342592592592592 0.0375 0.05462962962962963
1 0.6083333333333333 0.15046296296296297 0.03333333333333333 0.05092592592592592
1 0.18177083333333333 0.42083333333333334 0.06979166666666667 0.11018518518518519
1 0.18645833333333334 0.20462962962962963 0.040625 0.05
1 0.5690104166666666 0.13472222222222222 0.0328125 0.04722222222222222
1 0.73359375 0.14027777777777778 0.033854166666666664 0.03796296296296296
1 0.91171875 0.17407407407407408 0.0390625 0.06666666666666667
1 0.50703125 0.10648148148148148 0.030729166666666665 0.046296296296296294
1 0.26223958333333336 0.09768518518518518 0.022395833333333334 0.03981481481481482
1 0.7458333333333333 0.2111111111111111 0.04583333333333333 0.06296296296296296
1 0.33177083333333335 0.19722222222222222 0.03125 0.05
1 0.3578125 0.1398148148148148 0.034375 0.04814814814814815
1 0.3265625 0.11342592592592593 0.035416666666666666 0.03425925925925926
1 0.3927083333333333 0.11203703703703703 0.034375 0.046296296296296294
1 0.3145833333333333 0.15925925925925927 0.03333333333333333 0.05555555555555555
1 0.48515625 0.1 0.0203125 0.03333333333333333
1 0.8315104166666667 0.1935185185185185 0.044270833333333336 0.07407407407407407
1 0.29244791666666664 0.13425925925925927 0.033854166666666664 0.05185185185185185
1 0.465625 0.0875 0.019791666666666666 0.03611111111111111
1 0.596875 0.13564814814814816 0.03229166666666667 0.06388888888888888
1 0.7484375 0.1476851851851852 0.029166666666666667 0.030555555555555555
1 0.6669270833333333 0.14074074074074075 0.04010416666666667 0.06296296296296296
1 0.7799479166666666 0.16111111111111112 0.04010416666666667 0.06481481481481481
1 0.4231770833333333 0.07083333333333333 0.021354166666666667 0.030555555555555555
1 0.9716145833333333 0.19305555555555556 0.0546875 0.07685185185185185
1 0.17005208333333333 0.08101851851851852 0.0265625 0.025
1 0.24583333333333332 0.1648148148148148 0.0375 0.05
1 0.44921875 0.0763888888888889 0.021354166666666667 0.03981481481481482
1 0.7669270833333334 0.25 0.0484375 0.06296296296296296
1 0.3104166666666667 0.09166666666666666 0.034375 0.03333333333333333
1 0.6244791666666667 0.11805555555555555 0.03125 0.03981481481481482
1 0.4270833333333333 0.14583333333333334 0.04583333333333333 0.05462962962962963
1 0.17552083333333332 0.17592592592592593 0.04791666666666667 0.04814814814814815
1 0.646875 0.13240740740740742 0.019791666666666666 0.044444444444444446
1 0.6057291666666667 0.09583333333333334 0.021875 0.01574074074074074
1 0.39140625 0.2601851851851852 0.04739583333333333 0.08333333333333333
1 0.37005208333333334 0.09537037037037037 0.025520833333333333 0.044444444444444446
1 0.18645833333333334 0.36342592592592593 0.078125 0.12129629629629629
1 0.39453125 0.18194444444444444 0.027604166666666666 0.05462962962962963
1 0.59375 0.08518518518518518 0.029166666666666667 0.03148148148148148
1 0.5510416666666667 0.06666666666666667 0.026041666666666668 0.03518518518518519
1 0.6486979166666667 0.10138888888888889 0.022395833333333334 0.021296296296296296
1 0.39505208333333336 0.2828703703703704 0.0484375 0.0787037037037037
1 0.24635416666666668 0.08009259259259259 0.026041666666666668 0.03425925925925926
1 0.321875 0.0699074074074074 0.025 0.019444444444444445
1 0.22604166666666667 0.12962962962962962 0.0375 0.037037037037037035
1 0.4153645833333333 0.1300925925925926 0.0265625 0.03611111111111111
1 0.4197916666666667 0.18611111111111112 0.040625 0.06296296296296296
1 0.16796875 0.1412037037037037 0.0328125 0.03611111111111111
1 0.40182291666666664 0.06666666666666667 0.021354166666666667 0.022222222222222223
1 0.7265625 0.19444444444444445 0.041666666666666664 0.07407407407407407
1 0.259375 0.1865740740740741 0.05 0.04351851851851852
1 0.8494791666666667 0.2125 0.04791666666666667 0.07685185185185185