1 0.4875 0.7606481481481482 0.13333333333333333 0.17314814814814813
1 0.2755208333333333 0.8856481481481482 0.16041666666666668 0.225
1 0.51875 0.300462962962963 0.06145833333333333 0.07685185185185185
1 0.40859375 0.5916666666666667 0.1046875 0.1425925925925926
1 0.06302083333333333 0.43333333333333335 0.08020833333333334 0.1259259259259259
1 0.7046875 0.6759259259259259 0.12291666666666666 0.17037037037037037
1 0.5736979166666667 0.5083333333333333 0.0921875 0.13703703703703704
1 0.203125 0.4726851851851852 0.09479166666666666 0.125
1 0.6763020833333333 0.4305555555555556 0.07447916666666667 0.10925925925925926
1 0.1859375 0.39444444444444443 0.075 0.09814814814814815
1 0.80546875 0.5407407407407407 0.10260416666666666 0.15
1 0.7768229166666667 0.3861111111111111 0.07864583333333333 0.10555555555555556
1 0.9291666666666667 0.2865740740740741 0.06145833333333333 0.08055555555555556
1 0.4671875 0.24537037037037038 0.05 0.06666666666666667
1 0.5169270833333334 0.46064814814814814 0.0765625 0.11388888888888889
1 0.6739583333333333 0.30185185185185187 0.065625 0.1037037037037037
1 0.5979166666666667 0.3509259259259259 0.07708333333333334 0.11481481481481481
1 0.7151041666666667 0.4625 0.09791666666666667 0.1287037037037037
1 0.5739583333333333 0.2439814814814815 0.051041666666666666 0.0787037037037037
1 0.3411458333333333 0.40694444444444444 0.075 0.10092592592592593
1 0.43359375 0.22037037037037038 0.0453125 0.06111111111111111
1 0.30182291666666666 0.3055555555555556 0.0578125 0.07962962962962963
1 0.4236979166666667 0.13564814814814816 0.0328125 0.04351851851851852
1 0.9041666666666667 0.4564814814814815 0.09583333333333334 0.14444444444444443
1 0.9796875 0.749537037037037 0.03958333333333333 0.23425925925925925
1 0.39114583333333336 0.5226851851851851 0.103125 0.13240740740740742
1 0.8486979166666667 0.24675925925925926 0.05364583333333333 0.0824074074074074
1 0.17682291666666666 0.2861111111111111 0.049479166666666664 0.07222222222222222
1 0.32786458333333335 0.34675925925925927 0.06197916666666667 0.08981481481481482
1 0.4010416666666667 0.2935185185185185 0.04583333333333333 0.07962962962962963
1 0.63125 0.2712962962962963 0.05625 0.08888888888888889
1 0.6984375 0.22083333333333333 0.05 0.049074074074074076
1 0.43776041666666665 0.31712962962962965 0.06197916666666667 0.10092592592592593
1 0.9841145833333333 0.20601851851851852 0.030729166666666665 0.075
1 0.49114583333333334 0.39861111111111114 0.08020833333333334 0.125
1 0.3880208333333333 0.2662037037037037 0.04791666666666667 0.07314814814814814
1 0.3375 0.21388888888888888 0.035416666666666666 0.05740740740740741
1 0.64921875 0.1875 0.0453125 0.05092592592592592
1 0.6692708333333334 0.1259259259259259 0.030208333333333334 0.04259259259259259
1 0.7080729166666667 0.16574074074074074 0.03697916666666667 0.05185185185185185
1 0.85 0.18287037037037038 0.034375 0.04722222222222222
1 0.6197916666666666 0.17592592592592593 0.03125 0.03888888888888889
1 0.3390625 0.17916666666666667 0.03854166666666667 0.04351851851851852
1 0.5575520833333333 0.22453703703703703 0.05260416666666667 0.08796296296296297
1 0.6541666666666667 0.16712962962962963 0.036458333333333336 0.04537037037037037
1 0.39296875 0.17314814814814813 0.03177083333333333 0.044444444444444446
1 0.42239583333333336 0.19166666666666668 0.04375 0.06851851851851852
1 0.38177083333333334 0.10555555555555556 0.03125 0.05
1 0.2716145833333333 0.23935185185185184 0.058854166666666666 0.09351851851851851
1 0.7447916666666666 0.1287037037037037 0.025 0.037037037037037035
1 0.8997395833333334 0.2074074074074074 0.03697916666666667 0.06111111111111111
1 0.5861979166666667 0.16296296296296298 0.034895833333333334 0.03518518518518519
1 0.81953125 0.20092592592592592 0.033854166666666664 0.06111111111111111
1 0.17239583333333333 0.13518518518518519 0.036458333333333336 0.044444444444444446
1 0.49609375 0.11990740740740741 0.027604166666666666 0.03611111111111111
1 0.30026041666666664 0.14537037037037037 0.03177083333333333 0.044444444444444446
1 0.41510416666666666 0.125 0.027083333333333334 0.04814814814814815
1 0.3658854166666667 0.22916666666666666 0.04635416666666667 0.0787037037037037
1 0.6200520833333333 0.15092592592592594 0.033854166666666664 0.03888888888888889
1 0.16276041666666666 0.07824074074074074 0.024479166666666666 0.021296296296296296
1 0.6786458333333333 0.10601851851851851 0.027083333333333334 0.04537037037037037
1 0.6020833333333333 0.11435185185185186 0.028125 0.03796296296296296
1 0.7848958333333333 0.21666666666666667 0.058333333333333334 0.08888888888888889
1 0.225 0.11990740740740741 0.03125 0.03796296296296296
1 0.6393229166666666 0.12638888888888888 0.0265625 0.028703703703703703
1 0.2716145833333333 0.10555555555555556 0.03177083333333333 0.04259259259259259
1 0.65234375 0.13703703703703704 0.034895833333333334 0.03518518518518519
1 0.25026041666666665 0.16805555555555557 0.04114583333333333 0.05277777777777778
1 0.5666666666666667 0.14907407407407408 0.028125 0.03333333333333333
1 0.9216145833333333 0.16296296296296298 0.050520833333333334 0.046296296296296294
1 0.75703125 0.16157407407407406 0.030729166666666665 0.032407407407407406
1 0.3625 0.1 0.013541666666666667 0.03148148148148148
1 0.5135416666666667 0.10601851851851851 0.030208333333333334 0.04537037037037037
1 0.3533854166666667 0.08425925925925926 0.0203125 0.03148148148148148
1 0.47604166666666664 0.09398148148148149 0.026041666666666668 0.030555555555555555
1 0.34479166666666666 0.13703703703703704 0.028125 0.037037037037037035
1 0.28463541666666664 0.12083333333333333 0.034895833333333334 0.03611111111111111
1 0.3184895833333333 0.10324074074074074 0.027604166666666666 0.03981481481481482
1 0.4393229166666667 0.08148148148148149 0.022395833333333334 0.03518518518518519
1 0.34270833333333334 0.12361111111111112 0.030208333333333334 0.04537037037037037
1 0.359375 0.14537037037037037 0.030208333333333334 0.040740740740740744
1 0.31927083333333334 0.17453703703703705 0.030208333333333334 0.06018518518518518
1 0.5567708333333333 0.1175925925925926 0.025 0.027777777777777776
1 0.54453125 0.07268518518518519 0.018229166666666668 0.028703703703703703
1 0.41302083333333334 0.0787037037037037 0.022916666666666665 0.025925925925925925
1 0.7239583333333334 0.11342592592592593 0.021875 0.01574074074074074
1 0.725 0.14305555555555555 0.034375 0.04722222222222222
1 0.50078125 0.08101851851851852 0.021354166666666667 0.03796296296296296
1 0.16744791666666667 0.16574074074074074 0.027604166666666666 0.02962962962962963
1 0.73671875 0.20694444444444443 0.05364583333333333 0.07314814814814814
1 0.17239583333333333 0.22685185185185186 0.041666666666666664 0.07777777777777778
1 0.6515625 0.09444444444444444 0.028125 0.03518518518518519
1 0.5973958333333333 0.13564814814814816 0.030208333333333334 0.03981481481481482
1 0.18020833333333333 0.2518518518518518 0.04895833333333333 0.06666666666666667
1 0.21067708333333332 0.08287037037037037 0.025520833333333333 0.03611111111111111
1 0.57421875 0.1037037037037037 0.0234375 0.024074074074074074
1 0.5619791666666667 0.08888888888888889 0.027083333333333334 0.027777777777777776
1 0.92421875 0.24212962962962964 0.05677083333333333 0.075
1 0.18020833333333333 0.19537037037037036 0.03958333333333333 0.053703703703703705
1 0.8760416666666667 0.19490740740740742 0.03229166666666667 0.049074074074074076
1 0.9255208333333333 0.20879629629629629 0.051041666666666666 0.05648148148148148