3 0.93125 0.6018518518518519 0.13645833333333332 0.3351851851851852
2 0.8533854166666667 0.14212962962962963 0.0703125 0.15648148148148147
2 0.7450520833333333 0.11527777777777778 0.0640625 0.11574074074074074
1 0.20859375 0.8319444444444445 0.1484375 0.17685185185185184
1 0.7651041666666667 0.5138888888888888 0.10104166666666667 0.1259259259259259
1 0.74453125 0.37592592592592594 0.07447916666666667 0.10185185185185185
1 0.6723958333333333 0.6513888888888889 0.125 0.1675925925925926
1 0.83984375 0.6023148148148149 0.06510416666666667 0.1527777777777778
1 0.29010416666666666 0.9342592592592592 0.159375 0.12962962962962962
1 0.4544270833333333 0.6666666666666666 0.12239583333333333 0.1648148148148148
1 0.6434895833333333 0.40185185185185185 0.07552083333333333 0.10740740740740741
1 0.9481770833333333 0.3490740740740741 0.07447916666666667 0.09074074074074075
1 0.8815104166666666 0.27361111111111114 0.0609375 0.075
1 0.18828125 0.3402777777777778 0.06302083333333333 0.08796296296296297
1 0.6286458333333333 0.5648148148148148 0.096875 0.14444444444444443
1 0.49322916666666666 0.1837962962962963 0.03958333333333333 0.062037037037037036
1 0.39817708333333335 0.5648148148148148 0.1234375 0.19814814814814816
1 0.5661458333333333 0.3398148148148148 0.06875 0.09444444444444444
1 0.4044270833333333 0.2847222222222222 0.06302083333333333 0.09722222222222222
1 0.5088541666666667 0.29212962962962963 0.05 0.0824074074074074
1 0.6541666666666667 0.1726851851851852 0.03854166666666667 0.049074074074074076
1 0.79765625 0.26805555555555555 0.058854166666666666 0.058333333333333334
1 0.22447916666666667 0.6597222222222222 0.11354166666666667 0.16944444444444445
1 0.28359375 0.26296296296296295 0.04739583333333333 0.06666666666666667
1 0.7361979166666667 0.20416666666666666 0.04635416666666667 0.075
1 0.6098958333333333 0.17962962962962964 0.03958333333333333 0.040740740740740744
1 0.49166666666666664 0.43148148148148147 0.096875 0.1537037037037037
1 0.4440104166666667 0.3449074074074074 0.06614583333333333 0.11018518518518519
1 0.33671875 0.33935185185185185 0.06822916666666666 0.06574074074074074
1 0.33359375 0.3907407407407407 0.0734375 0.09814814814814815
1 0.19583333333333333 0.2708333333333333 0.046875 0.07314814814814814
1 0.56171875 0.15462962962962962 0.0328125 0.03888888888888889
1 0.53515625 0.31203703703703706 0.0578125 0.09074074074074075
1 0.8411458333333334 0.24166666666666667 0.046875 0.06296296296296296
1 0.3734375 0.24814814814814815 0.040625 0.06666666666666667
1 0.4322916666666667 0.14537037037037037 0.035416666666666666 0.05
1 0.9705729166666667 0.29907407407407405 0.0578125 0.08888888888888889
1 0.275 0.2388888888888889 0.04895833333333333 0.06111111111111111
1 0.7015625 0.3277777777777778 0.071875 0.10555555555555556
1 0.20260416666666667 0.5569444444444445 0.09791666666666667 0.18055555555555555
1 0.5552083333333333 0.12083333333333333 0.021875 0.030555555555555555
1 0.46432291666666664 0.16805555555555557 0.028645833333333332 0.04537037037037037
1 0.4630208333333333 0.38425925925925924 0.065625 0.1037037037037037
1 0.35651041666666666 0.13796296296296295 0.030729166666666665 0.040740740740740744
1 0.8265625 0.20879629629629629 0.046875 0.06018518518518518
1 0.71171875 0.1648148148148148 0.0390625 0.05925925925925926
1 0.2484375 0.16666666666666666 0.03854166666666667 0.05185185185185185
1 0.4244791666666667 0.20277777777777778 0.046875 0.06296296296296296
1 0.39609375 0.175 0.0390625 0.05925925925925926
1 0.2596354166666667 0.2 0.04739583333333333 0.05555555555555555
1 0.4471354166666667 0.22407407407407406 0.0390625 0.06481481481481481
1 0.8973958333333333 0.1712962962962963 0.028125 0.06666666666666667
1 0.37213541666666666 0.16111111111111112 0.030729166666666665 0.044444444444444446
1 0.35833333333333334 0.2199074074074074 0.041666666666666664 0.06574074074074074
1 0.27838541666666666 0.11527777777777778 0.028645833333333332 0.04351851851851852
1 0.48854166666666665 0.10231481481481482 0.026041666666666668 0.032407407407407406
1 0.33671875 0.1935185185185185 0.03802083333333333 0.06666666666666667
1 0.4700520833333333 0.08888888888888889 0.028645833333333332 0.040740740740740744
1 0.5151041666666667 0.10972222222222222 0.026041666666666668 0.041666666666666664
1 0.171875 0.16296296296296298 0.03333333333333333 0.037037037037037035
1 0.33932291666666664 0.12546296296296297 0.028645833333333332 0.03611111111111111
1 0.4200520833333333 0.12777777777777777 0.03177083333333333 0.040740740740740744
1 0.3424479166666667 0.07685185185185185 0.024479166666666666 0.03333333333333333
1 0.590625 0.11342592592592593 0.03229166666666667 0.05277777777777778
1 0.31666666666666665 0.16712962962962963 0.035416666666666666 0.058333333333333334
1 0.565625 0.10231481481481482 0.026041666666666668 0.03981481481481482
1 0.46901041666666665 0.2462962962962963 0.050520833333333334 0.08518518518518518
1 0.16875 0.12083333333333333 0.03229166666666667 0.023148148148148147
1 0.68515625 0.14675925925925926 0.0328125 0.05648148148148148
1 0.553125 0.07222222222222222 0.025 0.027777777777777776
1 0.2171875 0.08194444444444444 0.03125 0.030555555555555555
1 0.2953125 0.13287037037037036 0.03229166666666667 0.05092592592592592
1 0.23359375 0.14166666666666666 0.0390625 0.06111111111111111
1 0.8088541666666667 0.1449074074074074 0.025 0.058333333333333334
1 0.5260416666666666 0.08333333333333333 0.026041666666666668 0.022222222222222223
1 0.6541666666666667 0.10555555555555556 0.026041666666666668 0.03333333333333333
1 0.6486979166666667 0.13564814814814816 0.027604166666666666 0.028703703703703703
1 0.62421875 0.11157407407407408 0.025520833333333333 0.03611111111111111
1 0.3299479166666667 0.11157407407407408 0.028645833333333332 0.03981481481481482
1 0.5885416666666666 0.08472222222222223 0.021875 0.017592592592592594
1 0.6640625 0.125 0.01875 0.040740740740740744
1 0.44609375 0.08333333333333333 0.0234375 0.025925925925925925
1 0.17109375 0.14074074074074075 0.033854166666666664 0.037037037037037035
1 0.3216145833333333 0.07361111111111111 0.025520833333333333 0.026851851851851852
1 0.6346354166666667 0.15601851851851853 0.0296875 0.04351851851851852
1 0.20911458333333333 0.11574074074074074 0.024479166666666666 0.040740740740740744
1 0.2375 0.11296296296296296 0.029166666666666667 0.03333333333333333
1 0.3046875 0.15555555555555556 0.03125 0.05185185185185185
1 0.5263020833333333 0.11481481481481481 0.019270833333333334 0.04814814814814815
1 0.18307291666666667 0.24074074074074073 0.04635416666666667 0.08333333333333333
1 0.1765625 0.20833333333333334 0.04895833333333333 0.06851851851851852
1 0.9471354166666667 0.2449074074074074 0.059895833333333336 0.0824074074074074
1 0.6177083333333333 0.12916666666666668 0.030208333333333334 0.025
1 0.6111979166666667 0.14907407407407408 0.025520833333333333 0.027777777777777776