2 0.7677083333333333 0.11666666666666667 0.06666666666666667 0.13148148148148148
2 0.6838541666666667 0.09583333333333334 0.053125 0.10277777777777777
1 0.11223958333333334 0.42453703703703705 0.07760416666666667 0.12129629629629629
1 0.95390625 0.5171296296296296 0.09114583333333333 0.1361111111111111
1 0.8208333333333333 0.5592592592592592 0.10625 0.14814814814814814
1 0.20364583333333333 0.33055555555555555 0.057291666666666664 0.08888888888888889
1 0.44895833333333335 0.3527777777777778 0.078125 0.11851851851851852
1 0.90625 0.8921296296296296 0.16354166666666667 0.21388888888888888
1 0.6861979166666666 0.4444444444444444 0.09010416666666667 0.11481481481481481
1 0.38255208333333335 0.5199074074074074 0.09427083333333333 0.1287037037037037
1 0.6802083333333333 0.21064814814814814 0.046875 0.04722222222222222
1 0.5635416666666667 0.5032407407407408 0.1 0.13240740740740742
1 0.4109375 0.2972222222222222 0.05520833333333333 0.07777777777777778
1 0.3619791666666667 0.4699074074074074 0.09479166666666666 0.12129629629629629
1 0.6296875 0.6055555555555555 0.13645833333333332 0.21666666666666667
1 0.5234375 0.44027777777777777 0.09166666666666666 0.14537037037037037
1 0.5635416666666667 0.8629629629629629 0.20833333333333334 0.27037037037037037
1 0.6817708333333333 0.9726851851851852 0.15 0.05277777777777778
1 0.5893229166666667 0.36018518518518516 0.0640625 0.1
1 0.9848958333333333 0.7782407407407408 0.029166666666666667 0.18055555555555555
1 0.6322916666666667 0.3958333333333333 0.08020833333333334 0.11388888888888889
1 0.4669270833333333 0.23703703703703705 0.050520833333333334 0.07222222222222222
1 0.47161458333333334 0.16944444444444445 0.04114583333333333 0.05925925925925926
1 0.7888020833333333 0.25416666666666665 0.0484375 0.05277777777777778
1 0.8341145833333333 0.2810185185185185 0.05364583333333333 0.06388888888888888
1 0.73671875 0.20462962962962963 0.043229166666666666 0.06111111111111111
1 0.9880208333333333 0.20833333333333334 0.022916666666666665 0.05740740740740741
1 0.5122395833333333 0.19953703703703704 0.0390625 0.05648148148148148
1 0.39817708333333335 0.18333333333333332 0.03802083333333333 0.05185185185185185
1 0.5044270833333333 0.26481481481481484 0.0484375 0.07592592592592592
1 0.734375 0.1726851851851852 0.042708333333333334 0.05277777777777778
1 0.3770833333333333 0.2574074074074074 0.053125 0.07592592592592592
1 0.9583333333333334 0.2953703703703704 0.065625 0.07222222222222222
1 0.9041666666666667 0.3138888888888889 0.06875 0.06481481481481481
1 0.51796875 0.10925925925925926 0.0265625 0.03888888888888889
1 0.26927083333333335 0.9523148148148148 0.159375 0.09351851851851851
1 0.5018229166666667 0.12361111111111112 0.027604166666666666 0.032407407407407406
1 0.20078125 0.125 0.027604166666666666 0.044444444444444446
1 0.37734375 0.15601851851851853 0.034895833333333334 0.049074074074074076
1 0.9229166666666667 0.20787037037037037 0.04791666666666667 0.058333333333333334
1 0.5869791666666667 0.14166666666666666 0.03333333333333333 0.04259259259259259
1 0.978125 0.3685185185185185 0.042708333333333334 0.1037037037037037
1 0.24166666666666667 0.15694444444444444 0.04375 0.06759259259259259
1 0.9627604166666667 0.1962962962962963 0.03802083333333333 0.05555555555555555
1 0.8744791666666667 0.4305555555555556 0.09375 0.12962962962962962
1 0.43307291666666664 0.20277777777777778 0.0421875 0.07222222222222222
1 0.4453125 0.22916666666666666 0.03333333333333333 0.06388888888888888
1 0.8765625 0.25324074074074077 0.051041666666666666 0.06759259259259259
1 0.5703125 0.12777777777777777 0.022916666666666665 0.040740740740740744
1 0.77265625 0.22083333333333333 0.0515625 0.062037037037037036
1 0.8182291666666667 0.14814814814814814 0.041666666666666664 0.05925925925925926
1 0.17057291666666666 0.1837962962962963 0.0359375 0.05092592592592592
1 0.3375 0.19074074074074074 0.0375 0.06481481481481481
1 0.2953125 0.28055555555555556 0.05416666666666667 0.07222222222222222
1 0.6591145833333333 0.16805555555555557 0.04010416666666667 0.06574074074074074
1 0.91953125 0.24074074074074073 0.04739583333333333 0.07037037037037037
1 0.87109375 0.21805555555555556 0.0515625 0.05648148148148148
1 0.8223958333333333 0.2222222222222222 0.04895833333333333 0.05
1 0.55 0.2175925925925926 0.046875 0.07407407407407407
1 0.3541666666666667 0.13935185185185187 0.03125 0.03796296296296296
1 0.22005208333333334 0.8310185185185185 0.14635416666666667 0.2657407407407407
1 0.8111979166666666 0.19027777777777777 0.043229166666666666 0.05092592592592592
1 0.17552083333333332 0.25555555555555554 0.04583333333333333 0.06851851851851852
1 0.45364583333333336 0.14722222222222223 0.034375 0.04259259259259259
1 0.7135416666666666 0.11388888888888889 0.029166666666666667 0.05185185185185185
1 0.44114583333333335 0.14212962962962963 0.029166666666666667 0.04722222222222222
1 0.28854166666666664 0.12638888888888888 0.029166666666666667 0.04722222222222222
1 0.64609375 0.13564814814814816 0.033854166666666664 0.05462962962962963
1 0.3046875 0.1439814814814815 0.036458333333333336 0.049074074074074076
1 0.55390625 0.07777777777777778 0.022395833333333334 0.025925925925925925
1 0.3190104166666667 0.17592592592592593 0.03177083333333333 0.05925925925925926
1 0.6192708333333333 0.12175925925925926 0.03125 0.05462962962962963
1 0.5619791666666667 0.11203703703703703 0.027083333333333334 0.03518518518518519
1 0.1703125 0.1388888888888889 0.03854166666666667 0.03333333333333333
1 0.25625 0.18888888888888888 0.034375 0.053703703703703705
1 0.35911458333333335 0.08657407407407407 0.024479166666666666 0.03425925925925926
1 0.5427083333333333 0.2986111111111111 0.06354166666666666 0.10277777777777777
1 0.43020833333333336 0.1337962962962963 0.03333333333333333 0.058333333333333334
1 0.5291666666666667 0.06111111111111111 0.026041666666666668 0.022222222222222223
1 0.44583333333333336 0.07685185185185185 0.025 0.037037037037037035
1 0.5825520833333333 0.09537037037037037 0.021354166666666667 0.027777777777777776
1 0.6341145833333334 0.0912037037037037 0.0203125 0.028703703703703703
1 0.3645833333333333 0.2222222222222222 0.04375 0.07777777777777778
1 0.28020833333333334 0.11805555555555555 0.023958333333333335 0.04537037037037037
1 0.16796875 0.0787037037037037 0.030729166666666665 0.024074074074074074
1 0.15807291666666667 0.10740740740740741 0.0328125 0.04814814814814815
1 0.22604166666666667 0.11157407407407408 0.028125 0.03981481481481482
1 0.34921875 0.0787037037037037 0.021354166666666667 0.03148148148148148
1 0.6109375 0.09444444444444444 0.019791666666666666 0.024074074074074074
1 0.33098958333333334 0.0712962962962963 0.024479166666666666 0.022222222222222223
1 0.54765625 0.14444444444444443 0.0328125 0.03518518518518519
1 0.190625 0.07962962962962963 0.017708333333333333 0.022222222222222223
1 0.30572916666666666 0.3194444444444444 0.05520833333333333 0.07407407407407407
1 0.17552083333333332 0.22361111111111112 0.05 0.05092592592592592
1 0.2515625 0.07685185185185185 0.019791666666666666 0.02962962962962963
1 0.46510416666666665 0.08564814814814815 0.023958333333333335 0.032407407407407406
1 0.32578125 0.10138888888888889 0.027604166666666666 0.03796296296296296
1 0.4049479166666667 0.06527777777777778 0.016145833333333335 0.023148148148148147
1 0.64921875 0.09722222222222222 0.019270833333333334 0.025925925925925925
1 0.16666666666666666 0.15833333333333333 0.03125 0.040740740740740744
1 0.27630208333333334 0.262037037037037 0.0453125 0.06851851851851852
1 0.59375 0.12453703703703704 0.025 0.049074074074074076
1 0.34453125 0.12083333333333333 0.0390625 0.04537037037037037
1 0.27005208333333336 0.22824074074074074 0.049479166666666664 0.06759259259259259
1 0.19401041666666666 0.2884259259259259 0.05572916666666667 0.09907407407407408