2 0.9635416666666666 0.18009259259259258 0.071875 0.1675925925925926
2 0.67109375 0.8231481481481482 0.36822916666666666 0.35185185185185186
2 0.9513020833333333 0.7277777777777777 0.09635416666666667 0.5407407407407407
2 0.8622395833333333 0.1162037037037037 0.07135416666666666 0.11574074074074074
2 0.9078125 0.4185185185185185 0.146875 0.16296296296296298
1 0.7166666666666667 0.4810185185185185 0.096875 0.12314814814814815
1 0.5979166666666667 0.5462962962962963 0.10520833333333333 0.13703703703703704
1 0.05390625 0.47175925925925927 0.08385416666666666 0.11018518518518519
1 0.859375 0.5958333333333333 0.09479166666666666 0.20092592592592592
1 0.47369791666666666 0.4097222222222222 0.07447916666666667 0.09722222222222222
1 0.19817708333333334 0.40185185185185185 0.06822916666666666 0.09074074074074075
1 0.8434895833333333 0.28935185185185186 0.06510416666666667 0.058333333333333334
1 0.91796875 0.2814814814814815 0.058854166666666666 0.08333333333333333
1 0.78203125 0.39675925925925926 0.0828125 0.10648148148148148
1 0.7213541666666666 0.20601851851851852 0.04479166666666667 0.06018518518518518
1 0.5197916666666667 0.449537037037037 0.08020833333333334 0.11388888888888889
1 0.6638020833333333 0.6333333333333333 0.12552083333333333 0.18333333333333332
1 0.9739583333333334 0.3597222222222222 0.051041666666666666 0.08796296296296297
1 0.3028645833333333 0.30462962962962964 0.05677083333333333 0.07962962962962963
1 0.19244791666666666 0.36064814814814816 0.06614583333333333 0.08055555555555556
1 0.5833333333333334 0.34305555555555556 0.07916666666666666 0.12685185185185185
1 0.4125 0.29768518518518516 0.059375 0.0824074074074074
1 0.47682291666666665 0.2574074074074074 0.0453125 0.06666666666666667
1 0.415625 0.20046296296296295 0.041666666666666664 0.05462962962962963
1 0.38359375 0.26990740740740743 0.044270833333333336 0.075
1 0.6041666666666666 0.1527777777777778 0.034375 0.040740740740740744
1 0.640625 0.16574074074074074 0.03854166666666667 0.053703703703703705
1 0.35546875 0.42824074074074076 0.07864583333333333 0.1287037037037037
1 0.18619791666666666 0.2064814814814815 0.04010416666666667 0.05740740740740741
1 0.4869791666666667 0.2810185185185185 0.029166666666666667 0.06944444444444445
1 0.4591145833333333 0.7962962962962963 0.1484375 0.26851851851851855
1 0.24817708333333333 0.17037037037037037 0.03697916666666667 0.044444444444444446
1 0.4546875 0.08472222222222223 0.027083333333333334 0.03425925925925926
1 0.7044270833333334 0.19166666666666668 0.0390625 0.05925925925925926
1 0.20520833333333333 0.13518518518518519 0.030208333333333334 0.037037037037037035
1 0.8625 0.19398148148148148 0.04583333333333333 0.05648148148148148
1 0.23541666666666666 0.15694444444444444 0.03854166666666667 0.04537037037037037
1 0.39479166666666665 0.11666666666666667 0.03854166666666667 0.04814814814814815
1 0.2791666666666667 0.11666666666666667 0.03229166666666667 0.044444444444444446
1 0.32838541666666665 0.40324074074074073 0.06197916666666667 0.10092592592592593
1 0.4986979166666667 0.1865740740740741 0.0609375 0.06388888888888888
1 0.31796875 0.17962962962962964 0.03697916666666667 0.06296296296296296
1 0.6734375 0.17592592592592593 0.03958333333333333 0.06666666666666667
1 0.27005208333333336 0.22453703703703703 0.0484375 0.058333333333333334
1 0.253125 0.08425925925925926 0.021875 0.03518518518518519
1 0.2674479166666667 0.09722222222222222 0.0296875 0.040740740740740744
1 0.16744791666666667 0.11898148148148148 0.030729166666666665 0.03425925925925926
1 0.3606770833333333 0.13935185185185187 0.0359375 0.05092592592592592
1 0.6661458333333333 0.1175925925925926 0.028125 0.027777777777777776
1 0.8919270833333334 0.2513888888888889 0.07447916666666667 0.08796296296296297
1 0.34739583333333335 0.0763888888888889 0.023958333333333335 0.032407407407407406
1 0.39609375 0.17916666666666667 0.03697916666666667 0.04722222222222222
1 0.44427083333333334 0.22083333333333333 0.040625 0.06018518518518518
1 0.6966145833333334 0.1439814814814815 0.04010416666666667 0.041666666666666664
1 0.303125 0.15 0.03333333333333333 0.04814814814814815
1 0.18203125 0.1699074074074074 0.034895833333333334 0.041666666666666664
1 0.8471354166666667 0.1814814814814815 0.0390625 0.06666666666666667
1 0.17265625 0.3111111111111111 0.05260416666666667 0.08703703703703704
1 0.29348958333333336 0.13518518518518519 0.028645833333333332 0.05185185185185185
1 0.34427083333333336 0.20601851851851852 0.042708333333333334 0.062037037037037036
1 0.3380208333333333 0.12083333333333333 0.029166666666666667 0.049074074074074076
1 0.3958333333333333 0.07037037037037037 0.014583333333333334 0.024074074074074074
1 0.3703125 0.23333333333333334 0.053125 0.08888888888888889
1 0.3645833333333333 0.09351851851851851 0.030208333333333334 0.040740740740740744
1 0.6385416666666667 0.09583333333333334 0.034375 0.03611111111111111
1 0.17083333333333334 0.15046296296296297 0.036458333333333336 0.04351851851851852
1 0.18255208333333334 0.2657407407407407 0.0484375 0.07777777777777778
1 0.6671875 0.1375 0.027083333333333334 0.025
1 0.9151041666666667 0.22453703703703703 0.029166666666666667 0.03611111111111111
1 0.2942708333333333 0.2726851851851852 0.057291666666666664 0.09722222222222222
1 0.5161458333333333 0.11064814814814815 0.026041666666666668 0.041666666666666664
1 0.23671875 0.13287037037037036 0.0328125 0.025
1 0.7169270833333333 0.1259259259259259 0.0296875 0.03148148148148148
1 0.34036458333333336 0.22824074074074074 0.024479166666666666 0.06388888888888888
1 0.5322916666666667 0.2814814814814815 0.06875 0.11296296296296296
1 0.9075520833333334 0.18333333333333332 0.044270833333333336 0.053703703703703705
1 0.5013020833333334 0.0962962962962963 0.025520833333333333 0.04259259259259259
1 0.9192708333333334 0.4615740740740741 0.10208333333333333 0.07685185185185185
1 0.00859375 0.5120370370370371 0.0171875 0.11666666666666667
1 0.21614583333333334 0.09861111111111111 0.030208333333333334 0.03611111111111111
1 0.390625 0.14814814814814814 0.03229166666666667 0.05185185185185185
1 0.16796875 0.0875 0.0296875 0.030555555555555555