2 0.61484375 0.08796296296296297 0.0953125 0.08703703703703704
1 0.4231770833333333 0.6217592592592592 0.10989583333333333 0.1398148148148148
1 0.23307291666666666 0.6907407407407408 0.1265625 0.17407407407407408
1 0.77578125 0.8462962962962963 0.18177083333333333 0.2796296296296296
1 0.196875 0.41203703703703703 0.08020833333333334 0.10740740740740741
1 0.3763020833333333 0.49907407407407406 0.0859375 0.12407407407407407
1 0.4908854166666667 0.27361111111111114 0.05677083333333333 0.0712962962962963
1 0.6138020833333333 0.5560185185185185 0.1015625 0.13796296296296295
1 0.5213541666666667 0.43842592592592594 0.08229166666666667 0.11944444444444445
1 0.478125 0.4013888888888889 0.0625 0.10092592592592593
1 0.62578125 0.26990740740740743 0.058854166666666666 0.09166666666666666
1 0.1390625 0.3787037037037037 0.06770833333333333 0.1111111111111111
1 0.8747395833333333 0.5944444444444444 0.12239583333333333 0.1962962962962963
1 0.72734375 0.4625 0.08802083333333334 0.1287037037037037
1 0.8020833333333334 0.38796296296296295 0.08020833333333334 0.12407407407407407
1 0.5513020833333333 0.3138888888888889 0.06822916666666666 0.1037037037037037
1 0.5424479166666667 0.2199074074074074 0.0453125 0.0712962962962963
1 0.35520833333333335 0.45046296296296295 0.078125 0.11574074074074074
1 0.2825520833333333 0.2791666666666667 0.04739583333333333 0.075
1 0.5192708333333333 0.13240740740740742 0.028125 0.03518518518518519
1 0.6494791666666667 0.4023148148148148 0.084375 0.11203703703703703
1 0.325 0.36203703703703705 0.06770833333333333 0.08888888888888889
1 0.4434895833333333 0.22685185185185186 0.04635416666666667 0.06111111111111111
1 0.4546875 0.35324074074074074 0.075 0.11018518518518519
1 0.7033854166666667 0.33935185185185185 0.06927083333333334 0.09351851851851851
1 0.41770833333333335 0.28703703703703703 0.05625 0.09259259259259259
1 0.409375 0.12546296296296297 0.030208333333333334 0.04351851851851852
1 0.17161458333333332 0.26296296296296295 0.04635416666666667 0.06666666666666667
1 0.38125 0.26805555555555555 0.041666666666666664 0.0712962962962963
1 0.98515625 0.2722222222222222 0.028645833333333332 0.08148148148148149
1 0.9302083333333333 0.2833333333333333 0.0625 0.08888888888888889
1 0.18958333333333333 0.33611111111111114 0.058333333333333334 0.05740740740740741
1 0.4166666666666667 0.20324074074074075 0.04375 0.06018518518518518
1 0.696875 0.17962962962962964 0.036458333333333336 0.03333333333333333
1 0.9643229166666667 0.225 0.0546875 0.05925925925925926
1 0.7510416666666667 0.18333333333333332 0.03958333333333333 0.05555555555555555
1 0.3703125 0.24537037037037038 0.041666666666666664 0.06666666666666667
1 0.6953125 0.21666666666666667 0.052083333333333336 0.07222222222222222
1 0.5854166666666667 0.24814814814814815 0.05 0.08703703703703704
1 0.29661458333333335 0.13703703703703704 0.028645833333333332 0.046296296296296294
1 0.32916666666666666 0.19768518518518519 0.034375 0.05462962962962963
1 0.7526041666666666 0.24814814814814815 0.05625 0.04814814814814815
1 0.6192708333333333 0.18287037037037038 0.0375 0.03796296296296296
1 0.78046875 0.14305555555555555 0.0265625 0.041666666666666664
1 0.49244791666666665 0.10046296296296296 0.025520833333333333 0.032407407407407406
1 0.6622395833333333 0.19490740740740742 0.033854166666666664 0.03981481481481482
1 0.3815104166666667 0.16018518518518518 0.0296875 0.04259259259259259
1 0.1828125 0.23472222222222222 0.041666666666666664 0.062037037037037036
1 0.8846354166666667 0.22592592592592592 0.025520833333333333 0.06481481481481481
1 0.2598958333333333 0.22407407407407406 0.05416666666666667 0.08703703703703704
1 0.7997395833333333 0.17962962962962964 0.028645833333333332 0.03518518518518519
1 0.6263020833333334 0.12824074074074074 0.03177083333333333 0.04537037037037037
1 0.8971354166666666 0.20185185185185187 0.034895833333333334 0.053703703703703705
1 0.31302083333333336 0.3125 0.057291666666666664 0.08055555555555556
1 0.21953125 0.11296296296296296 0.033854166666666664 0.040740740740740744
1 0.6981770833333333 0.1375 0.0296875 0.04537037037037037
1 0.61640625 0.3768518518518518 0.06302083333333333 0.0962962962962963
1 0.35442708333333334 0.21296296296296297 0.043229166666666666 0.07222222222222222
1 0.6604166666666667 0.17222222222222222 0.03854166666666667 0.046296296296296294
1 0.5705729166666667 0.1574074074074074 0.030729166666666665 0.03148148148148148
1 0.45260416666666664 0.09027777777777778 0.028125 0.03981481481481482
1 0.5588541666666667 0.08657407407407407 0.022916666666666665 0.04537037037037037
1 0.5190104166666667 0.08935185185185185 0.027604166666666666 0.03981481481481482
1 0.5375 0.07083333333333333 0.022916666666666665 0.032407407407407406
1 0.3302083333333333 0.16898148148148148 0.03854166666666667 0.04351851851851852
1 0.33359375 0.11805555555555555 0.0265625 0.041666666666666664
1 0.7541666666666667 0.13564814814814816 0.028125 0.041666666666666664
1 0.18151041666666667 0.1865740740740741 0.03697916666666667 0.041666666666666664
1 0.28489583333333335 0.12824074074074074 0.027083333333333334 0.03796296296296296
1 0.35234375 0.13518518518518519 0.028645833333333332 0.037037037037037035
1 0.34479166666666666 0.08101851851851852 0.019791666666666666 0.032407407407407406
1 0.28072916666666664 0.1162037037037037 0.035416666666666666 0.03425925925925926
1 0.5822916666666667 0.1300925925925926 0.030208333333333334 0.028703703703703703
1 0.23125 0.1310185185185185 0.026041666666666668 0.03796296296296296
1 0.59375 0.16527777777777777 0.030208333333333334 0.03611111111111111
1 0.6846354166666667 0.15138888888888888 0.0328125 0.03796296296296296
1 0.6703125 0.13703703703703704 0.028125 0.025925925925925925
1 0.6984375 0.10694444444444444 0.028125 0.03611111111111111
1 0.5278645833333333 0.20416666666666666 0.04635416666666667 0.0787037037037037
1 0.3104166666666667 0.16203703703703703 0.028125 0.05740740740740741
1 0.40208333333333335 0.10416666666666667 0.025 0.023148148148148147
1 0.76328125 0.15416666666666667 0.0328125 0.03796296296296296
1 0.26458333333333334 0.10046296296296296 0.028125 0.04351851851851852
1 0.9276041666666667 0.1986111111111111 0.03854166666666667 0.025
1 0.3541666666666667 0.09537037037037037 0.0125 0.03148148148148148
1 0.21875 0.0837962962962963 0.027083333333333334 0.028703703703703703
1 0.4015625 0.11527777777777778 0.027083333333333334 0.04537037037037037
1 0.16979166666666667 0.20601851851851852 0.0375 0.062037037037037036
1 0.24348958333333334 0.16111111111111112 0.0390625 0.05925925925925926
1 0.8546875 0.24351851851851852 0.06458333333333334 0.1
1 0.31171875 0.09861111111111111 0.0265625 0.03611111111111111
1 0.9252604166666667 0.22453703703703703 0.04010416666666667 0.04537037037037037
1 0.6713541666666667 0.10555555555555556 0.029166666666666667 0.046296296296296294
1 0.428125 0.08611111111111111 0.019791666666666666 0.025925925925925925
1 0.40963541666666664 0.17777777777777778 0.0421875 0.06481481481481481
1 0.5953125 0.11203703703703703 0.027083333333333334 0.025925925925925925
1 0.97578125 0.17453703703703705 0.04739583333333333 0.041666666666666664
1 0.5963541666666666 0.10185185185185185 0.029166666666666667 0.03888888888888889
1 0.37395833333333334 0.15 0.028125 0.05
1 0.75546875 0.12546296296296297 0.024479166666666666 0.021296296296296296
1 0.6234375 0.15138888888888888 0.034375 0.04537037037037037
1 0.9950520833333333 0.3402777777777778 0.008854166666666666 0.06759259259259259
1 0.8075520833333333 0.23333333333333334 0.0453125 0.07777777777777778
1 0.26119791666666664 0.18518518518518517 0.0578125 0.05740740740740741
1 0.1703125 0.13472222222222222 0.040625 0.06018518518518518