3 0.8744791666666667 0.24953703703703703 0.06354166666666666 0.09537037037037037
2 0.8606770833333334 0.1699074074074074 0.0828125 0.16944444444444445
2 0.9015625 0.13194444444444445 0.07395833333333333 0.15648148148148147
1 0.7497395833333333 0.5115740740740741 0.10364583333333334 0.13240740740740742
1 0.24244791666666668 0.8481481481481481 0.15364583333333334 0.20185185185185187
1 0.04869791666666667 0.45601851851851855 0.08072916666666667 0.10833333333333334
1 0.5440104166666667 0.8782407407407408 0.16302083333333334 0.2324074074074074
1 0.45677083333333335 0.6564814814814814 0.11875 0.1648148148148148
1 0.38958333333333334 0.525 0.09375 0.13333333333333333
1 0.5520833333333334 0.33240740740740743 0.06770833333333333 0.08518518518518518
1 0.9653645833333333 0.1986111111111111 0.04635416666666667 0.06018518518518518
1 0.6677083333333333 0.18009259259259258 0.03958333333333333 0.05462962962962963
1 0.9747395833333333 0.3074074074074074 0.049479166666666664 0.10555555555555556
1 0.7458333333333333 0.21388888888888888 0.04479166666666667 0.05740740740740741
1 0.63984375 0.5708333333333333 0.1078125 0.17685185185185184
1 0.5497395833333333 0.487962962962963 0.0921875 0.12222222222222222
1 0.18723958333333332 0.3837962962962963 0.06822916666666666 0.09907407407407408
1 0.62109375 0.3851851851851852 0.0765625 0.10740740740740741
1 0.9184895833333333 0.8847222222222222 0.16197916666666667 0.22870370370370371
1 0.4705729166666667 0.2490740740740741 0.0421875 0.06666666666666667
1 0.9739583333333334 0.5148148148148148 0.051041666666666666 0.17407407407407408
1 0.50703125 0.4273148148148148 0.07864583333333333 0.11018518518518519
1 0.42109375 0.31342592592592594 0.050520833333333334 0.0787037037037037
1 0.5190104166666667 0.20046296296296295 0.0421875 0.06018518518518518
1 0.42161458333333335 0.13518518518518519 0.0234375 0.040740740740740744
1 0.85 0.42592592592592593 0.090625 0.13148148148148148
1 0.40130208333333334 0.19398148148148148 0.034895833333333334 0.049074074074074076
1 0.7002604166666667 0.13564814814814816 0.03177083333333333 0.04537037037037037
1 0.4296875 0.20694444444444443 0.03958333333333333 0.062037037037037036
1 0.33671875 0.20462962962962963 0.044270833333333336 0.05740740740740741
1 0.3953125 0.27361111111111114 0.05520833333333333 0.08796296296296297
1 0.3841145833333333 0.16435185185185186 0.034895833333333334 0.05462962962962963
1 0.4901041666666667 0.17916666666666667 0.0375 0.058333333333333334
1 0.453125 0.34074074074074073 0.06770833333333333 0.11296296296296296
1 0.39947916666666666 0.11435185185185186 0.027083333333333334 0.03796296296296296
1 0.6276041666666666 0.15833333333333333 0.035416666666666666 0.05555555555555555
1 0.7552083333333334 0.17685185185185184 0.034375 0.05
1 0.32109375 0.3587962962962963 0.0828125 0.13240740740740742
1 0.5395833333333333 0.14212962962962963 0.03229166666666667 0.032407407407407406
1 0.45234375 0.22777777777777777 0.04114583333333333 0.07222222222222222
1 0.5552083333333333 0.10324074074074074 0.022916666666666665 0.03425925925925926
1 0.9723958333333333 0.7101851851851851 0.05416666666666667 0.2222222222222222
1 0.7427083333333333 0.1087962962962963 0.036458333333333336 0.028703703703703703
1 0.6609375 0.14305555555555555 0.035416666666666666 0.05277777777777778
1 0.17526041666666667 0.12453703703703704 0.033854166666666664 0.03611111111111111
1 0.17630208333333333 0.18518518518518517 0.04114583333333333 0.05740740740740741
1 0.16458333333333333 0.25046296296296294 0.06145833333333333 0.07685185185185185
1 0.5278645833333333 0.27824074074074073 0.059895833333333336 0.09351851851851851
1 0.15520833333333334 0.1037037037037037 0.027083333333333334 0.044444444444444446
1 0.23151041666666666 0.11898148148148148 0.033854166666666664 0.05277777777777778
1 0.8010416666666667 0.3768518518518518 0.0875 0.13333333333333333
1 0.3640625 0.1425925925925926 0.034375 0.05740740740740741
1 0.3 0.13194444444444445 0.034375 0.04537037037037037
1 0.59296875 0.1398148148148148 0.0390625 0.05925925925925926
1 0.6497395833333334 0.10231481481481482 0.030729166666666665 0.030555555555555555
1 0.3734375 0.24675925925925926 0.03958333333333333 0.07685185185185185
1 0.5716145833333334 0.09166666666666666 0.0234375 0.03333333333333333
1 0.6372395833333333 0.12638888888888888 0.03177083333333333 0.030555555555555555
1 0.5697916666666667 0.13518518518518519 0.021875 0.05185185185185185
1 0.7213541666666666 0.16805555555555557 0.03854166666666667 0.05277777777777778
1 0.48489583333333336 0.11018518518518519 0.021875 0.024074074074074074
1 0.28203125 0.12268518518518519 0.0203125 0.03981481481481482
1 0.3502604166666667 0.08518518518518518 0.0265625 0.03148148148148148
1 0.26640625 0.2773148148148148 0.0234375 0.06388888888888888
1 0.32317708333333334 0.11712962962962963 0.015104166666666667 0.030555555555555555
1 0.23645833333333333 0.1837962962962963 0.046875 0.07314814814814814
1 0.17526041666666667 0.16620370370370371 0.044270833333333336 0.058333333333333334
1 0.4479166666666667 0.16157407407407406 0.040625 0.04351851851851852
1 0.6341145833333334 0.09907407407407408 0.018229166666666668 0.03148148148148148
1 0.2708333333333333 0.17083333333333334 0.03229166666666667 0.041666666666666664
1 0.30130208333333336 0.15925925925925927 0.034895833333333334 0.044444444444444446
1 0.33567708333333335 0.17407407407407408 0.030729166666666665 0.018518518518518517
1 0.2950520833333333 0.287962962962963 0.050520833333333334 0.0962962962962963
1 0.6026041666666667 0.10185185185185185 0.023958333333333335 0.037037037037037035
1 0.40208333333333335 0.06712962962962964 0.020833333333333332 0.021296296296296296
1 0.5046875 0.2662037037037037 0.041666666666666664 0.08055555555555556
1 0.4309895833333333 0.08611111111111111 0.0234375 0.027777777777777776
1 0.6013020833333333 0.07731481481481481 0.021354166666666667 0.023148148148148147
1 0.48020833333333335 0.08657407407407407 0.020833333333333332 0.019444444444444445
1 0.27838541666666666 0.2351851851851852 0.050520833333333334 0.07037037037037037
1 0.1796875 0.3416666666666667 0.05625 0.07037037037037037
1 0.26510416666666664 0.22962962962962963 0.04375 0.08148148148148149
1 0.18229166666666666 0.30092592592592593 0.06145833333333333 0.05925925925925926
1 0.49765625 0.11805555555555555 0.0140625 0.028703703703703703
1 0.515625 0.12268518518518519 0.034375 0.03796296296296296
1 0.16744791666666667 0.28888888888888886 0.0515625 0.07222222222222222
1 0.3184895833333333 0.29398148148148145 0.06510416666666667 0.0787037037037037
1 0.7549479166666667 0.1439814814814815 0.033854166666666664 0.04351851851851852