2 0.61171875 0.0875 0.0953125 0.08611111111111111
1 0.43411458333333336 0.6444444444444445 0.11927083333333334 0.14629629629629629
1 0.24010416666666667 0.7226851851851852 0.13229166666666667 0.1824074074074074
1 0.6291666666666667 0.575462962962963 0.10520833333333333 0.14537037037037037
1 0.3809895833333333 0.5143518518518518 0.09114583333333333 0.1287037037037037
1 0.8106770833333333 0.874537037037037 0.19322916666666667 0.2490740740740741
1 0.49583333333333335 0.27870370370370373 0.057291666666666664 0.07222222222222222
1 0.63515625 0.2763888888888889 0.059895833333333336 0.09351851851851851
1 0.6604166666666667 0.41435185185185186 0.08645833333333333 0.11574074074074074
1 0.328125 0.37037037037037035 0.06875 0.09074074074074075
1 0.53125 0.45092592592592595 0.08333333333333333 0.12407407407407407
1 0.7421875 0.47638888888888886 0.090625 0.13240740740740742
1 0.19921875 0.42407407407407405 0.08177083333333333 0.10925925925925926
1 0.6278645833333333 0.38657407407407407 0.06510416666666667 0.09907407407407408
1 0.48463541666666665 0.4115740740740741 0.0640625 0.10462962962962963
1 0.4484375 0.2300925925925926 0.04583333333333333 0.062037037037037036
1 0.28515625 0.2833333333333333 0.050520833333333334 0.07592592592592592
1 0.9856770833333334 0.33240740740740743 0.027604166666666666 0.06481481481481481
1 0.13177083333333334 0.3888888888888889 0.07916666666666666 0.11296296296296296
1 0.7174479166666666 0.3476851851851852 0.07135416666666666 0.09537037037037037
1 0.17239583333333333 0.2689814814814815 0.046875 0.06574074074074074
1 0.5611979166666666 0.3194444444444444 0.07239583333333334 0.10740740740740741
1 0.46067708333333335 0.36203703703703705 0.07239583333333334 0.11481481481481481
1 0.42109375 0.29305555555555557 0.05677083333333333 0.09351851851851851
1 0.5138020833333333 0.1300925925925926 0.028645833333333332 0.03796296296296296
1 0.7432291666666667 0.17962962962962964 0.03958333333333333 0.053703703703703705
1 0.18776041666666668 0.3439814814814815 0.0640625 0.058333333333333334
1 0.36041666666666666 0.4634259259259259 0.08229166666666667 0.12129629629629629
1 0.4192708333333333 0.2074074074074074 0.042708333333333334 0.05925925925925926
1 0.7416666666666667 0.2439814814814815 0.05625 0.05092592592592592
1 0.8994791666666667 0.6194444444444445 0.128125 0.20185185185185187
1 0.37395833333333334 0.24861111111111112 0.04479166666666667 0.06759259259259259
1 0.6125 0.17685185185185184 0.036458333333333336 0.03333333333333333
1 0.8203125 0.3990740740740741 0.08333333333333333 0.12777777777777777
1 0.38515625 0.27314814814814814 0.044270833333333336 0.07222222222222222
1 0.6536458333333334 0.19212962962962962 0.03333333333333333 0.03981481481481482
1 0.5489583333333333 0.22592592592592592 0.04583333333333333 0.07222222222222222
1 0.38177083333333334 0.16435185185185186 0.03229166666666667 0.04537037037037037
1 0.1828125 0.2388888888888889 0.042708333333333334 0.06111111111111111
1 0.37421875 0.1 0.030729166666666665 0.044444444444444446
1 0.5950520833333334 0.24768518518518517 0.049479166666666664 0.0787037037037037
1 0.31536458333333334 0.3189814814814815 0.0578125 0.0824074074074074
1 0.87109375 0.2222222222222222 0.0265625 0.06481481481481481
1 0.6885416666666667 0.17546296296296296 0.036458333333333336 0.032407407407407406
1 0.6859375 0.20925925925925926 0.051041666666666666 0.06481481481481481
1 0.953125 0.22314814814814815 0.053125 0.06296296296296296
1 0.9776041666666667 0.2662037037037037 0.04375 0.08055555555555556
1 0.9138020833333333 0.2763888888888889 0.059895833333333336 0.08796296296296297
1 0.32916666666666666 0.20277777777777778 0.03125 0.05185185185185185
1 0.53359375 0.20787037037037037 0.04739583333333333 0.08055555555555556
1 0.7729166666666667 0.1361111111111111 0.026041666666666668 0.03148148148148148
1 0.22109375 0.11342592592592593 0.034895833333333334 0.041666666666666664
1 0.9161458333333333 0.20925925925925926 0.03958333333333333 0.04814814814814815
1 0.6203125 0.12546296296296297 0.03229166666666667 0.04537037037037037
1 0.33203125 0.17037037037037037 0.0390625 0.04259259259259259
1 0.69296875 0.13425925925925927 0.030729166666666665 0.04814814814814815
1 0.2986979166666667 0.13935185185185187 0.03177083333333333 0.03796296296296296
1 0.48984375 0.09953703703703703 0.025520833333333333 0.032407407407407406
1 0.45078125 0.08935185185185185 0.0265625 0.041666666666666664
1 0.33489583333333334 0.1175925925925926 0.027083333333333334 0.04259259259259259
1 0.26276041666666666 0.2273148148148148 0.05364583333333333 0.08796296296296297
1 0.17057291666666666 0.12962962962962962 0.04010416666666667 0.044444444444444446
1 0.3536458333333333 0.13796296296296295 0.028125 0.03888888888888889
1 0.35572916666666665 0.2152777777777778 0.042708333333333334 0.07314814814814814
1 0.6184895833333334 0.15 0.0328125 0.046296296296296294
1 0.33697916666666666 0.1310185185185185 0.020833333333333332 0.03425925925925926
1 0.6786458333333333 0.14722222222222223 0.03229166666666667 0.03888888888888889
1 0.5888020833333333 0.1638888888888889 0.0296875 0.03518518518518519
1 0.9671875 0.175 0.05520833333333333 0.04814814814814815
1 0.5776041666666667 0.12731481481481483 0.029166666666666667 0.028703703703703703
1 0.6645833333333333 0.13564814814814816 0.025 0.026851851851851852
1 0.5559895833333334 0.08472222222222223 0.022395833333333334 0.04722222222222222
1 0.16953125 0.2101851851851852 0.03802083333333333 0.07037037037037037
1 0.6520833333333333 0.16805555555555557 0.0375 0.03981481481481482
1 0.7565104166666666 0.15555555555555556 0.0328125 0.04814814814814815
1 0.4088541666666667 0.18055555555555555 0.036458333333333336 0.06481481481481481
1 0.28151041666666665 0.11574074074074074 0.034895833333333334 0.037037037037037035
1 0.5924479166666666 0.09861111111111111 0.0265625 0.03796296296296296
1 0.35598958333333336 0.0962962962962963 0.013020833333333334 0.03148148148148148
1 0.26536458333333335 0.10138888888888889 0.027604166666666666 0.04351851851851852
1 0.53515625 0.06574074074074074 0.0203125 0.025925925925925925
1 0.840625 0.2388888888888889 0.0625 0.09444444444444444
1 0.79609375 0.1763888888888889 0.019270833333333334 0.030555555555555555
1 0.3458333333333333 0.08194444444444444 0.019791666666666666 0.030555555555555555
1 0.47604166666666664 0.08981481481481482 0.022916666666666665 0.040740740740740744
1 0.6682291666666667 0.10231481481481482 0.028125 0.041666666666666664
1 0.21822916666666667 0.08472222222222223 0.025 0.028703703703703703
1 0.24505208333333334 0.16111111111111112 0.0390625 0.053703703703703705
1 0.16744791666666667 0.16018518518518518 0.028645833333333332 0.03518518518518519
1 0.74765625 0.13287037037037036 0.027604166666666666 0.03981481481481482
1 0.4049479166666667 0.10740740740740741 0.025520833333333333 0.025925925925925925
1 0.7817708333333333 0.22685185185185186 0.065625 0.07777777777777778
1 0.9877604166666667 0.29212962962962963 0.0234375 0.03425925925925926
1 0.3125 0.16435185185185186 0.029166666666666667 0.058333333333333334
1 0.42526041666666664 0.08564814814814815 0.021354166666666667 0.023148148148148147
1 0.51484375 0.0875 0.0234375 0.03981481481481482
1 0.4122395833333333 0.12777777777777777 0.030729166666666665 0.04259259259259259
1 0.8880208333333334 0.19814814814814816 0.034375 0.05185185185185185
1 0.6953125 0.10555555555555556 0.028125 0.03518518518518519
1 0.7494791666666667 0.12175925925925926 0.022916666666666665 0.017592592592592594
1 0.5645833333333333 0.1550925925925926 0.027083333333333334 0.028703703703703703
1 0.5325520833333334 0.08055555555555556 0.0171875 0.02962962962962963
1 0.31328125 0.09814814814814815 0.027604166666666666 0.037037037037037035
1 0.5263020833333333 0.11064814814814815 0.019270833333333334 0.041666666666666664