2 0.8065104166666667 0.1310185185185185 0.0734375 0.14351851851851852
2 0.7177083333333333 0.10925925925925926 0.06770833333333333 0.11296296296296296
1 0.86796875 0.6129629629629629 0.12135416666666667 0.14814814814814814
1 0.8325520833333333 0.4324074074074074 0.0859375 0.11481481481481481
1 0.9669270833333333 0.7319444444444444 0.06510416666666667 0.18611111111111112
1 0.53203125 0.8212962962962963 0.14947916666666666 0.2037037037037037
1 0.2755208333333333 0.9625 0.175 0.07314814814814814
1 0.8015625 0.8074074074074075 0.153125 0.2074074074074074
1 0.8606770833333334 0.29768518518518516 0.06510416666666667 0.06574074074074074
1 0.5182291666666666 0.19953703703703704 0.041666666666666664 0.06759259259259259
1 0.33880208333333334 0.4 0.0796875 0.10185185185185185
1 0.61328125 0.3824074074074074 0.0765625 0.10185185185185185
1 0.35520833333333335 0.44166666666666665 0.08020833333333334 0.11296296296296296
1 0.7127604166666667 0.4652777777777778 0.08802083333333334 0.12129629629629629
1 0.4552083333333333 0.6837962962962963 0.1625 0.23796296296296296
1 0.9252604166666667 0.325 0.06510416666666667 0.07407407407407407
1 0.42473958333333334 0.31342592592592594 0.06927083333333334 0.10648148148148148
1 0.5395833333333333 0.32175925925925924 0.05520833333333333 0.08981481481481482
1 0.23984375 0.8018518518518518 0.1296875 0.2037037037037037
1 0.17057291666666666 0.3736111111111111 0.06822916666666666 0.10833333333333334
1 0.8263020833333333 0.24675925925925926 0.05677083333333333 0.06759259259259259
1 0.5018229166666667 0.43194444444444446 0.0765625 0.11388888888888889
1 0.38984375 0.2712962962962963 0.04739583333333333 0.07222222222222222
1 0.47552083333333334 0.38472222222222224 0.071875 0.12129629629629629
1 0.5510416666666667 0.49953703703703706 0.11354166666666667 0.1787037037037037
1 0.7325520833333333 0.23564814814814813 0.0515625 0.049074074074074076
1 0.6984375 0.18703703703703703 0.04375 0.07037037037037037
1 0.19869791666666667 0.2972222222222222 0.050520833333333334 0.07592592592592592
1 0.5747395833333333 0.3476851851851852 0.059895833333333336 0.09907407407407408
1 0.5794270833333334 0.1638888888888889 0.03697916666666667 0.040740740740740744
1 0.4861979166666667 0.1824074074074074 0.033854166666666664 0.05
1 0.45 0.1550925925925926 0.0375 0.05462962962962963
1 0.4984375 0.27037037037037037 0.057291666666666664 0.09074074074074075
1 0.36614583333333334 0.23703703703703705 0.04791666666666667 0.07037037037037037
1 0.4434895833333333 0.2199074074074074 0.04739583333333333 0.06759259259259259
1 0.46979166666666666 0.2439814814814815 0.042708333333333334 0.07314814814814814
1 0.38359375 0.17222222222222222 0.034895833333333334 0.046296296296296294
1 0.6216145833333333 0.15787037037037038 0.03697916666666667 0.04537037037037037
1 0.94375 0.24259259259259258 0.051041666666666666 0.06481481481481481
1 0.31197916666666664 0.16574074074074074 0.03229166666666667 0.05740740740740741
1 0.20598958333333334 0.12083333333333333 0.0265625 0.041666666666666664
1 0.7747395833333334 0.3680555555555556 0.0765625 0.11203703703703703
1 0.67890625 0.15138888888888888 0.0359375 0.05648148148148148
1 0.41744791666666664 0.1310185185185185 0.0328125 0.04351851851851852
1 0.78671875 0.22592592592592592 0.0453125 0.06666666666666667
1 0.89765625 0.26157407407407407 0.0546875 0.06944444444444445
1 0.32734375 0.1787037037037037 0.03697916666666667 0.06296296296296296
1 0.45859375 0.08472222222222223 0.0265625 0.041666666666666664
1 0.34869791666666666 0.20694444444444443 0.043229166666666666 0.06944444444444445
1 0.2825520833333333 0.25833333333333336 0.04635416666666667 0.06481481481481481
1 0.17083333333333334 0.1736111111111111 0.034375 0.04537037037037037
1 0.9630208333333333 0.2972222222222222 0.06354166666666666 0.08333333333333333
1 0.57109375 0.10601851851851851 0.0328125 0.05092592592592592
1 0.434375 0.1375 0.03125 0.041666666666666664
1 0.365625 0.14722222222222223 0.03229166666666667 0.046296296296296294
1 0.26328125 0.21435185185185185 0.0484375 0.06018518518518518
1 0.34348958333333335 0.13240740740740742 0.033854166666666664 0.03888888888888889
1 0.41484375 0.18935185185185185 0.04010416666666667 0.06759259259259259
1 0.6216145833333333 0.12546296296296297 0.025520833333333333 0.026851851851851852
1 0.4765625 0.09537037037037037 0.026041666666666668 0.03148148148148148
1 0.23359375 0.15046296296296297 0.03697916666666667 0.06388888888888888
1 0.8575520833333333 0.15833333333333333 0.034895833333333334 0.05555555555555555
1 0.16953125 0.13564814814814816 0.0328125 0.03981481481481482
1 0.87421875 0.22268518518518518 0.05364583333333333 0.07314814814814814
1 0.4239583333333333 0.21296296296296297 0.023958333333333335 0.05925925925925926
1 0.5528645833333333 0.09814814814814815 0.0171875 0.037037037037037035
1 0.25338541666666664 0.17685185185185184 0.03802083333333333 0.053703703703703705
1 0.2942708333333333 0.28703703703703703 0.05 0.06851851851851852
1 0.72109375 0.687962962962963 0.11822916666666666 0.17592592592592593
1 0.2994791666666667 0.14027777777777778 0.03229166666666667 0.05277777777777778
1 0.2833333333333333 0.12129629629629629 0.029166666666666667 0.044444444444444446
1 0.20703125 0.6662037037037037 0.11927083333333334 0.21944444444444444
1 0.6325520833333333 0.1050925925925926 0.022395833333333334 0.028703703703703703
1 0.6520833333333333 0.13564814814814816 0.03229166666666667 0.05277777777777778
1 0.5127604166666667 0.10787037037037037 0.024479166666666666 0.04537037037037037
1 0.17552083333333332 0.22175925925925927 0.04895833333333333 0.07314814814814814
1 0.19036458333333334 0.2625 0.049479166666666664 0.08796296296296297
1 0.7776041666666667 0.1935185185185185 0.042708333333333334 0.05740740740740741
1 0.5263020833333333 0.13518518518518519 0.019270833333333334 0.027777777777777776
1 0.6567708333333333 0.0962962962962963 0.022916666666666665 0.027777777777777776
1 0.6033854166666667 0.1425925925925926 0.0265625 0.04259259259259259
1 0.6057291666666667 0.10324074074074074 0.023958333333333335 0.030555555555555555
1 0.41744791666666664 0.06805555555555555 0.0203125 0.025
1 0.3515625 0.08333333333333333 0.022916666666666665 0.02962962962962963
1 0.6760416666666667 0.10740740740740741 0.01875 0.03148148148148148
1 0.2716145833333333 0.24259259259259258 0.04114583333333333 0.06296296296296296
1 0.5229166666666667 0.11481481481481481 0.025 0.040740740740740744
1 0.5877604166666667 0.12777777777777777 0.0296875 0.03518518518518519
1 0.3328125 0.11481481481481481 0.035416666666666666 0.037037037037037035
1 0.9888020833333333 0.3787037037037037 0.021354166666666667 0.08703703703703704
1 0.9903645833333333 0.23055555555555557 0.018229166666666668 0.05925925925925926
1 0.9927083333333333 0.27175925925925926 0.013541666666666667 0.0712962962962963