1 0.8838541666666667 0.5981481481481481 0.12291666666666666 0.1648148148148148
1 0.61328125 0.6074074074074074 0.1328125 0.2
1 0.375 0.4930555555555556 0.08645833333333333 0.11388888888888889
1 0.21041666666666667 0.5287037037037037 0.1 0.13518518518518519
1 0.853125 0.861574074074074 0.17395833333333333 0.27314814814814814
1 0.46145833333333336 0.24166666666666667 0.05 0.06481481481481481
1 0.96953125 0.7388888888888889 0.059895833333333336 0.20185185185185187
1 0.7447916666666666 0.46805555555555556 0.09791666666666667 0.15462962962962962
1 0.46536458333333336 0.3685185185185185 0.0703125 0.1
1 0.35234375 0.41064814814814815 0.07447916666666667 0.10277777777777777
1 0.18229166666666666 0.35324074074074074 0.07395833333333333 0.09166666666666666
1 0.5700520833333333 0.23425925925925925 0.0515625 0.08148148148148149
1 0.03828125 0.45925925925925926 0.0765625 0.14444444444444443
1 0.58125 0.3388888888888889 0.071875 0.0962962962962963
1 0.5515625 0.31851851851851853 0.052083333333333336 0.08518518518518518
1 0.85390625 0.2962962962962963 0.06822916666666666 0.05555555555555555
1 0.6309895833333333 0.2865740740740741 0.059895833333333336 0.0787037037037037
1 0.4375 0.34074074074074073 0.052083333333333336 0.08518518518518518
1 0.17083333333333334 0.23703703703703705 0.041666666666666664 0.06111111111111111
1 0.4231770833333333 0.19907407407407407 0.043229166666666666 0.05
1 0.8361979166666667 0.1587962962962963 0.0359375 0.04722222222222222
1 0.7005208333333334 0.3199074074074074 0.06666666666666667 0.10462962962962963
1 0.67265625 0.20972222222222223 0.04010416666666667 0.04351851851851852
1 0.5083333333333333 0.2726851851851852 0.058333333333333334 0.09166666666666666
1 0.3020833333333333 0.3125 0.058333333333333334 0.0787037037037037
1 0.634375 0.38657407407407407 0.07395833333333333 0.11018518518518519
1 0.39348958333333334 0.2523148148148148 0.0484375 0.0824074074074074
1 0.36015625 0.23796296296296296 0.03802083333333333 0.06481481481481481
1 0.771875 0.24768518518518517 0.057291666666666664 0.06574074074074074
1 0.5065104166666666 0.19212962962962962 0.03802083333333333 0.06388888888888888
1 0.18880208333333334 0.2967592592592593 0.0515625 0.06018518518518518
1 0.5341145833333333 0.21296296296296297 0.0453125 0.07222222222222222
1 0.35598958333333336 0.0875 0.033854166666666664 0.041666666666666664
1 0.7497395833333333 0.1537037037037037 0.0328125 0.05
1 0.325 0.375 0.065625 0.09259259259259259
1 0.35234375 0.21898148148148147 0.0390625 0.06018518518518518
1 0.9692708333333333 0.21898148148148147 0.051041666666666666 0.04722222222222222
1 0.86171875 0.22083333333333333 0.04739583333333333 0.0712962962962963
1 0.3932291666666667 0.18287037037037038 0.0375 0.05277777777777778
1 0.7325520833333333 0.1699074074074074 0.03802083333333333 0.04537037037037037
1 0.71484375 0.16574074074074074 0.03697916666666667 0.05185185185185185
1 0.7283854166666667 0.11712962962962963 0.0359375 0.04537037037037037
1 0.9109375 0.27685185185185185 0.058333333333333334 0.08888888888888889
1 0.3177083333333333 0.17777777777777778 0.027083333333333334 0.05
1 0.6395833333333333 0.18888888888888888 0.036458333333333336 0.04259259259259259
1 0.5135416666666667 0.11064814814814815 0.027083333333333334 0.03425925925925926
1 0.553125 0.14907407407407408 0.03125 0.037037037037037035
1 0.8080729166666667 0.15046296296296297 0.0296875 0.04537037037037037
1 0.3216145833333333 0.10648148148148148 0.0234375 0.03518518518518519
1 0.8692708333333333 0.24814814814814815 0.04791666666666667 0.04814814814814815
1 0.38385416666666666 0.10092592592592593 0.023958333333333335 0.037037037037037035
1 0.18229166666666666 0.2125 0.03958333333333333 0.05648148148148148
1 0.6260416666666667 0.12453703703703704 0.03125 0.032407407407407406
1 0.7583333333333333 0.2050925925925926 0.030208333333333334 0.032407407407407406
1 0.39114583333333336 0.1125 0.028125 0.03611111111111111
1 0.7216145833333333 0.19907407407407407 0.044270833333333336 0.05925925925925926
1 0.3671875 0.14537037037037037 0.023958333333333335 0.04259259259259259
1 0.6677083333333333 0.1375 0.03229166666666667 0.03611111111111111
1 0.41744791666666664 0.3037037037037037 0.0640625 0.0962962962962963
1 0.33984375 0.1912037037037037 0.0390625 0.06759259259259259
1 0.728125 0.23194444444444445 0.04479166666666667 0.058333333333333334
1 0.7997395833333333 0.18055555555555555 0.028645833333333332 0.05
1 0.44453125 0.09537037037037037 0.024479166666666666 0.027777777777777776
1 0.2903645833333333 0.12638888888888888 0.028645833333333332 0.03981481481481482
1 0.6645833333333333 0.16527777777777777 0.034375 0.04722222222222222
1 0.2359375 0.1476851851851852 0.034375 0.05462962962962963
1 0.30052083333333335 0.14675925925925926 0.026041666666666668 0.05277777777777778
1 0.6177083333333333 0.17453703703703705 0.03333333333333333 0.03796296296296296
1 0.5635416666666667 0.12638888888888888 0.030208333333333334 0.05092592592592592
1 0.33619791666666665 0.075 0.019270833333333334 0.02962962962962963
1 0.29401041666666666 0.27314814814814814 0.05260416666666667 0.07222222222222222
1 0.22005208333333334 0.1050925925925926 0.0296875 0.03981481481481482
1 0.26875 0.24768518518518517 0.041666666666666664 0.06759259259259259
1 0.63203125 0.10601851851851851 0.025520833333333333 0.03796296296296296
1 0.9669270833333333 0.2935185185185185 0.06510416666666667 0.11296296296296296
1 0.3145833333333333 0.16018518518518518 0.036458333333333336 0.05740740740740741
1 0.20026041666666666 0.10601851851851851 0.022395833333333334 0.03425925925925926
1 0.34140625 0.12361111111111112 0.025520833333333333 0.03611111111111111
1 0.49270833333333336 0.18009259259259258 0.042708333333333334 0.0712962962962963
1 0.58359375 0.08935185185185185 0.019270833333333334 0.04351851851851852
1 0.26067708333333334 0.09259259259259259 0.03177083333333333 0.03888888888888889
1 0.5263020833333333 0.44907407407407407 0.0828125 0.11481481481481481
1 0.46770833333333334 0.09212962962962963 0.025 0.03611111111111111
1 0.7026041666666667 0.1087962962962963 0.028125 0.04351851851851852
1 0.8221354166666667 0.20925925925925926 0.0453125 0.06111111111111111
1 0.5609375 0.07037037037037037 0.01875 0.024074074074074074
1 0.23203125 0.12546296296296297 0.033854166666666664 0.032407407407407406
1 0.21510416666666668 0.07777777777777778 0.023958333333333335 0.024074074074074074
1 0.4778645833333333 0.11018518518518519 0.0265625 0.027777777777777776
1 0.6390625 0.1550925925925926 0.023958333333333335 0.028703703703703703
1 0.61328125 0.1537037037037037 0.0328125 0.05
1 0.30390625 0.08333333333333333 0.028645833333333332 0.046296296296296294
1 0.16302083333333334 0.12314814814814815 0.042708333333333334 0.05555555555555555
1 0.1796875 0.15787037037037038 0.036458333333333336 0.05648148148148148
1 0.3893229166666667 0.15833333333333333 0.0359375 0.05740740740740741
1 0.5684895833333333 0.10601851851851851 0.025520833333333333 0.041666666666666664
1 0.5255208333333333 0.09907407407407408 0.016666666666666666 0.03888888888888889
1 0.2755208333333333 0.10740740740740741 0.03125 0.03333333333333333
1 0.25546875 0.18333333333333332 0.05260416666666667 0.05
1 0.16848958333333333 0.30648148148148147 0.05260416666666667 0.05925925925925926
1 0.17109375 0.1865740740740741 0.04010416666666667 0.062037037037037036