3 0.9721354166666667 0.28888888888888886 0.0546875 0.10925925925925926
2 0.9419270833333333 0.19027777777777777 0.0921875 0.18611111111111112
1 0.24375 0.8638888888888889 0.16770833333333332 0.2222222222222222
1 0.7854166666666667 0.8157407407407408 0.14791666666666667 0.20185185185185187
1 0.43020833333333336 0.6662037037037037 0.12395833333333334 0.16574074074074074
1 0.20677083333333332 0.6393518518518518 0.11770833333333333 0.1527777777777778
1 0.6567708333333333 0.4273148148148148 0.0875 0.11203703703703703
1 0.4046875 0.524537037037037 0.096875 0.13240740740740742
1 0.13802083333333334 0.3902777777777778 0.06666666666666667 0.08981481481481482
1 0.35052083333333334 0.43472222222222223 0.078125 0.11203703703703703
1 0.4908854166666667 0.4125 0.0765625 0.10648148148148148
1 0.5078125 0.2912037037037037 0.059375 0.07685185185185185
1 0.6299479166666667 0.9449074074074074 0.1921875 0.10833333333333334
1 0.5651041666666666 0.33240740740740743 0.06666666666666667 0.09259259259259259
1 0.5513020833333333 0.46574074074074073 0.0890625 0.14444444444444443
1 0.821875 0.5509259259259259 0.11770833333333333 0.18518518518518517
1 0.81875 0.24166666666666667 0.05 0.06666666666666667
1 0.98203125 0.7379629629629629 0.034895833333333334 0.17777777777777778
1 0.18802083333333333 0.33101851851851855 0.059375 0.08611111111111111
1 0.7216145833333333 0.2013888888888889 0.044270833333333336 0.06018518518518518
1 0.74140625 0.3537037037037037 0.07447916666666667 0.10925925925925926
1 0.4583333333333333 0.36666666666666664 0.06666666666666667 0.0962962962962963
1 0.4856770833333333 0.17592592592592593 0.0390625 0.053703703703703705
1 0.9325520833333333 0.47175925925925927 0.1046875 0.15833333333333333
1 0.40234375 0.12175925925925926 0.021354166666666667 0.03796296296296296
1 0.30364583333333334 0.3148148148148148 0.071875 0.12037037037037036
1 0.44479166666666664 0.22083333333333333 0.035416666666666666 0.05648148148148148
1 0.8184895833333333 0.2 0.04635416666666667 0.05925925925925926
1 0.6721354166666667 0.17777777777777778 0.0390625 0.06111111111111111
1 0.5755208333333334 0.16064814814814815 0.036458333333333336 0.03425925925925926
1 0.36822916666666666 0.14907407407407408 0.03333333333333333 0.05185185185185185
1 0.3229166666666667 0.18425925925925926 0.04375 0.05740740740740741
1 0.4244791666666667 0.29953703703703705 0.06041666666666667 0.09907407407407408
1 0.5604166666666667 0.125 0.030208333333333334 0.03888888888888889
1 0.8875 0.17037037037037037 0.028125 0.06296296296296296
1 0.9333333333333333 0.9199074074074074 0.13229166666666667 0.15833333333333333
1 0.40598958333333335 0.18564814814814815 0.03697916666666667 0.05462962962962963
1 0.39114583333333336 0.2773148148148148 0.04375 0.0712962962962963
1 0.465625 0.1597222222222222 0.035416666666666666 0.05648148148148148
1 0.7380208333333333 0.14537037037037037 0.028125 0.04259259259259259
1 0.38515625 0.175 0.0328125 0.044444444444444446
1 0.7145833333333333 0.6703703703703704 0.13229166666666667 0.21666666666666667
1 0.37526041666666665 0.24259259259259258 0.050520833333333334 0.07962962962962963
1 0.7135416666666666 0.3189814814814815 0.07291666666666667 0.12129629629629629
1 0.209375 0.1675925925925926 0.042708333333333334 0.06851851851851852
1 0.38385416666666666 0.10277777777777777 0.025 0.03518518518518519
1 0.7583333333333333 0.18425925925925926 0.029166666666666667 0.05740740740740741
1 0.7875 0.12083333333333333 0.0375 0.032407407407407406
1 0.6703125 0.1087962962962963 0.027083333333333334 0.03425925925925926
1 0.484375 0.24444444444444444 0.059375 0.08333333333333333
1 0.5744791666666667 0.1111111111111111 0.03229166666666667 0.040740740740740744
1 0.8078125 0.16296296296296298 0.040625 0.06111111111111111
1 0.16354166666666667 0.25972222222222224 0.042708333333333334 0.06574074074074074
1 0.4315104166666667 0.20462962962962963 0.03802083333333333 0.06481481481481481
1 0.8486979166666667 0.4060185185185185 0.09322916666666667 0.125
1 0.5252604166666667 0.13148148148148148 0.0203125 0.03148148148148148
1 0.35598958333333336 0.22037037037037038 0.0390625 0.07407407407407407
1 0.6807291666666667 0.12638888888888888 0.030208333333333334 0.03981481481481482
1 0.2716145833333333 0.15833333333333333 0.034895833333333334 0.05925925925925926
1 0.15598958333333332 0.09675925925925925 0.025520833333333333 0.041666666666666664
1 0.42682291666666666 0.13425925925925927 0.03802083333333333 0.05925925925925926
1 0.63359375 0.10601851851851851 0.0265625 0.032407407407407406
1 0.26796875 0.10648148148148148 0.0234375 0.03888888888888889
1 0.5059895833333333 0.12407407407407407 0.025520833333333333 0.03148148148148148
1 0.6026041666666667 0.14444444444444443 0.025 0.046296296296296294
1 0.5963541666666666 0.09814814814814815 0.023958333333333335 0.03333333333333333
1 0.3302083333333333 0.06898148148148148 0.015625 0.021296296296296296
1 0.24088541666666666 0.16527777777777777 0.030729166666666665 0.05277777777777778
1 0.6588541666666666 0.1037037037037037 0.020833333333333332 0.03333333333333333
1 0.44427083333333334 0.09583333333333334 0.026041666666666668 0.026851851851851852
1 0.34791666666666665 0.12824074074074074 0.03125 0.05462962962962963
1 0.48802083333333335 0.07916666666666666 0.025 0.03796296296296296
1 0.7078125 0.1597222222222222 0.035416666666666666 0.058333333333333334
1 0.6208333333333333 0.08703703703703704 0.023958333333333335 0.037037037037037035
1 0.25390625 0.08657407407407407 0.0296875 0.04351851851851852
1 0.25677083333333334 0.2064814814814815 0.040625 0.07592592592592592
1 0.3463541666666667 0.07962962962962963 0.020833333333333332 0.03518518518518519
1 0.17708333333333334 0.2212962962962963 0.04479166666666667 0.04259259259259259
1 0.17421875 0.16435185185185186 0.0359375 0.05092592592592592
1 0.21614583333333334 0.08842592592592592 0.029166666666666667 0.04351851851851852
1 0.7666666666666667 0.15601851851851853 0.040625 0.041666666666666664
1 0.5203125 0.08611111111111111 0.020833333333333332 0.022222222222222223
1 0.26197916666666665 0.24583333333333332 0.030208333333333334 0.06574074074074074
1 0.49921875 0.09305555555555556 0.022395833333333334 0.021296296296296296
1 0.3125 0.09027777777777778 0.027083333333333334 0.041666666666666664
1 0.6143229166666667 0.11481481481481481 0.022395833333333334 0.018518518518518517
1 0.3028645833333333 0.2601851851851852 0.06197916666666667 0.07407407407407407
1 0.4109375 0.06805555555555555 0.01875 0.025
1 0.6088541666666667 0.15138888888888888 0.016666666666666666 0.05648148148148148
1 0.2703125 0.20833333333333334 0.04583333333333333 0.05740740740740741
1 0.63046875 0.15648148148148147 0.043229166666666666 0.06666666666666667
1 0.2747395833333333 0.2564814814814815 0.0484375 0.08703703703703704
1 0.43723958333333335 0.07592592592592592 0.019270833333333334 0.025925925925925925
1 0.18020833333333333 0.2875 0.051041666666666666 0.09537037037037037
1 0.2908854166666667 0.11805555555555555 0.03177083333333333 0.03796296296296296