2 0.8674479166666667 0.14814814814814814 0.08072916666666667 0.13148148148148148
2 0.7971354166666667 0.09444444444444444 0.058854166666666666 0.09259259259259259
1 0.6541666666666667 0.6472222222222223 0.11354166666666667 0.15925925925925927
1 0.953125 0.7180555555555556 0.09270833333333334 0.17685185185185184
1 0.5455729166666666 0.3143518518518518 0.0609375 0.08055555555555556
1 0.8609375 0.862037037037037 0.16770833333333332 0.22037037037037038
1 0.6130208333333333 0.5611111111111111 0.10208333333333333 0.13148148148148148
1 0.34140625 0.3814814814814815 0.0734375 0.09814814814814815
1 0.41510416666666666 0.5962962962962963 0.11041666666666666 0.17777777777777778
1 0.81015625 0.27037037037037037 0.0515625 0.06481481481481481
1 0.46796875 0.3699074074074074 0.0703125 0.09907407407407408
1 0.7158854166666667 0.44722222222222224 0.10260416666666666 0.16666666666666666
1 0.4890625 0.2638888888888889 0.04895833333333333 0.07222222222222222
1 0.20260416666666667 0.5111111111111111 0.084375 0.11296296296296296
1 0.7002604166666667 0.23287037037037037 0.0515625 0.06388888888888888
1 0.5447916666666667 0.22314814814814815 0.05 0.07222222222222222
1 0.27369791666666665 0.2671296296296296 0.0515625 0.06944444444444445
1 0.6447916666666667 0.17222222222222222 0.03854166666666667 0.053703703703703705
1 0.4466145833333333 0.33287037037037037 0.0546875 0.08796296296296297
1 0.19114583333333332 0.4601851851851852 0.084375 0.10555555555555556
1 0.38255208333333335 0.5407407407407407 0.0859375 0.13518518518518519
1 0.8361979166666667 0.24305555555555555 0.0484375 0.06388888888888888
1 0.9484375 0.29398148148148145 0.06875 0.10277777777777777
1 0.45989583333333334 0.23472222222222222 0.04895833333333333 0.062037037037037036
1 0.259375 0.19768518518518519 0.036458333333333336 0.05092592592592592
1 0.34140625 0.20833333333333334 0.0484375 0.07222222222222222
1 0.18802083333333333 0.2449074074074074 0.04583333333333333 0.06759259259259259
1 0.5671875 0.3490740740740741 0.034375 0.08888888888888889
1 0.62890625 0.15925925925925927 0.034895833333333334 0.053703703703703705
1 0.58125 0.14166666666666666 0.03333333333333333 0.05
1 0.37942708333333336 0.15601851851851853 0.034895833333333334 0.05092592592592592
1 0.3528645833333333 0.24259259259259258 0.030729166666666665 0.06481481481481481
1 0.17838541666666666 0.38796296296296295 0.06510416666666667 0.1037037037037037
1 0.22265625 0.1175925925925926 0.0390625 0.05
1 0.5791666666666667 0.2439814814814815 0.05 0.06388888888888888
1 0.7783854166666667 0.22685185185185186 0.04635416666666667 0.06296296296296296
1 0.4119791666666667 0.2796296296296296 0.06145833333333333 0.1037037037037037
1 0.9861979166666667 0.20324074074074075 0.0265625 0.0787037037037037
1 0.18463541666666666 0.1986111111111111 0.0390625 0.05277777777777778
1 0.259375 0.09490740740740741 0.021875 0.03611111111111111
1 0.6276041666666666 0.35694444444444445 0.09375 0.14166666666666666
1 0.8908854166666667 0.225 0.05572916666666667 0.08148148148148149
1 0.16875 0.0824074074074074 0.029166666666666667 0.027777777777777776
1 0.32578125 0.1648148148148148 0.033854166666666664 0.040740740740740744
1 0.7591145833333334 0.15 0.0359375 0.046296296296296294
1 0.6125 0.1476851851851852 0.034375 0.06018518518518518
1 0.7119791666666667 0.1425925925925926 0.019791666666666666 0.04259259259259259
1 0.8052083333333333 0.1699074074074074 0.03958333333333333 0.06574074074074074
1 0.6182291666666667 0.10324074074074074 0.023958333333333335 0.025
1 0.27317708333333335 0.10648148148148148 0.028645833333333332 0.040740740740740744
1 0.32265625 0.10972222222222222 0.03177083333333333 0.032407407407407406
1 0.4390625 0.19583333333333333 0.03333333333333333 0.026851851851851852
1 0.35078125 0.13333333333333333 0.04010416666666667 0.046296296296296294
1 0.3078125 0.1537037037037037 0.030208333333333334 0.05555555555555555
1 0.6041666666666666 0.08657407407407407 0.028125 0.028703703703703703
1 0.23255208333333333 0.1337962962962963 0.0296875 0.03796296296296296
1 0.6408854166666667 0.12268518518518519 0.030729166666666665 0.03981481481481482
1 0.36484375 0.09259259259259259 0.025520833333333333 0.044444444444444446
1 0.5145833333333333 0.10925925925925926 0.034375 0.04814814814814815
1 0.41848958333333336 0.13657407407407407 0.044270833333333336 0.05277777777777778
1 0.93671875 0.1814814814814815 0.04010416666666667 0.06851851851851852
1 0.3768229166666667 0.2671296296296296 0.030729166666666665 0.0712962962962963
1 0.95859375 0.1935185185185185 0.0453125 0.06851851851851852
1 0.253125 0.1787037037037037 0.046875 0.044444444444444446
1 0.43203125 0.075 0.0203125 0.03148148148148148
1 0.5546875 0.12685185185185185 0.019791666666666666 0.03888888888888889
1 0.41744791666666664 0.2101851851851852 0.04010416666666667 0.040740740740740744
1 0.16796875 0.1337962962962963 0.034895833333333334 0.041666666666666664
1 0.33697916666666666 0.12546296296296297 0.020833333333333332 0.03425925925925926
1 0.40729166666666666 0.17731481481481481 0.0375 0.062037037037037036
1 0.24401041666666667 0.15925925925925927 0.03802083333333333 0.04814814814814815
1 0.19192708333333333 0.337037037037037 0.0609375 0.1111111111111111
1 0.45625 0.08333333333333333 0.01875 0.03333333333333333
1 0.6622395833333333 0.10601851851851851 0.025520833333333333 0.025
1 0.3059895833333333 0.09074074074074075 0.0359375 0.03518518518518519
1 0.17265625 0.16944444444444445 0.04739583333333333 0.044444444444444446
1 0.28958333333333336 0.13055555555555556 0.030208333333333334 0.05
1 0.38385416666666666 0.175 0.022916666666666665 0.04814814814814815
1 0.3859375 0.10648148148148148 0.030208333333333334 0.044444444444444446
1 0.68515625 0.1486111111111111 0.04010416666666667 0.06574074074074074
1 0.7671875 0.20787037037037037 0.06458333333333334 0.07685185185185185
1 0.3265625 0.33564814814814814 0.08125 0.12129629629629629
1 0.37890625 0.24722222222222223 0.043229166666666666 0.07592592592592592
1 0.4200520833333333 0.2263888888888889 0.04635416666666667 0.07314814814814814
1 0.9921875 0.5800925925925926 0.014583333333333334 0.10092592592592593