1 0.5880208333333333 0.9101851851851852 0.16145833333333334 0.17777777777777778
1 0.45755208333333336 0.6907407407407408 0.1234375 0.17037037037037037
1 0.6255208333333333 0.5842592592592593 0.10833333333333334 0.15555555555555556
1 0.54921875 0.32685185185185184 0.0671875 0.08703703703703704
1 0.3541666666666667 0.4550925925925926 0.084375 0.11203703703703703
1 0.8263020833333333 0.8194444444444444 0.15260416666666668 0.2074074074074074
1 0.4309895833333333 0.6018518518518519 0.11614583333333334 0.1537037037037037
1 0.41796875 0.3199074074074074 0.049479166666666664 0.08425925925925926
1 0.73828125 0.48518518518518516 0.08489583333333334 0.12407407407407407
1 0.18932291666666667 0.4393518518518518 0.08385416666666666 0.10833333333333334
1 0.78515625 0.5259259259259259 0.1109375 0.15
1 0.8604166666666667 0.25925925925925924 0.05625 0.07407407407407407
1 0.6411458333333333 0.387037037037037 0.08333333333333333 0.12962962962962962
1 0.31328125 0.33287037037037037 0.0609375 0.08796296296296297
1 0.4895833333333333 0.2638888888888889 0.05416666666666667 0.07222222222222222
1 0.5640625 0.5203703703703704 0.09583333333333334 0.12962962962962962
1 0.8481770833333333 0.43842592592592594 0.08697916666666666 0.11944444444444445
1 0.7236979166666667 0.3365740740740741 0.07552083333333333 0.11388888888888889
1 0.18619791666666666 0.3050925925925926 0.05572916666666667 0.0824074074074074
1 0.4041666666666667 0.287962962962963 0.05 0.07592592592592592
1 0.6091145833333333 0.2671296296296296 0.05572916666666667 0.08611111111111111
1 0.45078125 0.23657407407407408 0.049479166666666664 0.06388888888888888
1 0.8752604166666667 0.6268518518518519 0.1203125 0.17592592592592593
1 0.9794270833333333 0.25925925925925924 0.04010416666666667 0.07592592592592592
1 0.20651041666666667 0.5356481481481481 0.1078125 0.1398148148148148
1 0.37890625 0.24444444444444444 0.049479166666666664 0.08333333333333333
1 0.46380208333333334 0.34675925925925927 0.06822916666666666 0.10833333333333334
1 0.9770833333333333 0.5328703703703703 0.04479166666666667 0.16574074074074074
1 0.346875 0.22777777777777777 0.036458333333333336 0.05925925925925926
1 0.6744791666666666 0.2967592592592593 0.06354166666666666 0.09537037037037037
1 0.2794270833333333 0.25601851851851853 0.06197916666666667 0.09907407407407408
1 0.4046875 0.18425925925925926 0.03125 0.046296296296296294
1 0.34453125 0.38101851851851853 0.06614583333333333 0.09351851851851851
1 0.42578125 0.13333333333333333 0.0296875 0.05
1 0.5338541666666666 0.44907407407407407 0.09270833333333334 0.14444444444444443
1 0.390625 0.11296296296296296 0.03229166666666667 0.05185185185185185
1 0.48359375 0.11157407407407408 0.0265625 0.032407407407407406
1 0.6997395833333333 0.13287037037037036 0.0296875 0.04537037037037037
1 0.9388020833333334 0.19444444444444445 0.05260416666666667 0.07222222222222222
1 0.6276041666666666 0.1574074074074074 0.03229166666666667 0.05
1 0.010677083333333334 0.48935185185185187 0.021354166666666667 0.1361111111111111
1 0.6166666666666667 0.17407407407407408 0.040625 0.046296296296296294
1 0.37083333333333335 0.10601851851851851 0.014583333333333334 0.032407407407407406
1 0.6794270833333333 0.1550925925925926 0.034895833333333334 0.04722222222222222
1 0.8747395833333333 0.22685185185185186 0.049479166666666664 0.06666666666666667
1 0.23671875 0.1439814814814815 0.028645833333333332 0.04351851851851852
1 0.30390625 0.15648148148148147 0.0328125 0.044444444444444446
1 0.65 0.11898148148148148 0.028125 0.041666666666666664
1 0.32890625 0.18611111111111112 0.0328125 0.06296296296296296
1 0.4361979166666667 0.1449074074074074 0.033854166666666664 0.049074074074074076
1 0.18333333333333332 0.262037037037037 0.04895833333333333 0.05185185185185185
1 0.5901041666666667 0.16342592592592592 0.029166666666666667 0.03796296296296296
1 0.43463541666666666 0.2037037037037037 0.044270833333333336 0.07222222222222222
1 0.8130208333333333 0.17407407407407408 0.03854166666666667 0.04814814814814815
1 0.7231770833333333 0.12222222222222222 0.024479166666666666 0.03518518518518519
1 0.7356770833333334 0.14675925925925926 0.0328125 0.025
1 0.34713541666666664 0.12962962962962962 0.0296875 0.046296296296296294
1 0.22890625 0.125 0.03177083333333333 0.03888888888888889
1 0.79453125 0.22824074074074074 0.0484375 0.0712962962962963
1 0.53515625 0.09305555555555556 0.025520833333333333 0.041666666666666664
1 0.3494791666666667 0.14814814814814814 0.023958333333333335 0.037037037037037035
1 0.36953125 0.15462962962962962 0.03177083333333333 0.04259259259259259
1 0.5921875 0.24444444444444444 0.05520833333333333 0.09259259259259259
1 0.3463541666666667 0.2 0.040625 0.06296296296296296
1 0.7013020833333333 0.18935185185185185 0.0359375 0.06574074074074074
1 0.5583333333333333 0.10277777777777777 0.023958333333333335 0.02962962962962963
1 0.32708333333333334 0.11018518518518519 0.029166666666666667 0.04259259259259259
1 0.5 0.10138888888888889 0.027083333333333334 0.041666666666666664
1 0.46432291666666664 0.08935185185185185 0.0234375 0.030555555555555555
1 0.7359375 0.19768518518518519 0.052083333333333336 0.08055555555555556
1 0.6622395833333333 0.20277777777777778 0.0421875 0.04259259259259259
1 0.27682291666666664 0.11064814814814815 0.0328125 0.04537037037037037
1 0.15989583333333332 0.08888888888888889 0.023958333333333335 0.037037037037037035
1 0.25859375 0.1787037037037037 0.043229166666666666 0.053703703703703705
1 0.58515625 0.1050925925925926 0.0265625 0.030555555555555555
1 0.5630208333333333 0.15092592592592594 0.030208333333333334 0.03148148148148148
1 0.6638020833333333 0.10231481481481482 0.024479166666666666 0.04537037037037037
1 0.5955729166666667 0.13703703703703704 0.03177083333333333 0.027777777777777776
1 0.17552083333333332 0.10277777777777777 0.027083333333333334 0.027777777777777776
1 0.2838541666666667 0.1962962962962963 0.03854166666666667 0.02962962962962963
1 0.6302083333333334 0.13333333333333333 0.03229166666666667 0.04259259259259259
1 0.36171875 0.09074074074074075 0.021354166666666667 0.03333333333333333
1 0.17604166666666668 0.1476851851851852 0.040625 0.06018518518518518
1 0.5229166666666667 0.1337962962962963 0.025 0.026851851851851852
1 0.7770833333333333 0.18703703703703703 0.03854166666666667 0.053703703703703705
1 0.6356770833333333 0.09166666666666666 0.028645833333333332 0.03518518518518519
1 0.17369791666666667 0.24722222222222223 0.0421875 0.06481481481481481
1 0.88203125 0.16527777777777777 0.0484375 0.06944444444444445
1 0.7052083333333333 0.10833333333333334 0.019791666666666666 0.014814814814814815
1 0.28671875 0.12638888888888888 0.034895833333333334 0.03425925925925926
1 0.6192708333333333 0.12361111111111112 0.022916666666666665 0.03425925925925926
1 0.4002604166666667 0.07453703703703704 0.021354166666666667 0.025
1 0.8533854166666667 0.20185185185185187 0.06510416666666667 0.07222222222222222
1 0.17578125 0.21203703703703702 0.0453125 0.04814814814814815
1 0.2755208333333333 0.21805555555555556 0.06354166666666666 0.07314814814814814
1 0.9927083333333333 0.33055555555555555 0.013541666666666667 0.07222222222222222
1 0.9903645833333333 0.1962962962962963 0.018229166666666668 0.05185185185185185
1 0.38307291666666665 0.18518518518518517 0.0171875 0.03518518518518519