2 0.7765625 0.12129629629629629 0.06979166666666667 0.1388888888888889
1 0.9286458333333333 0.49444444444444446 0.09895833333333333 0.13148148148148148
1 0.9630208333333333 0.7333333333333333 0.07291666666666667 0.17037037037037037
1 0.7947916666666667 0.5370370370370371 0.10208333333333333 0.14074074074074075
1 0.9466145833333334 0.937037037037037 0.10572916666666667 0.12407407407407407
1 0.26223958333333336 0.9263888888888889 0.16197916666666667 0.14537037037037037
1 0.646875 0.9425925925925925 0.1875 0.11296296296296296
1 0.8552083333333333 0.8430555555555556 0.15104166666666666 0.21388888888888888
1 0.12786458333333334 0.4115740740740741 0.0765625 0.1175925925925926
1 0.3026041666666667 0.3111111111111111 0.05416666666666667 0.07592592592592592
1 0.57734375 0.3509259259259259 0.06302083333333333 0.09814814814814815
1 0.6677083333333333 0.42962962962962964 0.0875 0.1111111111111111
1 0.35182291666666665 0.4513888888888889 0.08385416666666666 0.11388888888888889
1 0.2015625 0.3236111111111111 0.05625 0.08611111111111111
1 0.40572916666666664 0.29259259259259257 0.05520833333333333 0.07777777777777778
1 0.37552083333333336 0.5018518518518519 0.09270833333333334 0.12407407407407407
1 0.61953125 0.3837962962962963 0.07760416666666667 0.11018518518518519
1 0.6109375 0.5791666666666667 0.13229166666666667 0.20462962962962963
1 0.4440104166666667 0.34305555555555556 0.0765625 0.11388888888888889
1 0.37395833333333334 0.2537037037037037 0.053125 0.07407407407407407
1 0.5333333333333333 0.8277777777777777 0.19583333333333333 0.28703703703703703
1 0.5127604166666667 0.4287037037037037 0.08697916666666666 0.13703703703703704
1 0.5494791666666666 0.4861111111111111 0.09583333333333334 0.1259259259259259
1 0.8510416666666667 0.4162037037037037 0.08958333333333333 0.12685185185185185
1 0.46041666666666664 0.2337962962962963 0.05 0.0712962962962963
1 0.6674479166666667 0.17314814814814813 0.04114583333333333 0.06666666666666667
1 0.39453125 0.1824074074074074 0.03802083333333333 0.05185185185185185
1 0.8510416666666667 0.2884259259259259 0.05625 0.062037037037037036
1 0.9739583333333334 0.3106481481481482 0.051041666666666666 0.08425925925925926
1 0.69375 0.21574074074074073 0.04375 0.046296296296296294
1 0.49635416666666665 0.2601851851851852 0.04791666666666667 0.07777777777777778
1 0.5059895833333333 0.19583333333333333 0.03697916666666667 0.05462962962962963
1 0.46770833333333334 0.16620370370370371 0.03854166666666667 0.058333333333333334
1 0.9255208333333333 0.32592592592592595 0.07083333333333333 0.06481481481481481
1 0.5942708333333333 0.1449074074074074 0.035416666666666666 0.04537037037037037
1 0.375 0.15462962962962962 0.034375 0.04814814814814815
1 0.53203125 0.2935185185185185 0.06302083333333333 0.1
1 0.17057291666666666 0.18194444444444444 0.0359375 0.049074074074074076
1 0.27578125 0.2569444444444444 0.0453125 0.06944444444444445
1 0.89296875 0.262037037037037 0.05677083333333333 0.06851851851851852
1 0.5565104166666667 0.15 0.0296875 0.037037037037037035
1 0.8049479166666667 0.2638888888888889 0.04739583333333333 0.05925925925925926
1 0.7479166666666667 0.20972222222222223 0.04375 0.062037037037037036
1 0.24088541666666666 0.1550925925925926 0.0421875 0.06759259259259259
1 0.5208333333333334 0.11157407407407408 0.027083333333333334 0.03796296296296296
1 0.20208333333333334 0.125 0.028125 0.046296296296296294
1 0.35052083333333334 0.1375 0.035416666666666666 0.03796296296296296
1 0.7427083333333333 0.1787037037037037 0.041666666666666664 0.053703703703703705
1 0.36276041666666664 0.21898148148148147 0.044270833333333336 0.075
1 0.33515625 0.1875 0.03802083333333333 0.06574074074074074
1 0.29375 0.27685185185185185 0.05416666666666667 0.07037037037037037
1 0.31692708333333336 0.175 0.030729166666666665 0.05925925925925926
1 0.884375 0.22361111111111112 0.052083333333333336 0.058333333333333334
1 0.42942708333333335 0.2 0.043229166666666666 0.07037037037037037
1 0.3572916666666667 0.08611111111111111 0.023958333333333335 0.03333333333333333
1 0.93671875 0.20972222222222223 0.0515625 0.05277777777777778
1 0.44895833333333335 0.07824074074074074 0.026041666666666668 0.03796296296296296
1 0.8260416666666667 0.15046296296296297 0.040625 0.062037037037037036
1 0.44869791666666664 0.14351851851851852 0.033854166666666664 0.04259259259259259
1 0.6536458333333334 0.1388888888888889 0.036458333333333336 0.05555555555555555
1 0.82421875 0.19444444444444445 0.04114583333333333 0.05185185185185185
1 0.978125 0.2 0.03958333333333333 0.053703703703703705
1 0.5080729166666667 0.12685185185185185 0.028645833333333332 0.03148148148148148
1 0.1703125 0.13796296296296295 0.0375 0.03518518518518519
1 0.2674479166666667 0.22592592592592592 0.0453125 0.06481481481481481
1 0.78359375 0.22546296296296298 0.05260416666666667 0.06759259259259259
1 0.17786458333333333 0.21203703703703702 0.044270833333333336 0.03333333333333333
1 0.2872395833333333 0.1259259259259259 0.027604166666666666 0.04814814814814815
1 0.4393229166666667 0.22546296296296298 0.028645833333333332 0.062037037037037036
1 0.21588541666666666 0.7921296296296296 0.1390625 0.2564814814814815
1 0.471875 0.07916666666666666 0.03229166666666667 0.05277777777777778
1 0.5776041666666667 0.13148148148148148 0.025 0.03888888888888889
1 0.62578125 0.12407407407407407 0.030729166666666665 0.05185185185185185
1 0.40859375 0.06898148148148148 0.019270833333333334 0.028703703703703703
1 0.5674479166666667 0.11574074074074074 0.027604166666666666 0.03333333333333333
1 0.30364583333333334 0.1388888888888889 0.036458333333333336 0.044444444444444446
1 0.5578125 0.09768518518518518 0.027083333333333334 0.03796296296296296
1 0.54296875 0.21296296296296297 0.04635416666666667 0.07037037037037037
1 0.5997395833333333 0.12037037037037036 0.025520833333333333 0.03518518518518519
1 0.1890625 0.08055555555555556 0.01875 0.025925925925925925
1 0.19348958333333333 0.2949074074074074 0.0515625 0.0712962962962963
1 0.22473958333333333 0.1125 0.0265625 0.04351851851851852
1 0.17682291666666666 0.2518518518518518 0.0453125 0.06666666666666667
1 0.15885416666666666 0.10787037037037037 0.03333333333333333 0.049074074074074076
1 0.346875 0.07962962962962963 0.020833333333333332 0.03333333333333333
1 0.2796875 0.07314814814814814 0.017708333333333333 0.025925925925925925
1 0.25885416666666666 0.1875 0.03958333333333333 0.05277777777777778
1 0.3419270833333333 0.11851851851851852 0.03697916666666667 0.040740740740740744
1 0.6403645833333333 0.09212962962962963 0.0203125 0.030555555555555555
1 0.93828125 0.24537037037037038 0.0484375 0.07222222222222222
1 0.2515625 0.07592592592592592 0.020833333333333332 0.027777777777777776
1 0.42916666666666664 0.13148148148148148 0.035416666666666666 0.05740740740740741
1 0.16744791666666667 0.15416666666666667 0.03177083333333333 0.03981481481481482
1 0.8380208333333333 0.2310185185185185 0.04895833333333333 0.062037037037037036
1 0.990625 0.3578703703703704 0.017708333333333333 0.05092592592592592
1 0.99453125 0.21898148148148147 0.009895833333333333 0.04722222222222222