2 0.9606770833333333 0.20092592592592592 0.0765625 0.1925925925925926
1 0.22786458333333334 0.7870370370370371 0.15364583333333334 0.2037037037037037
1 0.20026041666666666 0.5949074074074074 0.1109375 0.14351851851851852
1 0.5770833333333333 0.9013888888888889 0.17291666666666666 0.19537037037037036
1 0.95 0.6773148148148148 0.09895833333333333 0.17314814814814813
1 0.63515625 0.4078703703703704 0.08177083333333333 0.10833333333333334
1 0.73125 0.7486111111111111 0.13541666666666666 0.1824074074074074
1 0.87265625 0.8787037037037037 0.16822916666666668 0.23333333333333334
1 0.41119791666666666 0.6208333333333333 0.11614583333333334 0.15648148148148147
1 0.34270833333333334 0.41574074074074074 0.075 0.10740740740740741
1 0.496875 0.2810185185185185 0.057291666666666664 0.075
1 0.4783854166666667 0.39490740740740743 0.0734375 0.10092592592592593
1 0.78203125 0.5171296296296296 0.10989583333333333 0.17314814814814813
1 0.15416666666666667 0.3712962962962963 0.06458333333333334 0.09444444444444444
1 0.8875 0.44722222222222224 0.09791666666666667 0.14814814814814814
1 0.39296875 0.4962962962962963 0.09322916666666667 0.12407407407407407
1 0.73984375 0.21064814814814814 0.0453125 0.062037037037037036
1 0.7153645833333333 0.337037037037037 0.0703125 0.10555555555555556
1 0.8138020833333334 0.38287037037037036 0.0890625 0.1175925925925926
1 0.18880208333333334 0.32175925925925924 0.0546875 0.0824074074074074
1 0.47760416666666666 0.1712962962962963 0.03854166666666667 0.053703703703703705
1 0.5317708333333333 0.44212962962962965 0.084375 0.13796296296296295
1 0.39765625 0.12129629629629629 0.0203125 0.03888888888888889
1 0.44973958333333336 0.3509259259259259 0.06510416666666667 0.09259259259259259
1 0.55234375 0.3199074074074074 0.0640625 0.08981481481481482
1 0.30052083333333335 0.30416666666666664 0.06979166666666667 0.1175925925925926
1 0.4390625 0.21388888888888888 0.036458333333333336 0.053703703703703705
1 0.37994791666666666 0.17222222222222222 0.03177083333333333 0.046296296296296294
1 0.31953125 0.17916666666666667 0.0421875 0.058333333333333334
1 0.38255208333333335 0.26851851851851855 0.0421875 0.06851851851851852
1 0.19947916666666668 0.16527777777777777 0.04375 0.06574074074074074
1 0.6880208333333333 0.18564814814814815 0.040625 0.06388888888888888
1 0.4739583333333333 0.23703703703703705 0.057291666666666664 0.08333333333333333
1 0.3802083333333333 0.1037037037037037 0.023958333333333335 0.037037037037037035
1 0.8 0.12962962962962962 0.041666666666666664 0.03888888888888889
1 0.42421875 0.20046296296296295 0.03697916666666667 0.06388888888888888
1 0.24036458333333333 0.16111111111111112 0.030729166666666665 0.04814814814814815
1 0.36302083333333335 0.14675925925925926 0.03333333333333333 0.049074074074074076
1 0.6440104166666667 0.11157407407407408 0.027604166666666666 0.03611111111111111
1 0.41692708333333334 0.28888888888888886 0.05677083333333333 0.0962962962962963
1 0.5716145833333334 0.1300925925925926 0.028645833333333332 0.03981481481481482
1 0.45859375 0.1550925925925926 0.033854166666666664 0.05462962962962963
1 0.68828125 0.13333333333333333 0.030729166666666665 0.046296296296296294
1 0.42109375 0.13055555555555556 0.03802083333333333 0.05925925925925926
1 0.696875 0.14722222222222223 0.034375 0.03333333333333333
1 0.39947916666666666 0.18055555555555555 0.036458333333333336 0.05
1 0.6744791666666666 0.6185185185185185 0.121875 0.19444444444444445
1 0.1640625 0.25277777777777777 0.042708333333333334 0.06296296296296296
1 0.7247395833333333 0.16435185185185186 0.03802083333333333 0.05462962962962963
1 0.7510416666666667 0.15092592592592594 0.027083333333333334 0.044444444444444446
1 0.7799479166666666 0.1814814814814815 0.0453125 0.07962962962962963
1 0.37083333333333335 0.23657407407407408 0.05 0.0787037037037037
1 0.67890625 0.11296296296296296 0.0265625 0.03518518518518519
1 0.45208333333333334 0.09814814814814815 0.023958333333333335 0.02962962962962963
1 0.5825520833333333 0.11481481481481481 0.03177083333333333 0.04259259259259259
1 0.5247395833333334 0.08842592592592592 0.0203125 0.023148148148148147
1 0.8239583333333333 0.1685185185185185 0.04479166666666667 0.06296296296296296
1 0.8432291666666667 0.25324074074074077 0.052083333333333336 0.06944444444444445
1 0.6044270833333333 0.10231481481481482 0.024479166666666666 0.032407407407407406
1 0.34322916666666664 0.1259259259259259 0.034375 0.05185185185185185
1 0.53125 0.1361111111111111 0.013541666666666667 0.02962962962962963
1 0.6658854166666667 0.10462962962962963 0.021354166666666667 0.02962962962962963
1 0.6893229166666667 0.30462962962962964 0.06927083333333334 0.11481481481481481
1 0.35078125 0.21481481481481482 0.03802083333333333 0.07222222222222222
1 0.15651041666666668 0.09583333333333334 0.025520833333333333 0.041666666666666664
1 0.9088541666666666 0.1763888888888889 0.03958333333333333 0.06388888888888888
1 0.2669270833333333 0.10648148148148148 0.0234375 0.03888888888888889
1 0.275 0.1587962962962963 0.03333333333333333 0.05648148148148148
1 0.2877604166666667 0.11712962962962963 0.03177083333333333 0.03981481481481482
1 0.23541666666666666 0.13703703703703704 0.03333333333333333 0.040740740740740744
1 0.4940104166666667 0.08009259259259259 0.024479166666666666 0.03796296296296296
1 0.58828125 0.1685185185185185 0.0359375 0.037037037037037035
1 0.5596354166666667 0.14537037037037037 0.030729166666666665 0.04259259259259259
1 0.64375 0.16342592592592592 0.04479166666666667 0.06944444444444445
1 0.6278645833333333 0.08981481481481482 0.0234375 0.03518518518518519
1 0.34375 0.0787037037037037 0.021875 0.03148148148148148
1 0.48463541666666665 0.1111111111111111 0.018229166666666668 0.025925925925925925
1 0.16666666666666666 0.2023148148148148 0.03229166666666667 0.032407407407407406
1 0.5140625 0.12777777777777777 0.026041666666666668 0.02962962962962963
1 0.28880208333333335 0.2550925925925926 0.06927083333333334 0.0787037037037037
1 0.31015625 0.08888888888888889 0.024479166666666666 0.04259259259259259
1 0.5002604166666667 0.11805555555555555 0.0234375 0.026851851851851852
1 0.2557291666666667 0.09027777777777778 0.027083333333333334 0.041666666666666664
1 0.26979166666666665 0.20694444444444443 0.04791666666666667 0.058333333333333334
1 0.47213541666666664 0.08703703703703704 0.021354166666666667 0.037037037037037035
1 0.17994791666666668 0.2796296296296296 0.0484375 0.09259259259259259
1 0.41458333333333336 0.0699074074074074 0.019791666666666666 0.028703703703703703
1 0.6244791666666667 0.12175925925925926 0.026041666666666668 0.025
1 0.8408854166666667 0.2101851851851852 0.049479166666666664 0.06296296296296296
1 0.30885416666666665 0.23333333333333334 0.029166666666666667 0.03518518518518519
1 0.17317708333333334 0.10648148148148148 0.0234375 0.020370370370370372
1 0.5052083333333334 0.09675925925925925 0.020833333333333332 0.023148148148148147
1 0.17005208333333333 0.16018518518518518 0.0265625 0.05
1 0.2557291666666667 0.2013888888888889 0.03958333333333333 0.0712962962962963
1 0.17916666666666667 0.21805555555555556 0.042708333333333334 0.04537037037037037
1 0.5518229166666667 0.09768518518518518 0.019270833333333334 0.03611111111111111
1 0.9940104166666667 0.7842592592592592 0.0109375 0.15
1 0.99140625 0.3074074074074074 0.016145833333333335 0.1111111111111111