3 0.22734375 0.8699074074074075 0.15364583333333334 0.2564814814814815
2 0.7567708333333333 0.11018518518518519 0.06354166666666666 0.12222222222222222
1 0.9411458333333333 0.9222222222222223 0.11666666666666667 0.1537037037037037
1 0.853125 0.5875 0.1125 0.15648148148148147
1 0.6036458333333333 0.8898148148148148 0.221875 0.21851851851851853
1 0.7088541666666667 0.46064814814814814 0.09270833333333334 0.1175925925925926
1 0.9723958333333333 0.5421296296296296 0.05416666666666667 0.14351851851851852
1 0.3890625 0.5435185185185185 0.10104166666666667 0.13333333333333333
1 0.5796875 0.525 0.10416666666666667 0.13703703703703704
1 0.415625 0.3060185185185185 0.05625 0.08055555555555556
1 0.30963541666666666 0.32685185185185184 0.05677083333333333 0.07777777777777778
1 0.20546875 0.3398148148148148 0.058854166666666666 0.09074074074074075
1 0.47369791666666666 0.24351851851851852 0.05364583333333333 0.07222222222222222
1 0.6041666666666666 0.37037037037037035 0.06979166666666667 0.1037037037037037
1 0.09192708333333334 0.4393518518518518 0.08072916666666667 0.12129629629629629
1 0.98046875 0.2037037037037037 0.03802083333333333 0.05740740740740741
1 0.6684895833333333 0.20462962962962963 0.043229166666666666 0.046296296296296294
1 0.9010416666666666 0.4486111111111111 0.09375 0.1361111111111111
1 0.3671875 0.4875 0.096875 0.12129629629629629
1 0.8794270833333333 0.30416666666666664 0.0671875 0.06574074074074074
1 0.5203125 0.20416666666666666 0.03958333333333333 0.05648148148148148
1 0.47734375 0.17314814814814813 0.0421875 0.06111111111111111
1 0.5557291666666667 0.30694444444444446 0.06666666666666667 0.10648148148148148
1 0.9651041666666667 0.350462962962963 0.06875 0.09166666666666666
1 0.7244791666666667 0.1986111111111111 0.041666666666666664 0.06388888888888888
1 0.3796875 0.26296296296296295 0.05520833333333333 0.07777777777777778
1 0.53671875 0.4564814814814815 0.09427083333333333 0.14629629629629629
1 0.9333333333333333 0.28425925925925927 0.058333333333333334 0.07037037037037037
1 0.5114583333333333 0.2722222222222222 0.05 0.07962962962962963
1 0.40234375 0.18703703703703703 0.03802083333333333 0.04814814814814815
1 0.9466145833333334 0.19212962962962962 0.0390625 0.05462962962962963
1 0.5799479166666667 0.13796296296296295 0.033854166666666664 0.040740740740740744
1 0.37890625 0.15833333333333333 0.034895833333333334 0.05
1 0.27760416666666665 0.2662037037037037 0.04583333333333333 0.0712962962962963
1 0.25703125 0.19305555555555556 0.033854166666666664 0.05462962962962963
1 0.65 0.1638888888888889 0.03958333333333333 0.06481481481481481
1 0.32109375 0.17916666666666667 0.0328125 0.062037037037037036
1 0.7244791666666667 0.1675925925925926 0.04375 0.04814814814814815
1 0.81484375 0.27175925925925926 0.0515625 0.06388888888888888
1 0.8567708333333334 0.2023148148148148 0.046875 0.03796296296296296
1 0.19921875 0.12731481481481483 0.027604166666666666 0.04351851851851852
1 0.33984375 0.19490740740740742 0.03697916666666667 0.06574074074074074
1 0.44973958333333336 0.23425925925925925 0.03177083333333333 0.06296296296296296
1 0.45651041666666664 0.15231481481481482 0.034895833333333334 0.04351851851851852
1 0.54140625 0.1398148148148148 0.0328125 0.03333333333333333
1 0.1921875 0.2962962962962963 0.05625 0.1
1 0.49505208333333334 0.12037037037037036 0.028645833333333332 0.03148148148148148
1 0.30625 0.1439814814814815 0.0375 0.04537037037037037
1 0.29453125 0.9643518518518519 0.13802083333333334 0.06944444444444445
1 0.5135416666666667 0.10787037037037037 0.025 0.03796296296296296
1 0.17005208333333333 0.14027777777777778 0.04010416666666667 0.03425925925925926
1 0.8565104166666667 0.24583333333333332 0.0515625 0.06574074074074074
1 0.7721354166666666 0.24953703703703703 0.04635416666666667 0.049074074074074076
1 0.35546875 0.14212962962962963 0.030729166666666665 0.03981481481481482
1 0.6463541666666667 0.41064814814814815 0.08229166666666667 0.11944444444444445
1 0.36041666666666666 0.08842592592592592 0.025 0.032407407407407406
1 0.43307291666666664 0.13796296296296295 0.03177083333333333 0.05740740740740741
1 0.29010416666666666 0.12777777777777777 0.028125 0.046296296296296294
1 0.9067708333333333 0.2050925925925926 0.04479166666666667 0.062037037037037036
1 0.44244791666666666 0.075 0.025520833333333333 0.03888888888888889
1 0.2989583333333333 0.28703703703703703 0.05625 0.07592592592592592
1 0.81015625 0.14537037037037037 0.0390625 0.05925925925925926
1 0.36640625 0.2263888888888889 0.044270833333333336 0.07685185185185185
1 0.4552083333333333 0.36342592592592593 0.08229166666666667 0.12129629629629629
1 0.26875 0.2337962962962963 0.042708333333333334 0.06759259259259259
1 0.6408854166666667 0.13148148148148148 0.03697916666666667 0.053703703703703705
1 0.7109375 0.11157407407407408 0.022916666666666665 0.05092592592592592
1 0.16979166666666667 0.1875 0.035416666666666666 0.049074074074074076
1 0.8013020833333333 0.17824074074074073 0.03177083333333333 0.03611111111111111
1 0.35052083333333334 0.07916666666666666 0.022916666666666665 0.030555555555555555
1 0.19140625 0.08055555555555556 0.019270833333333334 0.025925925925925925
1 0.26953125 0.10324074074074074 0.025520833333333333 0.03425925925925926
1 0.75390625 0.21666666666666667 0.03802083333333333 0.05925925925925926
1 0.3268229166666667 0.1037037037037037 0.027604166666666666 0.037037037037037035
1 0.24322916666666666 0.15925925925925927 0.04479166666666667 0.06666666666666667
1 0.34609375 0.11944444444444445 0.0390625 0.040740740740740744
1 0.28203125 0.11944444444444445 0.0234375 0.04259259259259259
1 0.81015625 0.225 0.03802083333333333 0.03148148148148148
1 0.2520833333333333 0.07777777777777778 0.020833333333333332 0.03148148148148148
1 0.33098958333333334 0.07546296296296297 0.022395833333333334 0.023148148148148147
1 0.5598958333333334 0.20046296296296295 0.04375 0.028703703703703703
1 0.578125 0.09259259259259259 0.020833333333333332 0.025925925925925925
1 0.4609375 0.08564814814814815 0.021875 0.030555555555555555
1 0.653125 0.638425925925926 0.14375 0.22870370370370371
1 0.44427083333333334 0.14444444444444443 0.028125 0.04814814814814815
1 0.559375 0.23055555555555557 0.046875 0.053703703703703705
1 0.6114583333333333 0.1175925925925926 0.03125 0.05555555555555555
1 0.26901041666666664 0.2125 0.0390625 0.026851851851851852
1 0.48489583333333336 0.09212962962962963 0.03333333333333333 0.03796296296296296
1 0.6440104166666667 0.09444444444444444 0.0203125 0.025925925925925925
1 0.5505208333333333 0.07453703703703704 0.020833333333333332 0.021296296296296296
1 0.5875 0.11435185185185186 0.022916666666666665 0.032407407407407406
1 0.2265625 0.10972222222222222 0.029166666666666667 0.03611111111111111
1 0.15703125 0.1087962962962963 0.0328125 0.049074074074074076
1 0.43776041666666665 0.2074074074074074 0.043229166666666666 0.07222222222222222
1 0.29739583333333336 0.08287037037037037 0.026041666666666668 0.028703703703703703
1 0.8052083333333333 0.20972222222222223 0.035416666666666666 0.04722222222222222
1 0.16640625 0.07546296296296297 0.030729166666666665 0.019444444444444445
1 0.17395833333333333 0.22962962962962963 0.05 0.05925925925925926
1 0.40130208333333334 0.06435185185185185 0.015104166666666667 0.021296296296296296
1 0.16875 0.16064814814814815 0.0375 0.041666666666666664
1 0.2515625 0.1310185185185185 0.026041666666666668 0.03425925925925926
1 0.17708333333333334 0.25925925925925924 0.051041666666666666 0.07037037037037037
1 0.8994791666666667 0.23055555555555557 0.04791666666666667 0.06296296296296296
1 0.240625 0.13842592592592592 0.041666666666666664 0.026851851851851852