2 0.615625 0.08842592592592592 0.09583333333333334 0.08796296296296297
1 0.41822916666666665 0.6069444444444444 0.109375 0.13796296296296295
1 0.22864583333333333 0.674537037037037 0.12395833333333334 0.16944444444444445
1 0.6036458333333333 0.5458333333333333 0.096875 0.1361111111111111
1 0.7583333333333333 0.8180555555555555 0.17708333333333334 0.26944444444444443
1 0.19557291666666668 0.40694444444444444 0.0796875 0.10833333333333334
1 0.61015625 0.37222222222222223 0.06302083333333333 0.09444444444444444
1 0.6427083333333333 0.3958333333333333 0.08333333333333333 0.11203703703703703
1 0.3731770833333333 0.4898148148148148 0.08489583333333334 0.12037037037037036
1 0.5158854166666667 0.4300925925925926 0.08072916666666667 0.1175925925925926
1 0.6205729166666667 0.2662037037037037 0.058854166666666666 0.08981481481481482
1 0.14244791666666667 0.3736111111111111 0.06197916666666667 0.11018518518518519
1 0.35260416666666666 0.44166666666666665 0.07708333333333334 0.11481481481481481
1 0.8614583333333333 0.5814814814814815 0.11979166666666667 0.1925925925925926
1 0.5484375 0.30925925925925923 0.06875 0.1037037037037037
1 0.48723958333333334 0.27037037037037037 0.05572916666666667 0.07037037037037037
1 0.3223958333333333 0.35694444444444445 0.06666666666666667 0.08611111111111111
1 0.47317708333333336 0.3962962962962963 0.0609375 0.09814814814814815
1 0.28072916666666664 0.2759259259259259 0.04583333333333333 0.07407407407407407
1 0.37864583333333335 0.26481481481481484 0.041666666666666664 0.07222222222222222
1 0.71796875 0.4546296296296296 0.08697916666666666 0.1259259259259259
1 0.7919270833333333 0.38055555555555554 0.0796875 0.12407407407407407
1 0.18958333333333333 0.3314814814814815 0.057291666666666664 0.05555555555555555
1 0.41458333333333336 0.2833333333333333 0.05416666666666667 0.09259259259259259
1 0.17135416666666667 0.2611111111111111 0.04583333333333333 0.06666666666666667
1 0.53828125 0.21805555555555556 0.043229166666666666 0.06944444444444445
1 0.44088541666666664 0.225 0.04635416666666667 0.06296296296296296
1 0.5197916666666667 0.13333333333333333 0.03229166666666667 0.03333333333333333
1 0.57890625 0.24027777777777778 0.0515625 0.08055555555555556
1 0.6958333333333333 0.3337962962962963 0.06875 0.09351851851851851
1 0.9401041666666666 0.2861111111111111 0.06354166666666666 0.09074074074074075
1 0.7002604166666667 0.2212962962962963 0.05260416666666667 0.07592592592592592
1 0.7015625 0.18101851851851852 0.036458333333333336 0.030555555555555555
1 0.36822916666666666 0.24259259259259258 0.042708333333333334 0.06666666666666667
1 0.7544270833333333 0.18518518518518517 0.03697916666666667 0.05555555555555555
1 0.3796875 0.1587962962962963 0.029166666666666667 0.041666666666666664
1 0.6658854166666667 0.19768518518518519 0.0359375 0.041666666666666664
1 0.32708333333333334 0.19537037037037036 0.034375 0.05555555555555555
1 0.6229166666666667 0.18472222222222223 0.0375 0.03981481481481482
1 0.7848958333333333 0.14444444444444443 0.026041666666666668 0.04259259259259259
1 0.7609375 0.2513888888888889 0.05520833333333333 0.049074074074074076
1 0.29583333333333334 0.13472222222222222 0.029166666666666667 0.04537037037037037
1 0.4075520833333333 0.12453703703703704 0.0296875 0.041666666666666664
1 0.21848958333333332 0.11342592592592593 0.033854166666666664 0.03796296296296296
1 0.7015625 0.13935185185185187 0.030208333333333334 0.04537037037037037
1 0.18255208333333334 0.2324074074074074 0.0421875 0.06111111111111111
1 0.4515625 0.3490740740740741 0.071875 0.10925925925925926
1 0.6643229166666667 0.175 0.04010416666666667 0.04814814814814815
1 0.5958333333333333 0.16898148148148148 0.03125 0.03611111111111111
1 0.63046875 0.12916666666666668 0.0296875 0.04537037037037037
1 0.6869791666666667 0.15138888888888888 0.034375 0.03796296296296296
1 0.57421875 0.15833333333333333 0.030729166666666665 0.03333333333333333
1 0.4940104166666667 0.10185185185185185 0.0265625 0.03148148148148148
1 0.5848958333333333 0.13055555555555556 0.027083333333333334 0.025925925925925925
1 0.1703125 0.1259259259259259 0.03958333333333333 0.044444444444444446
1 0.41432291666666665 0.2023148148148148 0.0421875 0.062037037037037036
1 0.8125 0.2361111111111111 0.051041666666666666 0.07962962962962963
1 0.5372395833333333 0.07407407407407407 0.021354166666666667 0.037037037037037035
1 0.32838541666666665 0.16527777777777777 0.03802083333333333 0.041666666666666664
1 0.9697916666666667 0.2273148148148148 0.052083333333333336 0.062037037037037036
1 0.35208333333333336 0.21064814814814814 0.04375 0.07314814814814814
1 0.28020833333333334 0.1162037037037037 0.035416666666666666 0.03425925925925926
1 0.7580729166666667 0.13842592592592592 0.028645833333333332 0.041666666666666664
1 0.2643229166666667 0.09953703703703703 0.028645833333333332 0.041666666666666664
1 0.5234375 0.2023148148148148 0.04791666666666667 0.0787037037037037
1 0.2596354166666667 0.22083333333333333 0.05260416666666667 0.08611111111111111
1 0.33177083333333335 0.11666666666666667 0.026041666666666668 0.040740740740740744
1 0.70078125 0.10787037037037037 0.030729166666666665 0.03796296296296296
1 0.40729166666666666 0.17685185185185184 0.040625 0.06481481481481481
1 0.35052083333333334 0.13287037037037036 0.028125 0.03796296296296296
1 0.37213541666666666 0.14907407407407408 0.03177083333333333 0.04814814814814815
1 0.5604166666666667 0.08657407407407407 0.020833333333333332 0.04351851851851852
1 0.34348958333333335 0.08101851851851852 0.0203125 0.032407407407407406
1 0.5213541666666667 0.09027777777777778 0.026041666666666668 0.04351851851851852
1 0.40078125 0.10555555555555556 0.0265625 0.027777777777777776
1 0.6731770833333334 0.13842592592592592 0.0265625 0.026851851851851852
1 0.3098958333333333 0.16018518518518518 0.029166666666666667 0.05555555555555555
1 0.6 0.09953703703703703 0.028125 0.03425925925925926
1 0.9309895833333334 0.22546296296296298 0.04010416666666667 0.04722222222222222
1 0.9028645833333333 0.20324074074074075 0.033854166666666664 0.05462962962962963
1 0.59765625 0.11435185185185186 0.028645833333333332 0.028703703703703703
1 0.7653645833333333 0.14814814814814814 0.0328125 0.025925925925925925
1 0.7817708333333333 0.21157407407407408 0.03854166666666667 0.03796296296296296
1 0.80234375 0.18101851851851852 0.03177083333333333 0.030555555555555555
1 0.21901041666666668 0.08425925925925926 0.025520833333333333 0.02962962962962963
1 0.675 0.10416666666666667 0.029166666666666667 0.04537037037037037
1 0.18229166666666666 0.18611111111111112 0.035416666666666666 0.040740740740740744
1 0.24166666666666667 0.16203703703703703 0.0375 0.05740740740740741
1 0.3341145833333333 0.12731481481481483 0.0203125 0.030555555555555555
1 0.31015625 0.0962962962962963 0.025520833333333333 0.037037037037037035
1 0.453125 0.09027777777777778 0.028125 0.041666666666666664
1 0.16953125 0.1865740740740741 0.03697916666666667 0.030555555555555555
1 0.97890625 0.17546296296296296 0.04114583333333333 0.041666666666666664
1 0.6260416666666667 0.1486111111111111 0.03125 0.03611111111111111
1 0.6033854166666667 0.1412037037037037 0.025520833333333333 0.028703703703703703
1 0.2375 0.1361111111111111 0.036458333333333336 0.03148148148148148
1 0.4786458333333333 0.09259259259259259 0.022916666666666665 0.04259259259259259
1 0.3528645833333333 0.09398148148148149 0.013020833333333334 0.032407407407407406
1 0.37083333333333335 0.10324074074074074 0.029166666666666667 0.028703703703703703
1 0.8729166666666667 0.22824074074074074 0.06458333333333334 0.06944444444444445
1 0.8927083333333333 0.22824074074074074 0.023958333333333335 0.06759259259259259
1 0.31171875 0.30833333333333335 0.05677083333333333 0.08148148148148149
1 0.9893229166666667 0.27685185185185185 0.0203125 0.08148148148148149