3 0.9666666666666667 0.6666666666666666 0.065625 0.362962962962963
2 0.8333333333333334 0.13703703703703704 0.06770833333333333 0.15
2 0.73125 0.11296296296296296 0.065625 0.11666666666666667
1 0.8080729166666667 0.5550925925925926 0.10989583333333333 0.13240740740740742
1 0.23619791666666667 0.9069444444444444 0.1609375 0.18425925925925926
1 0.72265625 0.7148148148148148 0.1359375 0.18518518518518517
1 0.7822916666666667 0.399537037037037 0.07916666666666666 0.10648148148148148
1 0.8989583333333333 0.6541666666666667 0.08229166666666667 0.16574074074074074
1 0.48411458333333335 0.7300925925925926 0.13385416666666666 0.1824074074074074
1 0.67265625 0.42962962962962964 0.08177083333333333 0.11296296296296296
1 0.34479166666666666 0.41388888888888886 0.07395833333333333 0.10185185185185185
1 0.1828125 0.3523148148148148 0.065625 0.10092592592592593
1 0.5859375 0.36064814814814816 0.07291666666666667 0.09537037037037037
1 0.33541666666666664 0.3712962962962963 0.075 0.09444444444444444
1 0.6658854166666667 0.6143518518518518 0.10572916666666667 0.15833333333333333
1 0.85546875 0.26157407407407407 0.0578125 0.06944444444444445
1 0.521875 0.30462962962962964 0.052083333333333336 0.08518518518518518
1 0.9065104166666667 0.31851851851851853 0.0703125 0.06666666666666667
1 0.7192708333333333 0.19583333333333333 0.04583333333333333 0.075
1 0.4127604166666667 0.2962962962962963 0.0671875 0.1
1 0.7338541666666667 0.3449074074074074 0.07395833333333333 0.10648148148148148
1 0.5046875 0.18981481481481483 0.040625 0.06481481481481481
1 0.9734375 0.35833333333333334 0.052083333333333336 0.09074074074074075
1 0.4239583333333333 0.6138888888888889 0.146875 0.21481481481481482
1 0.8140625 0.23842592592592593 0.046875 0.06944444444444445
1 0.59609375 0.17175925925925925 0.0390625 0.03981481481481482
1 0.7653645833333333 0.2523148148148148 0.05677083333333333 0.05648148148148148
1 0.5166666666666667 0.4583333333333333 0.103125 0.16296296296296298
1 0.28854166666666664 0.2722222222222222 0.04895833333333333 0.06666666666666667
1 0.4390625 0.15 0.0375 0.053703703703703705
1 0.5583333333333333 0.3263888888888889 0.06354166666666666 0.09537037037037037
1 0.6388020833333333 0.16574074074074074 0.03802083333333333 0.04814814814814815
1 0.45651041666666664 0.3638888888888889 0.06822916666666666 0.11481481481481481
1 0.4744791666666667 0.1726851851851852 0.030208333333333334 0.04537037037037037
1 0.48046875 0.2564814814814815 0.05364583333333333 0.08888888888888889
1 0.48046875 0.40324074074074073 0.06927083333333334 0.10462962962962963
1 0.4315104166666667 0.2101851851851852 0.04739583333333333 0.06481481481481481
1 0.9776041666666667 0.2574074074074074 0.04375 0.06666666666666667
1 0.196875 0.2814814814814815 0.05 0.07592592592592592
1 0.37734375 0.16620370370370371 0.030729166666666665 0.04722222222222222
1 0.38229166666666664 0.2574074074074074 0.04479166666666667 0.06851851851851852
1 0.9369791666666667 0.2833333333333333 0.06041666666666667 0.08148148148148149
1 0.36328125 0.22777777777777777 0.044270833333333336 0.06666666666666667
1 0.8786458333333333 0.16712962962962963 0.03229166666666667 0.06574074074074074
1 0.23645833333333333 0.7189814814814814 0.115625 0.18425925925925926
1 0.45651041666666664 0.23287037037037037 0.04114583333333333 0.06944444444444445
1 0.5822916666666667 0.10925925925925926 0.03333333333333333 0.05185185185185185
1 0.32135416666666666 0.1712962962962963 0.034375 0.05925925925925926
1 0.6966145833333334 0.15787037037037038 0.03802083333333333 0.06018518518518518
1 0.17239583333333333 0.16574074074074074 0.034375 0.03888888888888889
1 0.48333333333333334 0.09907407407407408 0.025 0.03148148148148148
1 0.46510416666666665 0.08657407407407407 0.026041666666666668 0.041666666666666664
1 0.27890625 0.24722222222222223 0.04739583333333333 0.06111111111111111
1 0.40546875 0.1814814814814815 0.04114583333333333 0.06296296296296296
1 0.2328125 0.14444444444444443 0.0375 0.06296296296296296
1 0.25052083333333336 0.16898148148148148 0.03854166666666667 0.049074074074074076
1 0.6015625 0.13333333333333333 0.03229166666666667 0.040740740740740744
1 0.28072916666666664 0.11666666666666667 0.027083333333333334 0.046296296296296294
1 0.8067708333333333 0.2013888888888889 0.03854166666666667 0.06018518518518518
1 0.30807291666666664 0.1587962962962963 0.03177083333333333 0.058333333333333334
1 0.2046875 0.6018518518518519 0.10729166666666666 0.19814814814814816
1 0.34479166666666666 0.0787037037037037 0.026041666666666668 0.03333333333333333
1 0.21822916666666667 0.08148148148148149 0.03333333333333333 0.03148148148148148
1 0.3171875 0.9861111111111112 0.1125 0.025925925925925925
1 0.61953125 0.15046296296296297 0.030729166666666665 0.04351851851851852
1 0.29765625 0.1337962962962963 0.033854166666666664 0.05092592592592592
1 0.4270833333333333 0.07175925925925926 0.027083333333333334 0.032407407407407406
1 0.5466145833333333 0.07175925925925926 0.025520833333333333 0.030555555555555555
1 0.5578125 0.09907407407407408 0.026041666666666668 0.040740740740740744
1 0.5427083333333333 0.12175925925925926 0.030208333333333334 0.03796296296296296
1 0.340625 0.19907407407407407 0.03958333333333333 0.06851851851851852
1 0.4393229166666667 0.08101851851851852 0.024479166666666666 0.030555555555555555
1 0.16979166666666667 0.14351851851851852 0.030208333333333334 0.03148148148148148
1 0.52109375 0.11203703703703703 0.0234375 0.044444444444444446
1 0.5479166666666667 0.14537037037037037 0.03125 0.03888888888888889
1 0.6700520833333333 0.1398148148148148 0.033854166666666664 0.05555555555555555
1 0.34296875 0.12731481481481483 0.028645833333333332 0.03611111111111111
1 0.58203125 0.08148148148148149 0.0234375 0.016666666666666666
1 0.9130208333333333 0.23333333333333334 0.05625 0.08148148148148149
1 0.4270833333333333 0.13055555555555556 0.03125 0.03888888888888889
1 0.63515625 0.12916666666666668 0.0265625 0.026851851851851852
1 0.17578125 0.2125 0.049479166666666664 0.0712962962962963
1 0.6434895833333333 0.10648148148148148 0.021354166666666667 0.025925925925925925
1 0.6596354166666667 0.09166666666666666 0.021354166666666667 0.014814814814814815
1 0.4088541666666667 0.1287037037037037 0.029166666666666667 0.040740740740740744
1 0.20859375 0.1175925925925926 0.027604166666666666 0.04259259259259259
1 0.35885416666666664 0.13935185185185187 0.029166666666666667 0.041666666666666664
1 0.5078125 0.10601851851851851 0.023958333333333335 0.03981481481481482
1 0.33098958333333334 0.11342592592592593 0.0296875 0.041666666666666664
1 0.26067708333333334 0.20555555555555555 0.0484375 0.05925925925925926
1 0.18671875 0.24953703703703703 0.050520833333333334 0.08425925925925926
1 0.2734375 0.2310185185185185 0.04895833333333333 0.062037037037037036
1 0.9895833333333334 0.29398148148148145 0.019791666666666666 0.04351851851851852