2 0.8486979166666667 0.13564814814814816 0.07760416666666667 0.11574074074074074
2 0.6565104166666667 0.3574074074074074 0.10572916666666667 0.20555555555555555
2 0.78046875 0.09166666666666666 0.0578125 0.08888888888888889
1 0.7200520833333334 0.7361111111111112 0.13072916666666667 0.1814814814814815
1 0.5690104166666666 0.3333333333333333 0.0640625 0.08518518518518518
1 0.66328125 0.6231481481481481 0.11302083333333333 0.14629629629629629
1 0.4453125 0.6652777777777777 0.12395833333333334 0.20092592592592592
1 0.353125 0.4083333333333333 0.078125 0.1037037037037037
1 0.95234375 0.9425925925925925 0.09427083333333333 0.11296296296296296
1 0.48541666666666666 0.3962962962962963 0.075 0.10555555555555556
1 0.20546875 0.5518518518518518 0.09114583333333333 0.12407407407407407
1 0.19192708333333333 0.49722222222222223 0.0890625 0.10925925925925926
1 0.5044270833333333 0.2796296296296296 0.05260416666666667 0.07407407407407407
1 0.403125 0.5944444444444444 0.09479166666666666 0.14629629629629629
1 0.5942708333333333 0.2587962962962963 0.051041666666666666 0.06759259259259259
1 0.7598958333333333 0.48703703703703705 0.11145833333333334 0.18333333333333332
1 0.5919270833333333 0.37453703703703706 0.034895833333333334 0.09351851851851851
1 0.2796875 0.2810185185185185 0.057291666666666664 0.0712962962962963
1 0.67265625 0.2111111111111111 0.0484375 0.044444444444444446
1 0.47317708333333336 0.2490740740740741 0.05260416666666667 0.06851851851851852
1 0.5598958333333334 0.23472222222222222 0.05 0.075
1 0.7731770833333333 0.2513888888888889 0.0484375 0.062037037037037036
1 0.6270833333333333 0.16342592592592592 0.036458333333333336 0.05092592592592592
1 0.33671875 0.3592592592592593 0.08489583333333334 0.12777777777777777
1 0.90625 0.27546296296296297 0.06458333333333334 0.09907407407407408
1 0.4674479166666667 0.35648148148148145 0.059895833333333336 0.09444444444444444
1 0.2630208333333333 0.2064814814814815 0.0375 0.053703703703703705
1 0.18958333333333333 0.2564814814814815 0.04791666666666667 0.06851851851851852
1 0.8046875 0.22870370370370371 0.034375 0.06111111111111111
1 0.36041666666666666 0.25324074074074077 0.03125 0.06574074074074074
1 0.8549479166666667 0.21388888888888888 0.049479166666666664 0.07592592592592592
1 0.3489583333333333 0.2175925925925926 0.05 0.07592592592592592
1 0.18125 0.4162037037037037 0.06979166666666667 0.11018518518518519
1 0.42109375 0.2972222222222222 0.06510416666666667 0.10740740740740741
1 0.16640625 0.17037037037037037 0.0328125 0.053703703703703705
1 0.7497395833333333 0.21851851851851853 0.0453125 0.053703703703703705
1 0.69609375 0.13518518518518519 0.0203125 0.04259259259259259
1 0.18645833333333334 0.20416666666666666 0.03854166666666667 0.049074074074074076
1 0.38619791666666664 0.16203703703703703 0.03697916666666667 0.053703703703703705
1 0.33046875 0.19583333333333333 0.03177083333333333 0.05277777777777778
1 0.6109375 0.1527777777777778 0.034375 0.05185185185185185
1 0.48671875 0.09907407407407408 0.0203125 0.03518518518518519
1 0.26171875 0.09768518518518518 0.022395833333333334 0.03796296296296296
1 0.32786458333333335 0.1125 0.0296875 0.032407407407407406
1 0.2755208333333333 0.1087962962962963 0.03125 0.04351851851851852
1 0.38958333333333334 0.2587962962962963 0.04895833333333333 0.08425925925925926
1 0.23515625 0.1388888888888889 0.0328125 0.040740740740740744
1 0.2908854166666667 0.13333333333333333 0.033854166666666664 0.05
1 0.73671875 0.1412037037037037 0.0328125 0.03796296296296296
1 0.3927083333333333 0.1111111111111111 0.03333333333333333 0.044444444444444446
1 0.5984375 0.1375 0.03333333333333333 0.06574074074074074
1 0.4388020833333333 0.22592592592592592 0.04635416666666667 0.05925925925925926
1 0.24583333333333332 0.16342592592592592 0.03854166666666667 0.049074074074074076
1 0.4244791666666667 0.07083333333333333 0.021875 0.030555555555555555
1 0.22526041666666666 0.12962962962962962 0.03697916666666667 0.037037037037037035
1 0.7822916666666667 0.16296296296296298 0.03958333333333333 0.06666666666666667
1 0.18645833333333334 0.3597222222222222 0.07916666666666666 0.11944444444444445
1 0.8369791666666667 0.19722222222222222 0.04791666666666667 0.07592592592592592
1 0.41848958333333336 0.18472222222222223 0.04010416666666667 0.06388888888888888
1 0.3416666666666667 0.12916666666666668 0.023958333333333335 0.03611111111111111
1 0.66796875 0.14074074074074075 0.044270833333333336 0.06296296296296296
1 0.16822916666666668 0.13935185185185187 0.034375 0.03796296296296296
1 0.3575520833333333 0.1388888888888889 0.033854166666666664 0.04814814814814815
1 0.46640625 0.08425925925925926 0.019270833333333334 0.040740740740740744
1 0.55234375 0.06620370370370371 0.0265625 0.032407407407407406
1 0.31302083333333336 0.15648148148148147 0.03333333333333333 0.05740740740740741
1 0.6270833333333333 0.11851851851851852 0.03229166666666667 0.040740740740740744
1 0.21901041666666668 0.10462962962962963 0.03802083333333333 0.02962962962962963
1 0.9143229166666667 0.17546296296296296 0.0390625 0.06759259259259259
1 0.41510416666666666 0.12638888888888888 0.026041666666666668 0.030555555555555555
1 0.6502604166666667 0.10231481481481482 0.022395833333333334 0.023148148148148147
1 0.9736979166666667 0.1935185185185185 0.0515625 0.07777777777777778
1 0.3927083333333333 0.18009259259259258 0.025 0.05277777777777778
1 0.6072916666666667 0.09583333333333334 0.021875 0.01574074074074074
1 0.45078125 0.07777777777777778 0.0203125 0.03518518518518519
1 0.5705729166666667 0.1361111111111111 0.0328125 0.044444444444444446
1 0.7515625 0.1486111111111111 0.028125 0.028703703703703703
1 0.59609375 0.08425925925925926 0.028645833333333332 0.03148148148148148
1 0.7611979166666667 0.17407407407407408 0.022395833333333334 0.027777777777777776
1 0.3971354166666667 0.28055555555555556 0.050520833333333334 0.07777777777777778
1 0.33046875 0.17175925925925925 0.0328125 0.04351851851851852
1 0.25885416666666666 0.18472222222222223 0.04895833333333333 0.04351851851851852
1 0.9354166666666667 0.18796296296296297 0.042708333333333334 0.06666666666666667
1 0.7307291666666667 0.19583333333333333 0.04375 0.07314814814814814
1 0.5078125 0.10601851851851851 0.030208333333333334 0.04722222222222222