1 0.44895833333333335 0.6787037037037037 0.12083333333333333 0.16296296296296298
1 0.5447916666666667 0.3236111111111111 0.06666666666666667 0.08611111111111111
1 0.20677083333333332 0.525 0.10416666666666667 0.13703703703703704
1 0.7294270833333333 0.47685185185185186 0.08385416666666666 0.12037037037037036
1 0.415625 0.31527777777777777 0.04791666666666667 0.0824074074074074
1 0.35208333333333336 0.44722222222222224 0.08333333333333333 0.11296296296296296
1 0.83828125 0.42916666666666664 0.08802083333333334 0.11574074074074074
1 0.18854166666666666 0.4324074074074074 0.08229166666666667 0.10740740740740741
1 0.61796875 0.5726851851851852 0.10572916666666667 0.1527777777777778
1 0.8065104166666667 0.7962962962962963 0.14635416666666667 0.20185185185185187
1 0.42578125 0.5893518518518519 0.11510416666666666 0.15092592592592594
1 0.5583333333333333 0.5111111111111111 0.09270833333333334 0.1259259259259259
1 0.6359375 0.3800925925925926 0.08333333333333333 0.12685185185185185
1 0.7161458333333334 0.33194444444444443 0.07291666666666667 0.11203703703703703
1 0.8638020833333333 0.6138888888888889 0.11822916666666666 0.17037037037037037
1 0.18541666666666667 0.30324074074074076 0.05520833333333333 0.08055555555555556
1 0.603125 0.2638888888888889 0.05416666666666667 0.08333333333333333
1 0.4869791666666667 0.2611111111111111 0.053125 0.07037037037037037
1 0.7747395833333334 0.5175925925925926 0.10989583333333333 0.1425925925925926
1 0.4484375 0.23333333333333334 0.04791666666666667 0.06296296296296296
1 0.31223958333333335 0.3282407407407407 0.059895833333333336 0.08611111111111111
1 0.6684895833333333 0.29305555555555557 0.0640625 0.09351851851851851
1 0.86953125 0.26342592592592595 0.058854166666666666 0.075
1 0.3890625 0.11157407407407408 0.03229166666666667 0.05092592592592592
1 0.9690104166666667 0.5212962962962963 0.0609375 0.16296296296296298
1 0.43463541666666666 0.14305555555555555 0.033854166666666664 0.049074074074074076
1 0.6661458333333333 0.20416666666666666 0.04375 0.04351851851851852
1 0.6205729166666667 0.17685185185185184 0.043229166666666666 0.05
1 0.4609375 0.3416666666666667 0.06770833333333333 0.10740740740740741
1 0.34322916666666664 0.37453703703703706 0.06666666666666667 0.08981481481481482
1 0.3765625 0.24166666666666667 0.04791666666666667 0.08148148148148149
1 0.9466145833333334 0.19675925925925927 0.0515625 0.0712962962962963
1 0.3703125 0.1037037037037037 0.014583333333333334 0.03333333333333333
1 0.31796875 0.9796296296296296 0.13072916666666667 0.03888888888888889
1 0.8815104166666666 0.22916666666666666 0.049479166666666664 0.06759259259259259
1 0.48463541666666665 0.11296296296296296 0.027604166666666666 0.03518518518518519
1 0.3455729166666667 0.22592592592592592 0.03802083333333333 0.05925925925925926
1 0.6315104166666666 0.16018518518518518 0.0328125 0.05
1 0.68359375 0.15694444444444444 0.034895833333333334 0.049074074074074076
1 0.28020833333333334 0.25416666666666665 0.06145833333333333 0.09907407407407408
1 0.65234375 0.11990740740740741 0.027604166666666666 0.03981481481481482
1 0.34609375 0.1912037037037037 0.04114583333333333 0.049074074074074076
1 0.5276041666666667 0.4388888888888889 0.09166666666666666 0.14444444444444443
1 0.7026041666666667 0.13425925925925927 0.03229166666666667 0.046296296296296294
1 0.3033854166666667 0.15601851851851853 0.03177083333333333 0.04351851851851852
1 0.40390625 0.1824074074074074 0.0328125 0.046296296296296294
1 0.984375 0.26342592592592595 0.030208333333333334 0.07685185185185185
1 0.7265625 0.12361111111111112 0.025 0.03611111111111111
1 0.434375 0.2023148148148148 0.04583333333333333 0.0712962962962963
1 0.016666666666666666 0.4787037037037037 0.03333333333333333 0.13333333333333333
1 0.4244791666666667 0.13240740740740742 0.029166666666666667 0.05185185185185185
1 0.6651041666666667 0.10324074074074074 0.026041666666666668 0.04537037037037037
1 0.3684895833333333 0.1527777777777778 0.03177083333333333 0.04259259259259259
1 0.346875 0.12824074074074074 0.030208333333333334 0.04722222222222222
1 0.32786458333333335 0.18518518518518517 0.0328125 0.06111111111111111
1 0.18515625 0.26296296296296295 0.0515625 0.05925925925925926
1 0.5934895833333333 0.16527777777777777 0.028645833333333332 0.03796296296296296
1 0.5388020833333333 0.09398148148148149 0.0265625 0.041666666666666664
1 0.58671875 0.24212962962962964 0.0546875 0.09166666666666666
1 0.3614583333333333 0.08981481481481482 0.021875 0.03148148148148148
1 0.3494791666666667 0.14583333333333334 0.026041666666666668 0.03796296296296296
1 0.7377604166666667 0.14907407407407408 0.03177083333333333 0.025925925925925925
1 0.22942708333333334 0.12407407407407407 0.03177083333333333 0.03888888888888889
1 0.70625 0.19212962962962962 0.0375 0.06759259259259259
1 0.38958333333333334 0.17222222222222222 0.03229166666666667 0.05555555555555555
1 0.74375 0.20092592592592592 0.05520833333333333 0.08148148148148149
1 0.23723958333333334 0.14305555555555555 0.0296875 0.03981481481481482
1 0.5658854166666667 0.15601851851851853 0.030729166666666665 0.03611111111111111
1 0.5716145833333334 0.8981481481481481 0.1578125 0.20185185185185187
1 0.46588541666666666 0.09027777777777778 0.024479166666666666 0.032407407407407406
1 0.5869791666666667 0.10740740740740741 0.027083333333333334 0.03148148148148148
1 0.62265625 0.12222222222222222 0.0234375 0.02962962962962963
1 0.16067708333333333 0.0875 0.024479166666666666 0.03611111111111111
1 0.8010416666666667 0.23055555555555557 0.04895833333333333 0.07407407407407407
1 0.63359375 0.13472222222222222 0.03177083333333333 0.041666666666666664
1 0.2760416666666667 0.11064814814814815 0.03229166666666667 0.04537037037037037
1 0.5611979166666666 0.10046296296296296 0.022395833333333334 0.025
1 0.2872395833333333 0.12685185185185185 0.033854166666666664 0.03518518518518519
1 0.32578125 0.10972222222222222 0.028645833333333332 0.04722222222222222
1 0.17578125 0.1537037037037037 0.0390625 0.03888888888888889
1 0.8192708333333333 0.17824074074074073 0.034375 0.05462962962962963
1 0.5036458333333333 0.10324074074074074 0.026041666666666668 0.04351851851851852
1 0.40208333333333335 0.2851851851851852 0.05 0.07592592592592592
1 0.6375 0.09259259259259259 0.029166666666666667 0.037037037037037035
1 0.5236979166666667 0.13564814814814816 0.025520833333333333 0.028703703703703703
1 0.7838541666666666 0.18287037037037038 0.036458333333333336 0.03796296296296296
1 0.17369791666666667 0.23425925925925925 0.043229166666666666 0.08888888888888889
1 0.8619791666666666 0.20416666666666666 0.059375 0.075
1 0.25677083333333334 0.17731481481481481 0.04479166666666667 0.05462962962962963
1 0.8872395833333333 0.1675925925925926 0.0484375 0.07037037037037037
1 0.6875 0.1865740740740741 0.023958333333333335 0.05462962962962963
1 0.5997395833333333 0.1388888888888889 0.03177083333333333 0.027777777777777776
1 0.2833333333333333 0.19444444444444445 0.03125 0.025925925925925925
1 0.40182291666666664 0.07407407407407407 0.0234375 0.025925925925925925
1 0.43203125 0.07824074074074074 0.0203125 0.03425925925925926
1 0.2708333333333333 0.2152777777777778 0.05625 0.06759259259259259
1 0.5765625 0.12962962962962962 0.030208333333333334 0.03518518518518519