2 0.9489583333333333 0.17314814814814813 0.09895833333333333 0.15925925925925927
2 0.9450520833333333 0.4625 0.10885416666666667 0.1935185185185185
2 0.55078125 0.275 0.08697916666666666 0.15925925925925927
2 0.8486979166666667 0.10694444444444444 0.0671875 0.09722222222222222
1 0.7546875 0.5180555555555556 0.10208333333333333 0.13240740740740742
1 0.63203125 0.5916666666666667 0.1140625 0.14814814814814814
1 0.026302083333333334 0.49907407407407406 0.05260416666666667 0.11296296296296296
1 0.9395833333333333 0.33796296296296297 0.06979166666666667 0.08333333333333333
1 0.8848958333333333 0.26666666666666666 0.05625 0.07962962962962963
1 0.49635416666666665 0.43425925925925923 0.08020833333333334 0.10185185185185185
1 0.19765625 0.42268518518518516 0.07135416666666666 0.09722222222222222
1 0.3098958333333333 0.3194444444444444 0.06041666666666667 0.08148148148148149
1 0.5401041666666667 0.48009259259259257 0.084375 0.11944444444444445
1 0.42421875 0.31157407407407406 0.06197916666666667 0.0824074074074074
1 0.48932291666666666 0.26851851851851855 0.049479166666666664 0.07222222222222222
1 0.4546875 0.22870370370370371 0.04479166666666667 0.06296296296296296
1 0.9395833333333333 0.6578703703703703 0.11979166666666667 0.2175925925925926
1 0.19322916666666667 0.37824074074074077 0.06979166666666667 0.08425925925925926
1 0.7028645833333333 0.19814814814814816 0.043229166666666666 0.05925925925925926
1 0.71953125 0.7208333333333333 0.1390625 0.22870370370370371
1 0.39453125 0.28194444444444444 0.04739583333333333 0.0787037037037037
1 0.825 0.4273148148148148 0.08958333333333333 0.11388888888888889
1 0.4591145833333333 0.874537037037037 0.16510416666666666 0.24722222222222223
1 0.425 0.20833333333333334 0.04375 0.05740740740740741
1 0.5018229166666667 0.29398148148148145 0.03177083333333333 0.075
1 0.19973958333333333 0.14027777777777778 0.0296875 0.03981481481481482
1 0.25052083333333336 0.17685185185185184 0.035416666666666666 0.046296296296296294
1 0.18541666666666667 0.2111111111111111 0.041666666666666664 0.05925925925925926
1 0.36484375 0.45787037037037037 0.08385416666666666 0.1361111111111111
1 0.2713541666666667 0.23287037037037037 0.052083333333333336 0.06388888888888888
1 0.33697916666666666 0.4273148148148148 0.065625 0.10648148148148148
1 0.6083333333333333 0.36157407407407405 0.08229166666666667 0.13425925925925927
1 0.44973958333333336 0.0824074074074074 0.025520833333333333 0.03333333333333333
1 0.6252604166666667 0.1587962962962963 0.034895833333333334 0.05462962962962963
1 0.3997395833333333 0.12083333333333333 0.04010416666666667 0.049074074074074076
1 0.8609375 0.2388888888888889 0.07083333333333333 0.08333333333333333
1 0.6869791666666667 0.18425925925925926 0.0375 0.05740740740740741
1 0.17395833333333333 0.32592592592592595 0.05416666666666667 0.09074074074074075
1 0.5903645833333333 0.14814814814814814 0.033854166666666664 0.03888888888888889
1 0.5015625 0.1935185185185185 0.04375 0.06481481481481481
1 0.3229166666666667 0.19537037037037036 0.03958333333333333 0.044444444444444446
1 0.32317708333333334 0.11435185185185186 0.0203125 0.032407407407407406
1 0.18463541666666666 0.2851851851851852 0.049479166666666664 0.09444444444444444
1 0.8114583333333333 0.2722222222222222 0.057291666666666664 0.053703703703703705
1 0.1671875 0.12175925925925926 0.03125 0.03425925925925926
1 0.3421875 0.12361111111111112 0.029166666666666667 0.04722222222222222
1 0.2981770833333333 0.2847222222222222 0.06197916666666667 0.10277777777777777
1 0.25390625 0.0875 0.021354166666666667 0.03425925925925926
1 0.3697916666666667 0.0962962962962963 0.03333333333333333 0.040740740740740744
1 0.6588541666666666 0.1699074074074074 0.03854166666666667 0.06574074074074074
1 0.28072916666666664 0.11898148148148148 0.03125 0.041666666666666664
1 0.26796875 0.09814814814814815 0.028645833333333332 0.03888888888888889
1 0.8270833333333333 0.17546296296296296 0.03958333333333333 0.06388888888888888
1 0.6541666666666667 0.11435185185185186 0.026041666666666668 0.028703703703703703
1 0.36328125 0.14166666666666666 0.033854166666666664 0.04814814814814815
1 0.49557291666666664 0.09722222222222222 0.025520833333333333 0.044444444444444446
1 0.8419270833333333 0.1865740740740741 0.04114583333333333 0.05648148148148148
1 0.18229166666666666 0.17685185185185184 0.036458333333333336 0.044444444444444446
1 0.21432291666666667 0.10324074074074074 0.030729166666666665 0.03981481481481482
1 0.35052083333333334 0.07962962962962963 0.022916666666666665 0.03518518518518519
1 0.22942708333333334 0.12129629629629629 0.030729166666666665 0.03333333333333333
1 0.5083333333333333 0.1087962962962963 0.023958333333333335 0.041666666666666664
1 0.29583333333333334 0.13796296296296295 0.030208333333333334 0.05
1 0.23958333333333334 0.16111111111111112 0.042708333333333334 0.046296296296296294
1 0.37864583333333335 0.24166666666666667 0.05416666666666667 0.09259259259259259
1 0.4049479166666667 0.18333333333333332 0.04010416666666667 0.044444444444444446
1 0.47421875 0.09074074074074075 0.0234375 0.040740740740740744
1 0.7033854166666667 0.12129629629629629 0.028645833333333332 0.02962962962962963
1 0.6307291666666667 0.09537037037037037 0.03229166666666667 0.03888888888888889
1 0.8825520833333333 0.17962962962962964 0.044270833333333336 0.06111111111111111
1 0.34791666666666665 0.2351851851851852 0.030208333333333334 0.06481481481481481
1 0.35052083333333334 0.21157407407407408 0.05 0.06574074074074074
1 0.3 0.08333333333333333 0.029166666666666667 0.03333333333333333
1 0.31927083333333334 0.17083333333333334 0.04479166666666667 0.03796296296296296
1 0.30625 0.15416666666666667 0.03333333333333333 0.049074074074074076
1 0.39010416666666664 0.15138888888888888 0.03229166666666667 0.049074074074074076
1 0.6838541666666667 0.13796296296296295 0.0375 0.040740740740740744
1 0.5252604166666667 0.20555555555555555 0.03802083333333333 0.044444444444444446
1 0.98046875 0.2916666666666667 0.03802083333333333 0.07592592592592592
1 0.740625 0.16805555555555557 0.042708333333333334 0.0712962962962963
1 0.36171875 0.18333333333333332 0.03802083333333333 0.027777777777777776
1 0.1734375 0.16805555555555557 0.03229166666666667 0.049074074074074076
1 0.8330729166666667 0.9638888888888889 0.3182291666666667 0.07037037037037037