3 0.8372395833333334 0.23333333333333334 0.0609375 0.09074074074074075
2 0.8848958333333333 0.12407407407407407 0.071875 0.15
2 0.8338541666666667 0.16064814814814815 0.078125 0.16203703703703703
1 0.796875 0.5476851851851852 0.11354166666666667 0.14537037037037037
1 0.48802083333333335 0.7185185185185186 0.13020833333333334 0.17777777777777778
1 0.41015625 0.5657407407407408 0.10260416666666666 0.14444444444444443
1 0.6114583333333333 0.9356481481481481 0.18541666666666667 0.12685185185185185
1 0.5783854166666667 0.5231481481481481 0.0984375 0.13333333333333333
1 0.2638020833333333 0.9222222222222223 0.17239583333333333 0.1537037037037037
1 0.18723958333333332 0.4027777777777778 0.07135416666666666 0.10555555555555556
1 0.68828125 0.6199074074074075 0.1171875 0.19537037037037036
1 0.5744791666666667 0.3472222222222222 0.07291666666666667 0.09074074074074075
1 0.8997395833333334 0.45694444444444443 0.09635416666666667 0.1398148148148148
1 0.646875 0.4060185185185185 0.08125 0.11388888888888889
1 0.9416666666666667 0.18981481481481483 0.04583333333333333 0.05925925925925926
1 0.5341145833333333 0.20694444444444443 0.044270833333333336 0.06018518518518518
1 0.022916666666666665 0.4828703703703704 0.04583333333333333 0.11388888888888889
1 0.6484375 0.16898148148148148 0.03854166666666667 0.05277777777777778
1 0.7216145833333333 0.2013888888888889 0.043229166666666666 0.05648148148148148
1 0.9783854166666667 0.9421296296296297 0.0421875 0.11388888888888889
1 0.9424479166666667 0.28564814814814815 0.07135416666666666 0.10092592592592593
1 0.5315104166666667 0.4527777777777778 0.08385416666666666 0.11666666666666667
1 0.42916666666666664 0.13796296296296295 0.027083333333333334 0.04259259259259259
1 0.4830729166666667 0.2564814814814815 0.0453125 0.07037037037037037
1 0.7416666666666667 0.1699074074074074 0.03854166666666667 0.05277777777777778
1 0.34479166666666666 0.2074074074074074 0.046875 0.06296296296296296
1 0.328125 0.37453703703703706 0.084375 0.1398148148148148
1 0.4669270833333333 0.3578703703703704 0.0703125 0.1175925925925926
1 0.40729166666666666 0.19814814814814816 0.036458333333333336 0.05185185185185185
1 0.4315104166666667 0.32407407407407407 0.05260416666666667 0.08148148148148149
1 0.68828125 0.1287037037037037 0.030729166666666665 0.04259259259259259
1 0.39010416666666664 0.16666666666666666 0.035416666666666666 0.05555555555555555
1 0.45729166666666665 0.1550925925925926 0.042708333333333334 0.06759259259259259
1 0.7052083333333333 0.1587962962962963 0.03854166666666667 0.05092592592592592
1 0.46197916666666666 0.23425925925925925 0.042708333333333334 0.07407407407407407
1 0.40572916666666664 0.11527777777777778 0.027083333333333334 0.03981481481481482
1 0.38255208333333335 0.2537037037037037 0.0421875 0.08333333333333333
1 0.7291666666666666 0.10277777777777777 0.034375 0.027777777777777776
1 0.40546875 0.2828703703703704 0.05677083333333333 0.09166666666666666
1 0.54609375 0.2884259259259259 0.06302083333333333 0.09722222222222222
1 0.43828125 0.2111111111111111 0.04010416666666667 0.06111111111111111
1 0.5020833333333333 0.18611111111111112 0.040625 0.06481481481481481
1 0.1765625 0.1884259259259259 0.040625 0.06018518518518518
1 0.3078125 0.1625 0.034375 0.04351851851851852
1 0.3033854166666667 0.13518518518518519 0.03697916666666667 0.053703703703703705
1 0.5578125 0.12638888888888888 0.017708333333333333 0.05092592592592592
1 0.5190104166666667 0.2763888888888889 0.044270833333333336 0.0824074074074074
1 0.15520833333333334 0.10138888888888889 0.027083333333333334 0.04537037037037037
1 0.6130208333333333 0.1476851851851852 0.035416666666666666 0.05277777777777778
1 0.28411458333333334 0.12314814814814815 0.0203125 0.04259259259259259
1 0.2765625 0.11527777777777778 0.030208333333333334 0.04351851851851852
1 0.27109375 0.2865740740740741 0.025520833333333333 0.06388888888888888
1 0.23359375 0.11944444444444445 0.0328125 0.053703703703703705
1 0.6473958333333333 0.13194444444444445 0.03229166666666667 0.04537037037037037
1 0.4671875 0.06759259259259259 0.021875 0.03148148148148148
1 0.5802083333333333 0.13055555555555556 0.0375 0.05925925925925926
1 0.25546875 0.07314814814814814 0.028645833333333332 0.027777777777777776
1 0.24114583333333334 0.15138888888888888 0.03958333333333333 0.03981481481481482
1 0.17239583333333333 0.2902777777777778 0.059375 0.058333333333333334
1 0.6411458333333333 0.09722222222222222 0.023958333333333335 0.025925925925925925
1 0.8424479166666666 0.4027777777777778 0.0953125 0.14444444444444443
1 0.27682291666666664 0.17222222222222222 0.025520833333333333 0.046296296296296294
1 0.5127604166666667 0.08009259259259259 0.021354166666666667 0.026851851851851852
1 0.6283854166666667 0.09259259259259259 0.021354166666666667 0.027777777777777776
1 0.5013020833333334 0.11944444444444445 0.03697916666666667 0.040740740740740744
1 0.17395833333333333 0.16435185185185186 0.042708333333333334 0.04722222222222222
1 0.35442708333333334 0.08287037037037037 0.0234375 0.028703703703703703
1 0.52578125 0.10277777777777777 0.0203125 0.025925925925925925
1 0.17526041666666667 0.12546296296296297 0.03697916666666667 0.03981481481481482
1 0.3028645833333333 0.08657407407407407 0.025520833333333333 0.03796296296296296
1 0.3619791666666667 0.13333333333333333 0.040625 0.04259259259259259
1 0.32369791666666664 0.30416666666666664 0.06822916666666666 0.08055555555555556
1 0.625 0.12037037037037036 0.027083333333333334 0.027777777777777776
1 0.17161458333333332 0.08055555555555556 0.0234375 0.022222222222222223
1 0.36770833333333336 0.15092592592592594 0.029166666666666667 0.044444444444444446
1 0.3484375 0.11574074074074074 0.03333333333333333 0.053703703703703705
1 0.5518229166666667 0.1 0.015104166666666667 0.03518518518518519
1 0.5947916666666667 0.07685185185185185 0.022916666666666665 0.03148148148148148
1 0.24557291666666667 0.10601851851851851 0.0265625 0.04351851851851852
1 0.17578125 0.33935185185185185 0.059895833333333336 0.10648148148148148
1 0.7330729166666666 0.13333333333333333 0.033854166666666664 0.03888888888888889
1 0.26927083333333335 0.2361111111111111 0.046875 0.08518518518518518
1 0.5263020833333333 0.13148148148148148 0.025520833333333333 0.03333333333333333
1 0.2833333333333333 0.2388888888888889 0.052083333333333336 0.06296296296296296
1 0.16536458333333334 0.26296296296296295 0.059895833333333336 0.06481481481481481
1 0.47578125 0.0837962962962963 0.0203125 0.019444444444444445
1 0.5697916666666667 0.07175925925925926 0.029166666666666667 0.03611111111111111
1 0.59296875 0.09814814814814815 0.024479166666666666 0.037037037037037035
1 0.9934895833333334 0.24027777777777778 0.011979166666666667 0.06388888888888888
1 0.24765625 0.1875 0.0453125 0.075
1 0.40078125 0.06435185185185185 0.0203125 0.023148148148148147
1 0.5630208333333333 0.08611111111111111 0.022916666666666665 0.02962962962962963
1 0.30130208333333336 0.29768518518518516 0.05260416666666667 0.09722222222222222