1 0.20833333333333334 0.587037037037037 0.11770833333333333 0.1537037037037037
1 0.5065104166666666 0.7805555555555556 0.14114583333333333 0.19074074074074074
1 0.45677083333333335 0.6671296296296296 0.128125 0.16574074074074074
1 0.5713541666666667 0.34629629629629627 0.06979166666666667 0.09074074074074075
1 0.6682291666666667 0.6449074074074074 0.121875 0.1712962962962963
1 0.9244791666666666 0.9152777777777777 0.15 0.1675925925925926
1 0.95625 0.3023148148148148 0.06354166666666666 0.08055555555555556
1 0.19270833333333334 0.4736111111111111 0.08958333333333333 0.11388888888888889
1 0.31927083333333334 0.3523148148148148 0.06458333333333334 0.09166666666666666
1 0.5046875 0.2773148148148148 0.057291666666666664 0.075
1 0.4622395833333333 0.24768518518518517 0.050520833333333334 0.06759259259259259
1 0.7872395833333333 0.5282407407407408 0.09427083333333333 0.1361111111111111
1 0.67578125 0.975925925925926 0.13385416666666666 0.046296296296296294
1 0.9059895833333333 0.4759259259259259 0.09739583333333333 0.12962962962962962
1 0.4309895833333333 0.337037037037037 0.05260416666666667 0.09074074074074075
1 0.82109375 0.24305555555555555 0.05260416666666667 0.0712962962962963
1 0.6723958333333333 0.4166666666666667 0.08958333333333333 0.14074074074074075
1 0.5997395833333333 0.5699074074074074 0.10364583333333334 0.1398148148148148
1 0.365625 0.4912037037037037 0.090625 0.125
1 0.6361979166666667 0.2833333333333333 0.058854166666666666 0.09074074074074075
1 0.84296875 0.5768518518518518 0.12447916666666667 0.16111111111111112
1 0.48098958333333336 0.3699074074074074 0.07135416666666666 0.11574074074074074
1 0.1859375 0.3226851851851852 0.057291666666666664 0.08425925925925926
1 0.7075520833333333 0.3162037037037037 0.06927083333333334 0.09907407407407408
1 0.4161458333333333 0.30416666666666664 0.053125 0.08055555555555556
1 0.7596354166666667 0.36157407407407405 0.08072916666666667 0.12129629629629629
1 0.3580729166666667 0.40694444444444444 0.07239583333333334 0.10277777777777777
1 0.3984375 0.11666666666666667 0.034375 0.05555555555555555
1 0.38828125 0.25601851851851853 0.0515625 0.08796296296296297
1 0.9385416666666667 0.6995370370370371 0.121875 0.19537037037037036
1 0.4473958333333333 0.15092592592592594 0.035416666666666666 0.04814814814814815
1 0.2825520833333333 0.26851851851851855 0.06302083333333333 0.10555555555555556
1 0.8455729166666667 0.21666666666666667 0.044270833333333336 0.06481481481481481
1 0.5658854166666667 0.4837962962962963 0.10052083333333334 0.15462962962962962
1 0.7625 0.2162037037037037 0.04375 0.06574074074074074
1 0.7497395833333333 0.17824074074074073 0.044270833333333336 0.05462962962962963
1 0.41432291666666665 0.1912037037037037 0.03177083333333333 0.049074074074074076
1 0.6359375 0.18981481481481483 0.040625 0.037037037037037035
1 0.3078125 0.16296296296296298 0.036458333333333336 0.05185185185185185
1 0.44609375 0.2125 0.04739583333333333 0.075
1 0.35442708333333334 0.23842592592592593 0.03802083333333333 0.062037037037037036
1 0.6145833333333334 0.25925925925925924 0.059375 0.09814814814814815
1 0.9015625 0.18796296296296297 0.051041666666666666 0.06851851851851852
1 0.35182291666666665 0.2111111111111111 0.043229166666666666 0.07222222222222222
1 0.4744791666666667 0.11203703703703703 0.026041666666666668 0.03888888888888889
1 0.59765625 0.16666666666666666 0.0390625 0.04814814814814815
1 0.6098958333333333 0.14953703703703702 0.03229166666666667 0.04722222222222222
1 0.28151041666666665 0.11481481481481481 0.0390625 0.04814814814814815
1 0.23776041666666667 0.14953703703703702 0.030729166666666665 0.04351851851851852
1 0.94375 0.24351851851851852 0.057291666666666664 0.07037037037037037
1 0.17890625 0.15324074074074073 0.04114583333333333 0.062037037037037036
1 0.37786458333333334 0.10787037037037037 0.016145833333333335 0.03611111111111111
1 0.571875 0.1550925925925926 0.029166666666666667 0.03611111111111111
1 0.63671875 0.1125 0.0265625 0.03611111111111111
1 0.23072916666666668 0.12824074074074074 0.03125 0.03981481481481482
1 0.3494791666666667 0.13333333333333333 0.029166666666666667 0.04814814814814815
1 0.6833333333333333 0.12638888888888888 0.029166666666666667 0.041666666666666664
1 0.328125 0.07314814814814814 0.03125 0.02962962962962963
1 0.3984375 0.18055555555555555 0.034375 0.05740740740740741
1 0.3763020833333333 0.16111111111111112 0.033854166666666664 0.046296296296296294
1 0.3328125 0.1925925925925926 0.03333333333333333 0.06666666666666667
1 0.7213541666666666 0.14537037037037037 0.03125 0.03518518518518519
1 0.15807291666666667 0.0912037037037037 0.024479166666666666 0.041666666666666664
1 0.675 0.17962962962962964 0.03125 0.06481481481481481
1 0.2859375 0.1449074074074074 0.029166666666666667 0.03981481481481482
1 0.36666666666666664 0.09259259259259259 0.020833333333333332 0.03333333333333333
1 0.6614583333333334 0.14629629629629629 0.035416666666666666 0.046296296296296294
1 0.5268229166666667 0.13564814814814816 0.019270833333333334 0.026851851851851852
1 0.4395833333333333 0.13842592592592592 0.03229166666666667 0.05462962962962963
1 0.17473958333333334 0.1050925925925926 0.025520833333333333 0.028703703703703703
1 0.26197916666666665 0.09861111111111111 0.020833333333333332 0.03611111111111111
1 0.71015625 0.12037037037037036 0.0265625 0.03518518518518519
1 0.5200520833333333 0.0875 0.0265625 0.03796296296296296
1 0.85625 0.15601851851851853 0.046875 0.06574074074074074
1 0.16484375 0.13194444444444445 0.027604166666666666 0.041666666666666664
1 0.5114583333333333 0.12638888888888888 0.026041666666666668 0.030555555555555555
1 0.6528645833333333 0.09907407407407408 0.0234375 0.04259259259259259
1 0.5747395833333333 0.10185185185185185 0.025520833333333333 0.03148148148148148
1 0.6153645833333333 0.12777777777777777 0.0328125 0.044444444444444446
1 0.359375 0.15185185185185185 0.027083333333333334 0.03888888888888889
1 0.70546875 0.1865740740740741 0.0515625 0.07685185185185185
1 0.9747395833333333 0.19583333333333333 0.04739583333333333 0.06759259259259259
1 0.57890625 0.12962962962962962 0.028645833333333332 0.025925925925925925
1 0.32473958333333336 0.09351851851851851 0.030729166666666665 0.04259259259259259
1 0.17421875 0.25092592592592594 0.043229166666666666 0.07962962962962963
1 0.2591145833333333 0.18703703703703703 0.04635416666666667 0.05740740740740741
1 0.39791666666666664 0.0699074074074074 0.015625 0.021296296296296296
1 0.18776041666666668 0.2791666666666667 0.05260416666666667 0.06759259259259259
1 0.21354166666666666 0.08657407407407407 0.027083333333333334 0.03981481481481482
1 0.7947916666666667 0.1587962962962963 0.025 0.032407407407407406
1 0.5518229166666667 0.14351851851851852 0.0203125 0.03148148148148148
1 0.80703125 0.18611111111111112 0.0390625 0.05740740740740741
1 0.32916666666666666 0.11527777777777778 0.026041666666666668 0.04722222222222222
1 0.2760416666666667 0.22685185185185186 0.06041666666666667 0.07407407407407407
1 0.4934895833333333 0.09722222222222222 0.0234375 0.03888888888888889
1 0.17395833333333333 0.2013888888888889 0.04895833333333333 0.0712962962962963
1 0.39088541666666665 0.1912037037037037 0.019270833333333334 0.03796296296296296