2 0.6403645833333333 0.09259259259259259 0.1015625 0.10185185185185185
1 0.8911458333333333 0.6050925925925926 0.12395833333333334 0.1638888888888889
1 0.6171875 0.6134259259259259 0.134375 0.20277777777777778
1 0.3763020833333333 0.4962962962962963 0.08697916666666666 0.11481481481481481
1 0.21067708333333332 0.5347222222222222 0.10052083333333334 0.1361111111111111
1 0.86484375 0.8699074074074075 0.1765625 0.25833333333333336
1 0.4669270833333333 0.37037037037037035 0.0703125 0.1
1 0.35390625 0.4134259259259259 0.07552083333333333 0.10277777777777777
1 0.5291666666666667 0.45185185185185184 0.08333333333333333 0.11481481481481481
1 0.9747395833333333 0.7513888888888889 0.049479166666666664 0.2064814814814815
1 0.32708333333333334 0.37592592592592594 0.06666666666666667 0.09444444444444444
1 0.5841145833333333 0.34120370370370373 0.07135416666666666 0.09537037037037037
1 0.6346354166666667 0.28888888888888886 0.059895833333333336 0.07962962962962963
1 0.184375 0.3541666666666667 0.07083333333333333 0.09166666666666666
1 0.4390625 0.3425925925925926 0.053125 0.08518518518518518
1 0.6372395833333333 0.3907407407407407 0.07447916666666667 0.10925925925925926
1 0.7497395833333333 0.4722222222222222 0.0984375 0.1537037037037037
1 0.5541666666666667 0.32222222222222224 0.053125 0.08518518518518518
1 0.17083333333333334 0.2375 0.042708333333333334 0.062037037037037036
1 0.8497395833333333 0.29259259259259257 0.0671875 0.053703703703703705
1 0.7044270833333334 0.3212962962962963 0.06614583333333333 0.1037037037037037
1 0.4236979166666667 0.20092592592592592 0.0421875 0.05185185185185185
1 0.51015625 0.2740740740740741 0.0609375 0.09259259259259259
1 0.8338541666666667 0.15787037037037038 0.035416666666666666 0.04537037037037037
1 0.5721354166666667 0.2361111111111111 0.0515625 0.08148148148148149
1 0.36041666666666666 0.23842592592592593 0.0375 0.06388888888888888
1 0.3028645833333333 0.31296296296296294 0.058854166666666666 0.07962962962962963
1 0.26927083333333335 0.24814814814814815 0.042708333333333334 0.06666666666666667
1 0.39453125 0.25324074074074077 0.049479166666666664 0.0824074074074074
1 0.965625 0.21712962962962962 0.051041666666666666 0.04537037037037037
1 0.50703125 0.1935185185185185 0.0390625 0.06296296296296296
1 0.6703125 0.20972222222222223 0.03958333333333333 0.04537037037037037
1 0.35598958333333336 0.08796296296296297 0.033854166666666664 0.040740740740740744
1 0.81953125 0.20833333333333334 0.044270833333333336 0.05925925925925926
1 0.35208333333333336 0.2199074074074074 0.03854166666666667 0.06018518518518518
1 0.7658854166666667 0.24768518518518517 0.0609375 0.06759259259259259
1 0.74765625 0.15324074074074073 0.03177083333333333 0.05092592592592592
1 0.3927083333333333 0.1824074074074074 0.036458333333333336 0.05555555555555555
1 0.7122395833333334 0.1648148148148148 0.03697916666666667 0.05185185185185185
1 0.5359375 0.2162037037037037 0.04479166666666667 0.07685185185185185
1 0.63671875 0.18935185185185185 0.0359375 0.041666666666666664
1 0.290625 0.12638888888888888 0.027083333333333334 0.041666666666666664
1 0.18203125 0.21342592592592594 0.0390625 0.05648148148148148
1 0.3221354166666667 0.10694444444444444 0.025520833333333333 0.03611111111111111
1 0.4627604166666667 0.24305555555555555 0.050520833333333334 0.06574074074074074
1 0.85859375 0.2199074074074074 0.0484375 0.0712962962962963
1 0.5125 0.10925925925925926 0.027083333333333334 0.03518518518518519
1 0.41901041666666666 0.3050925925925926 0.06510416666666667 0.09722222222222222
1 0.38333333333333336 0.10231481481481482 0.026041666666666668 0.03796296296296296
1 0.18802083333333333 0.29768518518518516 0.052083333333333336 0.06018518518518518
1 0.36744791666666665 0.14675925925925926 0.0234375 0.03981481481481482
1 0.9049479166666666 0.274537037037037 0.05677083333333333 0.08796296296296297
1 0.5544270833333333 0.1486111111111111 0.025520833333333333 0.03796296296296296
1 0.39166666666666666 0.11296296296296296 0.028125 0.037037037037037035
1 0.7268229166666667 0.11712962962962963 0.0359375 0.04351851851851852
1 0.25625 0.20185185185185187 0.05 0.08148148148148149
1 0.7307291666666667 0.16898148148148148 0.0375 0.04537037037037037
1 0.6244791666666667 0.12407407407407407 0.03125 0.03333333333333333
1 0.8638020833333333 0.24583333333333332 0.04739583333333333 0.049074074074074076
1 0.31744791666666666 0.17962962962962964 0.0265625 0.05
1 0.75625 0.20462962962962963 0.03333333333333333 0.03333333333333333
1 0.72578125 0.23055555555555557 0.043229166666666666 0.05740740740740741
1 0.034895833333333334 0.46296296296296297 0.06979166666666667 0.14444444444444443
1 0.4434895833333333 0.09444444444444444 0.024479166666666666 0.027777777777777776
1 0.5614583333333333 0.125 0.03125 0.053703703703703705
1 0.33984375 0.19166666666666668 0.0390625 0.06851851851851852
1 0.7190104166666667 0.19907407407407407 0.043229166666666666 0.05925925925925926
1 0.8046875 0.15092592592592594 0.03229166666666667 0.046296296296296294
1 0.33645833333333336 0.075 0.01875 0.02962962962962963
1 0.6625 0.16527777777777777 0.034375 0.04537037037037037
1 0.3416666666666667 0.12453703703703704 0.026041666666666668 0.03425925925925926
1 0.2359375 0.1476851851851852 0.03333333333333333 0.05462962962962963
1 0.20130208333333333 0.10555555555555556 0.0234375 0.03518518518518519
1 0.3143229166666667 0.16157407407407406 0.034895833333333334 0.06018518518518518
1 0.259375 0.09398148148148149 0.028125 0.03796296296296296
1 0.6119791666666666 0.1537037037037037 0.03229166666666667 0.04814814814814815
1 0.17109375 0.1726851851851852 0.0390625 0.03796296296296296
1 0.4669270833333333 0.09259259259259259 0.0234375 0.037037037037037035
1 0.27682291666666664 0.11388888888888889 0.030729166666666665 0.044444444444444446
1 0.6375 0.15555555555555556 0.026041666666666668 0.02962962962962963
1 0.7994791666666666 0.1787037037037037 0.028125 0.05
1 0.30078125 0.1476851851851852 0.025520833333333333 0.05277777777777778
1 0.6307291666666667 0.10601851851851851 0.026041666666666668 0.03981481481481482
1 0.2635416666666667 0.1527777777777778 0.019791666666666666 0.018518518518518517
1 0.49453125 0.18101851851851852 0.04114583333333333 0.0712962962962963
1 0.17942708333333332 0.1597222222222222 0.03697916666666667 0.058333333333333334
1 0.47734375 0.10972222222222222 0.025520833333333333 0.026851851851851852
1 0.9638020833333333 0.2912037037037037 0.07135416666666666 0.11203703703703703
1 0.21510416666666668 0.07731481481481481 0.021875 0.023148148148148147
1 0.5255208333333333 0.1 0.016666666666666666 0.03888888888888889
1 0.6658854166666667 0.1375 0.0328125 0.03611111111111111
1 0.38958333333333334 0.1597222222222222 0.036458333333333336 0.058333333333333334
1 0.16848958333333333 0.3282407407407407 0.05260416666666667 0.09907407407407408
1 0.2328125 0.1259259259259259 0.034375 0.03148148148148148
1 0.70078125 0.10833333333333334 0.027604166666666666 0.04259259259259259
1 0.29453125 0.2740740740740741 0.05260416666666667 0.07222222222222222