1 0.48463541666666665 0.7569444444444444 0.1328125 0.17314814814814813
1 0.27395833333333336 0.8787037037037037 0.159375 0.2222222222222222
1 0.065625 0.43194444444444446 0.08020833333333334 0.125
1 0.20364583333333333 0.47129629629629627 0.09479166666666666 0.12222222222222222
1 0.40677083333333336 0.5893518518518519 0.10416666666666667 0.14166666666666666
1 0.5184895833333333 0.29953703703703705 0.0609375 0.07685185185185185
1 0.7018229166666666 0.6712962962962963 0.12239583333333333 0.17037037037037037
1 0.57265625 0.5055555555555555 0.0921875 0.13703703703703704
1 0.5955729166666667 0.3490740740740741 0.07552083333333333 0.11481481481481481
1 0.7744791666666667 0.38472222222222224 0.07916666666666666 0.10462962962962963
1 0.18541666666666667 0.39305555555555555 0.075 0.09722222222222222
1 0.7125 0.4615740740740741 0.096875 0.1287037037037037
1 0.6744791666666666 0.4287037037037037 0.07395833333333333 0.10925925925925926
1 0.9317708333333333 0.2875 0.06145833333333333 0.08055555555555556
1 0.5158854166666667 0.45925925925925926 0.07552083333333333 0.11296296296296296
1 0.34036458333333336 0.4050925925925926 0.07552083333333333 0.10092592592592593
1 0.30078125 0.30462962962962964 0.05677083333333333 0.08148148148148149
1 0.8033854166666666 0.5388888888888889 0.1015625 0.15
1 0.9768229166666667 0.7439814814814815 0.0453125 0.2361111111111111
1 0.8510416666666667 0.2490740740740741 0.05416666666666667 0.07962962962962963
1 0.5731770833333333 0.24351851851851852 0.050520833333333334 0.07777777777777778
1 0.46640625 0.24537037037037038 0.050520833333333334 0.06666666666666667
1 0.39036458333333335 0.5199074074074074 0.10364583333333334 0.13240740740740742
1 0.4231770833333333 0.13518518518518519 0.0328125 0.04259259259259259
1 0.90078125 0.45416666666666666 0.09427083333333333 0.14537037037037037
1 0.1765625 0.28564814814814815 0.05 0.0712962962962963
1 0.6723958333333333 0.30185185185185187 0.06458333333333334 0.1037037037037037
1 0.4 0.29259259259259257 0.04583333333333333 0.07962962962962963
1 0.6291666666666667 0.2708333333333333 0.057291666666666664 0.08981481481481482
1 0.32734375 0.3458333333333333 0.06197916666666667 0.08796296296296297
1 0.4903645833333333 0.39861111111111114 0.08072916666666667 0.125
1 0.7010416666666667 0.22268518518518518 0.04791666666666667 0.04722222222222222
1 0.7091145833333333 0.16620370370370371 0.03697916666666667 0.05092592592592592
1 0.43671875 0.3162037037037037 0.06197916666666667 0.10092592592592593
1 0.98515625 0.2064814814814815 0.028645833333333332 0.07592592592592592
1 0.3875 0.2657407407407407 0.046875 0.07222222222222222
1 0.33880208333333334 0.17824074074074073 0.0390625 0.04351851851851852
1 0.33671875 0.21388888888888888 0.034895833333333334 0.05555555555555555
1 0.41458333333333336 0.12361111111111112 0.027083333333333334 0.04722222222222222
1 0.66953125 0.12685185185185185 0.0296875 0.04259259259259259
1 0.93359375 0.20046296296296295 0.04114583333333333 0.03796296296296296
1 0.39296875 0.17222222222222222 0.03177083333333333 0.044444444444444446
1 0.65 0.18796296296296297 0.04479166666666667 0.05
1 0.2713541666666667 0.23935185185185184 0.057291666666666664 0.09351851851851851
1 0.65546875 0.16712962962962963 0.0359375 0.04537037037037037
1 0.87578125 0.19583333333333333 0.034895833333333334 0.049074074074074076
1 0.421875 0.1912037037037037 0.042708333333333334 0.06944444444444445
1 0.6200520833333333 0.17731481481481481 0.03177083333333333 0.041666666666666664
1 0.5572916666666666 0.22453703703703703 0.051041666666666666 0.08611111111111111
1 0.9020833333333333 0.20787037037037037 0.03958333333333333 0.062037037037037036
1 0.58671875 0.16296296296296298 0.034895833333333334 0.03518518518518519
1 0.9247395833333333 0.16111111111111112 0.0484375 0.04259259259259259
1 0.4973958333333333 0.11898148148148148 0.027083333333333334 0.03611111111111111
1 0.17239583333333333 0.1337962962962963 0.0375 0.04351851851851852
1 0.7458333333333333 0.12962962962962962 0.025 0.037037037037037035
1 0.38125 0.10416666666666667 0.03125 0.04722222222222222
1 0.8497395833333333 0.18425925925925926 0.0328125 0.05
1 0.3653645833333333 0.22870370370370371 0.0453125 0.07777777777777778
1 0.6794270833333333 0.10601851851851851 0.027604166666666666 0.04537037037037037
1 0.29973958333333334 0.1439814814814815 0.03177083333333333 0.04722222222222222
1 0.7265625 0.14351851851851852 0.034375 0.04814814814814815
1 0.1625 0.07916666666666666 0.025 0.021296296296296296
1 0.27109375 0.10555555555555556 0.0328125 0.04259259259259259
1 0.5666666666666667 0.15 0.029166666666666667 0.03333333333333333
1 0.22473958333333333 0.11990740740740741 0.030729166666666665 0.03796296296296296
1 0.653125 0.1361111111111111 0.034375 0.03518518518518519
1 0.6401041666666667 0.12685185185185185 0.026041666666666668 0.02962962962962963
1 0.6026041666666667 0.11296296296296296 0.027083333333333334 0.03518518518518519
1 0.75703125 0.16342592592592592 0.0296875 0.032407407407407406
1 0.3625 0.09814814814814815 0.013541666666666667 0.03148148148148148
1 0.18098958333333334 0.2513888888888889 0.04739583333333333 0.06388888888888888
1 0.7244791666666667 0.11435185185185186 0.021875 0.01574074074074074
1 0.25 0.1685185185185185 0.040625 0.05185185185185185
1 0.6213541666666667 0.15 0.03333333333333333 0.037037037037037035
1 0.5158854166666667 0.10601851851851851 0.027604166666666666 0.049074074074074076
1 0.4393229166666667 0.08055555555555556 0.021354166666666667 0.03333333333333333
1 0.34140625 0.12314814814814815 0.028645833333333332 0.044444444444444446
1 0.3533854166666667 0.08425925925925926 0.0203125 0.03148148148148148
1 0.28463541666666664 0.12083333333333333 0.0359375 0.03611111111111111
1 0.17942708333333332 0.2 0.04114583333333333 0.044444444444444446
1 0.6520833333333333 0.09583333333333334 0.028125 0.03796296296296296
1 0.4765625 0.09537037037037037 0.023958333333333335 0.027777777777777776
1 0.5747395833333333 0.10416666666666667 0.0234375 0.026851851851851852
1 0.78671875 0.21712962962962962 0.0578125 0.08796296296296297
1 0.5578125 0.1175925925925926 0.026041666666666668 0.027777777777777776
1 0.35963541666666665 0.1439814814814815 0.0296875 0.03981481481481482
1 0.16692708333333334 0.16666666666666666 0.027604166666666666 0.03333333333333333
1 0.9268229166666667 0.24259259259259258 0.05677083333333333 0.07407407407407407
1 0.7447916666666666 0.2064814814814815 0.040625 0.06666666666666667
1 0.31927083333333334 0.175 0.030208333333333334 0.05925925925925926
1 0.24140625 0.1375 0.04114583333333333 0.03981481481481482
1 0.4140625 0.08101851851851852 0.023958333333333335 0.026851851851851852
1 0.50078125 0.08148148148148149 0.022395833333333334 0.040740740740740744
1 0.4328125 0.2199074074074074 0.04583333333333333 0.062037037037037036
1 0.2625 0.19907407407407407 0.053125 0.05555555555555555
1 0.7260416666666667 0.20555555555555555 0.03229166666666667 0.07407407407407407
1 0.9333333333333333 0.26342592592592595 0.057291666666666664 0.032407407407407406
1 0.171875 0.22685185185185186 0.041666666666666664 0.07592592592592592
1 0.21067708333333332 0.08148148148148149 0.025520833333333333 0.03518518518518519
1 0.8213541666666667 0.2013888888888889 0.034375 0.06018518518518518