2 0.7888020833333333 0.12546296296296297 0.06927083333333334 0.13796296296296295
1 0.93515625 0.6791666666666667 0.12864583333333332 0.1638888888888889
1 0.5927083333333333 0.9046296296296297 0.16875 0.18888888888888888
1 0.8861979166666667 0.4671296296296296 0.09322916666666667 0.12314814814814815
1 0.7575520833333333 0.5032407407407408 0.0953125 0.13425925925925927
1 0.49583333333333335 0.7601851851851852 0.18020833333333333 0.2611111111111111
1 0.8989583333333333 0.8972222222222223 0.17395833333333333 0.2037037037037037
1 0.14895833333333333 0.39490740740740743 0.07291666666666667 0.11388888888888889
1 0.43645833333333334 0.3300925925925926 0.07395833333333333 0.11203703703703703
1 0.7921875 0.7689814814814815 0.13541666666666666 0.20092592592592592
1 0.37057291666666664 0.4773148148148148 0.0859375 0.11944444444444445
1 0.34713541666666664 0.42916666666666664 0.0859375 0.11018518518518519
1 0.6432291666666666 0.4083333333333333 0.08333333333333333 0.10555555555555556
1 0.5606770833333333 0.33935185185185185 0.059895833333333336 0.09907407407407408
1 0.8174479166666667 0.39444444444444443 0.08177083333333333 0.12222222222222222
1 0.29921875 0.300462962962963 0.05260416666666667 0.0712962962962963
1 0.496875 0.4097222222222222 0.08125 0.13055555555555556
1 0.19947916666666668 0.31296296296296294 0.05416666666666667 0.08148148148148149
1 0.3997395833333333 0.2828703703703704 0.05260416666666667 0.075
1 0.87890625 0.3037037037037037 0.06197916666666667 0.06851851851851852
1 0.5864583333333333 0.5435185185185185 0.121875 0.19444444444444445
1 0.53046875 0.46435185185185185 0.0921875 0.12314814814814815
1 0.38958333333333334 0.17777777777777778 0.035416666666666666 0.046296296296296294
1 0.60078125 0.36898148148148147 0.07239583333333334 0.10648148148148148
1 0.45859375 0.16203703703703703 0.0390625 0.05740740740740741
1 0.68046875 0.17777777777777778 0.04114583333333333 0.06851851851851852
1 0.36953125 0.24444444444444444 0.0515625 0.07222222222222222
1 0.246875 0.8912037037037037 0.14583333333333334 0.21574074074074073
1 0.5322916666666667 0.20833333333333334 0.04479166666666667 0.07037037037037037
1 0.28854166666666664 0.26805555555555555 0.05 0.06944444444444445
1 0.7091145833333333 0.22777777777777777 0.049479166666666664 0.05555555555555555
1 0.5651041666666666 0.1537037037037037 0.03333333333333333 0.037037037037037035
1 0.45234375 0.2263888888888889 0.0484375 0.06944444444444445
1 0.9578125 0.35648148148148145 0.07395833333333333 0.09259259259259259
1 0.20364583333333333 0.12314814814814815 0.028125 0.04259259259259259
1 0.9653645833333333 0.21712962962962962 0.05364583333333333 0.05277777777777778
1 0.17057291666666666 0.17916666666666667 0.0359375 0.049074074074074076
1 0.49765625 0.18935185185185185 0.034895833333333334 0.05277777777777778
1 0.7578125 0.21851851851851853 0.03229166666666667 0.06111111111111111
1 0.9677083333333333 0.25787037037037036 0.05 0.075
1 0.3151041666666667 0.16944444444444445 0.03229166666666667 0.06111111111111111
1 0.6057291666666667 0.14907407407407408 0.035416666666666666 0.044444444444444446
1 0.9208333333333333 0.274537037037037 0.058333333333333334 0.07314814814814814
1 0.37083333333333335 0.15138888888888888 0.03333333333333333 0.04722222222222222
1 0.23828125 0.15324074074074073 0.04010416666666667 0.06388888888888888
1 0.27369791666666665 0.24861111111111112 0.044270833333333336 0.06944444444444445
1 0.4234375 0.19537037037037036 0.041666666666666664 0.06851851851851852
1 0.33151041666666664 0.1837962962962963 0.03697916666666667 0.062037037037037036
1 0.45364583333333336 0.08009259259259259 0.027083333333333334 0.03796296296296296
1 0.48541666666666666 0.2537037037037037 0.04479166666666667 0.07407407407407407
1 0.8244791666666667 0.2777777777777778 0.06145833333333333 0.06111111111111111
1 0.51796875 0.13148148148148148 0.030729166666666665 0.03333333333333333
1 0.43203125 0.2199074074074074 0.024479166666666666 0.06018518518518518
1 0.26510416666666664 0.22037037037037038 0.046875 0.06296296296296296
1 0.4244791666666667 0.1287037037037037 0.035416666666666666 0.05740740740740741
1 0.8380208333333333 0.15462962962962962 0.040625 0.06111111111111111
1 0.7533854166666667 0.1837962962962963 0.03802083333333333 0.05462962962962963
1 0.35703125 0.21388888888888888 0.0421875 0.07222222222222222
1 0.8606770833333334 0.24166666666666667 0.05364583333333333 0.06851851851851852
1 0.35546875 0.08472222222222223 0.024479166666666666 0.030555555555555555
1 0.28541666666666665 0.12268518518518519 0.028125 0.049074074074074076
1 0.21145833333333333 0.7337962962962963 0.13020833333333334 0.2361111111111111
1 0.34713541666666664 0.13472222222222222 0.034895833333333334 0.03796296296296296
1 0.471875 0.09074074074074075 0.023958333333333335 0.02962962962962963
1 0.8013020833333333 0.23425925925925925 0.05364583333333333 0.06481481481481481
1 0.3026041666666667 0.13796296296296295 0.035416666666666666 0.044444444444444446
1 0.6630208333333333 0.1425925925925926 0.034375 0.05740740740740741
1 0.19348958333333333 0.2518518518518518 0.04739583333333333 0.04814814814814815
1 0.44140625 0.14212962962962963 0.0328125 0.041666666666666664
1 0.5169270833333334 0.2833333333333333 0.059895833333333336 0.0962962962962963
1 0.5609375 0.10092592592592593 0.03229166666666667 0.05
1 0.90859375 0.23333333333333334 0.050520833333333334 0.06481481481481481
1 0.2677083333333333 0.10138888888888889 0.027083333333333334 0.03425925925925926
1 0.57578125 0.11898148148148148 0.028645833333333332 0.03425925925925926
1 0.8440104166666667 0.2023148148148148 0.0421875 0.05092592592592592
1 0.6364583333333333 0.12824074074074074 0.03125 0.05462962962962963
1 0.5244791666666667 0.11157407407407408 0.026041666666666668 0.03611111111111111
1 0.17552083333333332 0.22916666666666666 0.04895833333333333 0.07685185185185185
1 0.18854166666666666 0.08009259259259259 0.013541666666666667 0.023148148148148147
1 0.16901041666666666 0.13657407407407407 0.0328125 0.03425925925925926
1 0.5348958333333333 0.06388888888888888 0.026041666666666668 0.024074074074074074
1 0.22421875 0.1050925925925926 0.027604166666666666 0.032407407407407406
1 0.33880208333333334 0.11712962962962963 0.03697916666666667 0.03796296296296296
1 0.25104166666666666 0.0763888888888889 0.019791666666666666 0.028703703703703703
1 0.64921875 0.09398148148148149 0.022395833333333334 0.028703703703703703
1 0.1625 0.10694444444444444 0.035416666666666666 0.049074074074074076
1 0.5072916666666667 0.075 0.020833333333333332 0.022222222222222223
1 0.60859375 0.11898148148148148 0.024479166666666666 0.026851851851851852
1 0.7325520833333333 0.11944444444444445 0.0171875 0.053703703703703705
1 0.25677083333333334 0.18333333333333332 0.03854166666666667 0.05185185185185185
1 0.5877604166666667 0.1361111111111111 0.025520833333333333 0.040740740740740744
1 0.19322916666666667 0.2740740740740741 0.051041666666666666 0.09074074074074075
1 0.2453125 0.12314814814814815 0.026041666666666668 0.03518518518518519
1 0.16875 0.15138888888888888 0.03125 0.03796296296296296
1 0.9927083333333333 0.3347222222222222 0.013541666666666667 0.07685185185185185
1 0.99140625 0.20462962962962963 0.016145833333333335 0.05185185185185185