3 0.9716145833333333 0.6773148148148148 0.05572916666666667 0.36574074074074076
2 0.8307291666666666 0.13657407407407407 0.06875 0.14907407407407408
2 0.7299479166666667 0.11296296296296296 0.06822916666666666 0.11666666666666667
1 0.8143229166666667 0.5606481481481481 0.1109375 0.1361111111111111
1 0.9083333333333333 0.6620370370370371 0.08645833333333333 0.16666666666666666
1 0.48776041666666664 0.7388888888888889 0.13802083333333334 0.18333333333333332
1 0.7307291666666667 0.7231481481481481 0.13854166666666667 0.18703703703703703
1 0.6768229166666667 0.43333333333333335 0.08177083333333333 0.11481481481481481
1 0.67109375 0.6203703703703703 0.1078125 0.16111111111111112
1 0.9010416666666666 0.3148148148148148 0.06979166666666667 0.06666666666666667
1 0.5236979166666667 0.30694444444444446 0.0515625 0.08425925925925926
1 0.5885416666666666 0.3625 0.07291666666666667 0.09537037037037037
1 0.18151041666666667 0.3560185185185185 0.06614583333333333 0.09907407407407408
1 0.9697916666666667 0.35509259259259257 0.059375 0.08981481481481482
1 0.3463541666666667 0.41759259259259257 0.07395833333333333 0.10185185185185185
1 0.33567708333333335 0.37407407407407406 0.07552083333333333 0.0962962962962963
1 0.50625 0.19166666666666668 0.040625 0.06481481481481481
1 0.7166666666666667 0.19537037037037036 0.04583333333333333 0.07407407407407407
1 0.5940104166666667 0.17037037037037037 0.03802083333333333 0.03888888888888889
1 0.4265625 0.6208333333333333 0.14895833333333333 0.2175925925925926
1 0.7880208333333333 0.4027777777777778 0.07916666666666666 0.10740740740740741
1 0.8526041666666667 0.25925925925925924 0.058333333333333334 0.06851851851851852
1 0.5205729166666667 0.4625 0.10572916666666667 0.16574074074074074
1 0.4817708333333333 0.40694444444444444 0.06979166666666667 0.11018518518518519
1 0.4588541666666667 0.36666666666666664 0.06875 0.11666666666666667
1 0.4140625 0.29907407407407405 0.06666666666666667 0.1
1 0.6372395833333333 0.16527777777777777 0.03802083333333333 0.04722222222222222
1 0.7385416666666667 0.34629629629629627 0.075 0.10740740740740741
1 0.5578125 0.32916666666666666 0.0625 0.09351851851851851
1 0.2375 0.7273148148148149 0.11770833333333333 0.18611111111111112
1 0.24010416666666667 0.913425925925926 0.16354166666666667 0.1712962962962963
1 0.8114583333333333 0.23657407407407408 0.04583333333333333 0.06944444444444445
1 0.38307291666666665 0.25972222222222224 0.0453125 0.06944444444444445
1 0.378125 0.16712962962962963 0.03125 0.04722222222222222
1 0.9752604166666666 0.25555555555555554 0.0484375 0.06666666666666667
1 0.9872395833333333 0.2949074074074074 0.024479166666666666 0.04722222222222222
1 0.4825520833333333 0.2574074074074074 0.0546875 0.08888888888888889
1 0.47552083333333334 0.17546296296296296 0.03125 0.04722222222222222
1 0.44088541666666664 0.15092592592592594 0.0359375 0.053703703703703705
1 0.8052083333333333 0.19768518518518519 0.035416666666666666 0.05648148148148148
1 0.69453125 0.1574074074074074 0.03802083333333333 0.05740740740740741
1 0.7611979166666667 0.25046296296296294 0.05677083333333333 0.05277777777777778
1 0.36380208333333336 0.22870370370370371 0.044270833333333336 0.06666666666666667
1 0.9317708333333333 0.2791666666666667 0.06041666666666667 0.07685185185185185
1 0.4822916666666667 0.09953703703703703 0.023958333333333335 0.030555555555555555
1 0.43385416666666665 0.2101851851851852 0.05 0.06481481481481481
1 0.23255208333333333 0.14444444444444443 0.03697916666666667 0.06296296296296296
1 0.5807291666666666 0.1087962962962963 0.03333333333333333 0.05092592592592592
1 0.40703125 0.1824074074074074 0.04010416666666667 0.06666666666666667
1 0.321875 0.17222222222222222 0.034375 0.05925925925925926
1 0.20520833333333333 0.6092592592592593 0.10833333333333334 0.2
1 0.17239583333333333 0.16620370370370371 0.034375 0.03981481481481482
1 0.2078125 0.11805555555555555 0.026041666666666668 0.041666666666666664
1 0.28984375 0.274537037037037 0.049479166666666664 0.06759259259259259
1 0.1703125 0.125 0.030208333333333334 0.024074074074074074
1 0.34479166666666666 0.0787037037037037 0.026041666666666668 0.03333333333333333
1 0.46484375 0.08703703703703704 0.027604166666666666 0.04259259259259259
1 0.28098958333333335 0.11712962962962963 0.0265625 0.04537037037037037
1 0.55703125 0.09953703703703703 0.025520833333333333 0.03981481481481482
1 0.34140625 0.2 0.04010416666666667 0.06851851851851852
1 0.24921875 0.16898148148148148 0.0359375 0.05092592592592592
1 0.5416666666666666 0.12175925925925926 0.029166666666666667 0.041666666666666664
1 0.66875 0.1398148148148148 0.03333333333333333 0.05555555555555555
1 0.26119791666666664 0.2064814814814815 0.0484375 0.05925925925925926
1 0.2796875 0.24814814814814815 0.04895833333333333 0.06296296296296296
1 0.30807291666666664 0.15925925925925927 0.030729166666666665 0.05555555555555555
1 0.4375 0.08148148148148149 0.023958333333333335 0.02962962962962963
1 0.17005208333333333 0.1449074074074074 0.030729166666666665 0.032407407407407406
1 0.6341145833333334 0.12916666666666668 0.0265625 0.026851851851851852
1 0.9083333333333333 0.2337962962962963 0.05520833333333333 0.07685185185185185
1 0.5809895833333333 0.08101851851851852 0.0234375 0.01574074074074074
1 0.19791666666666666 0.28194444444444444 0.04895833333333333 0.075
1 0.29765625 0.13333333333333333 0.0328125 0.05
1 0.3606770833333333 0.14074074074074075 0.030729166666666665 0.04259259259259259
1 0.40989583333333335 0.1287037037037037 0.029166666666666667 0.040740740740740744
1 0.3484375 0.22175925925925927 0.027083333333333334 0.05648148148148148
1 0.6424479166666667 0.10601851851851851 0.0203125 0.026851851851851852
1 0.8765625 0.16574074074074074 0.03229166666666667 0.06296296296296296
1 0.34296875 0.1287037037037037 0.0296875 0.037037037037037035
1 0.6002604166666666 0.13240740740740742 0.03177083333333333 0.03888888888888889
1 0.6591145833333333 0.09166666666666666 0.021354166666666667 0.014814814814814815
1 0.6182291666666667 0.14907407407407408 0.030208333333333334 0.04259259259259259
1 0.3234375 0.07407407407407407 0.021875 0.027777777777777776
1 0.5463541666666667 0.0699074074074074 0.023958333333333335 0.025
1 0.3296875 0.11342592592592593 0.03229166666666667 0.03981481481481482
1 0.5205729166666667 0.11296296296296296 0.025520833333333333 0.044444444444444446
1 0.6158854166666666 0.10648148148148148 0.025520833333333333 0.02962962962962963
1 0.79140625 0.14166666666666666 0.0171875 0.05740740740740741
1 0.41041666666666665 0.10555555555555556 0.029166666666666667 0.024074074074074074
1 0.50703125 0.10648148148148148 0.0234375 0.040740740740740744
1 0.5463541666666667 0.1449074074074074 0.030208333333333334 0.03611111111111111
1 0.16640625 0.10972222222222222 0.0296875 0.032407407407407406
1 0.17708333333333334 0.1935185185185185 0.04479166666666667 0.03148148148148148
1 0.4578125 0.23425925925925925 0.041666666666666664 0.06851851851851852
1 0.18723958333333332 0.2513888888888889 0.050520833333333334 0.08425925925925926
1 0.4278645833333333 0.13148148148148148 0.030729166666666665 0.03888888888888889