3 0.8130208333333333 0.22037037037037038 0.058333333333333334 0.08703703703703704
2 0.8729166666666667 0.11574074074074074 0.07083333333333333 0.14814814814814814
2 0.8177083333333334 0.15 0.07291666666666667 0.1574074074074074
1 0.42682291666666666 0.5967592592592592 0.10885416666666667 0.15648148148148147
1 0.5197916666666667 0.7722222222222223 0.140625 0.19444444444444445
1 0.8403645833333333 0.5768518518518518 0.11822916666666666 0.15
1 0.18828125 0.41759259259259257 0.07447916666666667 0.1111111111111111
1 0.5911458333333334 0.3578703703703704 0.07395833333333333 0.09537037037037037
1 0.6046875 0.5486111111111112 0.10416666666666667 0.14166666666666666
1 0.2830729166666667 0.9648148148148148 0.15052083333333333 0.06851851851851852
1 0.55234375 0.46944444444444444 0.08802083333333334 0.12037037037037036
1 0.7049479166666667 0.18981481481481483 0.04114583333333333 0.053703703703703705
1 0.925 0.18009259259259258 0.04479166666666667 0.05648148148148148
1 0.6690104166666667 0.4212962962962963 0.0859375 0.11851851851851852
1 0.49375 0.2601851851851852 0.04583333333333333 0.07222222222222222
1 0.4359375 0.13703703703703704 0.028125 0.044444444444444446
1 0.9135416666666667 0.26666666666666666 0.06770833333333333 0.09814814814814815
1 0.98125 0.22592592592592592 0.036458333333333336 0.06666666666666667
1 0.546875 0.20972222222222223 0.04583333333333333 0.06388888888888888
1 0.7302083333333333 0.1597222222222222 0.0375 0.05277777777777778
1 0.9424479166666667 0.4810185185185185 0.1015625 0.14907407407407408
1 0.63671875 0.1587962962962963 0.03697916666666667 0.05092592592592592
1 0.7294270833333333 0.6620370370370371 0.1296875 0.20925925925925926
1 0.44114583333333335 0.33055555555555555 0.05520833333333333 0.08518518518518518
1 0.47994791666666664 0.36898148148148147 0.07239583333333334 0.12314814814814815
1 0.35182291666666665 0.2101851851851852 0.0484375 0.06481481481481481
1 0.41354166666666664 0.1986111111111111 0.0375 0.05092592592592592
1 0.46510416666666665 0.15555555555555556 0.042708333333333334 0.07037037037037037
1 0.33489583333333334 0.3851851851851852 0.09270833333333334 0.14629629629629629
1 0.6684895833333333 0.9810185185185185 0.14427083333333332 0.03611111111111111
1 0.68046875 0.12129629629629629 0.0296875 0.04259259259259259
1 0.39557291666666666 0.16666666666666666 0.0359375 0.05555555555555555
1 0.4708333333333333 0.23703703703703705 0.04375 0.07407407407407407
1 0.4122395833333333 0.11296296296296296 0.027604166666666666 0.04259259259259259
1 0.44505208333333335 0.21203703703703702 0.043229166666666666 0.06111111111111111
1 0.41432291666666665 0.2865740740740741 0.058854166666666666 0.09351851851851851
1 0.3138020833333333 0.1625 0.033854166666666664 0.04351851851851852
1 0.5604166666666667 0.29398148148148145 0.065625 0.10092592592592593
1 0.17786458333333333 0.1884259259259259 0.04114583333333333 0.062037037037037036
1 0.51171875 0.18703703703703703 0.04114583333333333 0.06296296296296296
1 0.2747395833333333 0.2375 0.050520833333333334 0.08425925925925926
1 0.17916666666666667 0.30092592592592593 0.05625 0.07407407407407407
1 0.6375 0.12175925925925926 0.03229166666666667 0.041666666666666664
1 0.17005208333333333 0.3458333333333333 0.0671875 0.11388888888888889
1 0.6036458333333333 0.13796296296296295 0.035416666666666666 0.053703703703703705
1 0.15625 0.09907407407407408 0.028125 0.04814814814814815
1 0.5229166666666667 0.09861111111111111 0.026041666666666668 0.030555555555555555
1 0.38984375 0.2574074074074074 0.044270833333333336 0.08518518518518518
1 0.375 0.14305555555555555 0.035416666666666666 0.06018518518518518
1 0.6955729166666667 0.15 0.03697916666666667 0.05
1 0.35651041666666666 0.13240740740740742 0.022395833333333334 0.04259259259259259
1 0.5223958333333333 0.12546296296296297 0.030208333333333334 0.032407407407407406
1 0.2875 0.12037037037037036 0.022916666666666665 0.04259259259259259
1 0.35703125 0.0787037037037037 0.0265625 0.027777777777777776
1 0.5875 0.09074074074074075 0.025 0.03518518518518519
1 0.8786458333333333 0.42083333333333334 0.10208333333333333 0.15092592592592594
1 0.30703125 0.13564814814814816 0.03802083333333333 0.05648148148148148
1 0.553125 0.11944444444444445 0.013541666666666667 0.04814814814814815
1 0.5580729166666667 0.08009259259259259 0.0234375 0.03425925925925926
1 0.2765625 0.29074074074074074 0.030208333333333334 0.06666666666666667
1 0.24140625 0.15231481481481482 0.0359375 0.04351851851851852
1 0.25546875 0.06805555555555555 0.0265625 0.025
1 0.57265625 0.11898148148148148 0.0359375 0.06018518518518518
1 0.3302083333333333 0.11342592592592593 0.015625 0.030555555555555555
1 0.5309895833333333 0.2810185185185185 0.04635416666666667 0.08611111111111111
1 0.46458333333333335 0.060648148148148145 0.020833333333333332 0.028703703703703703
1 0.63515625 0.08888888888888889 0.0234375 0.027777777777777776
1 0.42291666666666666 0.07592592592592592 0.023958333333333335 0.027777777777777776
1 0.3528645833333333 0.11527777777777778 0.034895833333333334 0.05648148148148148
1 0.61640625 0.11435185185185186 0.025520833333333333 0.032407407407407406
1 0.17239583333333333 0.08287037037037037 0.023958333333333335 0.03425925925925926
1 0.71953125 0.09861111111111111 0.034895833333333334 0.03425925925925926
1 0.17578125 0.12222222222222222 0.03802083333333333 0.037037037037037035
1 0.234375 0.11712962962962963 0.03229166666666667 0.05462962962962963
1 0.265625 0.0875 0.027083333333333334 0.03796296296296296
1 0.2828125 0.17453703703703705 0.020833333333333332 0.041666666666666664
1 0.325 0.31157407407407406 0.08125 0.08796296296296297
1 0.71484375 0.12407407407407407 0.04010416666666667 0.03518518518518519
1 0.49895833333333334 0.1087962962962963 0.030208333333333334 0.03611111111111111
1 0.28854166666666664 0.24166666666666667 0.053125 0.06666666666666667
1 0.5671875 0.06435185185185185 0.028125 0.032407407407407406
1 0.5919270833333333 0.07222222222222222 0.021354166666666667 0.03518518518518519
1 0.47291666666666665 0.10277777777777777 0.021875 0.03333333333333333
1 0.25494791666666666 0.18611111111111112 0.049479166666666664 0.07962962962962963
1 0.471875 0.0763888888888889 0.020833333333333332 0.021296296296296296
1 0.15885416666666666 0.23703703703703705 0.041666666666666664 0.03888888888888889
1 0.33151041666666664 0.29398148148148145 0.06822916666666666 0.05092592592592592
1 0.17317708333333334 0.1638888888888889 0.04010416666666667 0.05
1 0.16848958333333333 0.2657407407407407 0.059895833333333336 0.06851851851851852
1 0.00546875 0.5125 0.0109375 0.09351851851851851