2 0.9098958333333333 0.15601851851851853 0.08333333333333333 0.16574074074074074
2 0.8135416666666667 0.4861111111111111 0.14375 0.2759259259259259
2 0.78125 0.12731481481481483 0.065625 0.12685185185185185
1 0.23229166666666667 0.7708333333333334 0.12708333333333333 0.1712962962962963
1 0.6794270833333333 0.43148148148148147 0.0859375 0.10740740740740741
1 0.17395833333333333 0.6731481481481482 0.12083333333333333 0.14444444444444443
1 0.7252604166666666 0.4976851851851852 0.04739583333333333 0.12685185185185185
1 0.70390625 0.9722222222222222 0.1546875 0.053703703703703705
1 0.56484375 0.9074074074074074 0.1640625 0.18333333333333332
1 0.665625 0.32685185185185184 0.06458333333333334 0.09074074074074075
1 0.58515625 0.3486111111111111 0.06510416666666667 0.09351851851851851
1 0.40338541666666666 0.5467592592592593 0.10052083333333334 0.1361111111111111
1 0.3575520833333333 0.30416666666666664 0.0609375 0.075
1 0.5276041666666667 0.30185185185185187 0.06145833333333333 0.08148148148148149
1 0.96640625 0.30925925925925923 0.0609375 0.08333333333333333
1 0.5838541666666667 0.5333333333333333 0.103125 0.13703703703703704
1 0.31145833333333334 0.34444444444444444 0.06666666666666667 0.08703703703703704
1 0.6325520833333333 0.28379629629629627 0.06510416666666667 0.08425925925925926
1 0.2716145833333333 0.23935185185185184 0.044270833333333336 0.06018518518518518
1 0.19296875 0.3055555555555556 0.05677083333333333 0.07777777777777778
1 0.915625 0.3148148148148148 0.06770833333333333 0.07962962962962963
1 0.5963541666666666 0.16944444444444445 0.035416666666666666 0.040740740740740744
1 0.6559895833333333 0.1986111111111111 0.04010416666666667 0.04537037037037037
1 0.57265625 0.1361111111111111 0.0328125 0.046296296296296294
1 0.9625 0.725 0.07395833333333333 0.2722222222222222
1 0.20026041666666666 0.5486111111111112 0.09322916666666667 0.14166666666666666
1 0.5565104166666667 0.46944444444444444 0.08177083333333333 0.11666666666666667
1 0.69375 0.18888888888888888 0.040625 0.05185185185185185
1 0.46510416666666665 0.16712962962962963 0.0375 0.058333333333333334
1 0.453125 0.3712962962962963 0.08333333333333333 0.13333333333333333
1 0.7856770833333333 0.225 0.0515625 0.08333333333333333
1 0.503125 0.27870370370370373 0.04895833333333333 0.08148148148148149
1 0.38229166666666664 0.25046296296296294 0.057291666666666664 0.0787037037037037
1 0.89140625 0.23194444444444445 0.05572916666666667 0.06944444444444445
1 0.25286458333333334 0.1837962962962963 0.04010416666666667 0.05462962962962963
1 0.9731770833333333 0.9689814814814814 0.05260416666666667 0.06018518518518518
1 0.40963541666666664 0.18472222222222223 0.044270833333333336 0.058333333333333334
1 0.6434895833333333 0.11574074074074074 0.0265625 0.04259259259259259
1 0.47994791666666664 0.26435185185185184 0.044270833333333336 0.07314814814814814
1 0.41692708333333334 0.13148148148148148 0.0328125 0.044444444444444446
1 0.9052083333333333 0.2759259259259259 0.057291666666666664 0.07777777777777778
1 0.18932291666666667 0.24722222222222223 0.0453125 0.07037037037037037
1 0.6153645833333333 0.12037037037037036 0.034895833333333334 0.05740740740740741
1 0.3763020833333333 0.15925925925925927 0.03802083333333333 0.053703703703703705
1 0.3268229166666667 0.1787037037037037 0.034895833333333334 0.06296296296296296
1 0.28541666666666665 0.12268518518518519 0.029166666666666667 0.049074074074074076
1 0.7515625 0.17916666666666667 0.036458333333333336 0.06574074074074074
1 0.35963541666666665 0.14814814814814814 0.030729166666666665 0.040740740740740744
1 0.859375 0.16435185185185186 0.026041666666666668 0.06018518518518518
1 0.425 0.3365740740740741 0.05625 0.09537037037037037
1 0.23880208333333333 0.15416666666666667 0.027604166666666666 0.04537037037037037
1 0.42552083333333335 0.2074074074074074 0.036458333333333336 0.06111111111111111
1 0.40677083333333336 0.06574074074074074 0.021875 0.022222222222222223
1 0.19166666666666668 0.4601851851851852 0.08854166666666667 0.13518518518518519
1 0.35546875 0.22546296296296298 0.03802083333333333 0.062037037037037036
1 0.6825520833333333 0.14814814814814814 0.0296875 0.03148148148148148
1 0.95 0.1837962962962963 0.015625 0.0712962962962963
1 0.5036458333333333 0.10694444444444444 0.026041666666666668 0.03611111111111111
1 0.23098958333333333 0.13287037037037036 0.034895833333333334 0.05462962962962963
1 0.45625 0.08611111111111111 0.025 0.03518518518518519
1 0.48151041666666666 0.09398148148148149 0.0328125 0.04351851851851852
1 0.3333333333333333 0.07268518518518519 0.021875 0.026851851851851852
1 0.3455729166666667 0.12731481481481483 0.030729166666666665 0.03796296296296296
1 0.5255208333333333 0.11574074074074074 0.016666666666666666 0.04259259259259259
1 0.3026041666666667 0.15185185185185185 0.036458333333333336 0.05740740740740741
1 0.3489583333333333 0.2023148148148148 0.040625 0.062037037037037036
1 0.678125 0.11898148148148148 0.027083333333333334 0.032407407407407406
1 0.5848958333333333 0.10833333333333334 0.03125 0.046296296296296294
1 0.2669270833333333 0.20925925925925926 0.043229166666666666 0.05
1 0.26953125 0.10787037037037037 0.024479166666666666 0.041666666666666664
1 0.8466145833333333 0.15416666666666667 0.034895833333333334 0.062037037037037036
1 0.39010416666666664 0.10601851851851851 0.028125 0.04722222222222222
1 0.5583333333333333 0.12824074074074074 0.027083333333333334 0.04722222222222222
1 0.21145833333333333 0.10601851851851851 0.023958333333333335 0.04537037037037037
1 0.5661458333333333 0.07453703703703704 0.027083333333333334 0.026851851851851852
1 0.41328125 0.30925925925925923 0.05677083333333333 0.09814814814814815
1 0.3184895833333333 0.10324074074074074 0.03802083333333333 0.03796296296296296
1 0.4041666666666667 0.12175925925925926 0.03229166666666667 0.04722222222222222
1 0.6505208333333333 0.16296296296296298 0.036458333333333336 0.06666666666666667
1 0.7244791666666667 0.1597222222222222 0.035416666666666666 0.06018518518518518
1 0.16979166666666667 0.15324074074074073 0.034375 0.041666666666666664
1 0.16666666666666666 0.08888888888888889 0.029166666666666667 0.03333333333333333
1 0.36953125 0.4685185185185185 0.10677083333333333 0.16296296296296298
1 0.66796875 0.1685185185185185 0.033854166666666664 0.04259259259259259
1 0.6083333333333333 0.09259259259259259 0.021875 0.027777777777777776
1 0.4427083333333333 0.15185185185185185 0.029166666666666667 0.044444444444444446
1 0.4432291666666667 0.07685185185185185 0.025 0.03333333333333333
1 0.33307291666666666 0.19583333333333333 0.022395833333333334 0.05277777777777778
1 0.6901041666666666 0.12824074074074074 0.021875 0.028703703703703703
1 0.7140625 0.13518518518518519 0.03333333333333333 0.05185185185185185
1 0.17942708333333332 0.22824074074074074 0.043229166666666666 0.062037037037037036
1 0.45 0.2212962962962963 0.04583333333333333 0.07962962962962963
1 0.32838541666666665 0.11805555555555555 0.024479166666666666 0.03425925925925926