2 0.6390625 0.34305555555555556 0.10104166666666667 0.19722222222222222
1 0.68125 0.6861111111111111 0.121875 0.17037037037037037
1 0.9153645833333334 0.9064814814814814 0.16822916666666668 0.18518518518518517
1 0.5567708333333333 0.32314814814814813 0.06354166666666666 0.08518518518518518
1 0.20390625 0.5287037037037037 0.08802083333333334 0.11851851851851852
1 0.6356770833333333 0.5879629629629629 0.1078125 0.13518518518518519
1 0.7916666666666666 0.25972222222222224 0.051041666666666666 0.06388888888888888
1 0.7359375 0.46574074074074073 0.10625 0.17222222222222222
1 0.3458333333333333 0.3939814814814815 0.07604166666666666 0.09907407407407408
1 0.6859375 0.21805555555555556 0.05 0.04537037037037037
1 0.9278645833333333 0.28379629629629627 0.0671875 0.10277777777777777
1 0.47552083333333334 0.38101851851851853 0.07291666666666667 0.10277777777777777
1 0.4278645833333333 0.6240740740740741 0.1171875 0.1925925925925926
1 0.6361979166666667 0.1675925925925926 0.03802083333333333 0.05185185185185185
1 0.49635416666666665 0.2708333333333333 0.051041666666666666 0.0712962962962963
1 0.19114583333333332 0.4773148148148148 0.0875 0.10462962962962963
1 0.5513020833333333 0.22777777777777777 0.049479166666666664 0.07407407407407407
1 0.45703125 0.3439814814814815 0.058854166666666666 0.09166666666666666
1 0.8158854166666667 0.23564814814814813 0.049479166666666664 0.062037037037037036
1 0.5861979166666667 0.25046296296296294 0.050520833333333334 0.06574074074074074
1 0.1890625 0.25046296296296294 0.046875 0.06759259259259259
1 0.39088541666666665 0.5648148148148148 0.08802083333333334 0.14074074074074075
1 0.32916666666666666 0.3449074074074074 0.08020833333333334 0.125
1 0.27682291666666664 0.2740740740740741 0.05572916666666667 0.07037037037037037
1 0.5778645833333333 0.3611111111111111 0.0328125 0.09074074074074075
1 0.978125 0.7694444444444445 0.042708333333333334 0.17962962962962964
1 0.4666666666666667 0.24212962962962964 0.051041666666666666 0.06759259259259259
1 0.4158854166666667 0.287962962962963 0.06302083333333333 0.10740740740740741
1 0.26067708333333334 0.2023148148148148 0.03697916666666667 0.05277777777777778
1 0.5760416666666667 0.1388888888888889 0.03333333333333333 0.04814814814814815
1 0.18619791666666666 0.20277777777777778 0.0390625 0.05185185185185185
1 0.5111979166666667 0.10740740740740741 0.03177083333333333 0.05
1 0.7036458333333333 0.13842592592592592 0.020833333333333332 0.04351851851851852
1 0.26145833333333335 0.09722222222222222 0.023958333333333335 0.037037037037037035
1 0.38203125 0.1587962962962963 0.0359375 0.05277777777777778
1 0.7481770833333333 0.14444444444444443 0.034895833333333334 0.040740740740740744
1 0.35598958333333336 0.24675925925925926 0.0296875 0.06574074074074074
1 0.7572916666666667 0.21805555555555556 0.03125 0.06574074074074074
1 0.2234375 0.11944444444444445 0.03854166666666667 0.053703703703703705
1 0.6205729166666667 0.15601851851851853 0.034895833333333334 0.05092592592592592
1 0.61328125 0.09768518518518518 0.0234375 0.017592592592592594
1 0.490625 0.10185185185185185 0.016666666666666666 0.03518518518518519
1 0.16901041666666666 0.08101851851851852 0.0265625 0.025
1 0.6776041666666667 0.14537037037037037 0.040625 0.06296296296296296
1 0.94765625 0.19027777777777777 0.043229166666666666 0.06759259259259259
1 0.9802083333333333 0.19675925925925927 0.03854166666666667 0.08055555555555556
1 0.1796875 0.4009259259259259 0.06875 0.10740740740740741
1 0.23463541666666668 0.13796296296296295 0.0328125 0.040740740740740744
1 0.36640625 0.09351851851851851 0.025520833333333333 0.044444444444444446
1 0.275 0.1087962962962963 0.03125 0.04351851851851852
1 0.32838541666666665 0.19027777777777777 0.033854166666666664 0.05462962962962963
1 0.44505208333333335 0.20092592592592592 0.03697916666666667 0.027777777777777776
1 0.42630208333333336 0.225 0.0421875 0.06111111111111111
1 0.28932291666666665 0.13287037037037036 0.0328125 0.04722222222222222
1 0.3390625 0.12777777777777777 0.022916666666666665 0.03518518518518519
1 0.42135416666666664 0.1375 0.04583333333333333 0.05648148148148148
1 0.41302083333333334 0.18194444444444444 0.040625 0.06388888888888888
1 0.8723958333333334 0.21944444444444444 0.05 0.07777777777777778
1 0.32317708333333334 0.11064814814814815 0.030729166666666665 0.032407407407407406
1 0.16744791666666667 0.13657407407407407 0.033854166666666664 0.03796296296296296
1 0.7635416666666667 0.15185185185185185 0.028125 0.03148148148148148
1 0.7950520833333333 0.16527777777777777 0.0390625 0.06388888888888888
1 0.7458333333333333 0.20185185185185187 0.046875 0.07592592592592592
1 0.45390625 0.08148148148148149 0.019270833333333334 0.03333333333333333
1 0.5528645833333333 0.12407407407407407 0.016145833333333335 0.037037037037037035
1 0.9255208333333333 0.1787037037037037 0.03958333333333333 0.06851851851851852
1 0.3880208333333333 0.17592592592592593 0.025 0.053703703703703705
1 0.60546875 0.1439814814814815 0.033854166666666664 0.06018518518518518
1 0.30963541666666666 0.15462962962962962 0.03177083333333333 0.05555555555555555
1 0.25364583333333335 0.18055555555555555 0.046875 0.04814814814814815
1 0.6002604166666666 0.08518518518518518 0.028645833333333332 0.03148148148148148
1 0.4276041666666667 0.07222222222222222 0.022916666666666665 0.03333333333333333
1 0.63359375 0.12083333333333333 0.030729166666666665 0.03981481481481482
1 0.6567708333333333 0.10462962962962963 0.023958333333333335 0.022222222222222223
1 0.24427083333333333 0.1597222222222222 0.03958333333333333 0.04722222222222222
1 0.3854166666666667 0.25416666666666665 0.04791666666666667 0.0824074074074074
1 0.6559895833333333 0.13425925925925927 0.021354166666666667 0.04259259259259259
1 0.38828125 0.10833333333333334 0.03177083333333333 0.046296296296296294
1 0.34427083333333336 0.21388888888888888 0.04895833333333333 0.07222222222222222
1 0.478125 0.09722222222222222 0.01875 0.03888888888888889
1 0.18567708333333333 0.34629629629629627 0.07760416666666667 0.11481481481481481