2 0.6130208333333333 0.0875 0.09583333333333334 0.08425925925925926
1 0.23932291666666666 0.7180555555555556 0.13177083333333334 0.18055555555555555
1 0.43046875 0.6402777777777777 0.1140625 0.14537037037037037
1 0.6268229166666667 0.5726851851851852 0.10364583333333334 0.14537037037037037
1 0.80625 0.8708333333333333 0.19270833333333334 0.2564814814814815
1 0.37994791666666666 0.5120370370370371 0.09010416666666667 0.12777777777777777
1 0.4953125 0.27824074074074073 0.057291666666666664 0.07314814814814814
1 0.6591145833333333 0.41203703703703703 0.0859375 0.11481481481481481
1 0.5299479166666666 0.4486111111111111 0.08385416666666666 0.125
1 0.6338541666666667 0.27546296296296297 0.059375 0.09351851851851851
1 0.7403645833333333 0.47453703703703703 0.0890625 0.13240740740740742
1 0.19869791666666667 0.4222222222222222 0.0828125 0.1111111111111111
1 0.32760416666666664 0.36898148148148147 0.06770833333333333 0.08981481481481482
1 0.4473958333333333 0.22916666666666666 0.046875 0.062037037037037036
1 0.6265625 0.38472222222222224 0.065625 0.09907407407407408
1 0.48385416666666664 0.4101851851851852 0.065625 0.10555555555555556
1 0.5145833333333333 0.13055555555555556 0.029166666666666667 0.03518518518518519
1 0.28463541666666664 0.28379629629629627 0.049479166666666664 0.07685185185185185
1 0.36041666666666666 0.4615740740740741 0.08333333333333333 0.11944444444444445
1 0.5598958333333334 0.3175925925925926 0.071875 0.10740740740740741
1 0.8958333333333334 0.6148148148148148 0.12708333333333333 0.20185185185185187
1 0.41848958333333336 0.20694444444444443 0.0421875 0.058333333333333334
1 0.8177083333333334 0.3972222222222222 0.08333333333333333 0.1259259259259259
1 0.13515625 0.3875 0.0796875 0.11388888888888889
1 0.17239583333333333 0.2675925925925926 0.046875 0.06666666666666667
1 0.59375 0.24722222222222223 0.05 0.07962962962962963
1 0.4205729166666667 0.29212962962962963 0.05677083333333333 0.09351851851851851
1 0.4596354166666667 0.36064814814814816 0.0734375 0.11203703703703703
1 0.3736979166666667 0.24814814814814815 0.044270833333333336 0.06851851851851852
1 0.384375 0.2726851851851852 0.042708333333333334 0.07314814814814814
1 0.18776041666666668 0.34305555555555556 0.06302083333333333 0.05648148148148148
1 0.6877604166666667 0.2111111111111111 0.0515625 0.06666666666666667
1 0.74296875 0.24537037037037038 0.05677083333333333 0.05185185185185185
1 0.9158854166666667 0.2773148148148148 0.0609375 0.08796296296296297
1 0.4122395833333333 0.12731481481481483 0.030729166666666665 0.041666666666666664
1 0.7153645833333333 0.34675925925925927 0.07135416666666666 0.09537037037037037
1 0.9546875 0.22314814814814815 0.052083333333333336 0.06296296296296296
1 0.9786458333333333 0.2675925925925926 0.041666666666666664 0.07962962962962963
1 0.18359375 0.23842592592592593 0.0421875 0.062037037037037036
1 0.3151041666666667 0.31851851851851853 0.057291666666666664 0.08333333333333333
1 0.6901041666666666 0.1763888888888889 0.036458333333333336 0.032407407407407406
1 0.7744791666666667 0.13703703703703704 0.025 0.03148148148148148
1 0.6140625 0.18009259259259258 0.0375 0.03981481481481482
1 0.38359375 0.1638888888888889 0.030729166666666665 0.044444444444444446
1 0.87421875 0.22314814814814815 0.024479166666666666 0.06296296296296296
1 0.37395833333333334 0.09953703703703703 0.03125 0.04351851851851852
1 0.32864583333333336 0.2023148148148148 0.03125 0.05277777777777778
1 0.6552083333333333 0.1935185185185185 0.03333333333333333 0.040740740740740744
1 0.5473958333333333 0.22546296296296298 0.04583333333333333 0.0712962962962963
1 0.22057291666666667 0.11435185185185186 0.033854166666666664 0.041666666666666664
1 0.6213541666666667 0.1259259259259259 0.03229166666666667 0.04259259259259259
1 0.6940104166666666 0.13425925925925927 0.030729166666666665 0.04814814814814815
1 0.4903645833333333 0.10046296296296296 0.025520833333333333 0.030555555555555555
1 0.5927083333333333 0.10092592592592593 0.026041666666666668 0.040740740740740744
1 0.5895833333333333 0.16435185185185186 0.03125 0.03611111111111111
1 0.2984375 0.13842592592592592 0.03125 0.041666666666666664
1 0.6794270833333333 0.14907407407407408 0.03177083333333333 0.03888888888888889
1 0.33255208333333336 0.17037037037037037 0.03802083333333333 0.04259259259259259
1 0.796875 0.17592592592592593 0.020833333333333332 0.03148148148148148
1 0.3346354166666667 0.11851851851851852 0.0265625 0.04259259259259259
1 0.35625 0.2152777777777778 0.04375 0.075
1 0.65390625 0.16898148148148148 0.03802083333333333 0.04351851851851852
1 0.6950520833333333 0.10601851851851851 0.0296875 0.03425925925925926
1 0.3125 0.16527777777777777 0.030208333333333334 0.05648148148148148
1 0.74453125 0.18101851851851852 0.04114583333333333 0.05462962962962963
1 0.5325520833333334 0.20879629629629629 0.04635416666666667 0.08055555555555556
1 0.7502604166666667 0.12407407407407407 0.0234375 0.020370370370370372
1 0.3533854166666667 0.13796296296296295 0.028645833333333332 0.03888888888888889
1 0.18072916666666666 0.18888888888888888 0.03854166666666667 0.040740740740740744
1 0.45078125 0.08935185185185185 0.025520833333333333 0.03981481481481482
1 0.5653645833333333 0.15648148148148147 0.0265625 0.03148148148148148
1 0.6184895833333334 0.1486111111111111 0.0328125 0.04351851851851852
1 0.9169270833333333 0.21064814814814814 0.04010416666666667 0.05092592592592592
1 0.2609375 0.2273148148148148 0.05416666666666667 0.08796296296296297
1 0.5153645833333333 0.08842592592592592 0.024479166666666666 0.03981481481481482
1 0.5794270833333334 0.1287037037037037 0.028645833333333332 0.02962962962962963
1 0.784375 0.22685185185185186 0.06770833333333333 0.07777777777777778
1 0.4765625 0.0912037037037037 0.025 0.041666666666666664
1 0.7575520833333333 0.15555555555555556 0.0328125 0.046296296296296294
1 0.3359375 0.13148148148148148 0.020833333333333332 0.03518518518518519
1 0.9690104166666667 0.1884259259259259 0.05677083333333333 0.075
1 0.17109375 0.12777777777777777 0.0390625 0.044444444444444446
1 0.409375 0.18009259259259258 0.03854166666666667 0.06388888888888888
1 0.5356770833333333 0.06574074074074074 0.0203125 0.027777777777777776
1 0.7489583333333333 0.13333333333333333 0.027083333333333334 0.03888888888888889
1 0.16979166666666667 0.20925925925925926 0.03854166666666667 0.07037037037037037
1 0.3458333333333333 0.0824074074074074 0.019791666666666666 0.03148148148148148
1 0.26588541666666665 0.10277777777777777 0.0296875 0.040740740740740744
1 0.35494791666666664 0.0962962962962963 0.013020833333333334 0.03148148148148148
1 0.6671875 0.10555555555555556 0.03125 0.05
1 0.4044270833333333 0.10833333333333334 0.024479166666666666 0.027777777777777776
1 0.28151041666666665 0.1175925925925926 0.034895833333333334 0.03518518518518519
1 0.84296875 0.23981481481481481 0.06197916666666667 0.0962962962962963
1 0.8893229166666666 0.19814814814814816 0.0328125 0.05185185185185185
1 0.2708333333333333 0.18796296296296297 0.042708333333333334 0.04814814814814815
1 0.2453125 0.16296296296296298 0.03958333333333333 0.05555555555555555
1 0.2598958333333333 0.20555555555555555 0.053125 0.046296296296296294
1 0.23958333333333334 0.1388888888888889 0.035416666666666666 0.02962962962962963
1 0.42578125 0.08703703703703704 0.021354166666666667 0.025925925925925925
1 0.9869791666666666 0.3212962962962963 0.025 0.08703703703703704
1 0.55625 0.08564814814814815 0.021875 0.04722222222222222
1 0.21848958333333332 0.08611111111111111 0.027604166666666666 0.02962962962962963