2 0.5739583333333333 0.287962962962963 0.08541666666666667 0.16666666666666666
2 0.921875 0.16712962962962963 0.09166666666666666 0.15462962962962962
2 0.9770833333333333 0.5171296296296296 0.04479166666666667 0.23425925925925925
1 0.8979166666666667 0.31203703703703706 0.065625 0.06851851851851852
1 0.5643229166666667 0.5171296296296296 0.09114583333333333 0.1287037037037037
1 0.6765625 0.6481481481481481 0.12395833333333334 0.16296296296296298
1 0.46484375 0.9296296296296296 0.18697916666666667 0.1388888888888889
1 0.43463541666666666 0.325 0.0609375 0.08703703703703704
1 0.5229166666666667 0.46435185185185185 0.08229166666666667 0.11018518518518519
1 0.19895833333333332 0.4444444444444444 0.075 0.10185185185185185
1 0.3184895833333333 0.3347222222222222 0.06510416666666667 0.08611111111111111
1 0.7755208333333333 0.25462962962962965 0.058333333333333334 0.04814814814814815
1 0.94453125 0.2777777777777778 0.059895833333333336 0.07407407407407407
1 0.19348958333333333 0.4 0.07239583333333334 0.09074074074074075
1 0.6375 0.3800925925925926 0.0875 0.14351851851851852
1 0.6854166666666667 0.1912037037037037 0.041666666666666664 0.05648148148148148
1 0.37473958333333335 0.48935185185185187 0.09010416666666667 0.14351851851851852
1 0.8744791666666667 0.46064814814814814 0.096875 0.12129629629629629
1 0.26953125 0.24259259259259258 0.04635416666666667 0.06481481481481481
1 0.46432291666666664 0.23796296296296296 0.0453125 0.06481481481481481
1 0.79140625 0.812037037037037 0.15677083333333333 0.26296296296296295
1 0.5197916666666667 0.30833333333333335 0.03333333333333333 0.07592592592592592
1 0.40703125 0.29444444444444445 0.049479166666666664 0.07962962962962963
1 0.8013020833333333 0.5611111111111111 0.10885416666666667 0.14074074074074075
1 0.98359375 0.7398148148148148 0.03177083333333333 0.23333333333333334
1 0.5020833333333333 0.28194444444444444 0.052083333333333336 0.06944444444444445
1 0.2520833333333333 0.18055555555555555 0.036458333333333336 0.05
1 0.34791666666666665 0.4532407407407407 0.071875 0.11203703703703703
1 0.434375 0.21388888888888888 0.04479166666666667 0.05740740740740741
1 0.4453125 0.08009259259259259 0.023958333333333335 0.032407407407407406
1 0.5776041666666667 0.14351851851851852 0.03229166666666667 0.03888888888888889
1 0.32890625 0.2023148148148148 0.043229166666666666 0.04537037037037037
1 0.5393229166666667 0.22175925925925927 0.03802083333333333 0.062037037037037036
1 0.1921875 0.14444444444444443 0.028125 0.03888888888888889
1 0.8533854166666667 0.25416666666666665 0.05364583333333333 0.075
1 0.6127604166666667 0.15416666666666667 0.0359375 0.05277777777777778
1 0.5122395833333333 0.2013888888888889 0.043229166666666666 0.06944444444444445
1 0.3033854166666667 0.29814814814814816 0.06822916666666666 0.10740740740740741
1 0.215625 0.10740740740740741 0.029166666666666667 0.044444444444444446
1 0.17578125 0.3421296296296296 0.05677083333333333 0.09166666666666666
1 0.38723958333333336 0.25046296296296294 0.05572916666666667 0.09537037037037037
1 0.353125 0.2439814814814815 0.029166666666666667 0.06574074074074074
1 0.6705729166666666 0.17731481481481481 0.0359375 0.05648148148148148
1 0.5135416666666667 0.10972222222222222 0.017708333333333333 0.03796296296296296
1 0.36692708333333335 0.14583333333333334 0.0328125 0.04722222222222222
1 0.18255208333333334 0.18194444444444444 0.0390625 0.04537037037037037
1 0.4122395833333333 0.1884259259259259 0.0390625 0.03981481481481482
1 0.48854166666666665 0.09861111111111111 0.019791666666666666 0.03796296296296296
1 0.8338541666666667 0.23194444444444445 0.06666666666666667 0.08796296296296297
1 0.6447916666666667 0.16342592592592592 0.0375 0.062037037037037036
1 0.4114583333333333 0.125 0.028125 0.046296296296296294
1 0.26953125 0.10092592592592593 0.0296875 0.03888888888888889
1 0.35442708333333334 0.0837962962962963 0.024479166666666666 0.03611111111111111
1 0.9736979166666667 0.24953703703703703 0.0515625 0.0787037037037037
1 0.3953125 0.11388888888888889 0.023958333333333335 0.03518518518518519
1 0.24114583333333334 0.16666666666666666 0.040625 0.044444444444444446
1 0.7236979166666667 0.16342592592592592 0.044270833333333336 0.06759259259259259
1 0.2552083333333333 0.08888888888888889 0.020833333333333332 0.03518518518518519
1 0.3171875 0.10416666666666667 0.034375 0.032407407407407406
1 0.23020833333333332 0.12546296296296297 0.03125 0.03611111111111111
1 0.18645833333333334 0.29814814814814816 0.051041666666666666 0.1
1 0.32708333333333334 0.1175925925925926 0.020833333333333332 0.03333333333333333
1 0.29791666666666666 0.14305555555555555 0.030208333333333334 0.05092592592592592
1 0.39114583333333336 0.15694444444444444 0.034375 0.049074074074074076
1 0.16640625 0.12638888888888888 0.0296875 0.03796296296296296
1 0.3453125 0.12731481481481483 0.030208333333333334 0.04722222222222222
1 0.31015625 0.15601851851851853 0.03697916666666667 0.04537037037037037
1 0.6700520833333333 0.13287037037037036 0.03697916666666667 0.03981481481481482
1 0.6424479166666667 0.1111111111111111 0.024479166666666666 0.025925925925925925
1 0.8067708333333333 0.17037037037037037 0.0375 0.06111111111111111
1 0.8208333333333333 0.17453703703703705 0.03333333333333333 0.041666666666666664
1 0.3768229166666667 0.1884259259259259 0.034895833333333334 0.025
1 0.4705729166666667 0.0875 0.021354166666666667 0.03796296296296296
1 0.46119791666666665 0.06712962962962964 0.018229166666666668 0.026851851851851852
1 0.68984375 0.11666666666666667 0.025520833333333333 0.027777777777777776
1 0.18541666666666667 0.22037037037037038 0.042708333333333334 0.06296296296296296
1 0.6231770833333333 0.09305555555555556 0.03177083333333333 0.030555555555555555
1 0.28203125 0.12268518518518519 0.03177083333333333 0.04351851851851852
1 0.3528645833333333 0.22037037037037038 0.04739583333333333 0.06111111111111111
1 0.32395833333333335 0.17685185185185184 0.046875 0.03888888888888889
1 0.23854166666666668 0.1412037037037037 0.036458333333333336 0.030555555555555555
1 0.8575520833333333 0.1763888888888889 0.04635416666666667 0.062037037037037036
1 0.375 0.09953703703703703 0.029166666666666667 0.041666666666666664
1 0.9838541666666667 0.18472222222222223 0.03125 0.05092592592592592
1 0.15520833333333334 0.16296296296296298 0.013541666666666667 0.037037037037037035
1 0.73671875 0.15231481481481482 0.0421875 0.05092592592592592
1 0.7494791666666667 0.1550925925925926 0.016666666666666666 0.04537037037037037