1 0.2234375 0.649074074074074 0.12083333333333333 0.1648148148148148
1 0.41067708333333336 0.5884259259259259 0.1046875 0.1361111111111111
1 0.73125 0.7828703703703703 0.16979166666666667 0.2564814814814815
1 0.5911458333333334 0.5287037037037037 0.096875 0.13148148148148148
1 0.4828125 0.2652777777777778 0.05416666666666667 0.06944444444444445
1 0.8424479166666666 0.5615740740740741 0.11614583333333334 0.18425925925925926
1 0.5078125 0.42083333333333334 0.08020833333333334 0.11388888888888889
1 0.6119791666666666 0.2611111111111111 0.05625 0.09074074074074075
1 0.7049479166666667 0.44583333333333336 0.0859375 0.12685185185185185
1 0.19322916666666667 0.39675925925925926 0.078125 0.10277777777777777
1 0.37057291666666664 0.4787037037037037 0.08489583333333334 0.12037037037037036
1 0.4375 0.22037037037037038 0.04583333333333333 0.06111111111111111
1 0.5416666666666666 0.30324074074074076 0.06666666666666667 0.09907407407407408
1 0.31927083333333334 0.34953703703703703 0.06666666666666667 0.08611111111111111
1 0.17057291666666666 0.2574074074074074 0.044270833333333336 0.06296296296296296
1 0.4674479166666667 0.3861111111111111 0.059895833333333336 0.0962962962962963
1 0.63359375 0.387037037037037 0.08177083333333333 0.10925925925925926
1 0.6841145833333333 0.32546296296296295 0.0671875 0.08981481481481482
1 0.7705729166666667 0.25601851851851853 0.058854166666666666 0.049074074074074076
1 0.60078125 0.362962962962963 0.059895833333333336 0.09259259259259259
1 0.3484375 0.4300925925925926 0.07604166666666666 0.11203703703703703
1 0.27786458333333336 0.2712962962962963 0.04635416666666667 0.07222222222222222
1 0.37526041666666665 0.2601851851851852 0.0421875 0.06851851851851852
1 0.7770833333333333 0.36944444444444446 0.07708333333333334 0.12037037037037036
1 0.15 0.36203703703703705 0.0625 0.1037037037037037
1 0.9559895833333333 0.29212962962962963 0.06614583333333333 0.09351851851851851
1 0.41171875 0.2791666666666667 0.0546875 0.08981481481481482
1 0.41067708333333336 0.19722222222222222 0.04114583333333333 0.05925925925925926
1 0.7067708333333333 0.22361111111111112 0.05416666666666667 0.07314814814814814
1 0.5333333333333333 0.21388888888888888 0.04375 0.06851851851851852
1 0.7083333333333334 0.18194444444444444 0.036458333333333336 0.032407407407407406
1 0.44479166666666664 0.3398148148148148 0.07083333333333333 0.10925925925925926
1 0.18229166666666666 0.22870370370370371 0.041666666666666664 0.06111111111111111
1 0.5234375 0.1361111111111111 0.03333333333333333 0.03518518518518519
1 0.3645833333333333 0.23796296296296296 0.041666666666666664 0.06481481481481481
1 0.571875 0.2375 0.05 0.0824074074074074
1 0.6278645833333333 0.1875 0.03802083333333333 0.041666666666666664
1 0.4044270833333333 0.12083333333333333 0.03177083333333333 0.041666666666666664
1 0.8059895833333334 0.19398148148148148 0.03802083333333333 0.058333333333333334
1 0.7908854166666667 0.14583333333333334 0.027604166666666666 0.04351851851851852
1 0.30911458333333336 0.30092592592592593 0.05572916666666667 0.07962962962962963
1 0.16953125 0.12453703703703704 0.0390625 0.04351851851851852
1 0.7638020833333333 0.13935185185185187 0.028645833333333332 0.041666666666666664
1 0.671875 0.19907407407407407 0.03958333333333333 0.040740740740740744
1 0.32395833333333335 0.19212962962962962 0.03229166666666667 0.05277777777777778
1 0.18151041666666667 0.1824074074074074 0.0359375 0.04259259259259259
1 0.25755208333333335 0.21712962962962962 0.05364583333333333 0.08611111111111111
1 0.7072916666666667 0.14074074074074075 0.029166666666666667 0.046296296296296294
1 0.8244791666666667 0.24027777777777778 0.05416666666666667 0.08055555555555556
1 0.4953125 0.10324074074074074 0.026041666666666668 0.030555555555555555
1 0.940625 0.22314814814814815 0.042708333333333334 0.06111111111111111
1 0.9763020833333333 0.2310185185185185 0.04635416666666667 0.06574074074074074
1 0.6919270833333333 0.15138888888888888 0.033854166666666664 0.03796296296296296
1 0.3963541666666667 0.10972222222222222 0.027083333333333334 0.03981481481481482
1 0.36822916666666666 0.09212962962962963 0.029166666666666667 0.03981481481481482
1 0.3768229166666667 0.15648148148148147 0.028645833333333332 0.040740740740740744
1 0.634375 0.12962962962962962 0.030208333333333334 0.044444444444444446
1 0.3260416666666667 0.1625 0.0375 0.03981481481481482
1 0.3494791666666667 0.20694444444444443 0.042708333333333334 0.0712962962962963
1 0.2947916666666667 0.13333333333333333 0.029166666666666667 0.044444444444444446
1 0.6036458333333333 0.1 0.028125 0.03518518518518519
1 0.578125 0.1587962962962963 0.03125 0.03425925925925926
1 0.23619791666666667 0.13333333333333333 0.03697916666666667 0.03148148148148148
1 0.5231770833333333 0.09166666666666666 0.0265625 0.04259259259259259
1 0.3067708333333333 0.15833333333333333 0.027083333333333334 0.05555555555555555
1 0.3421875 0.07824074074074074 0.019791666666666666 0.030555555555555555
1 0.3296875 0.11481481481481481 0.026041666666666668 0.04259259259259259
1 0.5872395833333334 0.13240740740740742 0.030729166666666665 0.03148148148148148
1 0.5994791666666667 0.17037037037037037 0.03229166666666667 0.03518518518518519
1 0.9104166666666667 0.20092592592592592 0.0375 0.046296296296296294
1 0.21875 0.08333333333333333 0.028125 0.02962962962962963
1 0.6763020833333333 0.10416666666666667 0.0296875 0.049074074074074076
1 0.5645833333333333 0.08425925925925926 0.01875 0.04259259259259259
1 0.7661458333333333 0.18564814814814815 0.046875 0.06018518518518518
1 0.51875 0.19768518518518519 0.046875 0.07685185185185185
1 0.6713541666666667 0.17685185185185184 0.03958333333333333 0.046296296296296294
1 0.21744791666666666 0.11157407407407408 0.0359375 0.03796296296296296
1 0.6015625 0.11296296296296296 0.027083333333333334 0.02962962962962963
1 0.27838541666666666 0.11388888888888889 0.034895833333333334 0.03333333333333333
1 0.3484375 0.13148148148148148 0.028125 0.040740740740740744
1 0.30911458333333336 0.09351851851851851 0.027604166666666666 0.03888888888888889
1 0.6768229166666667 0.13935185185185187 0.0265625 0.028703703703703703
1 0.17578125 0.15416666666666667 0.0390625 0.030555555555555555
1 0.1890625 0.32407407407407407 0.05520833333333333 0.053703703703703705
1 0.24114583333333334 0.1574074074074074 0.03854166666666667 0.05925925925925926
1 0.2625 0.09722222222222222 0.028125 0.03888888888888889
1 0.703125 0.10925925925925926 0.03229166666666667 0.03888888888888889
1 0.984375 0.17824074074074073 0.030208333333333334 0.041666666666666664
1 0.5408854166666667 0.06666666666666667 0.019270833333333334 0.025925925925925925
1 0.43125 0.08703703703703704 0.019791666666666666 0.025925925925925925
1 0.6299479166666667 0.14907407407407408 0.03177083333333333 0.040740740740740744
1 0.88515625 0.23194444444444445 0.0640625 0.0712962962962963
1 0.16848958333333333 0.20416666666666666 0.03802083333333333 0.06944444444444445
1 0.16510416666666666 0.09907407407407408 0.0375 0.053703703703703705
1 0.6078125 0.14074074074074075 0.025 0.027777777777777776
1 0.40520833333333334 0.17314814814814813 0.040625 0.06296296296296296
1 0.99140625 0.7726851851851851 0.016145833333333335 0.1527777777777778
1 0.4546875 0.08981481481481482 0.027083333333333334 0.040740740740740744
1 0.2609375 0.17962962962962964 0.053125 0.05