3 0.9653645833333333 0.2833333333333333 0.06822916666666666 0.10740740740740741
2 0.93203125 0.18611111111111112 0.09010416666666667 0.18518518518518517
2 0.9541666666666667 0.12916666666666668 0.08958333333333333 0.14722222222222223
1 0.6651041666666667 0.43472222222222223 0.0875 0.11203703703703703
1 0.4390625 0.6847222222222222 0.128125 0.17314814814814813
1 0.2526041666666667 0.888425925925926 0.17395833333333333 0.21944444444444444
1 0.13072916666666667 0.39490740740740743 0.06875 0.09351851851851851
1 0.20963541666666666 0.6564814814814814 0.12135416666666667 0.15925925925925927
1 0.8098958333333334 0.23657407407407408 0.04895833333333333 0.06574074074074074
1 0.49635416666666665 0.41898148148148145 0.07916666666666666 0.10648148148148148
1 0.9526041666666667 0.937037037037037 0.09375 0.12407407407407407
1 0.40963541666666664 0.5361111111111111 0.0984375 0.13333333333333333
1 0.8091145833333333 0.8435185185185186 0.15364583333333334 0.2074074074074074
1 0.7143229166666667 0.19722222222222222 0.043229166666666666 0.05925925925925926
1 0.18828125 0.33796296296296297 0.0609375 0.08333333333333333
1 0.5122395833333333 0.29444444444444445 0.0609375 0.07777777777777778
1 0.8390625 0.5648148148148148 0.12083333333333333 0.1925925925925926
1 0.5708333333333333 0.33611111111111114 0.06770833333333333 0.09444444444444444
1 0.94921875 0.4837962962962963 0.10052083333333334 0.16203703703703703
1 0.3533854166666667 0.44212962962962965 0.0796875 0.11203703703703703
1 0.5598958333333334 0.475 0.09270833333333334 0.14814814814814814
1 0.4630208333333333 0.3712962962962963 0.06875 0.09814814814814815
1 0.646875 0.9592592592592593 0.15833333333333333 0.07962962962962963
1 0.7518229166666667 0.35833333333333334 0.0765625 0.1111111111111111
1 0.4044270833333333 0.12268518518518519 0.022395833333333334 0.03796296296296296
1 0.48984375 0.17777777777777778 0.0390625 0.05555555555555555
1 0.8106770833333333 0.1935185185185185 0.043229166666666666 0.053703703703703705
1 0.42916666666666664 0.13564814814814816 0.0375 0.06018518518518518
1 0.30442708333333335 0.31851851851851853 0.07239583333333334 0.12222222222222222
1 0.6658854166666667 0.17407407407407408 0.0390625 0.05925925925925926
1 0.4473958333333333 0.22314814814814815 0.036458333333333336 0.05925925925925926
1 0.32447916666666665 0.18564814814814815 0.04375 0.05648148148148148
1 0.39479166666666665 0.2791666666666667 0.04479166666666667 0.0712962962962963
1 0.37005208333333334 0.14953703703703702 0.033854166666666664 0.05092592592592592
1 0.5713541666666667 0.15555555555555556 0.034375 0.03148148148148148
1 0.38776041666666666 0.17592592592592593 0.0328125 0.046296296296296294
1 0.3859375 0.1037037037037037 0.025 0.037037037037037035
1 0.55859375 0.12361111111111112 0.0265625 0.03981481481481482
1 0.7229166666666667 0.32407407407407407 0.071875 0.12222222222222222
1 0.5239583333333333 0.1287037037037037 0.021875 0.03148148148148148
1 0.2125 0.1685185185185185 0.04479166666666667 0.06851851851851852
1 0.8796875 0.16666666666666666 0.025 0.06111111111111111
1 0.7325520833333333 0.14305555555555555 0.030729166666666665 0.04537037037037037
1 0.37786458333333334 0.24444444444444444 0.05260416666666667 0.08148148148148149
1 0.17526041666666667 0.1685185185185185 0.0390625 0.053703703703703705
1 0.40859375 0.1875 0.03697916666666667 0.05462962962962963
1 0.16276041666666666 0.262037037037037 0.043229166666666666 0.06666666666666667
1 0.8651041666666667 0.41759259259259257 0.096875 0.13518518518518519
1 0.4671875 0.16111111111111112 0.035416666666666666 0.05555555555555555
1 0.6549479166666666 0.10277777777777777 0.0203125 0.03518518518518519
1 0.7018229166666666 0.15555555555555556 0.03697916666666667 0.05555555555555555
1 0.26848958333333334 0.10601851851851851 0.0234375 0.041666666666666664
1 0.5986979166666667 0.14537037037037037 0.025520833333333333 0.05185185185185185
1 0.8033854166666666 0.15555555555555556 0.0359375 0.05185185185185185
1 0.434375 0.20601851851851852 0.03854166666666667 0.06574074074074074
1 0.678125 0.13842592592592592 0.030208333333333334 0.03611111111111111
1 0.15546875 0.09351851851851851 0.0265625 0.040740740740740744
1 0.6291666666666667 0.10416666666666667 0.025 0.032407407407407406
1 0.6255208333333333 0.15324074074074073 0.04375 0.06574074074074074
1 0.6768229166666667 0.12222222222222222 0.030729166666666665 0.03518518518518519
1 0.3572916666666667 0.22407407407407406 0.03854166666666667 0.07037037037037037
1 0.42890625 0.3023148148148148 0.058854166666666666 0.09907407407407408
1 0.4875 0.2449074074074074 0.0625 0.0824074074074074
1 0.6674479166666667 0.10740740740740741 0.025520833333333333 0.03518518518518519
1 0.17447916666666666 0.11388888888888889 0.028125 0.03148148148148148
1 0.98359375 0.2162037037037037 0.0234375 0.03425925925925926
1 0.51875 0.08287037037037037 0.021875 0.023148148148148147
1 0.29609375 0.14444444444444443 0.025520833333333333 0.037037037037037035
1 0.44244791666666666 0.09398148148148149 0.0265625 0.028703703703703703
1 0.5028645833333333 0.11944444444444445 0.024479166666666666 0.03148148148148148
1 0.16171875 0.21481481481481482 0.03697916666666667 0.044444444444444446
1 0.3307291666666667 0.06851851851851852 0.015625 0.020370370370370372
1 0.29192708333333334 0.11805555555555555 0.030729166666666665 0.03796296296296296
1 0.7809895833333333 0.11805555555555555 0.03802083333333333 0.030555555555555555
1 0.6104166666666667 0.1125 0.023958333333333335 0.019444444444444445
1 0.17682291666666666 0.22268518518518518 0.0453125 0.04351851851851852
1 0.6171875 0.08472222222222223 0.026041666666666668 0.03425925925925926
1 0.49765625 0.09166666666666666 0.022395833333333334 0.022222222222222223
1 0.73203125 0.6902777777777778 0.13802083333333334 0.2212962962962963
1 0.2716145833333333 0.2101851851851852 0.04635416666666667 0.05740740740740741
1 0.34661458333333334 0.12361111111111112 0.0359375 0.04722222222222222
1 0.18333333333333332 0.2898148148148148 0.05625 0.0962962962962963
1 0.5721354166666667 0.10833333333333334 0.03177083333333333 0.040740740740740744
1 0.30520833333333336 0.26435185185185184 0.0625 0.07314814814814814
1 0.5934895833333333 0.0962962962962963 0.024479166666666666 0.03333333333333333
1 0.25729166666666664 0.20787037037037037 0.041666666666666664 0.07685185185185185
1 0.48932291666666666 0.2638888888888889 0.049479166666666664 0.05555555555555555
1 0.4864583333333333 0.0763888888888889 0.023958333333333335 0.03796296296296296
1 0.3463541666666667 0.07777777777777778 0.021875 0.03148148148148148
1 0.32421875 0.1587962962962963 0.030729166666666665 0.023148148148148147
1 0.23151041666666666 0.11898148148148148 0.03697916666666667 0.032407407407407406
1 0.23984375 0.16898148148148148 0.028645833333333332 0.06018518518518518
1 0.4359375 0.0763888888888889 0.020833333333333332 0.028703703703703703
1 0.31354166666666666 0.08935185185185185 0.028125 0.041666666666666664
1 0.22786458333333334 0.09675925925925925 0.0265625 0.023148148148148147
1 0.31744791666666666 0.1087962962962963 0.0140625 0.030555555555555555
1 0.27005208333333336 0.15787037037037038 0.0359375 0.05462962962962963
1 0.75625 0.18009259259259258 0.03229166666666667 0.058333333333333334
1 0.2794270833333333 0.25833333333333336 0.04739583333333333 0.08888888888888889