2 0.8049479166666667 0.1300925925925926 0.06927083333333334 0.14351851851851852
2 0.7109375 0.09351851851851851 0.05625 0.08148148148148149
1 0.8791666666666667 0.624537037037037 0.12395833333333334 0.15092592592592594
1 0.9747395833333333 0.7476851851851852 0.049479166666666664 0.18796296296296297
1 0.8408854166666667 0.4393518518518518 0.08697916666666666 0.11944444444444445
1 0.7205729166666667 0.4722222222222222 0.09010416666666667 0.1259259259259259
1 0.81640625 0.8236111111111111 0.15677083333333333 0.21203703703703702
1 0.54140625 0.8384259259259259 0.15260416666666668 0.20833333333333334
1 0.73203125 0.700925925925926 0.12135416666666667 0.17777777777777778
1 0.6190104166666667 0.38842592592592595 0.07864583333333333 0.09907407407407408
1 0.42630208333333336 0.3162037037037037 0.06927083333333334 0.10648148148148148
1 0.2760416666666667 0.9731481481481481 0.14166666666666666 0.05185185185185185
1 0.34010416666666665 0.40555555555555556 0.08125 0.1037037037037037
1 0.1671875 0.37777777777777777 0.06875 0.10925925925925926
1 0.8533854166666667 0.29305555555555557 0.0640625 0.06388888888888888
1 0.4786458333333333 0.3907407407407407 0.071875 0.12407407407407407
1 0.54296875 0.325 0.05572916666666667 0.09259259259259259
1 0.58359375 0.35138888888888886 0.06927083333333334 0.09907407407407408
1 0.39114583333333336 0.2726851851851852 0.046875 0.07314814814814814
1 0.46171875 0.6976851851851852 0.16510416666666666 0.23981481481481481
1 0.24036458333333333 0.8180555555555555 0.13177083333333334 0.20833333333333334
1 0.5203125 0.2013888888888889 0.04375 0.06759259259259259
1 0.8213541666666667 0.2449074074074074 0.05625 0.06574074074074074
1 0.35859375 0.45 0.0796875 0.1111111111111111
1 0.9161458333333333 0.32222222222222224 0.06666666666666667 0.07407407407407407
1 0.1984375 0.29953703703703705 0.051041666666666666 0.07685185185185185
1 0.78203125 0.37222222222222223 0.07760416666666667 0.11481481481481481
1 0.72734375 0.2351851851851852 0.049479166666666664 0.05
1 0.5572916666666666 0.5083333333333333 0.11458333333333333 0.1814814814814815
1 0.45078125 0.15833333333333333 0.03802083333333333 0.05740740740740741
1 0.5098958333333333 0.43796296296296294 0.08645833333333333 0.11481481481481481
1 0.44427083333333334 0.2222222222222222 0.04583333333333333 0.06851851851851852
1 0.98046875 0.37546296296296294 0.03802083333333333 0.08796296296296297
1 0.2953125 0.2902777777777778 0.051041666666666666 0.06944444444444445
1 0.5013020833333334 0.2740740740740741 0.0578125 0.09259259259259259
1 0.20546875 0.12268518518518519 0.027604166666666666 0.04351851851851852
1 0.38567708333333334 0.17222222222222222 0.033854166666666664 0.044444444444444446
1 0.9546875 0.2935185185185185 0.06458333333333334 0.08518518518518518
1 0.9377604166666667 0.2412037037037037 0.050520833333333334 0.06388888888888888
1 0.36692708333333335 0.23981481481481481 0.04635416666666667 0.07222222222222222
1 0.28411458333333334 0.25972222222222224 0.049479166666666664 0.06574074074074074
1 0.47213541666666664 0.24537037037037038 0.043229166666666666 0.07037037037037037
1 0.48776041666666664 0.18472222222222223 0.034895833333333334 0.05092592592592592
1 0.31197916666666664 0.16527777777777777 0.03229166666666667 0.06018518518518518
1 0.57734375 0.16203703703703703 0.034895833333333334 0.037037037037037035
1 0.36640625 0.1476851851851852 0.0328125 0.04537037037037037
1 0.32708333333333334 0.17962962962962964 0.035416666666666666 0.06296296296296296
1 0.45807291666666666 0.0837962962962963 0.0265625 0.041666666666666664
1 0.6184895833333334 0.15694444444444444 0.03697916666666667 0.04537037037037037
1 0.7822916666666667 0.22546296296296298 0.04583333333333333 0.06759259259259259
1 0.3494791666666667 0.20879629629629629 0.041666666666666664 0.06944444444444445
1 0.17109375 0.175 0.034895833333333334 0.046296296296296294
1 0.9859375 0.22777777777777777 0.027083333333333334 0.05740740740740741
1 0.8901041666666667 0.25925925925925924 0.05520833333333333 0.06851851851851852
1 0.16979166666666667 0.13564814814814816 0.03229166666666667 0.03796296296296296
1 0.47552083333333334 0.09537037037037037 0.025 0.02962962962962963
1 0.34609375 0.13287037037037036 0.0296875 0.03611111111111111
1 0.25338541666666664 0.17916666666666667 0.03697916666666667 0.05277777777777778
1 0.6755208333333333 0.15046296296296297 0.036458333333333336 0.05648148148148148
1 0.4166666666666667 0.19074074074074074 0.040625 0.06666666666666667
1 0.2635416666666667 0.21435185185185185 0.04791666666666667 0.06018518518518518
1 0.4354166666666667 0.13796296296296295 0.029166666666666667 0.04259259259259259
1 0.6950520833333333 0.1865740740740741 0.043229166666666666 0.06944444444444445
1 0.17526041666666667 0.22361111111111112 0.049479166666666664 0.075
1 0.98828125 0.26805555555555555 0.022395833333333334 0.0712962962962963
1 0.7731770833333333 0.1925925925925926 0.0421875 0.05555555555555555
1 0.284375 0.12222222222222222 0.028125 0.046296296296296294
1 0.8541666666666666 0.1574074074074074 0.036458333333333336 0.05555555555555555
1 0.4171875 0.1337962962962963 0.029166666666666667 0.041666666666666664
1 0.29973958333333334 0.1412037037037037 0.0328125 0.05462962962962963
1 0.5708333333333333 0.07731481481481481 0.021875 0.01574074074074074
1 0.52578125 0.13518518518518519 0.0234375 0.027777777777777776
1 0.23489583333333333 0.16111111111111112 0.0375 0.04259259259259259
1 0.6190104166666667 0.12546296296296297 0.025520833333333333 0.026851851851851852
1 0.6486979166666667 0.13425925925925927 0.0328125 0.053703703703703705
1 0.20729166666666668 0.6773148148148148 0.11979166666666667 0.2212962962962963
1 0.8682291666666667 0.21712962962962962 0.052083333333333336 0.06759259259259259
1 0.42630208333333336 0.21435185185185185 0.024479166666666666 0.05648148148148148
1 0.35182291666666665 0.0837962962962963 0.022395833333333334 0.028703703703703703
1 0.5518229166666667 0.09722222222222222 0.015104166666666667 0.03888888888888889
1 0.6002604166666666 0.1412037037037037 0.028645833333333332 0.041666666666666664
1 0.6309895833333333 0.10601851851851851 0.021354166666666667 0.028703703703703703
1 0.33489583333333334 0.11712962962962963 0.034375 0.04351851851851852
1 0.41796875 0.11064814814814815 0.0296875 0.026851851851851852
1 0.41380208333333335 0.06898148148148148 0.016145833333333335 0.021296296296296296
1 0.5690104166666666 0.10555555555555556 0.030729166666666665 0.04814814814814815
1 0.6033854166666667 0.10277777777777777 0.022395833333333334 0.02962962962962963
1 0.271875 0.2439814814814815 0.041666666666666664 0.06388888888888888
1 0.5859375 0.12638888888888888 0.028125 0.03425925925925926
1 0.6559895833333333 0.09537037037037037 0.021354166666666667 0.025925925925925925
1 0.5268229166666667 0.1125 0.019270833333333334 0.030555555555555555
1 0.6744791666666666 0.10787037037037037 0.01875 0.030555555555555555
1 0.19036458333333334 0.2652777777777778 0.049479166666666664 0.08796296296296297