2 0.7864583333333334 0.12361111111111112 0.06875 0.13796296296296295
1 0.9393229166666667 0.6875 0.1203125 0.1638888888888889
1 0.8927083333333333 0.4708333333333333 0.09479166666666666 0.125
1 0.60078125 0.9111111111111111 0.1734375 0.17592592592592593
1 0.6466145833333333 0.41064814814814815 0.08385416666666666 0.10648148148148148
1 0.9114583333333334 0.9032407407407408 0.17604166666666668 0.19166666666666668
1 0.76328125 0.5078703703703704 0.09739583333333333 0.13425925925925927
1 0.14557291666666666 0.3972222222222222 0.0734375 0.11296296296296296
1 0.34817708333333336 0.43194444444444446 0.0859375 0.11018518518518519
1 0.43697916666666664 0.33101851851851855 0.07395833333333333 0.11388888888888889
1 0.49765625 0.4125 0.0796875 0.13240740740740742
1 0.29973958333333334 0.30185185185185187 0.05260416666666667 0.07222222222222222
1 0.80234375 0.7828703703703703 0.1390625 0.19722222222222222
1 0.37161458333333336 0.48009259259259257 0.08697916666666666 0.11944444444444445
1 0.40078125 0.28379629629629627 0.05364583333333333 0.075
1 0.5627604166666667 0.3416666666666667 0.059895833333333336 0.1
1 0.5885416666666666 0.5486111111111112 0.12083333333333333 0.19537037037037036
1 0.5015625 0.7731481481481481 0.18229166666666666 0.27037037037037037
1 0.5333333333333333 0.46574074074074073 0.09270833333333334 0.12222222222222222
1 0.19947916666666668 0.3143518518518518 0.05416666666666667 0.0824074074074074
1 0.8731770833333333 0.30092592592592593 0.06197916666666667 0.06851851851851852
1 0.8229166666666666 0.39490740740740743 0.084375 0.11944444444444445
1 0.24921875 0.8967592592592593 0.14739583333333334 0.20462962962962963
1 0.46067708333333335 0.16203703703703703 0.0390625 0.05740740740740741
1 0.6776041666666667 0.17685185185185184 0.041666666666666664 0.06851851851851852
1 0.28958333333333336 0.26851851851851855 0.05 0.06851851851851852
1 0.6044270833333333 0.37037037037037035 0.0765625 0.10740740740740741
1 0.82109375 0.27546296296296297 0.059895833333333336 0.06018518518518518
1 0.39010416666666664 0.17777777777777778 0.035416666666666666 0.04814814814814815
1 0.7044270833333334 0.22870370370370371 0.049479166666666664 0.06296296296296296
1 0.4986979166666667 0.18935185185185185 0.03697916666666667 0.05277777777777778
1 0.5333333333333333 0.20879629629629629 0.04479166666666667 0.0712962962962963
1 0.37057291666666664 0.24583333333333332 0.049479166666666664 0.07314814814814814
1 0.45364583333333336 0.22777777777777777 0.04895833333333333 0.06666666666666667
1 0.9518229166666666 0.3472222222222222 0.07239583333333334 0.08333333333333333
1 0.7557291666666667 0.2162037037037037 0.034375 0.062037037037037036
1 0.5192708333333333 0.28379629629629627 0.06041666666666667 0.09722222222222222
1 0.20286458333333332 0.12268518518518519 0.027604166666666666 0.04351851851851852
1 0.75234375 0.1824074074074074 0.0390625 0.05555555555555555
1 0.9153645833333334 0.2712962962962963 0.058854166666666666 0.07222222222222222
1 0.9036458333333334 0.22824074074074074 0.05 0.058333333333333334
1 0.371875 0.15138888888888888 0.034375 0.04722222222222222
1 0.959375 0.21712962962962962 0.05416666666666667 0.05648148148148148
1 0.23723958333333334 0.15231481481481482 0.03802083333333333 0.06574074074074074
1 0.6033854166666667 0.1476851851851852 0.034895833333333334 0.04351851851851852
1 0.45260416666666664 0.07916666666666666 0.027083333333333334 0.03796296296296296
1 0.26640625 0.21944444444444444 0.049479166666666664 0.06296296296296296
1 0.56328125 0.15231481481481482 0.0328125 0.03425925925925926
1 0.3572916666666667 0.21388888888888888 0.041666666666666664 0.07407407407407407
1 0.8359375 0.1527777777777778 0.040625 0.05925925925925926
1 0.4236979166666667 0.19537037037037036 0.04010416666666667 0.06851851851851852
1 0.17005208333333333 0.1787037037037037 0.0359375 0.05185185185185185
1 0.4864583333333333 0.25324074074074077 0.04479166666666667 0.07314814814814814
1 0.33229166666666665 0.1837962962962963 0.036458333333333336 0.06388888888888888
1 0.28541666666666665 0.12361111111111112 0.027083333333333334 0.04722222222222222
1 0.5158854166666667 0.12916666666666668 0.0296875 0.03425925925925926
1 0.31484375 0.17037037037037037 0.03177083333333333 0.05925925925925926
1 0.85703125 0.24074074074074073 0.05260416666666667 0.06666666666666667
1 0.43333333333333335 0.2199074074074074 0.026041666666666668 0.06018518518518518
1 0.6611979166666667 0.14166666666666666 0.034895833333333334 0.05555555555555555
1 0.3028645833333333 0.14027777777777778 0.0359375 0.049074074074074076
1 0.5598958333333334 0.10046296296296296 0.03125 0.05092592592592592
1 0.35442708333333334 0.08472222222222223 0.024479166666666666 0.032407407407407406
1 0.27369791666666665 0.2513888888888889 0.043229166666666666 0.06574074074074074
1 0.34739583333333335 0.13472222222222222 0.034375 0.03796296296296296
1 0.4713541666666667 0.09027777777777778 0.023958333333333335 0.028703703703703703
1 0.5346354166666667 0.06527777777777778 0.0265625 0.026851851851851852
1 0.5846354166666666 0.13518518518518519 0.024479166666666666 0.040740740740740744
1 0.7984375 0.23148148148148148 0.052083333333333336 0.06481481481481481
1 0.44192708333333336 0.1412037037037037 0.033854166666666664 0.04351851851851852
1 0.2565104166666667 0.18194444444444444 0.0390625 0.05648148148148148
1 0.6341145833333334 0.12685185185185185 0.03177083333333333 0.05555555555555555
1 0.8419270833333333 0.2013888888888889 0.043229166666666666 0.05277777777777778
1 0.26796875 0.10092592592592593 0.025520833333333333 0.03148148148148148
1 0.21197916666666666 0.7425925925925926 0.13125 0.24259259259259258
1 0.4236979166666667 0.13657407407407407 0.03177083333333333 0.04351851851851852
1 0.18776041666666668 0.07962962962962963 0.015104166666666667 0.024074074074074074
1 0.5736979166666667 0.11851851851851852 0.027604166666666666 0.03518518518518519
1 0.5229166666666667 0.11157407407407408 0.028125 0.03796296296296296
1 0.4890625 0.09768518518518518 0.01875 0.03796296296296296
1 0.4236979166666667 0.07361111111111111 0.021354166666666667 0.023148148148148147
1 0.9625 0.25555555555555554 0.04895833333333333 0.07407407407407407
1 0.17526041666666667 0.22916666666666666 0.049479166666666664 0.07685185185185185
1 0.73125 0.11851851851851852 0.017708333333333333 0.053703703703703705
1 0.5934895833333333 0.09768518518518518 0.021354166666666667 0.028703703703703703
1 0.5059895833333333 0.07453703703703704 0.021354166666666667 0.021296296296296296
1 0.6614583333333334 0.10185185185185185 0.019791666666666666 0.025925925925925925
1 0.409375 0.06620370370370371 0.014583333333333334 0.021296296296296296
1 0.19296875 0.274537037037037 0.050520833333333334 0.09166666666666666
1 0.6067708333333334 0.11851851851851852 0.026041666666666668 0.027777777777777776
1 0.9888020833333333 0.2023148148148148 0.021354166666666667 0.05277777777777778
1 0.9895833333333334 0.32546296296296295 0.019791666666666666 0.08796296296296297