2 0.75234375 0.11342592592592593 0.0640625 0.1287037037037037
2 0.67421875 0.0962962962962963 0.05260416666666667 0.10740740740740741
1 0.63515625 0.9097222222222222 0.2328125 0.1787037037037037
1 0.7252604166666666 0.4740740740740741 0.09635416666666667 0.12407407407407407
1 0.87734375 0.6083333333333333 0.11614583333333334 0.16296296296296298
1 0.46119791666666665 0.3726851851851852 0.08385416666666666 0.125
1 0.07786458333333333 0.4486111111111111 0.0828125 0.13055555555555556
1 0.36953125 0.5032407407407408 0.0984375 0.125
1 0.4197916666666667 0.31157407407407406 0.059375 0.0824074074074074
1 0.5919270833333333 0.5412037037037037 0.10572916666666667 0.14351851851851852
1 0.20729166666666668 0.3472222222222222 0.059375 0.09074074074074075
1 0.3125 0.33425925925925926 0.058333333333333334 0.07777777777777778
1 0.234375 0.8870370370370371 0.16041666666666668 0.22407407407407406
1 0.4002604166666667 0.5611111111111111 0.10989583333333333 0.13703703703703704
1 0.9861979166666667 0.5657407407407408 0.0265625 0.14444444444444443
1 0.6161458333333333 0.37824074074074077 0.075 0.10277777777777777
1 0.67109375 0.6657407407407407 0.14947916666666666 0.2351851851851852
1 0.5473958333333333 0.46944444444444444 0.09583333333333334 0.15
1 0.9666666666666667 0.9462962962962963 0.065625 0.10555555555555556
1 0.6575520833333334 0.4217592592592593 0.0828125 0.12129629629629629
1 0.9752604166666666 0.20185185185185187 0.04635416666666667 0.05555555555555555
1 0.47890625 0.24768518518518517 0.0515625 0.07314814814814814
1 0.48203125 0.17546296296296296 0.04010416666666667 0.062037037037037036
1 0.5661458333333333 0.3125 0.06666666666666667 0.11018518518518519
1 0.9231770833333334 0.46296296296296297 0.09739583333333333 0.1388888888888889
1 0.66171875 0.20092592592592592 0.043229166666666666 0.046296296296296294
1 0.40598958333333335 0.19027777777777777 0.03802083333333333 0.049074074074074076
1 0.5661458333333333 0.2263888888888889 0.04791666666666667 0.07685185185185185
1 0.5174479166666667 0.2777777777777778 0.0515625 0.07962962962962963
1 0.52578125 0.20972222222222223 0.04010416666666667 0.06018518518518518
1 0.38177083333333334 0.16064814814814815 0.035416666666666666 0.049074074074074076
1 0.7169270833333333 0.1962962962962963 0.04114583333333333 0.06111111111111111
1 0.3 0.2935185185185185 0.05416666666666667 0.07407407407407407
1 0.9364583333333333 0.1912037037037037 0.040625 0.05277777777777778
1 0.38385416666666666 0.26805555555555555 0.05520833333333333 0.07685185185185185
1 0.9546875 0.3449074074074074 0.07083333333333333 0.09907407407407408
1 0.9177083333333333 0.2800925925925926 0.05625 0.0712962962962963
1 0.64375 0.16342592592592592 0.03854166666666667 0.062037037037037036
1 0.19270833333333334 0.3037037037037037 0.057291666666666664 0.1
1 0.71875 0.1648148148148148 0.042708333333333334 0.046296296296296294
1 0.575 0.13703703703703704 0.03333333333333333 0.040740740740740744
1 0.36223958333333334 0.0912037037037037 0.0234375 0.032407407407407406
1 0.3424479166666667 0.19722222222222222 0.0390625 0.06666666666666667
1 0.2796875 0.27175925925925926 0.04479166666666667 0.07314814814814814
1 0.7497395833333333 0.21342592592592594 0.04635416666666667 0.058333333333333334
1 0.80546875 0.2657407407407407 0.04635416666666667 0.06481481481481481
1 0.19947916666666668 0.1287037037037037 0.027083333333333334 0.044444444444444446
1 0.3575520833333333 0.1439814814814815 0.0328125 0.041666666666666664
1 0.8481770833333333 0.20277777777777778 0.044270833333333336 0.03888888888888889
1 0.45598958333333334 0.23796296296296296 0.0359375 0.06296296296296296
1 0.8880208333333334 0.22824074074074074 0.04479166666666667 0.06018518518518518
1 0.8052083333333333 0.1439814814814815 0.03854166666666667 0.06018518518518518
1 0.5114583333333333 0.10694444444444444 0.025 0.03796296296296296
1 0.4361979166666667 0.1398148148148148 0.0328125 0.05925925925925926
1 0.30859375 0.15231481481481482 0.03697916666666667 0.05648148148148148
1 0.46197916666666666 0.15462962962962962 0.034375 0.04259259259259259
1 0.8447916666666667 0.24166666666666667 0.051041666666666666 0.06481481481481481
1 0.3229166666666667 0.1814814814814815 0.03229166666666667 0.06296296296296296
1 0.17864583333333334 0.26342592592592595 0.05416666666666667 0.0712962962962963
1 0.36875 0.23055555555555557 0.04479166666666667 0.07777777777777778
1 0.17109375 0.19027777777777777 0.0359375 0.05092592592592592
1 0.44166666666666665 0.21064814814814814 0.04375 0.07314814814814814
1 0.2916666666666667 0.12962962962962962 0.028125 0.05
1 0.4479166666666667 0.14722222222222223 0.03125 0.046296296296296294
1 0.89609375 0.20277777777777778 0.043229166666666666 0.06296296296296296
1 0.63515625 0.1310185185185185 0.034895833333333334 0.05277777777777778
1 0.7091145833333333 0.1111111111111111 0.0234375 0.05
1 0.5606770833333333 0.12546296296296297 0.0234375 0.03796296296296296
1 0.7989583333333333 0.18009259259259258 0.026041666666666668 0.04351851851851852
1 0.5377604166666666 0.1398148148148148 0.03177083333333333 0.037037037037037035
1 0.17526041666666667 0.23287037037037037 0.05364583333333333 0.05462962962962963
1 0.44192708333333336 0.07314814814814814 0.024479166666666666 0.03518518518518519
1 0.41328125 0.06759259259259259 0.018229166666666668 0.025925925925925925
1 0.35260416666666666 0.08194444444444444 0.021875 0.032407407407407406
1 0.39895833333333336 0.06574074074074074 0.014583333333333334 0.022222222222222223
1 0.30182291666666666 0.08981481481481482 0.022395833333333334 0.02962962962962963
1 0.22864583333333333 0.10972222222222222 0.028125 0.03611111111111111
1 0.5755208333333334 0.09212962962962963 0.021875 0.028703703703703703
1 0.16692708333333334 0.07916666666666666 0.0328125 0.025
1 0.27317708333333335 0.23703703703703705 0.049479166666666664 0.06851851851851852
1 0.5841145833333333 0.11990740740740741 0.0234375 0.04722222222222222
1 0.25234375 0.07824074074074074 0.0203125 0.030555555555555555
1 0.4609375 0.08611111111111111 0.021875 0.03148148148148148
1 0.19296875 0.08148148148148149 0.0203125 0.025925925925925925
1 0.6229166666666667 0.08564814814814815 0.021875 0.028703703703703703
1 0.6075520833333333 0.1175925925925926 0.0296875 0.05
1 0.33229166666666665 0.0763888888888889 0.023958333333333335 0.023148148148148147
1 0.4934895833333333 0.07268518518518519 0.021354166666666667 0.021296296296296296
1 0.26276041666666666 0.19675925925925927 0.043229166666666666 0.05462962962962963
1 0.6015625 0.0912037037037037 0.019791666666666666 0.021296296296296296
1 0.86796875 0.29814814814814816 0.058854166666666666 0.06296296296296296
1 0.28359375 0.12083333333333333 0.024479166666666666 0.04537037037037037
1 0.25234375 0.13287037037037036 0.025520833333333333 0.03611111111111111
1 0.3494791666666667 0.12037037037037036 0.0375 0.037037037037037035
1 0.24427083333333333 0.16111111111111112 0.04583333333333333 0.06666666666666667
1 0.7604166666666666 0.24583333333333332 0.041666666666666664 0.05277777777777778
1 0.49166666666666664 0.11666666666666667 0.028125 0.02962962962962963
1 0.8005208333333333 0.20833333333333334 0.027083333333333334 0.044444444444444446
1 0.3104166666666667 0.10185185185185185 0.017708333333333333 0.03518518518518519
1 0.16822916666666668 0.15462962962962962 0.0375 0.05740740740740741
1 0.15677083333333333 0.1111111111111111 0.03333333333333333 0.05185185185185185
1 0.9890625 0.31666666666666665 0.020833333333333332 0.07407407407407407