2 0.8901041666666667 0.15185185185185185 0.075 0.16111111111111112
2 0.8518229166666667 0.5194444444444445 0.1546875 0.29444444444444445
2 0.76875 0.12314814814814815 0.06875 0.12407407407407407
1 0.17838541666666666 0.7175925925925926 0.1296875 0.1537037037037037
1 0.24609375 0.8291666666666667 0.1359375 0.1824074074074074
1 0.6177083333333333 0.9513888888888888 0.18125 0.09537037037037037
1 0.70390625 0.4546296296296296 0.09010416666666667 0.11666666666666667
1 0.41744791666666664 0.5814814814814815 0.10677083333333333 0.14444444444444443
1 0.6075520833333333 0.5675925925925925 0.11197916666666667 0.14814814814814814
1 0.6885416666666667 0.3421296296296296 0.06875 0.09351851851851851
1 0.60390625 0.36527777777777776 0.06822916666666666 0.09537037037037037
1 0.7583333333333333 0.5300925925925926 0.04895833333333333 0.1361111111111111
1 0.3494791666666667 0.3189814814814815 0.06354166666666666 0.08055555555555556
1 0.9322916666666666 0.2972222222222222 0.06875 0.07962962962962963
1 0.37734375 0.49722222222222223 0.11302083333333333 0.17222222222222222
1 0.3182291666666667 0.36018518518518516 0.06875 0.08888888888888889
1 0.5388020833333333 0.3143518518518518 0.0640625 0.08425925925925926
1 0.2747395833333333 0.24722222222222223 0.04635416666666667 0.06111111111111111
1 0.19296875 0.31666666666666665 0.0578125 0.08148148148148149
1 0.584375 0.16527777777777777 0.036458333333333336 0.03796296296296296
1 0.6505208333333333 0.2972222222222222 0.0625 0.08703703703703704
1 0.68046875 0.18287037037037038 0.04010416666666667 0.05092592592592592
1 0.63984375 0.1925925925925926 0.0390625 0.044444444444444446
1 0.4244791666666667 0.32175925925925924 0.06770833333333333 0.10092592592592593
1 0.4739583333333333 0.17222222222222222 0.0375 0.06111111111111111
1 0.7682291666666666 0.21851851851851853 0.051041666666666666 0.07962962962962963
1 0.56484375 0.13333333333333333 0.0328125 0.044444444444444446
1 0.20703125 0.5814814814814815 0.09739583333333333 0.14814814814814814
1 0.4890625 0.27361111111111114 0.04583333333333333 0.07685185185185185
1 0.86953125 0.29768518518518516 0.06614583333333333 0.0712962962962963
1 0.38984375 0.2638888888888889 0.0578125 0.08703703703703704
1 0.1953125 0.4810185185185185 0.09479166666666666 0.13796296296296295
1 0.42135416666666664 0.13796296296296295 0.03333333333333333 0.044444444444444446
1 0.3619791666666667 0.2337962962962963 0.03958333333333333 0.06388888888888888
1 0.4635416666666667 0.38981481481481484 0.0875 0.1388888888888889
1 0.8682291666666667 0.22453703703703703 0.05 0.06574074074074074
1 0.5125 0.28888888888888886 0.052083333333333336 0.08518518518518518
1 0.7393229166666667 0.1736111111111111 0.0390625 0.062037037037037036
1 0.9315104166666667 0.18055555555555555 0.021354166666666667 0.07037037037037037
1 0.88671875 0.2550925925925926 0.049479166666666664 0.05277777777777778
1 0.19088541666666667 0.25555555555555554 0.04635416666666667 0.07037037037037037
1 0.6088541666666667 0.11898148148148148 0.0375 0.05648148148148148
1 0.4552083333333333 0.23055555555555557 0.04791666666666667 0.08148148148148149
1 0.5778645833333333 0.49722222222222223 0.0859375 0.12777777777777777
1 0.4484375 0.15787037037037038 0.030208333333333334 0.04722222222222222
1 0.4322916666666667 0.21388888888888888 0.03854166666666667 0.06296296296296296
1 0.35208333333333336 0.20787037037037037 0.041666666666666664 0.06388888888888888
1 0.38255208333333335 0.16620370370370371 0.04010416666666667 0.05462962962962963
1 0.4778645833333333 0.09398148148148149 0.030729166666666665 0.04351851851851852
1 0.33645833333333336 0.07453703703703704 0.021875 0.028703703703703703
1 0.41458333333333336 0.19027777777777777 0.04583333333333333 0.06018518518518518
1 0.23229166666666667 0.13657407407407407 0.036458333333333336 0.058333333333333334
1 0.4984375 0.1050925925925926 0.026041666666666668 0.03425925925925926
1 0.25546875 0.18935185185185185 0.044270833333333336 0.05462962962962963
1 0.39453125 0.11157407407407408 0.0296875 0.05092592592592592
1 0.2421875 0.15925925925925927 0.03125 0.046296296296296294
1 0.3296875 0.1837962962962963 0.036458333333333336 0.06388888888888888
1 0.6721354166666667 0.1449074074074074 0.030729166666666665 0.030555555555555555
1 0.8369791666666667 0.15138888888888888 0.035416666666666666 0.06018518518518518
1 0.36302083333333335 0.1537037037037037 0.03125 0.04259259259259259
1 0.2669270833333333 0.2199074074074074 0.04114583333333333 0.049074074074074076
1 0.271875 0.11064814814814815 0.026041666666666668 0.04351851851851852
1 0.35 0.13148148148148148 0.028125 0.037037037037037035
1 0.17109375 0.15833333333333333 0.033854166666666664 0.044444444444444446
1 0.6466145833333333 0.11064814814814815 0.028645833333333332 0.03611111111111111
1 0.6713541666666667 0.11574074074074074 0.023958333333333335 0.02962962962962963
1 0.41015625 0.12731481481481483 0.030729166666666665 0.05277777777777778
1 0.5236979166666667 0.11342592592592593 0.024479166666666666 0.04351851851851852
1 0.5619791666666667 0.07222222222222222 0.027083333333333334 0.024074074074074074
1 0.45364583333333336 0.08564814814814815 0.023958333333333335 0.030555555555555555
1 0.5796875 0.10555555555555556 0.029166666666666667 0.04259259259259259
1 0.7125 0.15555555555555556 0.034375 0.05925925925925926
1 0.40338541666666666 0.06712962962962964 0.021354166666666667 0.021296296296296296
1 0.16614583333333333 0.08981481481481482 0.029166666666666667 0.027777777777777776
1 0.18619791666666666 0.07824074074074074 0.008854166666666666 0.019444444444444445
1 0.2890625 0.12685185185185185 0.029166666666666667 0.04814814814814815
1 0.30755208333333334 0.15833333333333333 0.0328125 0.053703703703703705
1 0.209375 0.11990740740740741 0.01875 0.026851851851851852
1 0.7057291666666666 0.13240740740740742 0.034375 0.04814814814814815
1 0.3333333333333333 0.12083333333333333 0.023958333333333335 0.03425925925925926
1 0.65625 0.16666666666666666 0.03229166666666667 0.046296296296296294
1 0.30104166666666665 0.14722222222222223 0.03125 0.05185185185185185
1 0.18098958333333334 0.23703703703703705 0.044270833333333336 0.05925925925925926
1 0.6416666666666667 0.13703703703703704 0.029166666666666667 0.024074074074074074
1 0.5552083333333333 0.09166666666666666 0.022916666666666665 0.03333333333333333
1 0.6015625 0.09074074074074075 0.021875 0.024074074074074074
1 0.43645833333333334 0.07592592592592592 0.019791666666666666 0.03518518518518519
1 0.21119791666666668 0.09675925925925925 0.022395833333333334 0.026851851851851852
1 0.4356770833333333 0.35324074074074074 0.058854166666666666 0.09537037037037037
1 0.6825520833333333 0.12685185185185185 0.021354166666666667 0.03148148148148148
1 0.63359375 0.1638888888888889 0.024479166666666666 0.03888888888888889
1 0.5338541666666666 0.08611111111111111 0.022916666666666665 0.020370370370370372
1 0.52734375 0.06435185185185185 0.019270833333333334 0.028703703703703703
1 0.325 0.10787037037037037 0.029166666666666667 0.03981481481481482
1 0.8447916666666667 0.16898148148148148 0.019791666666666666 0.04351851851851852
1 0.17734375 0.19675925925925927 0.0484375 0.06574074074074074
1 0.9893229166666667 0.2657407407407407 0.0203125 0.09259259259259259