2 0.9729166666666667 0.20879629629629629 0.053125 0.20092592592592592
1 0.21822916666666667 0.725925925925926 0.14270833333333333 0.18518518518518517
1 0.6174479166666667 0.3907407407407407 0.07760416666666667 0.1037037037037037
1 0.39739583333333334 0.5833333333333334 0.10833333333333334 0.14629629629629629
1 0.19739583333333333 0.5597222222222222 0.10416666666666667 0.13425925925925927
1 0.5372395833333333 0.8430555555555556 0.15885416666666666 0.21574074074074073
1 0.6940104166666666 0.6939814814814815 0.13072916666666667 0.16944444444444445
1 0.9614583333333333 0.7097222222222223 0.07604166666666666 0.19537037037037036
1 0.7497395833333333 0.48703703703703705 0.1046875 0.1648148148148148
1 0.9098958333333333 0.6328703703703704 0.11875 0.15833333333333333
1 0.4630208333333333 0.37962962962962965 0.0625 0.0962962962962963
1 0.64921875 0.9467592592592593 0.18177083333333333 0.10462962962962963
1 0.86640625 0.26435185185185184 0.05364583333333333 0.06944444444444445
1 0.8484375 0.42314814814814816 0.09270833333333334 0.14074074074074075
1 0.48723958333333334 0.2726851851851852 0.05572916666666667 0.07314814814814814
1 0.6927083333333334 0.32222222222222224 0.06666666666666667 0.10185185185185185
1 0.8026041666666667 0.8074074074074075 0.16041666666666668 0.21296296296296297
1 0.53984375 0.3101851851851852 0.06197916666666667 0.08518518518518518
1 0.165625 0.3597222222222222 0.06145833333333333 0.08796296296296297
1 0.7822916666666667 0.3638888888888889 0.08125 0.11296296296296296
1 0.8640625 0.21851851851851853 0.051041666666666666 0.06851851851851852
1 0.3359375 0.39814814814814814 0.071875 0.1037037037037037
1 0.7578125 0.21898148148148147 0.046875 0.06388888888888888
1 0.3815104166666667 0.4726851851851852 0.08697916666666666 0.1175925925925926
1 0.4700520833333333 0.16666666666666666 0.0359375 0.05
1 0.5166666666666667 0.4212962962962963 0.08125 0.13148148148148148
1 0.4395833333333333 0.3398148148148148 0.059375 0.08888888888888889
1 0.5989583333333334 0.17314814814814813 0.0375 0.03518518518518519
1 0.3919270833333333 0.11851851851851852 0.019270833333333334 0.03518518518518519
1 0.37421875 0.2611111111111111 0.04010416666666667 0.06481481481481481
1 0.29635416666666664 0.29583333333333334 0.06666666666666667 0.11203703703703703
1 0.4328125 0.20925925925925926 0.034375 0.05185185185185185
1 0.9825520833333333 0.5550925925925926 0.033854166666666664 0.11574074074074074
1 0.46510416666666665 0.23148148148148148 0.051041666666666666 0.08148148148148149
1 0.9244791666666666 0.1814814814814815 0.042708333333333334 0.06481481481481481
1 0.23802083333333332 0.15787037037037038 0.028125 0.04722222222222222
1 0.31588541666666664 0.1736111111111111 0.0390625 0.05648148148148148
1 0.39296875 0.17546296296296296 0.034895833333333334 0.049074074074074076
1 0.69453125 0.13842592592592592 0.0328125 0.04537037037037037
1 0.40963541666666664 0.2810185185185185 0.0546875 0.09351851851851851
1 0.3580729166666667 0.1439814814814815 0.03177083333333333 0.049074074074074076
1 0.41510416666666666 0.12685185185185185 0.035416666666666666 0.05740740740740741
1 0.1859375 0.30925925925925923 0.059375 0.08333333333333333
1 0.84140625 0.1736111111111111 0.0453125 0.06388888888888888
1 0.7432291666666667 0.17314814814814813 0.03854166666666667 0.06111111111111111
1 0.58046875 0.13564814814814816 0.0296875 0.03981481481481482
1 0.41744791666666664 0.19583333333333333 0.0359375 0.062037037037037036
1 0.6416666666666667 0.5791666666666667 0.11354166666666667 0.1824074074074074
1 0.365625 0.22916666666666666 0.046875 0.07685185185185185
1 0.37604166666666666 0.10046296296296296 0.022916666666666665 0.03611111111111111
1 0.6692708333333334 0.29305555555555557 0.06458333333333334 0.11018518518518519
1 0.7052083333333333 0.19074074074074074 0.041666666666666664 0.06851851851851852
1 0.45390625 0.15138888888888888 0.0328125 0.05648148148148148
1 0.3731770833333333 0.16712962962962963 0.0265625 0.041666666666666664
1 0.5895833333333333 0.11851851851851852 0.03333333333333333 0.04259259259259259
1 0.34010416666666665 0.12361111111111112 0.03333333333333333 0.05277777777777778
1 0.34609375 0.2101851851851852 0.0359375 0.06851851851851852
1 0.521875 0.13287037037037036 0.026041666666666668 0.030555555555555555
1 0.26510416666666664 0.10324074074074074 0.020833333333333332 0.03611111111111111
1 0.19114583333333332 0.16203703703703703 0.042708333333333334 0.06481481481481481
1 0.68671875 0.11527777777777778 0.027604166666666666 0.03796296296296296
1 0.8015625 0.19675925925925927 0.028125 0.06018518518518518
1 0.27760416666666665 0.15555555555555556 0.03333333333333333 0.053703703703703705
1 0.16510416666666666 0.24722222222222223 0.040625 0.06296296296296296
1 0.6533854166666667 0.11481481481481481 0.0265625 0.037037037037037035
1 0.8138020833333334 0.13796296296296295 0.0421875 0.05
1 0.51015625 0.09907407407407408 0.022395833333333334 0.020370370370370372
1 0.6135416666666667 0.10462962962962963 0.025 0.03333333333333333
1 0.6567708333333333 0.16944444444444445 0.04583333333333333 0.06851851851851852
1 0.28515625 0.1162037037037037 0.033854166666666664 0.03981481481481482
1 0.7104166666666667 0.1527777777777778 0.035416666666666666 0.03148148148148148
1 0.45859375 0.10185185185185185 0.0234375 0.03148148148148148
1 0.67265625 0.10787037037037037 0.019270833333333334 0.03425925925925926
1 0.23489583333333333 0.13518518518518519 0.03333333333333333 0.040740740740740744
1 0.48984375 0.11481481481481481 0.0203125 0.025925925925925925
1 0.17552083333333332 0.11157407407407408 0.028125 0.032407407407407406
1 0.16276041666666666 0.1398148148148148 0.025520833333333333 0.04259259259259259
1 0.1796875 0.25324074074074077 0.05 0.05462962962962963
1 0.7604166666666666 0.15555555555555556 0.023958333333333335 0.046296296296296294
1 0.3419270833333333 0.0763888888888889 0.0203125 0.028703703703703703
1 0.25703125 0.09212962962962963 0.024479166666666666 0.03981481481481482
1 0.49947916666666664 0.08333333333333333 0.025 0.037037037037037035
1 0.2682291666666667 0.19768518518518519 0.04479166666666667 0.05277777777777778
1 0.5669270833333333 0.15 0.03697916666666667 0.04259259259259259
1 0.2578125 0.23425925925925925 0.029166666666666667 0.06481481481481481
1 0.6330729166666667 0.12453703703703704 0.0265625 0.028703703703703703
1 0.2234375 0.10833333333333334 0.026041666666666668 0.04814814814814815
1 0.5299479166666666 0.09583333333333334 0.0203125 0.032407407407407406
1 0.29244791666666664 0.22824074074074074 0.050520833333333334 0.032407407407407406
1 0.25442708333333336 0.1962962962962963 0.0390625 0.07222222222222222
1 0.5442708333333334 0.1412037037037037 0.025 0.03425925925925926
1 0.15729166666666666 0.09490740740740741 0.026041666666666668 0.04351851851851852
1 0.63359375 0.0912037037037037 0.021354166666666667 0.03611111111111111
1 0.16822916666666668 0.19768518518518519 0.0375 0.03611111111111111
1 0.21536458333333333 0.08842592592592592 0.028645833333333332 0.041666666666666664
1 0.28489583333333335 0.24861111111111112 0.065625 0.075
1 0.175 0.20833333333333334 0.04895833333333333 0.053703703703703705