1 0.23177083333333334 0.6875 0.12604166666666666 0.17314814814814813
1 0.421875 0.6166666666666667 0.109375 0.14074074074074075
1 0.7721354166666666 0.8388888888888889 0.18072916666666666 0.2777777777777778
1 0.37552083333333336 0.49722222222222223 0.08541666666666667 0.12222222222222222
1 0.6104166666666667 0.5537037037037037 0.09791666666666667 0.1388888888888889
1 0.196875 0.41064814814814815 0.08020833333333334 0.10833333333333334
1 0.5200520833333333 0.43657407407407406 0.0828125 0.11944444444444445
1 0.47708333333333336 0.399537037037037 0.0625 0.10092592592592593
1 0.7252604166666666 0.4615740740740741 0.08802083333333334 0.1287037037037037
1 0.4901041666666667 0.27175925925925926 0.05625 0.06944444444444445
1 0.87109375 0.5912037037037037 0.12135416666666667 0.19537037037037036
1 0.6244791666666667 0.26944444444444443 0.059375 0.09074074074074075
1 0.6151041666666667 0.37546296296296294 0.06354166666666666 0.09722222222222222
1 0.64765625 0.4009259259259259 0.08385416666666666 0.11296296296296296
1 0.32447916666666665 0.36018518518518516 0.06666666666666667 0.08703703703703704
1 0.9325520833333333 0.28379629629629627 0.06302083333333333 0.08981481481481482
1 0.13932291666666666 0.37777777777777777 0.06510416666666667 0.1111111111111111
1 0.3536458333333333 0.4486111111111111 0.07708333333333334 0.11574074074074074
1 0.9859375 0.27314814814814814 0.027083333333333334 0.07962962962962963
1 0.17161458333333332 0.2625 0.04635416666666667 0.06759259259259259
1 0.3796875 0.26666666666666666 0.041666666666666664 0.07037037037037037
1 0.5502604166666667 0.3125 0.0671875 0.10277777777777777
1 0.28177083333333336 0.27824074074074073 0.046875 0.07314814814814814
1 0.5190104166666667 0.13240740740740742 0.0296875 0.03518518518518519
1 0.44244791666666666 0.22546296296296298 0.04635416666666667 0.062037037037037036
1 0.5411458333333333 0.21944444444444444 0.04479166666666667 0.07037037037037037
1 0.6973958333333333 0.21851851851851853 0.051041666666666666 0.07407407407407407
1 0.75390625 0.25092592592592594 0.05677083333333333 0.05
1 0.7015625 0.33796296296296297 0.06979166666666667 0.09444444444444444
1 0.18958333333333333 0.33564814814814814 0.057291666666666664 0.05648148148148148
1 0.4088541666666667 0.12453703703703704 0.030208333333333334 0.041666666666666664
1 0.75234375 0.18333333333333332 0.0390625 0.05555555555555555
1 0.41692708333333334 0.2861111111111111 0.05572916666666667 0.09259259259259259
1 0.45416666666666666 0.35138888888888886 0.07395833333333333 0.11018518518518519
1 0.6984375 0.1787037037037037 0.036458333333333336 0.03148148148148148
1 0.5838541666666667 0.24675925925925926 0.05 0.08611111111111111
1 0.3697916666666667 0.2449074074074074 0.041666666666666664 0.06759259259259259
1 0.4158854166666667 0.20324074074074075 0.0421875 0.06018518518518518
1 0.6205729166666667 0.18333333333333332 0.03802083333333333 0.03888888888888889
1 0.66328125 0.1962962962962963 0.034895833333333334 0.040740740740740744
1 0.32760416666666664 0.19722222222222222 0.03229166666666667 0.05555555555555555
1 0.9653645833333333 0.22592592592592592 0.05364583333333333 0.06111111111111111
1 0.29635416666666664 0.13564814814814816 0.028125 0.049074074074074076
1 0.8875 0.22685185185185186 0.022916666666666665 0.06481481481481481
1 0.78125 0.14305555555555555 0.027083333333333334 0.041666666666666664
1 0.3098958333333333 0.16203703703703703 0.028125 0.05740740740740741
1 0.3807291666666667 0.1597222222222222 0.030208333333333334 0.041666666666666664
1 0.4934895833333333 0.10046296296296296 0.0265625 0.032407407407407406
1 0.9263020833333333 0.22361111111111112 0.04010416666666667 0.04722222222222222
1 0.6614583333333334 0.17222222222222222 0.03958333333333333 0.046296296296296294
1 0.31276041666666665 0.3111111111111111 0.05677083333333333 0.08148148148148149
1 0.18229166666666666 0.23425925925925925 0.042708333333333334 0.06111111111111111
1 0.7549479166666667 0.13657407407407407 0.028645833333333332 0.041666666666666664
1 0.5723958333333333 0.1574074074074074 0.029166666666666667 0.03148148148148148
1 0.7994791666666666 0.3861111111111111 0.08020833333333334 0.12407407407407407
1 0.21927083333333333 0.11296296296296296 0.034375 0.040740740740740744
1 0.259375 0.22314814814814815 0.05416666666666667 0.08703703703703704
1 0.3302083333333333 0.16805555555555557 0.03958333333333333 0.04351851851851852
1 0.6283854166666667 0.1287037037037037 0.0296875 0.044444444444444446
1 0.40130208333333334 0.11435185185185186 0.0265625 0.04351851851851852
1 0.6989583333333333 0.13842592592592592 0.030208333333333334 0.04351851851851852
1 0.284375 0.12731481481481483 0.026041666666666668 0.041666666666666664
1 0.69921875 0.10787037037037037 0.0296875 0.03796296296296296
1 0.6856770833333333 0.15138888888888888 0.03177083333333333 0.03611111111111111
1 0.8005208333333333 0.17962962962962964 0.029166666666666667 0.03333333333333333
1 0.5979166666666667 0.09861111111111111 0.027083333333333334 0.032407407407407406
1 0.5825520833333333 0.1300925925925926 0.028645833333333332 0.030555555555555555
1 0.34401041666666665 0.08055555555555556 0.0203125 0.03148148148148148
1 0.371875 0.09490740740740741 0.030208333333333334 0.041666666666666664
1 0.28046875 0.1162037037037037 0.034895833333333334 0.03425925925925926
1 0.4778645833333333 0.09166666666666666 0.024479166666666666 0.04259259259259259
1 0.4075520833333333 0.17777777777777778 0.0390625 0.06296296296296296
1 0.8981770833333333 0.20185185185185187 0.033854166666666664 0.053703703703703705
1 0.56015625 0.08518518518518518 0.019270833333333334 0.044444444444444446
1 0.35130208333333335 0.13333333333333333 0.028645833333333332 0.03888888888888889
1 0.5265625 0.20324074074074075 0.046875 0.0787037037037037
1 0.23125 0.1310185185185185 0.026041666666666668 0.03796296296296296
1 0.6713541666666667 0.13796296296296295 0.028125 0.025925925925925925
1 0.45208333333333334 0.08935185185185185 0.027083333333333334 0.03981481481481482
1 0.18229166666666666 0.18703703703703703 0.035416666666666666 0.040740740740740744
1 0.51875 0.08796296296296297 0.025 0.040740740740740744
1 0.33203125 0.11666666666666667 0.024479166666666666 0.04259259259259259
1 0.5377604166666666 0.06805555555555555 0.022395833333333334 0.030555555555555555
1 0.26510416666666664 0.10138888888888889 0.029166666666666667 0.04351851851851852
1 0.3536458333333333 0.09398148148148149 0.0125 0.030555555555555555
1 0.6729166666666667 0.1050925925925926 0.027083333333333334 0.04351851851851852
1 0.5963541666666666 0.11064814814814815 0.027083333333333334 0.028703703703703703
1 0.8567708333333334 0.2449074074074074 0.06354166666666666 0.09907407407407408
1 0.24322916666666666 0.16157407407407406 0.03854166666666667 0.06018518518518518
1 0.16927083333333334 0.08287037037037037 0.028125 0.025
1 0.16927083333333334 0.20416666666666666 0.0375 0.062037037037037036
1 0.21848958333333332 0.0824074074074074 0.025520833333333333 0.027777777777777776
1 0.6018229166666667 0.14027777777777778 0.025520833333333333 0.028703703703703703
1 0.59375 0.16666666666666666 0.03125 0.03333333333333333
1 0.26640625 0.18472222222222223 0.04635416666666667 0.05092592592592592
1 0.3533854166666667 0.2125 0.043229166666666666 0.075
1 0.4828125 0.06666666666666667 0.03333333333333333 0.027777777777777776
1 0.428125 0.08703703703703704 0.020833333333333332 0.025925925925925925
1 0.62421875 0.1486111111111111 0.03177083333333333 0.03796296296296296
1 0.7643229166666666 0.1537037037037037 0.033854166666666664 0.03518518518518519
1 0.17057291666666666 0.14537037037037037 0.0390625 0.040740740740740744
1 0.8083333333333333 0.23425925925925925 0.04583333333333333 0.07962962962962963