2 0.7434895833333334 0.1125 0.0640625 0.1287037037037037
2 0.6708333333333333 0.09537037037037037 0.052083333333333336 0.10555555555555556
1 0.06041666666666667 0.4638888888888889 0.084375 0.12962962962962962
1 0.9075520833333334 0.6365740740740741 0.12239583333333333 0.1675925925925926
1 0.7447916666666666 0.4898148148148148 0.09895833333333333 0.1259259259259259
1 0.6763020833333333 0.9351851851851852 0.24739583333333334 0.12777777777777777
1 0.37057291666666664 0.5217592592592593 0.1015625 0.1287037037037037
1 0.31588541666666664 0.3416666666666667 0.058854166666666666 0.07962962962962963
1 0.6286458333333333 0.387037037037037 0.07916666666666666 0.10740740740740741
1 0.46770833333333334 0.3819444444444444 0.08645833333333333 0.12685185185185185
1 0.24479166666666666 0.9064814814814814 0.16875 0.18518518518518517
1 0.60703125 0.5601851851851852 0.1109375 0.14629629629629629
1 0.20833333333333334 0.35509259259259257 0.06041666666666667 0.09351851851851851
1 0.4239583333333333 0.3175925925925926 0.058333333333333334 0.08333333333333333
1 0.6526041666666667 0.19675925925925927 0.041666666666666664 0.04537037037037037
1 0.9776041666666667 0.30833333333333335 0.04375 0.07407407407407407
1 0.6716145833333333 0.4361111111111111 0.08697916666666666 0.1259259259259259
1 0.6940104166666666 0.6972222222222222 0.15677083333333333 0.24814814814814815
1 0.9638020833333333 0.19814814814814816 0.044270833333333336 0.05555555555555555
1 0.40078125 0.5810185185185185 0.10677083333333333 0.14351851851851852
1 0.48463541666666665 0.2513888888888889 0.0546875 0.075
1 0.5591145833333333 0.4842592592592593 0.09947916666666666 0.15185185185185185
1 0.41041666666666665 0.19398148148148148 0.03854166666666667 0.05277777777777778
1 0.94921875 0.4791666666666667 0.09947916666666666 0.14537037037037037
1 0.4864583333333333 0.17962962962962964 0.040625 0.06296296296296296
1 0.5244791666666667 0.2824074074074074 0.05416666666666667 0.08148148148148149
1 0.53203125 0.2125 0.043229166666666666 0.06018518518518518
1 0.30364583333333334 0.2986111111111111 0.057291666666666664 0.07685185185185185
1 0.9348958333333334 0.3351851851851852 0.06979166666666667 0.09444444444444444
1 0.38671875 0.2726851851851852 0.05677083333333333 0.0787037037037037
1 0.9252604166666667 0.1884259259259259 0.04010416666666667 0.05277777777777778
1 0.7078125 0.1935185185185185 0.041666666666666664 0.05925925925925926
1 0.5768229166666666 0.3212962962962963 0.06927083333333334 0.1111111111111111
1 0.75078125 0.2388888888888889 0.0421875 0.05
1 0.38359375 0.16296296296296298 0.0359375 0.05
1 0.190625 0.3106481481481482 0.059375 0.10092592592592593
1 0.5697916666666667 0.13472222222222222 0.03333333333333333 0.041666666666666664
1 0.5731770833333333 0.23194444444444445 0.0484375 0.07685185185185185
1 0.8744791666666667 0.22407407407407406 0.04583333333333333 0.06296296296296296
1 0.28177083333333336 0.2773148148148148 0.04583333333333333 0.07314814814814814
1 0.7885416666666667 0.25972222222222224 0.052083333333333336 0.062037037037037036
1 0.71484375 0.1597222222222222 0.0359375 0.041666666666666664
1 0.9005208333333333 0.2722222222222222 0.05520833333333333 0.07037037037037037
1 0.19817708333333334 0.13055555555555556 0.027604166666666666 0.046296296296296294
1 0.8369791666666667 0.1986111111111111 0.04375 0.03611111111111111
1 0.85078125 0.2898148148148148 0.0578125 0.05740740740740741
1 0.7427083333333333 0.20833333333333334 0.04583333333333333 0.06111111111111111
1 0.8830729166666667 0.19907407407407407 0.044270833333333336 0.06111111111111111
1 0.6372395833333333 0.16064814814814815 0.0390625 0.062037037037037036
1 0.36276041666666664 0.09074074074074075 0.024479166666666666 0.03148148148148148
1 0.45859375 0.24212962962962964 0.033854166666666664 0.06574074074074074
1 0.34427083333333336 0.2 0.03854166666666667 0.06851851851851852
1 0.37005208333333334 0.2337962962962963 0.04635416666666667 0.08055555555555556
1 0.35911458333333335 0.14722222222222223 0.033854166666666664 0.040740740740740744
1 0.48802083333333335 0.11574074074074074 0.026041666666666668 0.02962962962962963
1 0.8309895833333333 0.2375 0.050520833333333334 0.062037037037037036
1 0.4661458333333333 0.15648148148148147 0.034375 0.044444444444444446
1 0.5080729166666667 0.10555555555555556 0.024479166666666666 0.03888888888888889
1 0.44427083333333334 0.21435185185185185 0.04479166666666667 0.075
1 0.25833333333333336 0.1986111111111111 0.03333333333333333 0.05277777777777778
1 0.8005208333333333 0.1425925925925926 0.035416666666666666 0.05925925925925926
1 0.17135416666666667 0.19398148148148148 0.035416666666666666 0.05277777777777778
1 0.2916666666666667 0.13240740740740742 0.029166666666666667 0.05
1 0.6177083333333333 0.08564814814814815 0.022916666666666665 0.028703703703703703
1 0.6302083333333334 0.12731481481481483 0.034375 0.05092592592592592
1 0.70390625 0.10648148148148148 0.019270833333333334 0.04259259259259259
1 0.24427083333333333 0.16435185185185186 0.04479166666666667 0.06944444444444445
1 0.33307291666666666 0.07314814814814814 0.0265625 0.02962962962962963
1 0.4390625 0.07361111111111111 0.025 0.03611111111111111
1 0.17786458333333333 0.26944444444444443 0.05364583333333333 0.06851851851851852
1 0.7807291666666667 0.1787037037037037 0.03958333333333333 0.05
1 0.52578125 0.13287037037037036 0.019270833333333334 0.026851851851851852
1 0.57890625 0.1111111111111111 0.021354166666666667 0.03148148148148148
1 0.39869791666666665 0.06620370370370371 0.0171875 0.025
1 0.6018229166666667 0.11712962962962963 0.030729166666666665 0.05092592592592592
1 0.48020833333333335 0.0912037037037037 0.03229166666666667 0.03796296296296296
1 0.35234375 0.12777777777777777 0.03802083333333333 0.04814814814814815
1 0.275 0.24027777777777778 0.05 0.06759259259259259
1 0.17447916666666666 0.23796296296296296 0.053125 0.05740740740740741
1 0.16875 0.16574074074074074 0.034375 0.040740740740740744
1 0.22916666666666666 0.11203703703703703 0.028125 0.03518518518518519
1 0.3028645833333333 0.08935185185185185 0.0203125 0.030555555555555555
1 0.59765625 0.08888888888888889 0.019270833333333334 0.018518518518518517
1 0.5234375 0.08611111111111111 0.019791666666666666 0.03888888888888889
1 0.4395833333333333 0.12453703703703704 0.03333333333333333 0.028703703703703703
1 0.41302083333333334 0.06712962962962964 0.01875 0.023148148148148147
1 0.16875 0.14537037037037037 0.040625 0.03888888888888889
1 0.325 0.18472222222222223 0.03333333333333333 0.06388888888888888
1 0.309375 0.15601851851851853 0.0375 0.06018518518518518
1 0.4903645833333333 0.06851851851851852 0.0203125 0.020370370370370372
1 0.6377604166666667 0.09398148148148149 0.019270833333333334 0.021296296296296296
1 0.44114583333333335 0.15 0.036458333333333336 0.04814814814814815
1 0.9903645833333333 0.3773148148148148 0.018229166666666668 0.10092592592592593
1 0.4622395833333333 0.07962962962962963 0.028645833333333332 0.03888888888888889