2 0.6059895833333333 0.08518518518518518 0.0921875 0.08333333333333333
1 0.4453125 0.6800925925925926 0.12083333333333333 0.15648148148148147
1 0.2520833333333333 0.7712962962962963 0.14166666666666666 0.1962962962962963
1 0.8653645833333333 0.9074074074074074 0.2109375 0.18333333333333332
1 0.6520833333333333 0.6032407407407407 0.11041666666666666 0.15462962962962962
1 0.5028645833333333 0.2847222222222222 0.058854166666666666 0.07314814814814814
1 0.39010416666666664 0.538425925925926 0.09791666666666667 0.13240740740740742
1 0.971875 0.30694444444444446 0.05520833333333333 0.08611111111111111
1 0.6770833333333334 0.42962962962962964 0.090625 0.12037037037037036
1 0.6434895833333333 0.399537037037037 0.06927083333333334 0.10277777777777777
1 0.10859375 0.40185185185185185 0.07447916666666667 0.11851851851851852
1 0.20052083333333334 0.4388888888888889 0.08541666666666667 0.11296296296296296
1 0.5447916666666667 0.46805555555555556 0.0875 0.125
1 0.37057291666666664 0.48148148148148145 0.09427083333333333 0.12037037037037036
1 0.6479166666666667 0.28425925925925927 0.0625 0.0962962962962963
1 0.5723958333333333 0.3282407407407407 0.07395833333333333 0.11018518518518519
1 0.4942708333333333 0.42685185185185187 0.06770833333333333 0.10555555555555556
1 0.93515625 0.6578703703703703 0.12864583333333332 0.21574074074074073
1 0.45390625 0.23425925925925925 0.0484375 0.06481481481481481
1 0.2911458333333333 0.29074074074074074 0.05520833333333333 0.07777777777777778
1 0.76328125 0.4949074074074074 0.09427083333333333 0.1398148148148148
1 0.7364583333333333 0.3592592592592593 0.07395833333333333 0.09814814814814815
1 0.33255208333333336 0.38055555555555554 0.07135416666666666 0.0962962962962963
1 0.4231770833333333 0.21157407407407408 0.043229166666666666 0.06018518518518518
1 0.603125 0.25555555555555554 0.058333333333333334 0.08518518518518518
1 0.471875 0.37407407407407406 0.07916666666666666 0.11666666666666667
1 0.42552083333333335 0.3013888888888889 0.058333333333333334 0.09537037037037037
1 0.76171875 0.13333333333333333 0.025520833333333333 0.03518518518518519
1 0.17239583333333333 0.27361111111111114 0.04791666666666667 0.06944444444444445
1 0.96640625 0.25787037037037036 0.06510416666666667 0.07685185185185185
1 0.50703125 0.1259259259259259 0.028645833333333332 0.03888888888888889
1 0.415625 0.12916666666666668 0.03125 0.04351851851851852
1 0.7302083333333333 0.17453703703703705 0.03958333333333333 0.05462962962962963
1 0.7276041666666667 0.23657407407407408 0.05 0.05092592592592592
1 0.5411458333333333 0.21342592592592594 0.04791666666666667 0.0824074074074074
1 0.26536458333333335 0.23055555555555557 0.0546875 0.09074074074074075
1 0.9346354166666667 0.21666666666666667 0.049479166666666664 0.06296296296296296
1 0.38671875 0.16527777777777777 0.030729166666666665 0.04351851851851852
1 0.67265625 0.19953703703703704 0.0484375 0.05648148148148148
1 0.6026041666666667 0.1736111111111111 0.036458333333333336 0.03796296296296296
1 0.37604166666666666 0.10138888888888889 0.03125 0.049074074074074076
1 0.88984375 0.2657407407407407 0.05677083333333333 0.08333333333333333
1 0.378125 0.25416666666666665 0.04375 0.06944444444444445
1 0.6760416666666667 0.1699074074074074 0.035416666666666666 0.032407407407407406
1 0.33151041666666664 0.20416666666666666 0.033854166666666664 0.05648148148148148
1 0.18463541666666666 0.375 0.07135416666666666 0.10185185185185185
1 0.359375 0.21944444444444444 0.04375 0.07592592592592592
1 0.18072916666666666 0.24305555555555555 0.04583333333333333 0.06388888888888888
1 0.6401041666666667 0.18564814814814815 0.03333333333333333 0.041666666666666664
1 0.29921875 0.1412037037037037 0.0328125 0.03981481481481482
1 0.221875 0.11481481481481481 0.03333333333333333 0.04259259259259259
1 0.35703125 0.09537037037037037 0.013020833333333334 0.02962962962962963
1 0.38958333333333334 0.2796296296296296 0.04479166666666667 0.07592592592592592
1 0.9502604166666667 0.16805555555555557 0.05260416666666667 0.04351851851851852
1 0.8736979166666666 0.19212962962962962 0.033854166666666664 0.05277777777777778
1 0.484375 0.09768518518518518 0.026041666666666668 0.032407407407407406
1 0.8473958333333333 0.4166666666666667 0.0875 0.13148148148148148
1 0.16953125 0.13240740740740742 0.0390625 0.05
1 0.9799479166666667 0.20879629629629629 0.0390625 0.030555555555555555
1 0.4127604166666667 0.1837962962962963 0.0390625 0.06574074074074074
1 0.8526041666666667 0.21435185185185185 0.026041666666666668 0.062037037037037036
1 0.6864583333333333 0.10972222222222222 0.03333333333333333 0.04722222222222222
1 0.63984375 0.1597222222222222 0.03697916666666667 0.03796296296296296
1 0.3143229166666667 0.1675925925925926 0.028645833333333332 0.05740740740740741
1 0.6145833333333334 0.12037037037037036 0.028125 0.03888888888888889
1 0.5557291666666667 0.14907407407407408 0.03333333333333333 0.03148148148148148
1 0.35520833333333335 0.1388888888888889 0.028125 0.040740740740740744
1 0.18203125 0.19212962962962962 0.0359375 0.04351851851851852
1 0.66875 0.1425925925925926 0.03229166666666667 0.037037037037037035
1 0.40729166666666666 0.11712962962962963 0.028125 0.04351851851851852
1 0.31796875 0.32685185185185184 0.058854166666666666 0.08703703703703704
1 0.37734375 0.15416666666666667 0.030729166666666665 0.05277777777777778
1 0.9002604166666667 0.20277777777777778 0.0390625 0.04814814814814815
1 0.6833333333333333 0.13194444444444445 0.029166666666666667 0.041666666666666664
1 0.58515625 0.10740740740740741 0.025520833333333333 0.027777777777777776
1 0.34739583333333335 0.0824074074074074 0.019791666666666666 0.03148148148148148
1 0.334375 0.17222222222222222 0.03958333333333333 0.040740740740740744
1 0.5236979166666667 0.11018518518518519 0.024479166666666666 0.04259259259259259
1 0.6106770833333334 0.14351851851851852 0.03177083333333333 0.044444444444444446
1 0.7458333333333333 0.14953703703703702 0.034375 0.04722222222222222
1 0.509375 0.08472222222222223 0.022916666666666665 0.03981481481481482
1 0.33671875 0.11805555555555555 0.0265625 0.04351851851851852
1 0.7380208333333333 0.1287037037037037 0.026041666666666668 0.03518518518518519
1 0.2682291666666667 0.10277777777777777 0.03229166666666667 0.044444444444444446
1 0.5705729166666667 0.12314814814814815 0.027604166666666666 0.027777777777777776
1 0.3377604166666667 0.13287037037037036 0.019270833333333334 0.03425925925925926
1 0.16953125 0.21481481481481482 0.0390625 0.07407407407407407
1 0.5809895833333333 0.09259259259259259 0.0265625 0.027777777777777776
1 0.8213541666666667 0.22916666666666666 0.06145833333333333 0.09351851851851851
1 0.5802083333333333 0.15694444444444444 0.030208333333333334 0.03796296296296296
1 0.55703125 0.2300925925925926 0.04739583333333333 0.075
1 0.5307291666666667 0.06342592592592593 0.019791666666666666 0.025
1 0.553125 0.08101851851851852 0.01875 0.041666666666666664
1 0.44609375 0.08657407407407407 0.024479166666666666 0.03981481481481482
1 0.3140625 0.09861111111111111 0.028125 0.03796296296296296
1 0.23958333333333334 0.13796296296296295 0.03958333333333333 0.03518518518518519
1 0.48125 0.06388888888888888 0.022916666666666665 0.024074074074074074
1 0.24661458333333333 0.16342592592592592 0.0390625 0.05092592592592592
1 0.7536458333333333 0.21805555555555556 0.03854166666666667 0.07685185185185185
1 0.66171875 0.09814814814814815 0.028645833333333332 0.040740740740740744
1 0.7763020833333333 0.16712962962962963 0.0359375 0.03611111111111111
1 0.2825520833333333 0.11851851851851852 0.034895833333333334 0.037037037037037035
1 0.26067708333333334 0.19444444444444445 0.05677083333333333 0.05925925925925926
1 0.6557291666666667 0.13055555555555556 0.026041666666666668 0.024074074074074074
1 0.7747395833333334 0.2175925925925926 0.044270833333333336 0.07592592592592592