2 0.7145833333333333 0.10231481481481482 0.05520833333333333 0.12314814814814815
2 0.6515625 0.09166666666666666 0.05 0.0962962962962963
1 0.3296875 0.6518518518518519 0.125 0.16111111111111112
1 0.6984375 0.6800925925925926 0.13645833333333332 0.17685185185185184
1 0.8567708333333334 0.586574074074074 0.11979166666666667 0.1527777777777778
1 0.4515625 0.7148148148148148 0.134375 0.17407407407407408
1 0.87265625 0.8740740740740741 0.21197916666666666 0.25
1 0.5059895833333333 0.44212962962962965 0.0984375 0.14722222222222223
1 0.6302083333333334 0.5740740740740741 0.11770833333333333 0.17962962962962964
1 0.3359375 0.38472222222222224 0.065625 0.08796296296296297
1 0.69765625 0.44537037037037036 0.0921875 0.12222222222222222
1 0.7583333333333333 0.5087962962962963 0.103125 0.14351851851851852
1 0.20625 0.4046296296296296 0.07083333333333333 0.1037037037037037
1 0.45338541666666665 0.35555555555555557 0.06614583333333333 0.09259259259259259
1 0.31875 0.33240740740740743 0.0625 0.08333333333333333
1 0.51328125 0.27870370370370373 0.059895833333333336 0.08148148148148149
1 0.4309895833333333 0.21064814814814814 0.04010416666666667 0.058333333333333334
1 0.5635416666666667 0.23564814814814813 0.046875 0.06574074074074074
1 0.4114583333333333 0.30185185185185187 0.059375 0.08518518518518518
1 0.9114583333333334 0.18333333333333332 0.041666666666666664 0.053703703703703705
1 0.5125 0.19675925925925927 0.04375 0.06759259259259259
1 0.3984375 0.17731481481481481 0.0375 0.05092592592592592
1 0.6096354166666667 0.25925925925925924 0.05364583333333333 0.08703703703703704
1 0.5510416666666667 0.31574074074074077 0.059375 0.09074074074074075
1 0.66875 0.1787037037037037 0.0375 0.05555555555555555
1 0.8453125 0.28564814814814815 0.06041666666666667 0.06574074074074074
1 0.6125 0.1763888888888889 0.036458333333333336 0.03981481481481482
1 0.9479166666666666 0.2513888888888889 0.05625 0.06574074074074074
1 0.7765625 0.2569444444444444 0.051041666666666666 0.05277777777777778
1 0.88046875 0.17407407407407408 0.0359375 0.05185185185185185
1 0.37057291666666664 0.15833333333333333 0.03697916666666667 0.044444444444444446
1 0.26223958333333336 0.2152777777777778 0.0390625 0.058333333333333334
1 0.83203125 0.1837962962962963 0.03802083333333333 0.058333333333333334
1 0.7244791666666667 0.23287037037037037 0.046875 0.05648148148148148
1 0.16692708333333334 0.3490740740740741 0.06614583333333333 0.11296296296296296
1 0.46536458333333336 0.2324074074074074 0.049479166666666664 0.07962962962962963
1 0.6307291666666667 0.36342592592592593 0.08125 0.12314814814814815
1 0.4875 0.1787037037037037 0.03854166666666667 0.05740740740740741
1 0.9846354166666667 0.2740740740740741 0.0296875 0.08518518518518518
1 0.19505208333333332 0.13796296296296295 0.024479166666666666 0.044444444444444446
1 0.49270833333333336 0.09907407407407408 0.025 0.03518518518518519
1 0.4903645833333333 0.2652777777777778 0.044270833333333336 0.0712962962962963
1 0.9359375 0.3333333333333333 0.07916666666666666 0.1111111111111111
1 0.7338541666666667 0.16435185185185186 0.036458333333333336 0.04537037037037037
1 0.36015625 0.2175925925925926 0.04114583333333333 0.07222222222222222
1 0.17395833333333333 0.2074074074074074 0.03958333333333333 0.05555555555555555
1 0.46588541666666666 0.16435185185185186 0.03177083333333333 0.05277777777777778
1 0.6815104166666667 0.14629629629629629 0.0328125 0.03888888888888889
1 0.8223958333333333 0.24444444444444444 0.05 0.06851851851851852
1 0.34036458333333336 0.07731481481481481 0.027604166666666666 0.03425925925925926
1 0.7005208333333334 0.18472222222222223 0.040625 0.03796296296296296
1 0.45416666666666666 0.15185185185185185 0.0375 0.05925925925925926
1 0.5536458333333333 0.12546296296296297 0.016666666666666666 0.03796296296296296
1 0.60546875 0.14814814814814814 0.034895833333333334 0.05925925925925926
1 0.29739583333333336 0.14166666666666666 0.03229166666666667 0.053703703703703705
1 0.8940104166666667 0.30462962962962964 0.04010416666666667 0.053703703703703705
1 0.7377604166666667 0.20925925925925926 0.0390625 0.04814814814814815
1 0.37057291666666664 0.1 0.025520833333333333 0.03518518518518519
1 0.7716145833333333 0.13564814814814816 0.0359375 0.05462962962962963
1 0.39427083333333335 0.2851851851851852 0.042708333333333334 0.07037037037037037
1 0.6955729166666667 0.21296296296296297 0.0390625 0.044444444444444446
1 0.24869791666666666 0.17731481481481481 0.0453125 0.07314814814814814
1 0.25494791666666666 0.08425925925925926 0.025520833333333333 0.03518518518518519
1 0.46979166666666666 0.10694444444444444 0.026041666666666668 0.026851851851851852
1 0.28177083333333336 0.11388888888888889 0.03333333333333333 0.03888888888888889
1 0.2833333333333333 0.262037037037037 0.052083333333333336 0.07222222222222222
1 0.79609375 0.17592592592592593 0.018229166666666668 0.025925925925925925
1 0.5119791666666667 0.12638888888888888 0.029166666666666667 0.03425925925925926
1 0.17526041666666667 0.25324074074074077 0.05677083333333333 0.05092592592592592
1 0.3390625 0.11481481481481481 0.036458333333333336 0.040740740740740744
1 0.55703125 0.1087962962962963 0.022395833333333334 0.03981481481481482
1 0.17473958333333334 0.29398148148148145 0.06197916666666667 0.075
1 0.27760416666666665 0.21805555555555556 0.0375 0.032407407407407406
1 0.3177083333333333 0.15925925925925927 0.040625 0.046296296296296294
1 0.23177083333333334 0.12824074074074074 0.03229166666666667 0.04537037037037037
1 0.33567708333333335 0.19074074074074074 0.0359375 0.053703703703703705
1 0.38333333333333336 0.25555555555555554 0.05 0.08333333333333333
1 0.81796875 0.1935185185185185 0.04010416666666667 0.03888888888888889
1 0.36223958333333334 0.08472222222222223 0.021354166666666667 0.023148148148148147
1 0.5963541666666666 0.08194444444444444 0.01875 0.028703703703703703
1 0.5791666666666667 0.1111111111111111 0.03229166666666667 0.04814814814814815
1 0.8065104166666667 0.2125 0.03802083333333333 0.05277777777777778
1 0.5268229166666667 0.08518518518518518 0.027604166666666666 0.03888888888888889
1 0.6091145833333333 0.1111111111111111 0.028645833333333332 0.03148148148148148
1 0.74921875 0.12083333333333333 0.021354166666666667 0.04537037037037037
1 0.4075520833333333 0.06712962962962964 0.0203125 0.019444444444444445
1 0.16979166666666667 0.0837962962962963 0.036458333333333336 0.030555555555555555
1 0.29609375 0.30648148148148147 0.0515625 0.07962962962962963
1 0.67265625 0.11898148148148148 0.0296875 0.041666666666666664
1 0.17395833333333333 0.18888888888888888 0.03958333333333333 0.05185185185185185
1 0.16822916666666668 0.16712962962962963 0.040625 0.06018518518518518
1 0.8890625 0.26944444444444443 0.053125 0.06851851851851852