2 0.9578125 0.19768518518518519 0.08333333333333333 0.19166666666666668
1 0.23098958333333333 0.8046296296296296 0.15677083333333333 0.20555555555555555
1 0.59140625 0.9125 0.1828125 0.17314814814814813
1 0.6395833333333333 0.4125 0.08229166666666667 0.10648148148148148
1 0.2015625 0.6037037037037037 0.11145833333333334 0.14629629629629629
1 0.41458333333333336 0.6310185185185185 0.11770833333333333 0.15833333333333333
1 0.7427083333333333 0.7638888888888888 0.13958333333333334 0.18703703703703703
1 0.9567708333333333 0.6861111111111111 0.08541666666666667 0.18703703703703703
1 0.890625 0.8898148148148148 0.17083333333333334 0.21851851851851853
1 0.3953125 0.5 0.09270833333333334 0.12407407407407407
1 0.5552083333333333 0.3226851851851852 0.06458333333333334 0.08981481481481482
1 0.4986979166666667 0.28379629629629627 0.0578125 0.075
1 0.34453125 0.4203703703703704 0.07552083333333333 0.10925925925925926
1 0.48125 0.3990740740740741 0.075 0.1037037037037037
1 0.8372395833333334 0.25046296296296294 0.0515625 0.06759259259259259
1 0.15026041666666667 0.3763888888888889 0.06510416666666667 0.09537037037037037
1 0.79140625 0.524537037037037 0.10989583333333333 0.175
1 0.8973958333333333 0.4532407407407407 0.10104166666666667 0.14907407407407408
1 0.7359375 0.20833333333333334 0.04479166666666667 0.06111111111111111
1 0.18880208333333334 0.324537037037037 0.05677083333333333 0.08055555555555556
1 0.4510416666666667 0.35462962962962963 0.06458333333333334 0.09259259259259259
1 0.7208333333333333 0.3402777777777778 0.06979166666666667 0.10462962962962963
1 0.47942708333333334 0.1726851851851852 0.0390625 0.05277777777777778
1 0.39817708333333335 0.12083333333333333 0.021354166666666667 0.03981481481481482
1 0.3020833333333333 0.30694444444444446 0.07083333333333333 0.1175925925925926
1 0.8239583333333333 0.38657407407407407 0.09479166666666666 0.1175925925925926
1 0.5854166666666667 0.16527777777777777 0.036458333333333336 0.03611111111111111
1 0.43984375 0.2162037037037037 0.0359375 0.05462962962962963
1 0.41822916666666665 0.29212962962962963 0.057291666666666664 0.09722222222222222
1 0.32005208333333335 0.18009259259259258 0.043229166666666666 0.05648148148148148
1 0.6846354166666667 0.18472222222222223 0.04010416666666667 0.062037037037037036
1 0.36354166666666665 0.1476851851851852 0.03333333333333333 0.05092592592592592
1 0.3846354166666667 0.27037037037037037 0.0421875 0.06666666666666667
1 0.421875 0.13287037037037036 0.0375 0.06018518518518518
1 0.9041666666666667 0.175 0.0375 0.06296296296296296
1 0.56953125 0.12824074074074074 0.028645833333333332 0.03981481481481482
1 0.3807291666666667 0.10324074074074074 0.023958333333333335 0.03611111111111111
1 0.5354166666666667 0.449537037037037 0.08645833333333333 0.14166666666666666
1 0.6934895833333333 0.14583333333333334 0.033854166666666664 0.032407407407407406
1 0.47552083333333334 0.23842592592592593 0.05520833333333333 0.0824074074074074
1 0.6768229166666667 0.1111111111111111 0.0265625 0.03518518518518519
1 0.4596354166666667 0.15555555555555556 0.033854166666666664 0.05185185185185185
1 0.20182291666666666 0.16574074074074074 0.043229166666666666 0.06666666666666667
1 0.7213541666666666 0.16435185185185186 0.0375 0.058333333333333334
1 0.68359375 0.6305555555555555 0.12447916666666667 0.2
1 0.38125 0.17407407407407408 0.03333333333333333 0.046296296296296294
1 0.40078125 0.1824074074074074 0.03697916666666667 0.05185185185185185
1 0.6416666666666667 0.11064814814814815 0.027083333333333334 0.03611111111111111
1 0.24036458333333333 0.16296296296296298 0.0296875 0.04814814814814815
1 0.42526041666666664 0.20277777777777778 0.03697916666666667 0.06481481481481481
1 0.2674479166666667 0.10648148148148148 0.025520833333333333 0.03888888888888889
1 0.8197916666666667 0.16805555555555557 0.04375 0.06388888888888888
1 0.5809895833333333 0.11388888888888889 0.0328125 0.04259259259259259
1 0.51171875 0.125 0.0265625 0.02962962962962963
1 0.7471354166666667 0.1486111111111111 0.025520833333333333 0.04351851851851852
1 0.37161458333333336 0.23796296296296296 0.0484375 0.07777777777777778
1 0.15703125 0.0962962962962963 0.025520833333333333 0.04259259259259259
1 0.5302083333333333 0.13518518518518519 0.014583333333333334 0.03148148148148148
1 0.6408854166666667 0.16157407407407406 0.044270833333333336 0.06759259259259259
1 0.796875 0.1259259259259259 0.040625 0.03333333333333333
1 0.34348958333333335 0.12638888888888888 0.033854166666666664 0.05092592592592592
1 0.27317708333333335 0.15925925925925927 0.034895833333333334 0.05925925925925926
1 0.17526041666666667 0.11342592592592593 0.028645833333333332 0.032407407407407406
1 0.6643229166666667 0.10555555555555556 0.021354166666666667 0.03333333333333333
1 0.6950520833333333 0.30833333333333335 0.0703125 0.11481481481481481
1 0.6026041666666667 0.10138888888888889 0.022916666666666665 0.032407407407407406
1 0.9864583333333333 0.3023148148148148 0.026041666666666668 0.11018518518518519
1 0.23515625 0.1388888888888889 0.0328125 0.040740740740740744
1 0.2604166666666667 0.24212962962962964 0.029166666666666667 0.06388888888888888
1 0.16354166666666667 0.25416666666666665 0.042708333333333334 0.06574074074074074
1 0.6263020833333334 0.08935185185185185 0.0234375 0.03611111111111111
1 0.6221354166666667 0.11898148148148148 0.027604166666666666 0.021296296296296296
1 0.49270833333333336 0.08148148148148149 0.025 0.037037037037037035
1 0.3515625 0.2152777777777778 0.0375 0.07314814814814814
1 0.34401041666666665 0.08009259259259259 0.022395833333333334 0.03425925925925926
1 0.17057291666666666 0.08287037037037037 0.0234375 0.028703703703703703
1 0.2557291666666667 0.2023148148148148 0.03958333333333333 0.0712962962962963
1 0.328125 0.0712962962962963 0.015625 0.022222222222222223
1 0.83515625 0.20694444444444443 0.0484375 0.062037037037037036
1 0.6111979166666667 0.14907407407407408 0.027604166666666666 0.046296296296296294
1 0.4700520833333333 0.08703703703703704 0.022395833333333334 0.037037037037037035
1 0.4828125 0.11018518518518519 0.017708333333333333 0.024074074074074074
1 0.4401041666666667 0.07916666666666666 0.021875 0.028703703703703703
1 0.52421875 0.0875 0.0203125 0.021296296296296296
1 0.165625 0.20462962962962963 0.03333333333333333 0.03333333333333333
1 0.17916666666666667 0.2810185185185185 0.04895833333333333 0.09537037037037037
1 0.77734375 0.1912037037037037 0.0421875 0.058333333333333334
1 0.50390625 0.09537037037037037 0.022395833333333334 0.022222222222222223
1 0.21744791666666666 0.08842592592592592 0.03177083333333333 0.04351851851851852
1 0.45078125 0.09768518518518518 0.024479166666666666 0.028703703703703703
1 0.5580729166666667 0.1425925925925926 0.028645833333333332 0.03888888888888889
1 0.68671875 0.13194444444444445 0.030729166666666665 0.04537037037037037
1 0.22526041666666666 0.09722222222222222 0.025520833333333333 0.024074074074074074
1 0.27057291666666666 0.20601851851851852 0.04739583333333333 0.05648148148148148
1 0.16510416666666666 0.14166666666666666 0.027083333333333334 0.040740740740740744
1 0.17942708333333332 0.21666666666666667 0.044270833333333336 0.040740740740740744
1 0.30963541666666666 0.2337962962962963 0.0296875 0.03611111111111111
1 0.17109375 0.16018518518518518 0.027604166666666666 0.05185185185185185