2 0.94765625 0.16620370370370371 0.08385416666666666 0.175
2 0.8036458333333333 0.13240740740740742 0.06458333333333334 0.12777777777777777
2 0.75703125 0.43703703703703706 0.12864583333333332 0.24814814814814815
1 0.6403645833333333 0.39166666666666666 0.07864583333333333 0.1037037037037037
1 0.21848958333333332 0.6847222222222222 0.11302083333333333 0.15092592592592594
1 0.5911458333333334 0.8888888888888888 0.17395833333333333 0.22037037037037038
1 0.17786458333333333 0.6032407407407407 0.10677083333333333 0.1287037037037037
1 0.5440104166666667 0.4791666666666667 0.0921875 0.12685185185185185
1 0.9513020833333333 0.29768518518518516 0.06302083333333333 0.08611111111111111
1 0.3841145833333333 0.4935185185185185 0.09010416666666667 0.12407407407407407
1 0.49296875 0.7851851851851852 0.1390625 0.19074074074074074
1 0.51015625 0.2833333333333333 0.058854166666666666 0.07592592592592592
1 0.5520833333333334 0.3236111111111111 0.06041666666666667 0.08611111111111111
1 0.63359375 0.30416666666666664 0.059895833333333336 0.08425925925925926
1 0.19296875 0.28564814814814815 0.05260416666666667 0.0824074074074074
1 0.58984375 0.1449074074074074 0.033854166666666664 0.04722222222222222
1 0.8575520833333333 0.8662037037037037 0.1578125 0.20277777777777778
1 0.8216145833333334 0.23935185185185184 0.05572916666666667 0.08611111111111111
1 0.6747395833333333 0.45185185185185184 0.0484375 0.11666666666666667
1 0.5239583333333333 0.425462962962963 0.075 0.11203703703703703
1 0.6169270833333333 0.18333333333333332 0.04114583333333333 0.040740740740740744
1 0.2682291666666667 0.22962962962962963 0.041666666666666664 0.05555555555555555
1 0.6044270833333333 0.2689814814814815 0.059895833333333336 0.08425925925925926
1 0.43854166666666666 0.34444444444444444 0.07395833333333333 0.1259259259259259
1 0.35833333333333334 0.42685185185185187 0.09479166666666666 0.15
1 0.1890625 0.41435185185185186 0.07916666666666666 0.11018518518518519
1 0.68828125 0.21481481481481482 0.0421875 0.05
1 0.8963541666666667 0.6263888888888889 0.14270833333333333 0.23425925925925925
1 0.37109375 0.2861111111111111 0.04635416666666667 0.07777777777777778
1 0.19296875 0.4976851851851852 0.08489583333333334 0.1287037037037037
1 0.9361979166666666 0.24583333333333332 0.0578125 0.07314814814814814
1 0.9010416666666666 0.17962962962962964 0.015625 0.06851851851851852
1 0.6346354166666667 0.12777777777777777 0.0421875 0.05925925925925926
1 0.4015625 0.1787037037037037 0.041666666666666664 0.05740740740740741
1 0.7247395833333333 0.20046296296296295 0.03802083333333333 0.05462962962962963
1 0.51328125 0.1125 0.0265625 0.03425925925925926
1 0.41067708333333336 0.12731481481481483 0.030729166666666665 0.041666666666666664
1 0.8877604166666667 0.1712962962962963 0.0359375 0.06111111111111111
1 0.34739583333333335 0.21712962962962962 0.036458333333333336 0.06018518518518518
1 0.465625 0.08935185185185185 0.026041666666666668 0.03425925925925926
1 0.2526041666666667 0.17916666666666667 0.042708333333333334 0.05277777777777778
1 0.4161458333333333 0.1986111111111111 0.03333333333333333 0.058333333333333334
1 0.38359375 0.10462962962962963 0.0265625 0.046296296296296294
1 0.41171875 0.06898148148148148 0.0203125 0.023148148148148147
1 0.26666666666666666 0.10462962962962963 0.026041666666666668 0.040740740740740744
1 0.44921875 0.08101851851851852 0.0203125 0.032407407407407406
1 0.490625 0.09768518518518518 0.03125 0.04351851851851852
1 0.3411458333333333 0.12222222222222222 0.027083333333333334 0.03518518518518519
1 0.39947916666666666 0.11851851851851852 0.030208333333333334 0.04814814814814815
1 0.8692708333333333 0.16203703703703703 0.036458333333333336 0.06296296296296296
1 0.5721354166666667 0.13564814814814816 0.030729166666666665 0.049074074074074076
1 0.40963541666666664 0.3175925925925926 0.0515625 0.08333333333333333
1 0.32447916666666665 0.11666666666666667 0.022916666666666665 0.03333333333333333
1 0.6638020833333333 0.12083333333333333 0.019270833333333334 0.03611111111111111
1 0.6953125 0.12638888888888888 0.030208333333333334 0.032407407407407406
1 0.784375 0.19027777777777777 0.046875 0.06944444444444445
1 0.23125 0.13842592592592592 0.0375 0.03981481481481482
1 0.21119791666666668 0.10601851851851851 0.0234375 0.041666666666666664
1 0.2981770833333333 0.14629629629629629 0.03177083333333333 0.05925925925925926
1 0.32395833333333335 0.1726851851851852 0.035416666666666666 0.058333333333333334
1 0.34479166666666666 0.1962962962962963 0.040625 0.05925925925925926
1 0.45338541666666665 0.1587962962962963 0.034895833333333334 0.05648148148148148
1 0.46484375 0.24861111111111112 0.0421875 0.06759259259259259
1 0.328125 0.18935185185185185 0.026041666666666668 0.05092592592592592
1 0.24140625 0.15185185185185185 0.0359375 0.040740740740740744
1 0.5986979166666667 0.11527777777777778 0.03177083333333333 0.05092592592592592
1 0.7083333333333334 0.13472222222222222 0.025 0.028703703703703703
1 0.2640625 0.20324074074074075 0.042708333333333334 0.04722222222222222
1 0.37057291666666664 0.24444444444444444 0.0546875 0.08518518518518518
1 0.7354166666666667 0.14027777777777778 0.035416666666666666 0.05277777777777778
1 0.7510416666666667 0.1712962962962963 0.0375 0.06296296296296296
1 0.6221354166666667 0.10092592592592593 0.022395833333333334 0.03518518518518519
1 0.48489583333333336 0.2611111111111111 0.04479166666666667 0.07407407407407407
1 0.3296875 0.07268518518518519 0.020833333333333332 0.025
1 0.16901041666666666 0.15 0.033854166666666664 0.040740740740740744
1 0.16953125 0.18518518518518517 0.033854166666666664 0.06111111111111111
1 0.434375 0.14722222222222223 0.025 0.040740740740740744
1 0.29921875 0.3236111111111111 0.06197916666666667 0.08055555555555556
1 0.8158854166666667 0.16944444444444445 0.0390625 0.05185185185185185
1 0.16770833333333332 0.08935185185185185 0.028125 0.032407407407407406
1 0.7075520833333333 0.15833333333333333 0.028645833333333332 0.03333333333333333
1 0.96015625 0.9851851851851852 0.07864583333333333 0.027777777777777776
1 0.16458333333333333 0.11712962962962963 0.025 0.032407407407407406
1 0.6747395833333333 0.1736111111111111 0.03802083333333333 0.06574074074074074
1 0.44088541666666664 0.2101851851851852 0.043229166666666666 0.07407407407407407
1 0.43645833333333334 0.07175925925925926 0.017708333333333333 0.032407407407407406
1 0.18880208333333334 0.2351851851851852 0.043229166666666666 0.06851851851851852
1 0.6903645833333333 0.18101851851851852 0.03802083333333333 0.04537037037037037
1 0.18125 0.2101851851851852 0.04375 0.07222222222222222
1 0.3653645833333333 0.15231481481481482 0.0453125 0.05277777777777778
1 0.9890625 0.350462962962963 0.020833333333333332 0.09722222222222222