2 0.9130208333333333 0.15648148148148147 0.0875 0.16296296296296298
2 0.78203125 0.12731481481481483 0.06510416666666667 0.12685185185185185
2 0.81015625 0.4842592592592593 0.14322916666666666 0.2740740740740741
1 0.23125 0.7671296296296296 0.12604166666666666 0.1712962962962963
1 0.17421875 0.6699074074074074 0.1203125 0.14537037037037037
1 0.6776041666666667 0.4300925925925926 0.084375 0.10648148148148148
1 0.40234375 0.5444444444444444 0.10052083333333334 0.13703703703703704
1 0.6640625 0.32592592592592595 0.06354166666666666 0.08888888888888889
1 0.696875 0.9680555555555556 0.15833333333333333 0.062037037037037036
1 0.7229166666666667 0.49537037037037035 0.046875 0.1259259259259259
1 0.35833333333333334 0.3023148148148148 0.059375 0.075
1 0.56171875 0.9046296296296297 0.16510416666666666 0.18888888888888888
1 0.5815104166666667 0.5310185185185186 0.10260416666666666 0.13796296296296295
1 0.52734375 0.30092592592592593 0.0609375 0.08148148148148149
1 0.9596354166666666 0.7199074074074074 0.0796875 0.262037037037037
1 0.584375 0.3472222222222222 0.06458333333333334 0.09259259259259259
1 0.96875 0.30972222222222223 0.06041666666666667 0.08425925925925926
1 0.31145833333333334 0.3435185185185185 0.06666666666666667 0.08703703703703704
1 0.5973958333333333 0.17083333333333334 0.035416666666666666 0.041666666666666664
1 0.91796875 0.3162037037037037 0.07135416666666666 0.08055555555555556
1 0.6307291666666667 0.28194444444444444 0.06354166666666666 0.08055555555555556
1 0.19348958333333333 0.3055555555555556 0.05677083333333333 0.07777777777777778
1 0.2713541666666667 0.23981481481481481 0.04375 0.05925925925925926
1 0.9682291666666667 0.9652777777777778 0.0625 0.06759259259259259
1 0.5552083333333333 0.4675925925925926 0.08125 0.11851851851851852
1 0.65703125 0.19907407407407407 0.04010416666666667 0.046296296296296294
1 0.5736979166666667 0.13703703703703704 0.033854166666666664 0.046296296296296294
1 0.6947916666666667 0.18935185185185185 0.040625 0.05277777777777778
1 0.7869791666666667 0.22592592592592592 0.052083333333333336 0.08333333333333333
1 0.47942708333333334 0.26481481481481484 0.044270833333333336 0.07222222222222222
1 0.41692708333333334 0.1310185185185185 0.03177083333333333 0.04537037037037037
1 0.19973958333333333 0.5467592592592593 0.09322916666666667 0.1398148148148148
1 0.46328125 0.16666666666666666 0.0390625 0.05925925925925926
1 0.45260416666666664 0.37083333333333335 0.08333333333333333 0.13240740740740742
1 0.89296875 0.23194444444444445 0.05572916666666667 0.06944444444444445
1 0.6440104166666667 0.1162037037037037 0.028645833333333332 0.041666666666666664
1 0.4088541666666667 0.18472222222222223 0.042708333333333334 0.058333333333333334
1 0.7520833333333333 0.17916666666666667 0.035416666666666666 0.06574074074074074
1 0.5018229166666667 0.2777777777777778 0.049479166666666664 0.08148148148148149
1 0.41302083333333334 0.3087962962962963 0.057291666666666664 0.09722222222222222
1 0.6158854166666666 0.12083333333333333 0.033854166666666664 0.05648148148148148
1 0.3815104166666667 0.2490740740740741 0.05572916666666667 0.07777777777777778
1 0.4244791666666667 0.33564814814814814 0.05520833333333333 0.09537037037037037
1 0.8611979166666667 0.1648148148148148 0.0265625 0.06111111111111111
1 0.23880208333333333 0.15416666666666667 0.028645833333333332 0.04537037037037037
1 0.3268229166666667 0.17731481481481481 0.034895833333333334 0.062037037037037036
1 0.30234375 0.15092592592592594 0.0359375 0.05925925925925926
1 0.44192708333333336 0.15138888888888888 0.028645833333333332 0.04351851851851852
1 0.26953125 0.10740740740740741 0.025520833333333333 0.040740740740740744
1 0.25234375 0.1837962962962963 0.04010416666666667 0.05462962962962963
1 0.28567708333333336 0.12222222222222222 0.028645833333333332 0.04814814814814815
1 0.3458333333333333 0.12731481481481483 0.029166666666666667 0.03796296296296296
1 0.68359375 0.14814814814814814 0.0296875 0.03148148148148148
1 0.35520833333333335 0.225 0.03854166666666667 0.06296296296296296
1 0.19166666666666668 0.45601851851851855 0.08645833333333333 0.13055555555555556
1 0.37552083333333336 0.1587962962962963 0.0375 0.05648148148148148
1 0.6796875 0.11898148148148148 0.026041666666666668 0.032407407407407406
1 0.23098958333333333 0.13287037037037036 0.034895833333333334 0.05648148148148148
1 0.45729166666666665 0.08611111111111111 0.025 0.03518518518518519
1 0.84765625 0.1550925925925926 0.034895833333333334 0.062037037037037036
1 0.40651041666666665 0.06574074074074074 0.0203125 0.022222222222222223
1 0.55859375 0.12824074074074074 0.027604166666666666 0.049074074074074076
1 0.42526041666666664 0.20601851851851852 0.03697916666666667 0.062037037037037036
1 0.33255208333333336 0.07268518518518519 0.022395833333333334 0.025
1 0.21119791666666668 0.10740740740740741 0.022395833333333334 0.04259259259259259
1 0.50390625 0.10694444444444444 0.027604166666666666 0.03796296296296296
1 0.44947916666666665 0.2074074074074074 0.04375 0.05185185185185185
1 0.35859375 0.1476851851851852 0.0296875 0.03981481481481482
1 0.18020833333333333 0.22870370370370371 0.04375 0.05925925925925926
1 0.346875 0.2013888888888889 0.03958333333333333 0.06018518518518518
1 0.18932291666666667 0.24583333333333332 0.0453125 0.06944444444444445
1 0.48203125 0.09444444444444444 0.0328125 0.04259259259259259
1 0.5859375 0.11064814814814815 0.030208333333333334 0.04722222222222222
1 0.16692708333333334 0.08842592592592592 0.028645833333333332 0.032407407407407406
1 0.7252604166666666 0.16064814814814815 0.0359375 0.062037037037037036
1 0.60859375 0.09490740740740741 0.022395833333333334 0.030555555555555555
1 0.16979166666666667 0.15324074074074073 0.034375 0.03981481481481482
1 0.36796875 0.46620370370370373 0.1046875 0.16203703703703703
1 0.9067708333333333 0.2777777777777778 0.057291666666666664 0.08148148148148149
1 0.31927083333333334 0.10324074074074074 0.0375 0.03796296296296296
1 0.44140625 0.07777777777777778 0.0203125 0.03148148148148148
1 0.6692708333333334 0.1685185185185185 0.03333333333333333 0.04259259259259259
1 0.4041666666666667 0.12222222222222222 0.030208333333333334 0.04814814814814815
1 0.44947916666666665 0.2351851851851852 0.04375 0.05
1 0.9515625 0.18518518518518517 0.014583333333333334 0.07037037037037037
1 0.26588541666666665 0.21296296296296297 0.04114583333333333 0.053703703703703705
1 0.25807291666666665 0.09074074074074075 0.024479166666666666 0.03333333333333333
1 0.71484375 0.13425925925925927 0.0328125 0.05
1 0.5263020833333333 0.1162037037037037 0.0171875 0.04351851851851852
1 0.6463541666666667 0.17314814814814813 0.023958333333333335 0.046296296296296294
1 0.6903645833333333 0.1300925925925926 0.0234375 0.032407407407407406
1 0.32916666666666666 0.11805555555555555 0.026041666666666668 0.03425925925925926
1 0.7994791666666666 0.16805555555555557 0.028125 0.04537037037037037
1 0.17604166666666668 0.19212962962962962 0.04791666666666667 0.06574074074074074