1 0.21276041666666667 0.6773148148148148 0.13385416666666666 0.17314814814814813
1 0.5989583333333334 0.9092592592592592 0.16979166666666667 0.17962962962962964
1 0.5049479166666667 0.7800925925925926 0.14739583333333334 0.1935185185185185
1 0.38645833333333335 0.5513888888888889 0.10208333333333333 0.1398148148148148
1 0.7544270833333333 0.7486111111111111 0.14322916666666666 0.19907407407407407
1 0.19583333333333333 0.5277777777777778 0.09895833333333333 0.12777777777777777
1 0.6020833333333333 0.375 0.07604166666666666 0.09814814814814815
1 0.4786458333333333 0.26342592592592595 0.05416666666666667 0.06944444444444445
1 0.934375 0.662962962962963 0.13020833333333334 0.18518518518518517
1 0.88828125 0.274537037037037 0.05677083333333333 0.07314814814814814
1 0.72265625 0.462037037037037 0.0984375 0.15555555555555556
1 0.5263020833333333 0.2986111111111111 0.06197916666666667 0.0824074074074074
1 0.33046875 0.3819444444444444 0.06927083333333334 0.09907407407407408
1 0.8697916666666666 0.5958333333333333 0.11875 0.15092592592592594
1 0.6580729166666667 0.65 0.1171875 0.1574074074074074
1 0.17317708333333334 0.34814814814814815 0.058854166666666666 0.08518518518518518
1 0.43125 0.32685185185185184 0.05625 0.08703703703703704
1 0.8171875 0.40185185185185185 0.08854166666666667 0.13333333333333333
1 0.45364583333333336 0.3648148148148148 0.0625 0.09444444444444444
1 0.37421875 0.45 0.0828125 0.11481481481481481
1 0.6734375 0.30787037037037035 0.06354166666666666 0.09722222222222222
1 0.5036458333333333 0.4027777777777778 0.078125 0.1259259259259259
1 0.7747395833333334 0.22546296296296298 0.0484375 0.06574074074074074
1 0.46171875 0.16111111111111112 0.03697916666666667 0.05
1 0.9661458333333334 0.5319444444444444 0.06666666666666667 0.13240740740740742
1 0.7578125 0.34953703703703703 0.07708333333333334 0.11018518518518519
1 0.36744791666666665 0.25277777777777777 0.04010416666666667 0.06296296296296296
1 0.3125 0.1685185185185185 0.041666666666666664 0.053703703703703705
1 0.40260416666666665 0.2712962962962963 0.053125 0.09259259259259259
1 0.40911458333333334 0.12314814814814815 0.034895833333333334 0.05740740740740741
1 0.38697916666666665 0.11527777777777778 0.01875 0.03796296296296296
1 0.6072916666666667 0.17592592592592593 0.03958333333333333 0.03518518518518519
1 0.8869791666666667 0.22546296296296298 0.052083333333333336 0.06944444444444445
1 0.7231770833333333 0.2 0.0453125 0.06111111111111111
1 0.29322916666666665 0.2861111111111111 0.06770833333333333 0.10740740740740741
1 0.4265625 0.2023148148148148 0.034375 0.05277777777777778
1 0.8096354166666667 0.2023148148148148 0.04010416666666667 0.062037037037037036
1 0.23567708333333334 0.1550925925925926 0.028645833333333332 0.04351851851851852
1 0.35442708333333334 0.1398148148148148 0.030729166666666665 0.04814814814814815
1 0.8580729166666666 0.17731481481481481 0.04635416666666667 0.06574074074074074
1 0.5263020833333333 0.13472222222222222 0.021354166666666667 0.028703703703703703
1 0.5528645833333333 0.1449074074074074 0.024479166666666666 0.03425925925925926
1 0.1875 0.29953703703703705 0.053125 0.075
1 0.93828125 0.18518518518518517 0.043229166666666666 0.06666666666666667
1 0.459375 0.22453703703703703 0.053125 0.0787037037037037
1 0.3416666666666667 0.20324074074074075 0.034375 0.06759259259259259
1 0.57578125 0.1550925925925926 0.03697916666666667 0.04537037037037037
1 0.5958333333333333 0.11898148148148148 0.034375 0.04537037037037037
1 0.3684895833333333 0.16111111111111112 0.0296875 0.040740740740740744
1 0.65078125 0.2810185185185185 0.06302083333333333 0.10462962962962963
1 0.7216145833333333 0.1638888888888889 0.04114583333333333 0.04259259259259259
1 0.3875 0.1699074074074074 0.03333333333333333 0.04537037037037037
1 0.7015625 0.13703703703703704 0.03125 0.04259259259259259
1 0.37265625 0.09861111111111111 0.021354166666666667 0.03611111111111111
1 0.18541666666666667 0.1587962962962963 0.041666666666666664 0.06388888888888888
1 0.5888020833333333 0.13842592592592592 0.028645833333333332 0.03981481481481482
1 0.41067708333333336 0.1912037037037037 0.0359375 0.06018518518518518
1 0.6700520833333333 0.17453703703703705 0.04739583333333333 0.07314814814814814
1 0.4635416666666667 0.10231481481481482 0.022916666666666665 0.026851851851851852
1 0.3385416666666667 0.075 0.021875 0.03148148148148148
1 0.6927083333333334 0.1162037037037037 0.028125 0.03981481481481482
1 0.25338541666666664 0.19027777777777777 0.03802083333333333 0.0712962962962963
1 0.26510416666666664 0.1935185185185185 0.042708333333333334 0.05185185185185185
1 0.28177083333333336 0.11666666666666667 0.034375 0.046296296296296294
1 0.16510416666666666 0.24027777777777778 0.040625 0.06018518518518518
1 0.678125 0.10833333333333334 0.01875 0.03333333333333333
1 0.64453125 0.1685185185185185 0.022395833333333334 0.05925925925925926
1 0.3614583333333333 0.22268518518518518 0.04791666666666667 0.075
1 0.7692708333333333 0.14166666666666666 0.026041666666666668 0.014814814814814815
1 0.2328125 0.13240740740740742 0.03333333333333333 0.03888888888888889
1 0.8080729166666667 0.16527777777777777 0.0390625 0.03611111111111111
1 0.44973958333333336 0.14722222222222223 0.03177083333333333 0.05555555555555555
1 0.28072916666666664 0.1527777777777778 0.034375 0.046296296296296294
1 0.17317708333333334 0.10185185185185185 0.021354166666666667 0.022222222222222223
1 0.25442708333333336 0.22824074074074074 0.027604166666666666 0.062037037037037036
1 0.6622395833333333 0.11898148148148148 0.028645833333333332 0.03981481481481482
1 0.6151041666666667 0.5467592592592593 0.10729166666666666 0.1712962962962963
1 0.5604166666666667 0.0962962962962963 0.025 0.02962962962962963
1 0.2921875 0.07824074074074074 0.022916666666666665 0.03425925925925926
1 0.8263020833333333 0.14351851851851852 0.043229166666666666 0.05555555555555555
1 0.6356770833333333 0.15925925925925927 0.03177083333333333 0.05
1 0.33489583333333334 0.11990740740740741 0.028125 0.049074074074074076
1 0.29661458333333335 0.21944444444444444 0.033854166666666664 0.02962962962962963
1 0.5596354166666667 0.11435185185185186 0.0296875 0.03425925925925926
1 0.16588541666666667 0.19305555555555556 0.0359375 0.03611111111111111
1 0.28125 0.2412037037037037 0.06458333333333334 0.075
1 0.6385416666666667 0.09305555555555556 0.022916666666666665 0.03611111111111111
1 0.4953125 0.11666666666666667 0.01875 0.025925925925925925
1 0.50390625 0.08564814814814815 0.025520833333333333 0.03796296296296296
1 0.7643229166666666 0.1736111111111111 0.04635416666666667 0.05462962962962963
1 0.2635416666666667 0.10092592592592593 0.020833333333333332 0.037037037037037035
1 0.19609375 0.0763888888888889 0.008854166666666666 0.023148148148148147
1 0.17682291666666666 0.2625 0.04635416666666667 0.08611111111111111