1 0.5869791666666667 0.5666666666666667 0.12291666666666666 0.18518518518518517
1 0.36640625 0.4685185185185185 0.0828125 0.10925925925925926
1 0.9322916666666666 0.9300925925925926 0.134375 0.13796296296296295
1 0.20729166666666668 0.5 0.09479166666666666 0.12407407407407407
1 0.31302083333333336 0.9467592592592593 0.18958333333333333 0.10462962962962963
1 0.7932291666666667 0.7898148148148149 0.159375 0.24814814814814815
1 0.9411458333333333 0.6791666666666667 0.11666666666666667 0.18981481481481483
1 0.06796875 0.43333333333333335 0.0859375 0.1388888888888889
1 0.5096354166666667 0.4263888888888889 0.07864583333333333 0.10833333333333334
1 0.6677083333333333 0.9662037037037037 0.1625 0.06574074074074074
1 0.5666666666666667 0.325 0.06875 0.09259259259259259
1 0.8419270833333333 0.5606481481481481 0.11510416666666666 0.15462962962962962
1 0.3458333333333333 0.39305555555555555 0.071875 0.09722222222222222
1 0.45286458333333335 0.3523148148148148 0.0671875 0.09722222222222222
1 0.8484375 0.16296296296296298 0.0375 0.04814814814814815
1 0.31875 0.3578703703703704 0.06354166666666666 0.09351851851851851
1 0.6794270833333333 0.3050925925925926 0.0640625 0.09907407407407408
1 0.6153645833333333 0.37083333333333335 0.0703125 0.10462962962962963
1 0.6872395833333333 0.2175925925925926 0.0421875 0.046296296296296294
1 0.5369791666666667 0.30648148148148147 0.051041666666666666 0.08148148148148149
1 0.8427083333333333 0.2152777777777778 0.04583333333333333 0.062037037037037036
1 0.5625 0.15416666666666667 0.03125 0.03796296296296296
1 0.79375 0.2601851851851852 0.065625 0.07037037037037037
1 0.265625 0.24027777777777778 0.03958333333333333 0.06574074074074074
1 0.18046875 0.3398148148148148 0.06822916666666666 0.08888888888888889
1 0.4552083333333333 0.2361111111111111 0.046875 0.06481481481481481
1 0.8830729166666667 0.3087962962962963 0.07135416666666666 0.05648148148148148
1 0.5583333333333333 0.22592592592592592 0.051041666666666666 0.07777777777777778
1 0.17057291666666666 0.2300925925925926 0.04114583333333333 0.058333333333333334
1 0.41770833333333335 0.1935185185185185 0.041666666666666664 0.05185185185185185
1 0.6171875 0.275 0.057291666666666664 0.07592592592592592
1 0.49947916666666664 0.26342592592592595 0.05625 0.08796296296296297
1 0.38671875 0.1736111111111111 0.0390625 0.05462962962962963
1 0.35572916666666665 0.2300925925925926 0.0375 0.062037037037037036
1 0.5244791666666667 0.2064814814814815 0.041666666666666664 0.06851851851851852
1 0.7455729166666667 0.23564814814814813 0.050520833333333334 0.05462962962962963
1 0.4979166666666667 0.18564814814814815 0.0375 0.062037037037037036
1 0.8822916666666667 0.22962962962962963 0.05 0.07592592592592592
1 0.653125 0.19537037037037036 0.03854166666666667 0.04259259259259259
1 0.29739583333333336 0.30092592592592593 0.05625 0.07777777777777778
1 0.42864583333333334 0.3282407407407407 0.05 0.08055555555555556
1 0.5190104166666667 0.11157407407407408 0.027604166666666666 0.03611111111111111
1 0.9815104166666667 0.23194444444444445 0.0359375 0.06574074074074074
1 0.7263020833333333 0.1685185185185185 0.0390625 0.053703703703703705
1 0.6755208333333333 0.1699074074074074 0.0375 0.049074074074074076
1 0.34817708333333336 0.21296296296296297 0.03802083333333333 0.06111111111111111
1 0.38723958333333336 0.2439814814814815 0.049479166666666664 0.08055555555555556
1 0.18125 0.2064814814814815 0.03854166666666667 0.05555555555555555
1 0.62265625 0.15833333333333333 0.033854166666666664 0.05185185185185185
1 0.3515625 0.08333333333333333 0.03125 0.037037037037037035
1 0.48463541666666665 0.17453703703703705 0.0390625 0.06944444444444445
1 0.184375 0.28703703703703703 0.05416666666666667 0.06111111111111111
1 0.31484375 0.1736111111111111 0.024479166666666666 0.049074074074074076
1 0.82109375 0.1527777777777778 0.03177083333333333 0.04259259259259259
1 0.7997395833333333 0.1884259259259259 0.030729166666666665 0.058333333333333334
1 0.63515625 0.12916666666666668 0.033854166666666664 0.03611111111111111
1 0.2875 0.12175925925925926 0.025 0.041666666666666664
1 0.38619791666666664 0.10787037037037037 0.027604166666666666 0.03796296296296296
1 0.7096354166666666 0.1125 0.028645833333333332 0.04722222222222222
1 0.3606770833333333 0.14166666666666666 0.028645833333333332 0.040740740740740744
1 0.44817708333333334 0.0962962962962963 0.0265625 0.027777777777777776
1 0.19661458333333334 0.1037037037037037 0.025520833333333333 0.03148148148148148
1 0.33932291666666664 0.12083333333333333 0.025520833333333333 0.03796296296296296
1 0.25625 0.19490740740740742 0.04895833333333333 0.0787037037037037
1 0.33567708333333335 0.18425925925925926 0.03802083333333333 0.06666666666666667
1 0.9411458333333333 0.28935185185185186 0.058333333333333334 0.09351851851851851
1 0.4078125 0.29212962962962963 0.05625 0.09351851851851851
1 0.7372395833333333 0.11944444444444445 0.034895833333333334 0.044444444444444446
1 0.9838541666666667 0.30694444444444446 0.03125 0.11574074074074074
1 0.3229166666666667 0.11666666666666667 0.017708333333333333 0.03333333333333333
1 0.7640625 0.15416666666666667 0.03229166666666667 0.04351851851851852
1 0.484375 0.11064814814814815 0.028125 0.030555555555555555
1 0.23567708333333334 0.15 0.034895833333333334 0.040740740740740744
1 0.16901041666666666 0.08796296296296297 0.0328125 0.040740740740740744
1 0.21875 0.1037037037037037 0.03229166666666667 0.037037037037037035
1 0.640625 0.10694444444444444 0.027083333333333334 0.03796296296296296
1 0.471875 0.09212962962962963 0.025 0.03611111111111111
1 0.16536458333333334 0.12175925925925926 0.04114583333333333 0.05462962962962963
1 0.31015625 0.15601851851851853 0.034895833333333334 0.05648148148148148
1 0.23229166666666667 0.12361111111111112 0.036458333333333336 0.028703703703703703
1 0.7450520833333333 0.17731481481481481 0.0390625 0.05092592592592592
1 0.35859375 0.12453703703703704 0.0265625 0.03425925925925926
1 0.31875 0.10277777777777777 0.022916666666666665 0.03333333333333333
1 0.37786458333333334 0.09768518518518518 0.025520833333333333 0.03611111111111111
1 0.7174479166666666 0.44305555555555554 0.09322916666666667 0.14537037037037037
1 0.7825520833333334 0.20972222222222223 0.0390625 0.032407407407407406
1 0.5669270833333333 0.07407407407407407 0.0203125 0.02962962962962963
1 0.17890625 0.1537037037037037 0.0328125 0.053703703703703705
1 0.6263020833333334 0.18333333333333332 0.027604166666666666 0.03333333333333333
1 0.24921875 0.07777777777777778 0.025520833333333333 0.03148148148148148
1 0.5895833333333333 0.09166666666666666 0.01875 0.044444444444444446
1 0.3854166666666667 0.14814814814814814 0.0375 0.046296296296296294
1 0.28880208333333335 0.2638888888888889 0.050520833333333334 0.07037037037037037
1 0.8950520833333333 0.25972222222222224 0.0515625 0.05092592592592592
1 0.5755208333333334 0.10462962962962963 0.026041666666666668 0.037037037037037035
1 0.17057291666666666 0.16527777777777777 0.03697916666666667 0.030555555555555555
1 0.21276041666666667 0.0763888888888889 0.0234375 0.025
1 0.67890625 0.1425925925925926 0.034895833333333334 0.044444444444444446
1 0.16979166666666667 0.29583333333333334 0.04895833333333333 0.058333333333333334
1 0.73828125 0.2064814814814815 0.04635416666666667 0.06296296296296296
1 0.29921875 0.1425925925925926 0.0265625 0.05185185185185185
1 0.5703125 0.1300925925925926 0.03125 0.05462962962962963