3 0.8770833333333333 0.25046296296296294 0.06354166666666666 0.09537037037037037
2 0.8627604166666667 0.17037037037037037 0.08177083333333333 0.1685185185185185
2 0.9028645833333333 0.13194444444444445 0.07552083333333333 0.15648148148148147
1 0.7471354166666667 0.5087962962962963 0.10364583333333334 0.13240740740740742
1 0.53984375 0.8736111111111111 0.16302083333333334 0.225
1 0.0515625 0.45555555555555555 0.08020833333333334 0.10925925925925926
1 0.24166666666666667 0.8421296296296297 0.15208333333333332 0.19907407407407407
1 0.3888020833333333 0.5222222222222223 0.09322916666666667 0.13333333333333333
1 0.4552083333333333 0.6523148148148148 0.11875 0.16203703703703703
1 0.55078125 0.3314814814814815 0.0671875 0.08518518518518518
1 0.1875 0.38287037037037036 0.06770833333333333 0.09907407407407408
1 0.6692708333333334 0.18055555555555555 0.03958333333333333 0.05555555555555555
1 0.5484375 0.48657407407407405 0.09166666666666666 0.12314814814814815
1 0.6375 0.5689814814814815 0.10729166666666666 0.175
1 0.74765625 0.21481481481481482 0.0453125 0.05740740740740741
1 0.9671875 0.19953703703703704 0.04583333333333333 0.06018518518518518
1 0.9765625 0.3087962962962963 0.04583333333333333 0.10648148148148148
1 0.84765625 0.4236111111111111 0.09010416666666667 0.1287037037037037
1 0.46979166666666666 0.24861111111111112 0.041666666666666664 0.06574074074074074
1 0.9153645833333334 0.8824074074074074 0.16822916666666668 0.23333333333333334
1 0.42109375 0.13518518518518519 0.0234375 0.040740740740740744
1 0.5184895833333333 0.19953703703703704 0.043229166666666666 0.06018518518518518
1 0.5059895833333333 0.42685185185185187 0.07864583333333333 0.1111111111111111
1 0.45234375 0.3402777777777778 0.0671875 0.11203703703703703
1 0.4203125 0.31296296296296294 0.04895833333333333 0.07777777777777778
1 0.40130208333333334 0.19398148148148148 0.033854166666666664 0.049074074074074076
1 0.6200520833333333 0.38425925925925924 0.07552083333333333 0.10555555555555556
1 0.38385416666666666 0.16435185185185186 0.034375 0.05648148148148148
1 0.39505208333333336 0.27314814814814814 0.05572916666666667 0.08888888888888889
1 0.42916666666666664 0.2064814814814815 0.03958333333333333 0.06111111111111111
1 0.7565104166666666 0.17731481481481481 0.03177083333333333 0.049074074074074076
1 0.17682291666666666 0.18472222222222223 0.04114583333333333 0.058333333333333334
1 0.44765625 0.14953703703703702 0.04114583333333333 0.06574074074074074
1 0.6286458333333333 0.15925925925925927 0.035416666666666666 0.05555555555555555
1 0.32109375 0.3574074074074074 0.0828125 0.13333333333333333
1 0.7013020833333333 0.1361111111111111 0.03177083333333333 0.044444444444444446
1 0.5559895833333334 0.1037037037037037 0.0234375 0.03518518518518519
1 0.6627604166666666 0.1425925925925926 0.034895833333333334 0.05185185185185185
1 0.39895833333333336 0.11435185185185186 0.026041666666666668 0.03796296296296296
1 0.5411458333333333 0.14305555555555555 0.03229166666666667 0.032407407407407406
1 0.45208333333333334 0.22824074074074074 0.040625 0.0712962962962963
1 0.3375 0.2050925925925926 0.046875 0.05648148148148148
1 0.7223958333333333 0.1685185185185185 0.03958333333333333 0.053703703703703705
1 0.9692708333333333 0.7050925925925926 0.06041666666666667 0.225
1 0.17604166666666668 0.125 0.03229166666666667 0.03518518518518519
1 0.7442708333333333 0.1087962962962963 0.034375 0.026851851851851852
1 0.35182291666666665 0.08425925925925926 0.024479166666666666 0.027777777777777776
1 0.5934895833333333 0.1398148148148148 0.0390625 0.05925925925925926
1 0.1546875 0.10324074074074074 0.026041666666666668 0.04351851851851852
1 0.4901041666666667 0.18009259259259258 0.0375 0.06018518518518518
1 0.971875 0.5125 0.05520833333333333 0.1712962962962963
1 0.18203125 0.3226851851851852 0.06302083333333333 0.10277777777777777
1 0.57265625 0.09212962962962963 0.0234375 0.03425925925925926
1 0.7994791666666666 0.37546296296296294 0.08541666666666667 0.13425925925925927
1 0.16510416666666666 0.2513888888888889 0.06145833333333333 0.075
1 0.33541666666666664 0.0712962962962963 0.019791666666666666 0.022222222222222223
1 0.52734375 0.2773148148148148 0.0609375 0.09166666666666666
1 0.5151041666666667 0.12407407407407407 0.03854166666666667 0.03888888888888889
1 0.26848958333333334 0.275 0.0265625 0.06481481481481481
1 0.48515625 0.11064814814814815 0.021354166666666667 0.026851851851851852
1 0.471875 0.07222222222222222 0.021875 0.03148148148148148
1 0.36302083333333335 0.14305555555555555 0.03229166666666667 0.05648148148148148
1 0.17291666666666666 0.16064814814814815 0.040625 0.05462962962962963
1 0.603125 0.10416666666666667 0.023958333333333335 0.03796296296296296
1 0.56953125 0.13518518518518519 0.0203125 0.05185185185185185
1 0.63359375 0.09953703703703703 0.016145833333333335 0.030555555555555555
1 0.3731770833333333 0.24537037037037038 0.0390625 0.07777777777777778
1 0.50234375 0.07777777777777778 0.018229166666666668 0.018518518518518517
1 0.5044270833333333 0.2657407407407407 0.0421875 0.07962962962962963
1 0.52109375 0.08055555555555556 0.0203125 0.018518518518518517
1 0.30104166666666665 0.1574074074074074 0.036458333333333336 0.046296296296296294
1 0.16796875 0.28888888888888886 0.0515625 0.07222222222222222
1 0.43046875 0.08703703703703704 0.0234375 0.02962962962962963
1 0.30078125 0.1300925925925926 0.0328125 0.041666666666666664
1 0.2359375 0.1837962962962963 0.046875 0.07314814814814814
1 0.28125 0.12314814814814815 0.019791666666666666 0.03888888888888889
1 0.23515625 0.12962962962962962 0.0359375 0.03518518518518519
1 0.17526041666666667 0.09814814814814815 0.018229166666666668 0.024074074074074074
1 0.34427083333333336 0.11666666666666667 0.03229166666666667 0.053703703703703705
1 0.3171875 0.2759259259259259 0.06145833333333333 0.04259259259259259
1 0.6020833333333333 0.07824074074074074 0.020833333333333332 0.023148148148148147
1 0.26510416666666664 0.22916666666666666 0.04479166666666667 0.08055555555555556
1 0.2950520833333333 0.287962962962963 0.050520833333333334 0.0962962962962963
1 0.27057291666666666 0.16944444444444445 0.0328125 0.040740740740740744
1 0.33567708333333335 0.1726851851851852 0.0296875 0.019444444444444445
1 0.48151041666666666 0.08657407407407407 0.021354166666666667 0.017592592592592594
1 0.7572916666666667 0.14212962962962963 0.03333333333333333 0.03981481481481482
1 0.32265625 0.2972222222222222 0.07447916666666667 0.08518518518518518
1 0.63828125 0.1287037037037037 0.030729166666666665 0.03333333333333333