2 0.9536458333333333 0.17592592592592593 0.09166666666666666 0.1648148148148148
2 0.8544270833333333 0.10601851851851851 0.0671875 0.09907407407407408
1 0.48802083333333335 0.42777777777777776 0.078125 0.09814814814814815
1 0.74140625 0.5050925925925925 0.0984375 0.1287037037037037
1 0.6200520833333333 0.575462962962963 0.11197916666666667 0.14537037037037037
1 0.30833333333333335 0.31574074074074077 0.06041666666666667 0.08148148148148149
1 0.9544270833333334 0.33101851851851855 0.07135416666666666 0.058333333333333334
1 0.8958333333333334 0.2726851851851852 0.057291666666666664 0.08055555555555556
1 0.19817708333333334 0.4166666666666667 0.0703125 0.09444444444444444
1 0.4203125 0.30833333333333335 0.06145833333333333 0.08333333333333333
1 0.5330729166666667 0.47175925925925927 0.0828125 0.11574074074074074
1 0.9268229166666667 0.6356481481481482 0.1421875 0.21203703703703702
1 0.4505208333333333 0.2263888888888889 0.042708333333333334 0.062037037037037036
1 0.6994791666666667 0.6939814814814815 0.134375 0.2212962962962963
1 0.70859375 0.2013888888888889 0.043229166666666666 0.058333333333333334
1 0.8098958333333334 0.4166666666666667 0.08645833333333333 0.1111111111111111
1 0.8203125 0.2763888888888889 0.0625 0.05462962962962963
1 0.48515625 0.2657407407407407 0.04739583333333333 0.06851851851851852
1 0.6 0.35509259259259257 0.08229166666666667 0.13240740740740742
1 0.33541666666666664 0.41944444444444445 0.06666666666666667 0.1037037037037037
1 0.39114583333333336 0.27685185185185185 0.046875 0.07592592592592592
1 0.42161458333333335 0.20555555555555555 0.0421875 0.05740740740740741
1 0.4596354166666667 0.8578703703703704 0.15989583333333332 0.2824074074074074
1 0.9885416666666667 0.29953703703703705 0.021875 0.07685185185185185
1 0.25052083333333336 0.1763888888888889 0.0375 0.04537037037037037
1 0.36171875 0.44814814814814813 0.08177083333333333 0.13703703703703704
1 0.63046875 0.16157407407407406 0.03697916666666667 0.05462962962962963
1 0.19401041666666666 0.37222222222222223 0.06822916666666666 0.08148148148148149
1 0.5963541666666666 0.14953703703703702 0.036458333333333336 0.03981481481481482
1 0.4515625 0.0824074074074074 0.025 0.03333333333333333
1 0.37578125 0.23796296296296296 0.05364583333333333 0.09074074074074075
1 0.20078125 0.13842592592592592 0.0328125 0.03796296296296296
1 0.6934895833333333 0.1865740740740741 0.03802083333333333 0.058333333333333334
1 0.2708333333333333 0.22962962962962963 0.05 0.06111111111111111
1 0.17369791666666667 0.3212962962962963 0.05364583333333333 0.08888888888888889
1 0.39765625 0.11944444444444445 0.04010416666666667 0.04814814814814815
1 0.6643229166666667 0.17175925925925925 0.03802083333333333 0.06388888888888888
1 0.16848958333333333 0.15185185185185185 0.03697916666666667 0.04259259259259259
1 0.25390625 0.08657407407407407 0.022395833333333334 0.03611111111111111
1 0.40182291666666664 0.18194444444444444 0.0390625 0.04537037037037037
1 0.84921875 0.18981481481481483 0.0421875 0.05740740740740741
1 0.034375 0.48935185185185187 0.06875 0.11574074074074074
1 0.18333333333333332 0.28194444444444444 0.04895833333333333 0.09537037037037037
1 0.28046875 0.11898148148148148 0.0328125 0.041666666666666664
1 0.2682291666666667 0.09768518518518518 0.030208333333333334 0.03981481481481482
1 0.8723958333333334 0.24212962962962964 0.07083333333333333 0.08425925925925926
1 0.23880208333333333 0.16064814814814815 0.0421875 0.04722222222222222
1 0.1671875 0.12037037037037036 0.029166666666666667 0.03518518518518519
1 0.2947916666666667 0.13703703703703704 0.029166666666666667 0.05
1 0.21458333333333332 0.10092592592592593 0.030208333333333334 0.037037037037037035
1 0.18567708333333333 0.2125 0.04114583333333333 0.05648148148148148
1 0.35 0.08009259259259259 0.022916666666666665 0.03611111111111111
1 0.29635416666666664 0.28055555555555556 0.0625 0.10185185185185185
1 0.4973958333333333 0.09398148148148149 0.025 0.041666666666666664
1 0.18229166666666666 0.17546296296296296 0.034375 0.03981481481481482
1 0.5091145833333334 0.2 0.058854166666666666 0.044444444444444446
1 0.2265625 0.11898148148148148 0.03229166666666667 0.030555555555555555
1 0.5427083333333333 0.12129629629629629 0.058333333333333334 0.053703703703703705
1 0.49609375 0.19027777777777777 0.0421875 0.06388888888888888
1 0.34869791666666666 0.21157407407407408 0.04739583333333333 0.06574074074074074
1 0.7671875 0.937037037037037 0.35104166666666664 0.12407407407407407
1 0.30703125 0.1527777777777778 0.03177083333333333 0.04814814814814815
1 0.93515625 0.47638888888888886 0.12864583333333332 0.175
1 0.7080729166666667 0.12361111111111112 0.028645833333333332 0.032407407407407406
1 0.8341145833333333 0.17824074074074073 0.03802083333333333 0.06574074074074074
1 0.8908854166666667 0.17824074074074073 0.043229166666666666 0.05462962962962963
1 0.6877604166666667 0.14027777777777778 0.04010416666666667 0.041666666666666664
1 0.47760416666666666 0.08981481481481482 0.022916666666666665 0.040740740740740744
1 0.3450520833333333 0.2337962962962963 0.0265625 0.06388888888888888
1 0.7463541666666667 0.17037037037037037 0.04375 0.07037037037037037
1 0.49661458333333336 0.2884259259259259 0.030729166666666665 0.075
1 0.6588541666666666 0.11527777777777778 0.026041666666666668 0.026851851851851852
1 0.3625 0.14027777777777778 0.034375 0.04722222222222222
1 0.95234375 0.5120370370370371 0.09427083333333333 0.11296296296296296
1 0.3221354166666667 0.18425925925925926 0.0421875 0.06481481481481481
1 0.5096354166666667 0.11018518518518519 0.0234375 0.04259259259259259