2 0.9638020833333333 0.20277777777777778 0.07135416666666666 0.19444444444444445
1 0.225 0.7708333333333334 0.15104166666666666 0.19537037037037036
1 0.6307291666666667 0.40370370370370373 0.08020833333333334 0.10555555555555556
1 0.5669270833333333 0.8935185185185185 0.16927083333333334 0.2111111111111111
1 0.9434895833333333 0.6671296296296296 0.11197916666666667 0.1712962962962963
1 0.7203125 0.7351851851851852 0.13229166666666667 0.1814814814814815
1 0.8536458333333333 0.8606481481481482 0.1625 0.23055555555555557
1 0.19973958333333333 0.5861111111111111 0.1078125 0.14074074074074075
1 0.8489583333333334 0.25601851851851853 0.052083333333333336 0.06944444444444445
1 0.7731770833333333 0.5101851851851852 0.10885416666666667 0.17037037037037037
1 0.54921875 0.31712962962962965 0.0640625 0.08796296296296297
1 0.1578125 0.3699074074074074 0.06354166666666666 0.08796296296296297
1 0.74453125 0.21296296296296297 0.04635416666666667 0.06296296296296296
1 0.47239583333333335 0.3912037037037037 0.065625 0.10092592592592593
1 0.40729166666666666 0.6101851851851852 0.11354166666666667 0.1537037037037037
1 0.3416666666666667 0.41203703703703703 0.07395833333333333 0.10555555555555556
1 0.44609375 0.34814814814814815 0.0609375 0.09259259259259259
1 0.87734375 0.44074074074074077 0.09739583333333333 0.14444444444444443
1 0.709375 0.3337962962962963 0.06875 0.10462962962962963
1 0.47552083333333334 0.17083333333333334 0.0375 0.05277777777777778
1 0.52734375 0.43842592592592594 0.08385416666666666 0.1361111111111111
1 0.38958333333333334 0.48842592592592593 0.090625 0.12129629629629629
1 0.9854166666666667 0.7615740740740741 0.028125 0.18611111111111112
1 0.18880208333333334 0.3189814814814815 0.05572916666666667 0.0787037037037037
1 0.8057291666666667 0.37962962962962965 0.08645833333333333 0.11851851851851852
1 0.39609375 0.11990740740740741 0.0203125 0.03611111111111111
1 0.38046875 0.2662037037037037 0.04114583333333333 0.06759259259259259
1 0.4947916666666667 0.2791666666666667 0.057291666666666664 0.07314814814814814
1 0.29921875 0.3023148148148148 0.06822916666666666 0.11574074074074074
1 0.36953125 0.23425925925925925 0.049479166666666664 0.07777777777777778
1 0.47213541666666664 0.23657407407407408 0.05572916666666667 0.0824074074074074
1 0.37994791666666666 0.10231481481481482 0.0234375 0.03611111111111111
1 0.43697916666666664 0.2125 0.035416666666666666 0.05277777777777778
1 0.41458333333333336 0.2861111111111111 0.057291666666666664 0.0962962962962963
1 0.31875 0.17777777777777778 0.041666666666666664 0.05740740740740741
1 0.69296875 0.1865740740740741 0.0421875 0.06574074074074074
1 0.6848958333333334 0.30185185185185187 0.06770833333333333 0.11296296296296296
1 0.6658854166666667 0.6092592592592593 0.1203125 0.1925925925925926
1 0.6466145833333333 0.1125 0.0265625 0.03611111111111111
1 0.45677083333333335 0.15601851851851853 0.03333333333333333 0.05462962962962963
1 0.37890625 0.17037037037037037 0.03177083333333333 0.044444444444444446
1 0.19765625 0.16435185185185186 0.0421875 0.06574074074074074
1 0.7296875 0.16712962962962963 0.0375 0.058333333333333334
1 0.4192708333333333 0.13148148148148148 0.036458333333333336 0.05925925925925926
1 0.82890625 0.1699074074074074 0.044270833333333336 0.06388888888888888
1 0.9130208333333333 0.17824074074074073 0.041666666666666664 0.06388888888888888
1 0.3614583333333333 0.14675925925925926 0.03125 0.05092592592592592
1 0.5911458333333334 0.16944444444444445 0.036458333333333336 0.037037037037037035
1 0.5848958333333333 0.11527777777777778 0.03229166666666667 0.041666666666666664
1 0.6809895833333334 0.11296296296296296 0.027604166666666666 0.03518518518518519
1 0.6890625 0.13518518518518519 0.03125 0.04814814814814815
1 0.3984375 0.17916666666666667 0.036458333333333336 0.049074074074074076
1 0.45364583333333336 0.09907407407407408 0.022916666666666665 0.027777777777777776
1 0.80390625 0.12777777777777777 0.04010416666666667 0.03518518518518519
1 0.6671875 0.10648148148148148 0.020833333333333332 0.03148148148148148
1 0.2669270833333333 0.10601851851851851 0.024479166666666666 0.03796296296296296
1 0.3497395833333333 0.21342592592592594 0.0359375 0.07314814814814814
1 0.7541666666666667 0.15231481481481482 0.026041666666666668 0.04537037037037037
1 0.846875 0.21203703703703702 0.04895833333333333 0.06296296296296296
1 0.4234375 0.2 0.0375 0.06296296296296296
1 0.7013020833333333 0.14953703703703702 0.033854166666666664 0.032407407407407406
1 0.6270833333333333 0.12129629629629629 0.027083333333333334 0.024074074074074074
1 0.340625 0.125 0.030208333333333334 0.05
1 0.7825520833333334 0.1837962962962963 0.04635416666666667 0.08055555555555556
1 0.60703125 0.10185185185185185 0.024479166666666666 0.03333333333333333
1 0.6169270833333333 0.1527777777777778 0.025520833333333333 0.046296296296296294
1 0.6908854166666667 0.9833333333333333 0.13177083333333334 0.03148148148148148
1 0.17552083333333332 0.1125 0.027083333333333334 0.030555555555555555
1 0.6471354166666666 0.1648148148148148 0.044270833333333336 0.06851851851851852
1 0.34401041666666665 0.07916666666666666 0.0203125 0.03425925925925926
1 0.28802083333333334 0.11712962962962963 0.03125 0.03981481481481482
1 0.5260416666666666 0.08888888888888889 0.01875 0.022222222222222223
1 0.5158854166666667 0.13055555555555556 0.0265625 0.03333333333333333
1 0.2947916666666667 0.08055555555555556 0.022916666666666665 0.03518518518518519
1 0.56015625 0.1476851851851852 0.033854166666666664 0.04351851851851852
1 0.23958333333333334 0.1597222222222222 0.030208333333333334 0.049074074074074076
1 0.16510416666666666 0.2518518518518518 0.041666666666666664 0.06296296296296296
1 0.16666666666666666 0.20277777777777778 0.03229166666666667 0.03518518518518519
1 0.49557291666666664 0.08101851851851852 0.024479166666666666 0.03981481481481482
1 0.259375 0.23935185185185184 0.030208333333333334 0.06388888888888888
1 0.6291666666666667 0.09074074074074075 0.022916666666666665 0.03518518518518519
1 0.26953125 0.20092592592592592 0.0453125 0.05
1 0.32786458333333335 0.07037037037037037 0.016145833333333335 0.022222222222222223
1 0.53203125 0.13657407407407407 0.011979166666666667 0.028703703703703703
1 0.17083333333333334 0.08425925925925926 0.022916666666666665 0.027777777777777776
1 0.48411458333333335 0.1125 0.019270833333333334 0.026851851851851852
1 0.6252604166666667 0.1597222222222222 0.018229166666666668 0.058333333333333334
1 0.23541666666666666 0.1361111111111111 0.03333333333333333 0.040740740740740744
1 0.4734375 0.08842592592592592 0.021875 0.03611111111111111
1 0.5067708333333333 0.10925925925925926 0.029166666666666667 0.044444444444444446
1 0.2877604166666667 0.2537037037037037 0.06822916666666666 0.07592592592592592
1 0.1796875 0.21666666666666667 0.04375 0.04259259259259259
1 0.5526041666666667 0.0962962962962963 0.020833333333333332 0.03148148148148148
1 0.17994791666666668 0.2777777777777778 0.0484375 0.09074074074074075
1 0.16458333333333333 0.1398148148148148 0.026041666666666668 0.040740740740740744
1 0.215625 0.08935185185185185 0.029166666666666667 0.041666666666666664
1 0.44375 0.08101851851851852 0.023958333333333335 0.028703703703703703
1 0.4140625 0.07175925925925926 0.019791666666666666 0.030555555555555555
1 0.15729166666666666 0.09675925925925925 0.025 0.041666666666666664
1 0.2557291666666667 0.2 0.03958333333333333 0.07222222222222222
1 0.27578125 0.15787037037037038 0.0328125 0.05648148148148148