2 0.9596354166666666 0.19953703703703704 0.07864583333333333 0.19166666666666668
1 0.22890625 0.7944444444444444 0.1546875 0.2074074074074074
1 0.5807291666666666 0.9055555555555556 0.17395833333333333 0.18703703703703703
1 0.20104166666666667 0.5972222222222222 0.11041666666666666 0.14444444444444443
1 0.4125 0.6236111111111111 0.11666666666666667 0.15648148148148147
1 0.63671875 0.40925925925925927 0.08177083333333333 0.10740740740740741
1 0.7346354166666667 0.7532407407407408 0.13697916666666668 0.18425925925925926
1 0.95234375 0.6787037037037037 0.09427083333333333 0.17777777777777778
1 0.49765625 0.2814814814814815 0.05677083333333333 0.07407407407407407
1 0.39348958333333334 0.4976851851851852 0.09322916666666667 0.125
1 0.878125 0.8837962962962963 0.16875 0.23055555555555557
1 0.34348958333333335 0.41805555555555557 0.07552083333333333 0.10833333333333334
1 0.4796875 0.3958333333333333 0.07395833333333333 0.10092592592592593
1 0.153125 0.3731481481481482 0.06458333333333334 0.09259259259259259
1 0.7848958333333333 0.5203703703703704 0.11041666666666666 0.17407407407407408
1 0.8903645833333333 0.44907407407407407 0.09947916666666666 0.14814814814814814
1 0.7169270833333333 0.3384259259259259 0.0703125 0.10462962962962963
1 0.815625 0.38333333333333336 0.0875 0.11666666666666667
1 0.5533854166666666 0.3212962962962963 0.0640625 0.08888888888888889
1 0.18828125 0.3226851851851852 0.05572916666666667 0.08055555555555556
1 0.39791666666666664 0.12083333333333333 0.021875 0.03796296296296296
1 0.478125 0.17222222222222222 0.0375 0.05185185185185185
1 0.30104166666666665 0.30462962962962964 0.07083333333333333 0.11666666666666667
1 0.44895833333333335 0.3523148148148148 0.065625 0.09351851851851851
1 0.5328125 0.4444444444444444 0.08541666666666667 0.1388888888888889
1 0.4390625 0.21435185185185185 0.036458333333333336 0.05462962962962963
1 0.31953125 0.17962962962962964 0.043229166666666666 0.053703703703703705
1 0.7385416666666667 0.21064814814814814 0.04583333333333333 0.062037037037037036
1 0.5869791666666667 0.1675925925925926 0.0375 0.03888888888888889
1 0.42135416666666664 0.13148148148148148 0.0375 0.05925925925925926
1 0.6434895833333333 0.11064814814814815 0.027604166666666666 0.03611111111111111
1 0.38046875 0.17222222222222222 0.03177083333333333 0.046296296296296294
1 0.3809895833333333 0.10231481481481482 0.024479166666666666 0.03425925925925926
1 0.8411458333333334 0.2518518518518518 0.051041666666666666 0.06851851851851852
1 0.8393229166666667 0.20925925925925926 0.04739583333333333 0.06296296296296296
1 0.4244791666666667 0.20046296296296295 0.036458333333333336 0.06388888888888888
1 0.36328125 0.14675925925925926 0.0328125 0.05092592592592592
1 0.90703125 0.17592592592592593 0.0390625 0.06296296296296296
1 0.34348958333333335 0.12546296296296297 0.034895833333333334 0.05462962962962963
1 0.4747395833333333 0.23796296296296296 0.05572916666666667 0.08333333333333333
1 0.38359375 0.26851851851851855 0.0421875 0.06851851851851852
1 0.7791666666666667 0.18333333333333332 0.04479166666666667 0.07777777777777778
1 0.67734375 0.6222222222222222 0.1234375 0.20185185185185187
1 0.24010416666666667 0.1625 0.030208333333333334 0.05092592592592592
1 0.20026041666666666 0.16574074074074074 0.043229166666666666 0.06666666666666667
1 0.41770833333333335 0.2898148148148148 0.05625 0.0962962962962963
1 0.6877604166666667 0.13194444444444445 0.03177083333333333 0.04537037037037037
1 0.58203125 0.11435185185185186 0.0328125 0.041666666666666664
1 0.6869791666666667 0.18564814814814815 0.03958333333333333 0.062037037037037036
1 0.79921875 0.1259259259259259 0.04010416666666667 0.03333333333333333
1 0.525 0.08796296296296297 0.020833333333333332 0.022222222222222223
1 0.16432291666666668 0.25416666666666665 0.043229166666666666 0.06574074074074074
1 0.82265625 0.1685185185185185 0.0453125 0.06296296296296296
1 0.4 0.18055555555555555 0.036458333333333336 0.05
1 0.459375 0.15555555555555556 0.03333333333333333 0.053703703703703705
1 0.7234375 0.16574074074074074 0.0375 0.05740740740740741
1 0.5708333333333333 0.12962962962962962 0.029166666666666667 0.03888888888888889
1 0.6901041666666666 0.3055555555555556 0.07083333333333333 0.11666666666666667
1 0.45208333333333334 0.09814814814814815 0.022916666666666665 0.02962962962962963
1 0.6950520833333333 0.14722222222222223 0.033854166666666664 0.03333333333333333
1 0.37083333333333335 0.23657407407407408 0.04791666666666667 0.0787037037037037
1 0.26796875 0.10601851851851851 0.025520833333333333 0.03796296296296296
1 0.15651041666666668 0.09537037037037037 0.025520833333333333 0.04259259259259259
1 0.53046875 0.1361111111111111 0.0140625 0.02962962962962963
1 0.5130208333333334 0.12916666666666668 0.026041666666666668 0.028703703703703703
1 0.27447916666666666 0.16018518518518518 0.03333333333333333 0.053703703703703705
1 0.6041666666666666 0.10185185185185185 0.023958333333333335 0.03333333333333333
1 0.64296875 0.1625 0.044270833333333336 0.06944444444444445
1 0.17005208333333333 0.08287037037037037 0.022395833333333334 0.028703703703703703
1 0.6651041666666667 0.10555555555555556 0.019791666666666666 0.03148148148148148
1 0.17552083333333332 0.11296296296296296 0.028125 0.02962962962962963
1 0.23541666666666666 0.1388888888888889 0.03229166666666667 0.04259259259259259
1 0.678125 0.11203703703703703 0.027083333333333334 0.03518518518518519
1 0.32786458333333335 0.0699074074074074 0.016145833333333335 0.021296296296296296
1 0.7497395833333333 0.15 0.025520833333333333 0.044444444444444446
1 0.2875 0.11805555555555555 0.03125 0.03981481481481482
1 0.49322916666666666 0.08101851851851852 0.025 0.03796296296296296
1 0.6260416666666667 0.08981481481481482 0.026041666666666668 0.037037037037037035
1 0.35130208333333335 0.21481481481481482 0.03802083333333333 0.07407407407407407
1 0.48333333333333334 0.11157407407407408 0.017708333333333333 0.025
1 0.1796875 0.21805555555555556 0.04375 0.04351851851851852
1 0.34375 0.0787037037037037 0.022916666666666665 0.03148148148148148
1 0.25625 0.09212962962962963 0.026041666666666668 0.041666666666666664
1 0.25625 0.2013888888888889 0.040625 0.0712962962962963
1 0.165625 0.2037037037037037 0.03229166666666667 0.03518518518518519
1 0.2598958333333333 0.24166666666666667 0.029166666666666667 0.06296296296296296
1 0.4713541666666667 0.0875 0.021875 0.03611111111111111
1 0.28958333333333336 0.2550925925925926 0.07083333333333333 0.0787037037037037
1 0.26979166666666665 0.2064814814814815 0.04791666666666667 0.05740740740740741
1 0.41354166666666664 0.07037037037037037 0.019791666666666666 0.02962962962962963
1 0.5588541666666667 0.14537037037037037 0.030208333333333334 0.04259259259259259
1 0.6236979166666666 0.12083333333333333 0.0265625 0.025
1 0.5520833333333334 0.09907407407407408 0.017708333333333333 0.03888888888888889
1 0.17942708333333332 0.28055555555555556 0.0484375 0.09444444444444444
1 0.5044270833333333 0.09583333333333334 0.021354166666666667 0.021296296296296296
1 0.17083333333333334 0.15694444444444444 0.028125 0.05648148148148148
1 0.98984375 0.3050925925925926 0.019270833333333334 0.11203703703703703