2 0.84453125 0.1412037037037037 0.07864583333333333 0.15462962962962962
2 0.9395833333333333 0.6189814814814815 0.11979166666666667 0.3490740740740741
2 0.7416666666666667 0.11574074074074074 0.06458333333333334 0.11481481481481481
1 0.215625 0.8546296296296296 0.15104166666666666 0.18333333333333332
1 0.77578125 0.525 0.10364583333333334 0.12777777777777777
1 0.7541666666666667 0.3814814814814815 0.07604166666666666 0.10185185185185185
1 0.4622395833333333 0.6833333333333333 0.12447916666666667 0.17222222222222222
1 0.6846354166666667 0.6662037037037037 0.12760416666666666 0.17314814814814813
1 0.2981770833333333 0.9467592592592593 0.1609375 0.10462962962962963
1 0.6515625 0.40879629629629627 0.078125 0.10833333333333334
1 0.8557291666666667 0.6143518518518518 0.06979166666666667 0.15462962962962962
1 0.8755208333333333 0.27037037037037037 0.06145833333333333 0.07407407407407407
1 0.18671875 0.3449074074074074 0.06302083333333333 0.08981481481481482
1 0.5713541666666667 0.3449074074074074 0.06979166666666667 0.09537037037037037
1 0.40911458333333334 0.5768518518518518 0.1390625 0.20185185185185187
1 0.6380208333333334 0.5773148148148148 0.09895833333333333 0.14722222222222223
1 0.9372395833333333 0.34814814814814815 0.07239583333333334 0.0962962962962963
1 0.5122395833333333 0.29583333333333334 0.050520833333333334 0.0824074074074074
1 0.49635416666666665 0.18564814814814815 0.040625 0.06388888888888888
1 0.40677083333333336 0.2865740740740741 0.065625 0.09722222222222222
1 0.7083333333333334 0.3296296296296296 0.06979166666666667 0.10185185185185185
1 0.6057291666666667 0.17592592592592593 0.03958333333333333 0.03888888888888889
1 0.28515625 0.2657407407407407 0.04739583333333333 0.06481481481481481
1 0.44635416666666666 0.350462962962963 0.06458333333333334 0.11203703703703703
1 0.228125 0.6754629629629629 0.11458333333333333 0.1712962962962963
1 0.4986979166666667 0.44074074074074077 0.10052083333333334 0.1574074074074074
1 0.6502604166666667 0.1712962962962963 0.0390625 0.04814814814814815
1 0.47291666666666665 0.24861111111111112 0.052083333333333336 0.08611111111111111
1 0.5575520833333333 0.1527777777777778 0.0328125 0.03888888888888889
1 0.78828125 0.2638888888888889 0.0578125 0.05925925925925926
1 0.19609375 0.27361111111111114 0.0484375 0.075
1 0.44895833333333335 0.22685185185185186 0.03958333333333333 0.06666666666666667
1 0.46770833333333334 0.38981481481481484 0.065625 0.10555555555555556
1 0.7317708333333334 0.20277777777777778 0.04583333333333333 0.07407407407407407
1 0.37578125 0.25046296296296294 0.0421875 0.06759259259259259
1 0.540625 0.31574074074074077 0.05625 0.09074074074074075
1 0.3731770833333333 0.16203703703703703 0.03177083333333333 0.044444444444444446
1 0.8197916666666667 0.2064814814814815 0.04791666666666667 0.05925925925925926
1 0.4328125 0.14583333333333334 0.0375 0.05092592592592592
1 0.4669270833333333 0.1699074074074074 0.030729166666666665 0.04537037037037037
1 0.35963541666666665 0.2222222222222222 0.04114583333333333 0.06666666666666667
1 0.4265625 0.20416666666666666 0.04791666666666667 0.062037037037037036
1 0.24791666666666667 0.1675925925925926 0.036458333333333336 0.05
1 0.17265625 0.1625 0.034895833333333334 0.03796296296296296
1 0.9638020833333333 0.29583333333333334 0.0671875 0.08796296296296297
1 0.55390625 0.12037037037037036 0.019270833333333334 0.02962962962962963
1 0.8921875 0.1699074074074074 0.030208333333333334 0.06574074074074074
1 0.2598958333333333 0.2023148148148148 0.04895833333333333 0.05648148148148148
1 0.39869791666666665 0.17777777777777778 0.04010416666666667 0.06296296296296296
1 0.7075520833333333 0.1625 0.03697916666666667 0.058333333333333334
1 0.46875 0.08842592592592592 0.028125 0.03981481481481482
1 0.3575520833333333 0.1388888888888889 0.030729166666666665 0.040740740740740744
1 0.48671875 0.10092592592592593 0.024479166666666666 0.03333333333333333
1 0.27786458333333336 0.11574074074074074 0.0296875 0.044444444444444446
1 0.20338541666666668 0.5675925925925925 0.1015625 0.18518518518518517
1 0.2328125 0.14305555555555555 0.0375 0.062037037037037036
1 0.64609375 0.13564814814814816 0.025520833333333333 0.028703703703703703
1 0.30572916666666666 0.15601851851851853 0.03125 0.05462962962962963
1 0.5140625 0.11018518518518519 0.027083333333333334 0.04259259259259259
1 0.34453125 0.21435185185185185 0.025520833333333333 0.058333333333333334
1 0.33567708333333335 0.3976851851851852 0.07552083333333333 0.09907407407407408
1 0.275 0.24212962962962964 0.04479166666666667 0.062037037037037036
1 0.5885416666666666 0.11203703703703703 0.03229166666666667 0.053703703703703705
1 0.4049479166666667 0.11898148148148148 0.0296875 0.05277777777777778
1 0.8322916666666667 0.24027777777777778 0.04895833333333333 0.06388888888888888
1 0.3177083333333333 0.16805555555555557 0.035416666666666666 0.06018518518518518
1 0.3380208333333333 0.19537037037037036 0.03854166666666667 0.06851851851851852
1 0.2947916666666667 0.12824074074074074 0.03229166666666667 0.041666666666666664
1 0.55078125 0.0712962962962963 0.0265625 0.027777777777777776
1 0.184375 0.24305555555555555 0.04791666666666667 0.08611111111111111
1 0.34270833333333334 0.07824074074074074 0.025 0.032407407407407406
1 0.5635416666666667 0.10138888888888889 0.025 0.041666666666666664
1 0.33932291666666664 0.12638888888888888 0.0265625 0.03611111111111111
1 0.33567708333333335 0.3453703703703704 0.07135416666666666 0.07222222222222222
1 0.4276041666666667 0.07453703703703704 0.021875 0.03611111111111111
1 0.42161458333333335 0.12824074074074074 0.030729166666666665 0.03796296296296296
1 0.5247395833333334 0.11435185185185186 0.018229166666666668 0.04722222222222222
1 0.9380208333333333 0.24074074074074073 0.058333333333333334 0.08333333333333333
1 0.6809895833333334 0.14537037037037037 0.0328125 0.05555555555555555
1 0.6536458333333334 0.10648148148148148 0.029166666666666667 0.03333333333333333
1 0.6307291666666667 0.1537037037037037 0.03229166666666667 0.044444444444444446
1 0.16692708333333334 0.09444444444444444 0.028645833333333332 0.03148148148148148
1 0.17630208333333333 0.20972222222222223 0.0484375 0.06944444444444445
1 0.1703125 0.14305555555555555 0.03229166666666667 0.03425925925925926
1 0.5859375 0.0824074074074074 0.020833333333333332 0.016666666666666666
1 0.6140625 0.12777777777777777 0.028125 0.022222222222222223
1 0.8044270833333333 0.1439814814814815 0.021354166666666667 0.06018518518518518
1 0.5244791666666667 0.08287037037037037 0.026041666666666668 0.023148148148148147
1 0.39739583333333334 0.06851851851851852 0.021875 0.022222222222222223
1 0.6221354166666667 0.1111111111111111 0.024479166666666666 0.03518518518518519
1 0.2390625 0.11342592592592593 0.027083333333333334 0.032407407407407406
1 0.9861979166666667 0.3787037037037037 0.0265625 0.0962962962962963
1 0.20989583333333334 0.1175925925925926 0.027083333333333334 0.04259259259259259
1 0.6078125 0.14675925925925926 0.023958333333333335 0.025
1 0.26901041666666664 0.2263888888888889 0.04010416666666667 0.062037037037037036
1 0.9911458333333333 0.26666666666666666 0.016666666666666666 0.06851851851851852