2 0.6817708333333333 0.37777777777777777 0.11145833333333334 0.21481481481481482
2 0.9864583333333333 0.18333333333333332 0.026041666666666668 0.18703703703703703
2 0.77265625 0.08888888888888889 0.05677083333333333 0.08518518518518518
1 0.7020833333333333 0.6731481481481482 0.121875 0.1574074074074074
1 0.5875 0.3486111111111111 0.06875 0.08796296296296297
1 0.4734375 0.7143518518518519 0.134375 0.22314814814814815
1 0.496875 0.41574074074074074 0.07916666666666666 0.1111111111111111
1 0.5151041666666667 0.2902777777777778 0.05416666666666667 0.075
1 0.20885416666666667 0.5828703703703704 0.09583333333333334 0.1287037037037037
1 0.65625 0.2013888888888889 0.046875 0.03981481481481482
1 0.2830729166666667 0.29259259259259257 0.05677083333333333 0.07407407407407407
1 0.3614583333333333 0.42916666666666664 0.08125 0.10833333333333334
1 0.6119791666666666 0.3921296296296296 0.03958333333333333 0.09722222222222222
1 0.4825520833333333 0.25833333333333336 0.0546875 0.07037037037037037
1 0.19088541666666667 0.26342592592592595 0.0484375 0.0712962962962963
1 0.19088541666666667 0.5199074074074074 0.09427083333333333 0.11388888888888889
1 0.75 0.2412037037037037 0.046875 0.058333333333333334
1 0.4192708333333333 0.6356481481481482 0.1 0.15648148148148147
1 0.6036458333333333 0.2712962962962963 0.053125 0.07222222222222222
1 0.7755208333333333 0.8097222222222222 0.14375 0.19907407407407407
1 0.790625 0.5199074074074074 0.11770833333333333 0.1935185185185185
1 0.6169270833333333 0.15925925925925927 0.0359375 0.05
1 0.5721354166666667 0.24444444444444444 0.0546875 0.07777777777777778
1 0.26510416666666664 0.21203703703703702 0.03958333333333333 0.053703703703703705
1 0.3421875 0.37453703703703706 0.084375 0.13240740740740742
1 0.4830729166666667 0.37407407407407406 0.06614583333333333 0.1
1 0.42630208333333336 0.30787037037037035 0.06614583333333333 0.11388888888888889
1 0.8354166666666667 0.20972222222222223 0.04791666666666667 0.075
1 0.44895833333333335 0.23148148148148148 0.04479166666666667 0.06666666666666667
1 0.8830729166666667 0.2671296296296296 0.0609375 0.09537037037037037
1 0.3653645833333333 0.26342592592592595 0.033854166666666664 0.06574074074074074
1 0.60078125 0.14907407407407408 0.03177083333333333 0.04814814814814815
1 0.38958333333333334 0.16712962962962963 0.035416666666666666 0.05277777777777778
1 0.6875 0.13194444444444445 0.021875 0.041666666666666664
1 0.5640625 0.13287037037037036 0.03229166666666667 0.04722222222222222
1 0.3346354166666667 0.20092592592592592 0.0328125 0.05555555555555555
1 0.35572916666666665 0.1425925925925926 0.042708333333333334 0.05185185185185185
1 0.18776041666666668 0.2111111111111111 0.0390625 0.05
1 0.9231770833333334 0.18425925925925926 0.04114583333333333 0.06481481481481481
1 0.2604166666666667 0.18981481481481483 0.04791666666666667 0.046296296296296294
1 0.5041666666666667 0.10416666666666667 0.03125 0.04722222222222222
1 0.2638020833333333 0.1 0.024479166666666666 0.03888888888888889
1 0.24791666666666667 0.16712962962962963 0.03854166666666667 0.05092592592592592
1 0.5263020833333333 0.12083333333333333 0.019270833333333334 0.032407407407407406
1 0.3294270833333333 0.17916666666666667 0.044270833333333336 0.049074074074074076
1 0.35520833333333335 0.22592592592592592 0.052083333333333336 0.07777777777777778
1 0.32734375 0.11481481481481481 0.0359375 0.03518518518518519
1 0.18385416666666668 0.4361111111111111 0.07291666666666667 0.1111111111111111
1 0.7265625 0.19027777777777777 0.06354166666666666 0.0712962962962963
1 0.18697916666666667 0.37546296296296294 0.07916666666666666 0.12314814814814815
1 0.37265625 0.09675925925925925 0.025520833333333333 0.04351851851851852
1 0.31666666666666665 0.16157407407407406 0.034375 0.058333333333333334
1 0.5921875 0.13564814814814816 0.03333333333333333 0.062037037037037036
1 0.27734375 0.11342592592592593 0.0296875 0.04537037037037037
1 0.725 0.13703703703703704 0.03229166666666667 0.03518518518518519
1 0.17005208333333333 0.0824074074074074 0.0265625 0.025925925925925925
1 0.22734375 0.12361111111111112 0.03697916666666667 0.05277777777777778
1 0.7786458333333334 0.22083333333333333 0.041666666666666664 0.062037037037037036
1 0.7354166666666667 0.2111111111111111 0.04583333333333333 0.053703703703703705
1 0.29270833333333335 0.1361111111111111 0.03333333333333333 0.04814814814814815
1 0.66015625 0.1388888888888889 0.04010416666666667 0.06111111111111111
1 0.903125 0.17222222222222222 0.03854166666666667 0.06666666666666667
1 0.55 0.06620370370370371 0.022916666666666665 0.032407407407407406
1 0.6208333333333333 0.11851851851851852 0.03229166666666667 0.03888888888888889
1 0.48125 0.09722222222222222 0.023958333333333335 0.037037037037037035
1 0.16015625 0.18287037037037038 0.018229166666666668 0.03981481481481482
1 0.425 0.19305555555555556 0.03958333333333333 0.06574074074074074
1 0.39947916666666666 0.18518518518518517 0.028125 0.05555555555555555
1 0.42161458333333335 0.07083333333333333 0.022395833333333334 0.028703703703703703
1 0.39557291666666666 0.26851851851851855 0.04739583333333333 0.08518518518518518
1 0.31197916666666664 0.09490740740740741 0.035416666666666666 0.03425925925925926
1 0.16822916666666668 0.1425925925925926 0.034375 0.044444444444444446
1 0.6020833333333333 0.09583333333333334 0.021875 0.017592592592592594
1 0.3963541666666667 0.11805555555555555 0.03333333333333333 0.041666666666666664
1 0.81171875 0.18703703703703703 0.0421875 0.06851851851851852
1 0.73984375 0.1449074074074074 0.027604166666666666 0.028703703703703703
1 0.59140625 0.08287037037037037 0.0296875 0.030555555555555555
1 0.7692708333333333 0.15231481481481482 0.0375 0.05462962962962963
1 0.6432291666666666 0.10185185185185185 0.023958333333333335 0.024074074074074074
1 0.44635416666666666 0.07685185185185185 0.01875 0.03333333333333333
1 0.43125 0.14629629629629629 0.046875 0.053703703703703705
1 0.9559895833333333 0.18888888888888888 0.044270833333333336 0.07407407407407407
1 0.23802083333333332 0.1425925925925926 0.034375 0.040740740740740744
1 0.9895833333333334 0.275 0.019791666666666666 0.07962962962962963