1 0.20989583333333334 0.6305555555555555 0.12604166666666666 0.16296296296296298
1 0.47994791666666664 0.7222222222222222 0.14114583333333333 0.17962962962962964
1 0.19505208333333332 0.500462962962963 0.09427083333333333 0.12129629629629629
1 0.37526041666666665 0.5208333333333334 0.0953125 0.13055555555555556
1 0.5518229166666667 0.8532407407407407 0.15572916666666667 0.21203703703703702
1 0.7096354166666666 0.6967592592592593 0.12864583333333332 0.18796296296296297
1 0.5869791666666667 0.36203703703703705 0.07291666666666667 0.09444444444444444
1 0.91796875 0.28703703703703703 0.058854166666666666 0.07592592592592592
1 0.62734375 0.6087962962962963 0.10989583333333333 0.15092592592592594
1 0.8265625 0.5615740740740741 0.10416666666666667 0.14166666666666666
1 0.515625 0.287962962962963 0.058333333333333334 0.07777777777777778
1 0.44140625 0.35 0.05677083333333333 0.09259259259259259
1 0.8919270833333334 0.6175925925925926 0.13489583333333333 0.17407407407407408
1 0.4705729166666667 0.25555555555555554 0.05260416666666667 0.06851851851851852
1 0.32473958333333336 0.36712962962962964 0.0671875 0.09537037037037037
1 0.696875 0.44027777777777777 0.09375 0.14907407407407408
1 0.7875 0.3800925925925926 0.084375 0.1287037037037037
1 0.36744791666666665 0.4287037037037037 0.0765625 0.10740740740740741
1 0.7328125 0.33611111111111114 0.07395833333333333 0.1111111111111111
1 0.4236979166666667 0.31574074074074077 0.0546875 0.08333333333333333
1 0.6546875 0.2967592592592593 0.06041666666666667 0.09351851851851851
1 0.9677083333333333 0.762962962962963 0.06354166666666666 0.2074074074074074
1 0.3104166666666667 0.16666666666666666 0.0375 0.05
1 0.7966145833333333 0.23425925925925925 0.050520833333333334 0.06851851851851852
1 0.8268229166666666 0.20879629629629629 0.04114583333333333 0.062037037037037036
1 0.4544270833333333 0.1550925925925926 0.0359375 0.05092592592592592
1 0.9486979166666667 0.5074074074074074 0.1015625 0.13703703703703704
1 0.38255208333333335 0.11203703703703703 0.0171875 0.03518518518518519
1 0.18020833333333333 0.337037037037037 0.059375 0.08148148148148149
1 0.3614583333333333 0.2449074074074074 0.040625 0.062037037037037036
1 0.4203125 0.19722222222222222 0.03229166666666667 0.04814814814814815
1 0.28802083333333334 0.2773148148148148 0.06458333333333334 0.10648148148148148
1 0.3958333333333333 0.26342592592592595 0.052083333333333336 0.08981481481481482
1 0.7432291666666667 0.20555555555555555 0.04479166666666667 0.06851851851851852
1 0.18307291666666667 0.15555555555555556 0.0421875 0.06296296296296296
1 0.59921875 0.14351851851851852 0.03177083333333333 0.04259259259259259
1 0.7354166666666667 0.17222222222222222 0.041666666666666664 0.05185185185185185
1 0.18802083333333333 0.2912037037037037 0.05416666666666667 0.07685185185185185
1 0.2359375 0.1527777777777778 0.030208333333333334 0.04259259259259259
1 0.62109375 0.1837962962962963 0.0390625 0.03611111111111111
1 0.35182291666666665 0.1361111111111111 0.030729166666666665 0.05
1 0.7096354166666666 0.14305555555555555 0.03177083333333333 0.04351851851851852
1 0.5611979166666666 0.15 0.0265625 0.03518518518518519
1 0.9135416666666667 0.23564814814814813 0.053125 0.07314814814814814
1 0.4453125 0.14444444444444443 0.030208333333333334 0.053703703703703705
1 0.6580729166666667 0.175 0.025520833333333333 0.06111111111111111
1 0.38177083333333334 0.16527777777777777 0.034375 0.04537037037037037
1 0.6338541666666667 0.2712962962962963 0.059375 0.10185185185185185
1 0.4046875 0.18564814814814815 0.034375 0.06018518518518518
1 0.67265625 0.12129629629629629 0.028645833333333332 0.040740740740740744
1 0.23151041666666666 0.12916666666666668 0.03177083333333333 0.03981481481481482
1 0.28072916666666664 0.11666666666666667 0.034375 0.05
1 0.3372395833333333 0.2 0.033854166666666664 0.06481481481481481
1 0.3640625 0.15694444444444444 0.026041666666666668 0.03981481481481482
1 0.3697916666666667 0.09583333333333334 0.020833333333333332 0.03425925925925926
1 0.33307291666666666 0.11805555555555555 0.028645833333333332 0.049074074074074076
1 0.5372395833333333 0.13842592592592592 0.027604166666666666 0.028703703703703703
1 0.5864583333333333 0.1597222222222222 0.0375 0.04351851851851852
1 0.33541666666666664 0.07361111111111111 0.022916666666666665 0.026851851851851852
1 0.5916666666666667 0.5162037037037037 0.10729166666666666 0.1638888888888889
1 0.7002604166666667 0.11898148148148148 0.028645833333333332 0.03796296296296296
1 0.6065104166666667 0.12453703703703704 0.03177083333333333 0.04351851851851852
1 0.3572916666666667 0.2175925925925926 0.04583333333333333 0.07407407407407407
1 0.6861979166666666 0.18009259259259258 0.0484375 0.075
1 0.8223958333333333 0.17592592592592593 0.03958333333333333 0.046296296296296294
1 0.5221354166666666 0.10416666666666667 0.024479166666666666 0.025
1 0.7809895833333333 0.1736111111111111 0.04114583333333333 0.06944444444444445
1 0.26276041666666666 0.09861111111111111 0.021354166666666667 0.03611111111111111
1 0.17526041666666667 0.2569444444444444 0.04635416666666667 0.08425925925925926
1 0.52265625 0.1300925925925926 0.025520833333333333 0.030555555555555555
1 0.5684895833333333 0.1259259259259259 0.025520833333333333 0.022222222222222223
1 0.253125 0.18564814814814815 0.0375 0.06944444444444445
1 0.28203125 0.15462962962962962 0.027604166666666666 0.027777777777777776
1 0.16380208333333332 0.1361111111111111 0.024479166666666666 0.03888888888888889
1 0.49296875 0.3861111111111111 0.07447916666666667 0.11851851851851852
1 0.2638020833333333 0.18472222222222223 0.04010416666666667 0.04351851851851852
1 0.5111979166666667 0.08703703703703704 0.025520833333333333 0.03888888888888889
1 0.17317708333333334 0.10185185185185185 0.022395833333333334 0.024074074074074074
1 0.5671875 0.09953703703703703 0.025 0.030555555555555555
1 0.46901041666666665 0.10694444444444444 0.0234375 0.032407407407407406
1 0.40390625 0.12824074074074074 0.033854166666666664 0.03981481481481482
1 0.15703125 0.09166666666666666 0.024479166666666666 0.04259259259259259
1 0.8403645833333333 0.15092592592592594 0.0453125 0.06296296296296296
1 0.2513020833333333 0.22268518518518518 0.022395833333333334 0.062037037037037036
1 0.4869791666666667 0.09490740740740741 0.025 0.03796296296296296
1 0.5033854166666667 0.12222222222222222 0.021354166666666667 0.02962962962962963
1 0.6518229166666667 0.16527777777777777 0.0328125 0.049074074074074076
1 0.45286458333333335 0.21851851851851853 0.050520833333333334 0.07777777777777778
1 0.97578125 0.9666666666666667 0.04739583333333333 0.06481481481481481
1 0.8786458333333333 0.18287037037037038 0.04791666666666667 0.06759259259259259
1 0.16692708333333334 0.1884259259259259 0.0359375 0.03611111111111111
1 0.9549479166666667 0.19074074074074074 0.044270833333333336 0.06666666666666667
1 0.17265625 0.2351851851851852 0.04739583333333333 0.06111111111111111