1 0.30052083333333335 0.9055555555555556 0.17291666666666666 0.18703703703703703
1 0.8932291666666666 0.8962962962962963 0.18229166666666666 0.20555555555555555
1 0.8104166666666667 0.5342592592592592 0.11041666666666666 0.14444444444444443
1 0.20598958333333334 0.48194444444444445 0.09010416666666667 0.12314814814814815
1 0.36041666666666666 0.44907407407407407 0.08020833333333334 0.10555555555555556
1 0.5684895833333333 0.537962962962963 0.1140625 0.17592592592592593
1 0.6130208333333333 0.9268518518518518 0.18333333333333332 0.14444444444444443
1 0.90703125 0.6375 0.12864583333333332 0.18055555555555555
1 0.75390625 0.737037037037037 0.1484375 0.23148148148148148
1 0.4986979166666667 0.4111111111111111 0.0765625 0.10555555555555556
1 0.09479166666666666 0.41388888888888886 0.08229166666666667 0.13333333333333333
1 0.6979166666666666 0.42685185185185187 0.08958333333333333 0.1425925925925926
1 0.340625 0.3800925925925926 0.06979166666666667 0.09537037037037037
1 0.55546875 0.31574074074074077 0.0671875 0.09074074074074075
1 0.4440104166666667 0.34120370370370373 0.06510416666666667 0.09351851851851851
1 0.4140625 0.19074074074074074 0.041666666666666664 0.05
1 0.17994791666666668 0.33055555555555555 0.0671875 0.08518518518518518
1 0.9104166666666667 0.3226851851851852 0.075 0.058333333333333334
1 0.5486979166666667 0.2199074074074074 0.049479166666666664 0.0787037037037037
1 0.6013020833333333 0.36018518518518516 0.06822916666666666 0.1
1 0.5270833333333333 0.3 0.04791666666666667 0.07962962962962963
1 0.8604166666666667 0.16666666666666666 0.03854166666666667 0.04814814814814815
1 0.3151041666666667 0.34814814814814815 0.058333333333333334 0.08703703703703704
1 0.5158854166666667 0.20324074074074075 0.0421875 0.0712962962962963
1 0.6635416666666667 0.2962962962962963 0.06145833333333333 0.0962962962962963
1 0.9013020833333333 0.23842592592592593 0.0515625 0.075
1 0.26458333333333334 0.23564814814814813 0.03854166666666667 0.06388888888888888
1 0.81796875 0.27037037037037037 0.0671875 0.07407407407407407
1 0.86015625 0.2199074074074074 0.04739583333333333 0.06018518518518518
1 0.17135416666666667 0.22592592592592592 0.040625 0.05925925925925926
1 0.8341145833333333 0.15787037037037038 0.03177083333333333 0.04722222222222222
1 0.49192708333333335 0.2569444444444444 0.05260416666666667 0.08796296296296297
1 0.6065104166666667 0.2671296296296296 0.05572916666666667 0.075
1 0.57109375 0.15925925925925927 0.03177083333333333 0.040740740740740744
1 0.9192708333333334 0.26851851851851855 0.05416666666666667 0.053703703703703705
1 0.3841145833333333 0.17083333333333334 0.0390625 0.05092592592592592
1 0.73515625 0.1736111111111111 0.03697916666666667 0.05462962962962963
1 0.6666666666666666 0.20092592592592592 0.03958333333333333 0.04259259259259259
1 0.4510416666666667 0.22962962962962963 0.04583333333333333 0.06296296296296296
1 0.3528645833333333 0.225 0.0359375 0.06111111111111111
1 0.42161458333333335 0.3199074074074074 0.0484375 0.0787037037037037
1 0.2950520833333333 0.2935185185185185 0.05572916666666667 0.07592592592592592
1 0.7020833333333333 0.22407407407407406 0.042708333333333334 0.05
1 0.8015625 0.18518518518518517 0.03229166666666667 0.040740740740740744
1 0.18046875 0.15046296296296297 0.034895833333333334 0.05092592592592592
1 0.45234375 0.09907407407407408 0.025520833333333333 0.027777777777777776
1 0.40338541666666666 0.2847222222222222 0.05677083333333333 0.09351851851851851
1 0.4783854166666667 0.16712962962962963 0.0390625 0.06388888888888888
1 0.6427083333333333 0.13194444444444445 0.03229166666666667 0.03796296296296296
1 0.34817708333333336 0.20694444444444443 0.0421875 0.06018518518518518
1 0.3380208333333333 0.12037037037037036 0.025 0.040740740740740744
1 0.38203125 0.1050925925925926 0.028645833333333332 0.03981481481481482
1 0.38125 0.23935185185185184 0.046875 0.08055555555555556
1 0.5231770833333333 0.11342592592592593 0.025520833333333333 0.03796296296296296
1 0.19557291666666668 0.10231481481481482 0.0265625 0.03425925925925926
1 0.9658854166666667 0.30092592592592593 0.0671875 0.09814814814814815
1 0.7770833333333333 0.15138888888888888 0.03333333333333333 0.030555555555555555
1 0.76171875 0.24027777777777778 0.05364583333333333 0.04722222222222222
1 0.17838541666666666 0.2847222222222222 0.06197916666666667 0.06388888888888888
1 0.16223958333333333 0.11944444444444445 0.04114583333333333 0.05555555555555555
1 0.6307291666666667 0.16157407407407406 0.034375 0.05277777777777778
1 0.17135416666666667 0.1625 0.03854166666666667 0.03611111111111111
1 0.71796875 0.1111111111111111 0.0265625 0.04259259259259259
1 0.18098958333333334 0.20324074074074075 0.0390625 0.05462962962962963
1 0.2546875 0.1912037037037037 0.05 0.0787037037037037
1 0.4895833333333333 0.1125 0.027083333333333334 0.030555555555555555
1 0.7434895833333334 0.12407407407407407 0.034895833333333334 0.05185185185185185
1 0.34921875 0.08287037037037037 0.030729166666666665 0.03611111111111111
1 0.47604166666666664 0.09305555555555556 0.025 0.03611111111111111
1 0.803125 0.21898148148148147 0.034375 0.041666666666666664
1 0.75078125 0.21388888888888888 0.043229166666666666 0.06111111111111111
1 0.31744791666666666 0.10138888888888889 0.024479166666666666 0.03425925925925926
1 0.7541666666666667 0.17407407407407408 0.035416666666666666 0.03333333333333333
1 0.37526041666666665 0.09351851851851851 0.024479166666666666 0.027777777777777776
1 0.68828125 0.14537037037037037 0.033854166666666664 0.040740740740740744
1 0.35833333333333334 0.1388888888888889 0.028125 0.044444444444444446
1 0.6427083333333333 0.18796296296296297 0.035416666666666666 0.037037037037037035
1 0.57578125 0.1337962962962963 0.033854166666666664 0.05462962962962963
1 0.37994791666666666 0.14444444444444443 0.0359375 0.04259259259259259
1 0.65703125 0.16435185185185186 0.0328125 0.03425925925925926
1 0.30807291666666664 0.1527777777777778 0.034895833333333334 0.05555555555555555
1 0.3268229166666667 0.17037037037037037 0.049479166666666664 0.046296296296296294
1 0.68671875 0.1736111111111111 0.03697916666666667 0.05092592592592592
1 0.64765625 0.10740740740740741 0.024479166666666666 0.03518518518518519
1 0.5559895833333334 0.09907407407407408 0.024479166666666666 0.040740740740740744
1 0.28619791666666666 0.11944444444444445 0.025520833333333333 0.040740740740740744
1 0.23541666666666666 0.14351851851851852 0.035416666666666666 0.044444444444444446
1 0.28411458333333334 0.2574074074074074 0.04635416666666667 0.07037037037037037
1 0.49166666666666664 0.1824074074074074 0.0375 0.05925925925925926
1 0.3 0.13796296296296295 0.03125 0.05185185185185185
1 0.9942708333333333 0.7898148148148149 0.010416666666666666 0.13518518518518519
1 0.990625 0.23425925925925925 0.017708333333333333 0.05185185185185185