1 0.63828125 0.65 0.1390625 0.21481481481481482
1 0.9302083333333333 0.6370370370370371 0.1375 0.17407407407407408
1 0.3846354166666667 0.5171296296296296 0.0921875 0.11944444444444445
1 0.21041666666666667 0.5606481481481481 0.09895833333333333 0.14166666666666666
1 0.91328125 0.8962962962962963 0.17239583333333333 0.20555555555555555
1 0.7713541666666667 0.4912037037037037 0.10208333333333333 0.16203703703703703
1 0.3578125 0.4287037037037037 0.07708333333333334 0.10555555555555556
1 0.5427083333333333 0.46944444444444444 0.08541666666666667 0.11666666666666667
1 0.7216145833333333 0.33287037037037037 0.06927083333333334 0.10833333333333334
1 0.18645833333333334 0.3638888888888889 0.07291666666666667 0.09444444444444444
1 0.56484375 0.33101851851851855 0.05572916666666667 0.08796296296296297
1 0.33151041666666664 0.38981481481481484 0.0671875 0.09814814814814815
1 0.5817708333333333 0.2412037037037037 0.052083333333333336 0.0824074074074074
1 0.4671875 0.24861111111111112 0.052083333333333336 0.06574074074074074
1 0.42734375 0.2064814814814815 0.043229166666666666 0.053703703703703705
1 0.39869791666666665 0.1875 0.04010416666666667 0.05648148148148148
1 0.8234375 0.1550925925925926 0.03229166666666667 0.04537037037037037
1 0.5171875 0.2796296296296296 0.059375 0.09259259259259259
1 0.44609375 0.3527777777777778 0.0546875 0.08888888888888889
1 0.5138020833333333 0.1986111111111111 0.04010416666666667 0.06574074074074074
1 0.17057291666666666 0.24305555555555555 0.043229166666666666 0.062037037037037036
1 0.6526041666666667 0.4027777777777778 0.07708333333333334 0.11296296296296296
1 0.8286458333333333 0.2833333333333333 0.06666666666666667 0.05185185185185185
1 0.27109375 0.25462962962962965 0.0421875 0.06851851851851852
1 0.5453125 0.21944444444444444 0.04583333333333333 0.07222222222222222
1 0.39921875 0.25833333333333336 0.050520833333333334 0.08518518518518518
1 0.020052083333333335 0.4842592592592593 0.04010416666666667 0.15
1 0.18880208333333334 0.3037037037037037 0.05260416666666667 0.05740740740740741
1 0.6447916666666667 0.2972222222222222 0.06145833333333333 0.08148148148148149
1 0.30625 0.32175925925925924 0.06041666666666667 0.0824074074074074
1 0.42552083333333335 0.31342592592592594 0.065625 0.10092592592592593
1 0.36302083333333335 0.2439814814814815 0.03958333333333333 0.06388888888888888
1 0.18229166666666666 0.21712962962962962 0.03958333333333333 0.058333333333333334
1 0.3546875 0.22453703703703703 0.03958333333333333 0.062037037037037036
1 0.746875 0.2361111111111111 0.06145833333333333 0.06111111111111111
1 0.6591145833333333 0.20185185185185187 0.04010416666666667 0.040740740740740744
1 0.25625 0.2050925925925926 0.051041666666666666 0.0824074074074074
1 0.39557291666666666 0.11527777777777778 0.0296875 0.03796296296296296
1 0.6265625 0.18333333333333332 0.034375 0.03888888888888889
1 0.9869791666666666 0.2337962962962963 0.025 0.058333333333333334
1 0.36015625 0.08935185185185185 0.03177083333333333 0.041666666666666664
1 0.7208333333333333 0.11527777777777778 0.03333333333333333 0.04351851851851852
1 0.7104166666666667 0.2175925925925926 0.04479166666666667 0.044444444444444446
1 0.5419270833333333 0.14351851851851852 0.034895833333333334 0.03518518518518519
1 0.7953125 0.13842592592592592 0.028125 0.026851851851851852
1 0.7205729166666667 0.1638888888888889 0.0359375 0.04259259259259259
1 0.8434895833333333 0.21296296296296297 0.049479166666666664 0.06111111111111111
1 0.7455729166666667 0.19583333333333333 0.03802083333333333 0.028703703703703703
1 0.88203125 0.2652777777777778 0.0546875 0.08611111111111111
1 0.29140625 0.1300925925925926 0.0265625 0.041666666666666664
1 0.80703125 0.20185185185185187 0.0390625 0.05555555555555555
1 0.3419270833333333 0.19537037037037036 0.04010416666666667 0.07037037037037037
1 0.7059895833333333 0.1925925925925926 0.043229166666666666 0.05555555555555555
1 0.7015625 0.16157407407407406 0.03333333333333333 0.049074074074074076
1 0.7966145833333333 0.1648148148148148 0.027604166666666666 0.03333333333333333
1 0.5 0.18425925925925926 0.04375 0.07407407407407407
1 0.3692708333333333 0.1486111111111111 0.026041666666666668 0.03981481481481482
1 0.39505208333333336 0.16296296296296298 0.0390625 0.06111111111111111
1 0.5958333333333333 0.3523148148148148 0.07395833333333333 0.09907407407407408
1 0.8450520833333334 0.2375 0.04635416666666667 0.04537037037037037
1 0.7359375 0.14953703703703702 0.03333333333333333 0.049074074074074076
1 0.5080729166666667 0.10694444444444444 0.0265625 0.03425925925925926
1 0.1796875 0.1736111111111111 0.0375 0.041666666666666664
1 0.3377604166666667 0.07592592592592592 0.0203125 0.02962962962962963
1 0.6567708333333333 0.13564814814814816 0.03229166666666667 0.041666666666666664
1 0.34348958333333335 0.12685185185185185 0.028645833333333332 0.037037037037037035
1 0.95078125 0.2050925925925926 0.049479166666666664 0.032407407407407406
1 0.4778645833333333 0.38101851851851853 0.0734375 0.10462962962962963
1 0.2609375 0.09398148148148149 0.030208333333333334 0.03981481481481482
1 0.38645833333333335 0.10416666666666667 0.026041666666666668 0.03796296296296296
1 0.44166666666666665 0.09259259259259259 0.021875 0.025925925925925925
1 0.2375 0.15138888888888888 0.036458333333333336 0.05648148148148148
1 0.36432291666666666 0.13842592592592592 0.03177083333333333 0.04537037037037037
1 0.16875 0.12685185185185185 0.034375 0.053703703703703705
1 0.17005208333333333 0.20092592592592592 0.03697916666666667 0.044444444444444446
1 0.9421875 0.27824074074074073 0.07708333333333334 0.11574074074074074
1 0.3177083333333333 0.1638888888888889 0.036458333333333336 0.05925925925925926
1 0.1671875 0.337037037037037 0.052083333333333336 0.1
1 0.60546875 0.14907407407407408 0.0328125 0.05
1 0.5578125 0.12453703703703704 0.027083333333333334 0.05277777777777778
1 0.27630208333333334 0.1087962962962963 0.0328125 0.03796296296296296
1 0.6955729166666667 0.10694444444444444 0.027604166666666666 0.03981481481481482
1 0.9497395833333333 0.24027777777777778 0.0671875 0.05277777777777778
1 0.16927083333333334 0.08981481481481482 0.03125 0.03888888888888889
1 0.625 0.1037037037037037 0.025 0.037037037037037035
1 0.17786458333333333 0.1476851851851852 0.034895833333333334 0.026851851851851852
1 0.6192708333333333 0.12175925925925926 0.030208333333333334 0.030555555555555555
1 0.60546875 0.17083333333333334 0.033854166666666664 0.03611111111111111
1 0.2981770833333333 0.2814814814814815 0.05260416666666667 0.07407407407407407
1 0.46432291666666664 0.09212962962962963 0.025520833333333333 0.03796296296296296
1 0.3028645833333333 0.15046296296296297 0.027604166666666666 0.05462962962962963
1 0.57890625 0.08981481481481482 0.0171875 0.040740740740740744
1 0.32005208333333335 0.1824074074074074 0.028645833333333332 0.05185185185185185
1 0.6544270833333333 0.16018518518518518 0.0328125 0.044444444444444446
1 0.17109375 0.17314814814814813 0.03697916666666667 0.02962962962962963
1 0.5625 0.10462962962962963 0.023958333333333335 0.040740740740740744
1 0.23255208333333333 0.12777777777777777 0.034895833333333334 0.03333333333333333
1 0.20234375 0.10833333333333334 0.021354166666666667 0.03333333333333333
1 0.6294270833333333 0.15185185185185185 0.024479166666666666 0.027777777777777776
1 0.32369791666666664 0.10787037037037037 0.024479166666666666 0.03796296296296296