2 0.7682291666666666 0.12407407407407407 0.06979166666666667 0.12407407407407407
2 0.89140625 0.15231481481481482 0.0765625 0.16203703703703703
2 0.8486979166666667 0.5157407407407407 0.15364583333333334 0.29259259259259257
1 0.17734375 0.7129629629629629 0.12864583333333332 0.15185185185185185
1 0.24453125 0.825 0.13489583333333333 0.1814814814814815
1 0.7015625 0.4546296296296296 0.08958333333333333 0.11481481481481481
1 0.6065104166666667 0.5648148148148148 0.1109375 0.14629629629629629
1 0.4161458333333333 0.5777777777777777 0.10520833333333333 0.14444444444444443
1 0.9348958333333334 0.29768518518518516 0.06875 0.08055555555555556
1 0.6028645833333334 0.36435185185185187 0.06822916666666666 0.09537037037037037
1 0.3502604166666667 0.31805555555555554 0.0640625 0.08055555555555556
1 0.6861979166666666 0.34120370370370373 0.06822916666666666 0.09351851851851851
1 0.5380208333333333 0.31342592592592594 0.06354166666666666 0.08425925925925926
1 0.7552083333333334 0.5263888888888889 0.04895833333333333 0.13425925925925927
1 0.6140625 0.9472222222222222 0.18229166666666666 0.1037037037037037
1 0.31744791666666666 0.35833333333333334 0.06822916666666666 0.08703703703703704
1 0.57578125 0.49398148148148147 0.0859375 0.12685185185185185
1 0.3802083333333333 0.49537037037037035 0.11875 0.17407407407407408
1 0.19322916666666667 0.31666666666666665 0.058333333333333334 0.08148148148148149
1 0.27421875 0.2462962962962963 0.0453125 0.06111111111111111
1 0.6481770833333333 0.2953703703703704 0.06197916666666667 0.08703703703703704
1 0.6815104166666667 0.1837962962962963 0.04010416666666667 0.05092592592592592
1 0.58515625 0.16666666666666666 0.03802083333333333 0.040740740740740744
1 0.76953125 0.21805555555555556 0.050520833333333334 0.08055555555555556
1 0.8721354166666667 0.29907407407407405 0.06510416666666667 0.07037037037037037
1 0.19375 0.47824074074074074 0.09166666666666666 0.13425925925925927
1 0.5653645833333333 0.13425925925925927 0.03177083333333333 0.044444444444444446
1 0.3890625 0.2625 0.058333333333333334 0.08611111111111111
1 0.20494791666666667 0.5777777777777777 0.09947916666666666 0.14629629629629629
1 0.7403645833333333 0.17407407407407408 0.0390625 0.06296296296296296
1 0.42213541666666665 0.32083333333333336 0.0640625 0.10092592592592593
1 0.48776041666666664 0.2726851851851852 0.04739583333333333 0.07685185185185185
1 0.4625 0.38935185185185184 0.0875 0.1398148148148148
1 0.5114583333333333 0.287962962962963 0.052083333333333336 0.08333333333333333
1 0.3609375 0.23287037037037037 0.03958333333333333 0.06574074074074074
1 0.4778645833333333 0.09351851851851851 0.030729166666666665 0.04259259259259259
1 0.41380208333333335 0.19027777777777777 0.044270833333333336 0.058333333333333334
1 0.4203125 0.1361111111111111 0.03333333333333333 0.046296296296296294
1 0.8703125 0.22546296296296298 0.05 0.06759259259259259
1 0.25546875 0.18981481481481483 0.043229166666666666 0.053703703703703705
1 0.19088541666666667 0.25462962962962965 0.04635416666666667 0.07037037037037037
1 0.47317708333333336 0.1726851851851852 0.03697916666666667 0.062037037037037036
1 0.35130208333333335 0.2074074074074074 0.04114583333333333 0.06296296296296296
1 0.23255208333333333 0.1361111111111111 0.03697916666666667 0.05555555555555555
1 0.44765625 0.15833333333333333 0.0296875 0.04814814814814815
1 0.6098958333333333 0.11898148148148148 0.0375 0.05648148148148148
1 0.3294270833333333 0.1837962962962963 0.03697916666666667 0.06388888888888888
1 0.84609375 0.16342592592592592 0.021354166666666667 0.05462962962962963
1 0.33619791666666665 0.07407407407407407 0.021354166666666667 0.02962962962962963
1 0.43125 0.21296296296296297 0.0375 0.06111111111111111
1 0.36302083333333335 0.15231481481481482 0.03125 0.041666666666666664
1 0.3809895833333333 0.16342592592592592 0.03802083333333333 0.05462962962962963
1 0.17057291666666666 0.1587962962962963 0.034895833333333334 0.04537037037037037
1 0.9333333333333333 0.18055555555555555 0.019791666666666666 0.06851851851851852
1 0.403125 0.06620370370370371 0.020833333333333332 0.021296296296296296
1 0.8877604166666667 0.2550925925925926 0.050520833333333334 0.05277777777777778
1 0.6729166666666667 0.14537037037037037 0.030208333333333334 0.03148148148148148
1 0.8377604166666667 0.15138888888888888 0.0359375 0.06018518518518518
1 0.52421875 0.11342592592592593 0.024479166666666666 0.04537037037037037
1 0.43463541666666666 0.35138888888888886 0.0578125 0.09537037037037037
1 0.6403645833333333 0.1925925925925926 0.04114583333333333 0.044444444444444446
1 0.24270833333333333 0.15925925925925927 0.03229166666666667 0.046296296296296294
1 0.4984375 0.10555555555555556 0.026041666666666668 0.03518518518518519
1 0.4544270833333333 0.08564814814814815 0.024479166666666666 0.030555555555555555
1 0.56171875 0.0712962962962963 0.028645833333333332 0.024074074074074074
1 0.2721354166666667 0.1111111111111111 0.025520833333333333 0.046296296296296294
1 0.16614583333333333 0.09074074074074075 0.029166666666666667 0.03148148148148148
1 0.26666666666666666 0.21898148148148147 0.040625 0.04722222222222222
1 0.28854166666666664 0.12731481481481483 0.029166666666666667 0.04722222222222222
1 0.3494791666666667 0.13148148148148148 0.029166666666666667 0.037037037037037035
1 0.64609375 0.11157407407407408 0.0296875 0.03796296296296296
1 0.6716145833333333 0.11712962962962963 0.024479166666666666 0.030555555555555555
1 0.5802083333333333 0.10601851851851851 0.029166666666666667 0.04351851851851852
1 0.70625 0.13194444444444445 0.035416666666666666 0.049074074074074076
1 0.3065104166666667 0.15694444444444444 0.033854166666666664 0.05648148148148148
1 0.16901041666666666 0.13148148148148148 0.0328125 0.02962962962962963
1 0.7135416666666666 0.1550925925925926 0.036458333333333336 0.058333333333333334
1 0.18151041666666667 0.23564814814814813 0.0453125 0.06018518518518518
1 0.40911458333333334 0.12546296296296297 0.0296875 0.05092592592592592
1 0.6020833333333333 0.09027777777777778 0.021875 0.023148148148148147
1 0.3932291666666667 0.1111111111111111 0.027083333333333334 0.05
1 0.55546875 0.09351851851851851 0.0234375 0.03518518518518519
1 0.33307291666666666 0.12129629629629629 0.0234375 0.03333333333333333
1 0.20989583333333334 0.11944444444444445 0.020833333333333332 0.027777777777777776
1 0.43776041666666665 0.07361111111111111 0.0203125 0.030555555555555555
1 0.325 0.10833333333333334 0.029166666666666667 0.040740740740740744
1 0.6572916666666667 0.1675925925925926 0.03229166666666667 0.046296296296296294
1 0.6828125 0.1259259259259259 0.020833333333333332 0.03148148148148148
1 0.5341145833333333 0.08564814814814815 0.021354166666666667 0.019444444444444445
1 0.21119791666666668 0.09490740740740741 0.0234375 0.026851851851851852
1 0.4544270833333333 0.22962962962962963 0.04635416666666667 0.07962962962962963
1 0.6346354166666667 0.16574074074074074 0.024479166666666666 0.04259259259259259
1 0.1765625 0.1962962962962963 0.04791666666666667 0.06666666666666667
1 0.9903645833333333 0.2689814814814815 0.018229166666666668 0.09166666666666666