1 0.9546875 0.6837962962962963 0.08958333333333333 0.18981481481481483
1 0.6747395833333333 0.7027777777777777 0.1515625 0.22962962962962963
1 0.39348958333333334 0.5486111111111112 0.0953125 0.12685185185185185
1 0.21614583333333334 0.5967592592592592 0.11145833333333334 0.14907407407407408
1 0.1890625 0.3787037037037037 0.07395833333333333 0.1
1 0.47369791666666666 0.25555555555555554 0.05364583333333333 0.06666666666666667
1 0.8013020833333333 0.5217592592592593 0.10677083333333333 0.1712962962962963
1 0.56328125 0.4935185185185185 0.09114583333333333 0.12407407407407407
1 0.36354166666666665 0.45 0.08125 0.11296296296296296
1 0.58046875 0.3439814814814815 0.059895833333333336 0.08981481481481482
1 0.4901041666666667 0.3976851851851852 0.075 0.10833333333333334
1 0.4546875 0.3680555555555556 0.05625 0.09166666666666666
1 0.6125 0.36712962962962964 0.07708333333333334 0.10277777777777777
1 0.5950520833333334 0.25 0.05364583333333333 0.08518518518518518
1 0.18802083333333333 0.3111111111111111 0.05416666666666667 0.053703703703703705
1 0.33958333333333335 0.40555555555555556 0.07395833333333333 0.10740740740740741
1 0.7450520833333333 0.3490740740740741 0.0734375 0.11296296296296296
1 0.96015625 0.9439814814814815 0.07864583333333333 0.11018518518518519
1 0.5286458333333334 0.2912037037037037 0.0625 0.09537037037037037
1 0.6744791666666666 0.4203703703703704 0.08020833333333334 0.11851851851851852
1 0.16171875 0.3486111111111111 0.0546875 0.10277777777777777
1 0.27317708333333335 0.262037037037037 0.043229166666666666 0.07037037037037037
1 0.35885416666666664 0.22962962962962963 0.040625 0.06296296296296296
1 0.66015625 0.30925925925925923 0.06302083333333333 0.08703703703703704
1 0.36770833333333336 0.25092592592592594 0.03958333333333333 0.06666666666666667
1 0.4309895833333333 0.21388888888888888 0.044270833333333336 0.06296296296296296
1 0.5567708333333333 0.22546296296296298 0.046875 0.07685185185185185
1 0.5221354166666666 0.20555555555555555 0.0421875 0.06666666666666667
1 0.8020833333333334 0.2712962962962963 0.0625 0.05
1 0.98203125 0.30972222222222223 0.034895833333333334 0.09537037037037037
1 0.17005208333333333 0.2490740740740741 0.043229166666666666 0.06296296296296296
1 0.3111979166666667 0.3296296296296296 0.06302083333333333 0.09074074074074075
1 0.6440104166666667 0.19537037037037036 0.0390625 0.040740740740740744
1 0.3997395833333333 0.1175925925925926 0.0296875 0.040740740740740744
1 0.403125 0.19305555555555556 0.03854166666666667 0.05462962962962963
1 0.4044270833333333 0.26666666666666666 0.0515625 0.08703703703703704
1 0.8098958333333334 0.14953703703703702 0.029166666666666667 0.04351851851851852
1 0.7286458333333333 0.18888888888888888 0.0375 0.027777777777777776
1 0.7286458333333333 0.2273148148148148 0.05520833333333333 0.06574074074074074
1 0.3046875 0.15231481481481482 0.028125 0.05648148148148148
1 0.7229166666666667 0.14675925925925926 0.030208333333333334 0.04722222222222222
1 0.18229166666666666 0.22268518518518518 0.040625 0.06018518518518518
1 0.7796875 0.1412037037037037 0.03229166666666667 0.03981481481481482
1 0.5088541666666667 0.19027777777777777 0.04479166666666667 0.075
1 0.434375 0.324537037037037 0.06458333333333334 0.10277777777777777
1 0.32083333333333336 0.18796296296296297 0.028125 0.05
1 0.6135416666666667 0.17777777777777778 0.03333333333333333 0.03888888888888889
1 0.29244791666666664 0.1310185185185185 0.027604166666666666 0.04537037037037037
1 0.6940104166666666 0.20972222222222223 0.0390625 0.04537037037037037
1 0.3703125 0.1537037037037037 0.03229166666666667 0.046296296296296294
1 0.8255208333333334 0.20185185185185187 0.04375 0.05925925925925926
1 0.16979166666666667 0.12361111111111112 0.036458333333333336 0.04537037037037037
1 0.2625 0.0962962962962963 0.03125 0.03888888888888889
1 0.25546875 0.21157407407407408 0.0515625 0.0824074074074074
1 0.36302083333333335 0.09212962962962963 0.03125 0.04351851851851852
1 0.8549479166666667 0.25416666666666665 0.05364583333333333 0.0824074074074074
1 0.5018229166666667 0.1050925925925926 0.0265625 0.03425925925925926
1 0.6424479166666667 0.15787037037037038 0.033854166666666664 0.04537037037037037
1 0.93125 0.20416666666666666 0.04583333333333333 0.03796296296296296
1 0.59765625 0.13842592592592592 0.028645833333333332 0.030555555555555555
1 0.9098958333333333 0.26851851851851855 0.07083333333333333 0.1037037037037037
1 0.7122395833333334 0.11296296296296296 0.0328125 0.040740740740740744
1 0.3458333333333333 0.1287037037037037 0.027083333333333334 0.03888888888888889
1 0.32057291666666665 0.1675925925925926 0.03697916666666667 0.05925925925925926
1 0.39088541666666665 0.10555555555555556 0.025520833333333333 0.03518518518518519
1 0.4359375 0.08935185185185185 0.021875 0.026851851851851852
1 0.23802083333333332 0.1527777777777778 0.035416666666666666 0.05925925925925926
1 0.33932291666666664 0.07685185185185185 0.019270833333333334 0.02962962962962963
1 0.17760416666666667 0.17685185185185184 0.042708333333333334 0.040740740740740744
1 0.6471354166666666 0.12962962962962962 0.030729166666666665 0.037037037037037035
1 0.7072916666666667 0.15925925925925927 0.034375 0.03888888888888889
1 0.6911458333333333 0.14675925925925926 0.030208333333333334 0.028703703703703703
1 0.27708333333333335 0.11157407407407408 0.03333333333333333 0.03425925925925926
1 0.21666666666666667 0.08101851851851852 0.026041666666666668 0.026851851851851852
1 0.5921875 0.16342592592592592 0.03333333333333333 0.03611111111111111
1 0.17786458333333333 0.15046296296296297 0.03697916666666667 0.026851851851851852
1 0.32708333333333334 0.10972222222222222 0.026041666666666668 0.03796296296296296
1 0.34453125 0.2 0.04010416666666667 0.07037037037037037
1 0.5552083333333333 0.10231481481481482 0.021875 0.041666666666666664
1 0.39765625 0.16712962962962963 0.03697916666666667 0.062037037037037036
1 0.23385416666666667 0.1287037037037037 0.03333333333333333 0.037037037037037035
1 0.6192708333333333 0.14675925925925926 0.023958333333333335 0.028703703703703703
1 0.5716145833333334 0.08703703703703704 0.019270833333333334 0.04259259259259259
1 0.5294270833333333 0.09259259259259259 0.024479166666666666 0.044444444444444446
1 0.4856770833333333 0.09583333333333334 0.0265625 0.04351851851851852
1 0.6104166666666667 0.11851851851851852 0.029166666666666667 0.02962962962962963
1 0.4588541666666667 0.0875 0.025 0.03425925925925926
1 0.68984375 0.18564814814814815 0.04114583333333333 0.05092592592592592
1 0.9703125 0.2310185185185185 0.03958333333333333 0.06388888888888888
1 0.5328125 0.14027777777777778 0.03333333333333333 0.032407407407407406
1 0.6856770833333333 0.10555555555555556 0.0296875 0.04259259259259259
1 0.6158854166666666 0.10462962962962963 0.027604166666666666 0.040740740740740744
1 0.8223958333333333 0.2310185185185185 0.03958333333333333 0.04537037037037037
1 0.3028645833333333 0.2898148148148148 0.0546875 0.07777777777777778
1 0.16875 0.19583333333333333 0.0375 0.06574074074074074
1 0.9182291666666667 0.2439814814814815 0.06666666666666667 0.075
1 0.2046875 0.1111111111111111 0.01875 0.03333333333333333
1 0.16536458333333334 0.0962962962962963 0.0359375 0.05555555555555555
1 0.2578125 0.17407407407407408 0.052083333333333336 0.053703703703703705
1 0.9893229166666667 0.23425925925925925 0.0203125 0.05740740740740741