2 0.6143229166666667 0.324537037037037 0.09010416666666667 0.18611111111111112
2 0.8768229166666667 0.14953703703703702 0.0796875 0.13425925925925927
2 0.8033854166666666 0.09351851851851851 0.059895833333333336 0.09444444444444444
1 0.6359375 0.6189814814814815 0.10833333333333334 0.15462962962962962
1 0.8190104166666666 0.8162037037037037 0.15677083333333333 0.20462962962962963
1 0.9361979166666666 0.6837962962962963 0.1265625 0.1675925925925926
1 0.5361979166666667 0.3087962962962963 0.059895833333333336 0.0787037037037037
1 0.33828125 0.3712962962962963 0.06927083333333334 0.09444444444444444
1 0.5947916666666667 0.5407407407407407 0.09270833333333334 0.1259259259259259
1 0.8229166666666666 0.2759259259259259 0.05520833333333333 0.06851851851851852
1 0.40598958333333335 0.5745370370370371 0.10677083333333333 0.1675925925925926
1 0.8510416666666667 0.24722222222222223 0.05520833333333333 0.06666666666666667
1 0.46145833333333336 0.3611111111111111 0.06979166666666667 0.0962962962962963
1 0.20182291666666666 0.49953703703703706 0.08177083333333333 0.10833333333333334
1 0.4390625 0.324537037037037 0.05520833333333333 0.08796296296296297
1 0.271875 0.2625 0.052083333333333336 0.06759259259259259
1 0.484375 0.25925925925925924 0.04895833333333333 0.07037037037037037
1 0.37552083333333336 0.5222222222222223 0.08229166666666667 0.12777777777777777
1 0.6510416666666666 0.17407407407407408 0.03958333333333333 0.053703703703703705
1 0.97578125 0.5513888888888889 0.04739583333333333 0.13796296296296295
1 0.7005208333333334 0.4337962962962963 0.09895833333333333 0.16203703703703703
1 0.45677083333333335 0.2310185185185185 0.04791666666666667 0.06018518518518518
1 0.5380208333333333 0.2175925925925926 0.046875 0.07222222222222222
1 0.5734375 0.23981481481481481 0.04895833333333333 0.06666666666666667
1 0.5575520833333333 0.33935185185185185 0.034895833333333334 0.08611111111111111
1 0.1921875 0.4486111111111111 0.08020833333333334 0.10092592592592593
1 0.25755208333333335 0.19490740740740742 0.03697916666666667 0.05092592592592592
1 0.32057291666666665 0.3287037037037037 0.0765625 0.11666666666666667
1 0.1875 0.24212962962962964 0.04375 0.06574074074074074
1 0.5864583333333333 0.14351851851851852 0.034375 0.05
1 0.17838541666666666 0.38055555555555554 0.0640625 0.1037037037037037
1 0.96484375 0.29814814814814816 0.06927083333333334 0.10925925925925926
1 0.7174479166666666 0.1425925925925926 0.021354166666666667 0.044444444444444446
1 0.4075520833333333 0.274537037037037 0.059895833333333336 0.10092592592592593
1 0.90234375 0.22916666666666666 0.05572916666666667 0.08055555555555556
1 0.71171875 0.23287037037037037 0.0515625 0.05277777777777778
1 0.78984375 0.22870370370370371 0.0484375 0.06296296296296296
1 0.22005208333333334 0.11574074074074074 0.0359375 0.05185185185185185
1 0.6364583333333333 0.16203703703703703 0.036458333333333336 0.053703703703703705
1 0.4036458333333333 0.1736111111111111 0.0375 0.06018518518518518
1 0.18333333333333332 0.3277777777777778 0.07395833333333333 0.10740740740740741
1 0.5169270833333334 0.10925925925925926 0.034895833333333334 0.05
1 0.3385416666666667 0.20555555555555555 0.04791666666666667 0.07037037037037037
1 0.8130208333333333 0.1712962962962963 0.041666666666666664 0.06851851851851852
1 0.4361979166666667 0.19907407407407407 0.03697916666666667 0.03888888888888889
1 0.259375 0.09305555555555556 0.022916666666666665 0.03611111111111111
1 0.4109375 0.20694444444444443 0.0375 0.03796296296296296
1 0.7671875 0.1597222222222222 0.036458333333333336 0.06388888888888888
1 0.18463541666666666 0.19722222222222222 0.0390625 0.05185185185185185
1 0.3770833333333333 0.1537037037037037 0.035416666666666666 0.05
1 0.28854166666666664 0.12962962962962962 0.029166666666666667 0.04814814814814815
1 0.621875 0.10046296296296296 0.022916666666666665 0.017592592592592594
1 0.3497395833333333 0.1310185185185185 0.03802083333333333 0.04722222222222222
1 0.9825520833333333 0.9712962962962963 0.033854166666666664 0.05555555555555555
1 0.6072916666666667 0.08472222222222223 0.029166666666666667 0.026851851851851852
1 0.27239583333333334 0.10648148148148148 0.029166666666666667 0.04259259259259259
1 0.9473958333333333 0.17685185185185184 0.03958333333333333 0.05740740740740741
1 0.43359375 0.0763888888888889 0.022395833333333334 0.028703703703703703
1 0.3489583333333333 0.23935185185185184 0.027083333333333334 0.062037037037037036
1 0.3729166666666667 0.2625 0.03229166666666667 0.06944444444444445
1 0.68515625 0.15 0.0546875 0.06481481481481481
1 0.3846354166666667 0.10462962962962963 0.033854166666666664 0.044444444444444446
1 0.6450520833333333 0.12407407407407407 0.03177083333333333 0.03888888888888889
1 0.30520833333333336 0.15046296296296297 0.03125 0.05462962962962963
1 0.9690104166666667 0.19675925925925927 0.04739583333333333 0.0712962962962963
1 0.5567708333333333 0.12916666666666668 0.023958333333333335 0.03611111111111111
1 0.16744791666666667 0.13148148148148148 0.034895833333333334 0.040740740740740744
1 0.36276041666666664 0.09074074074074075 0.024479166666666666 0.044444444444444446
1 0.6171875 0.14953703703703702 0.034375 0.062037037037037036
1 0.3046875 0.08888888888888889 0.034375 0.03333333333333333
1 0.47317708333333336 0.0912037037037037 0.016145833333333335 0.03796296296296296
1 0.66640625 0.10694444444444444 0.025520833333333333 0.023148148148148147
1 0.17630208333333333 0.18425925925925926 0.033854166666666664 0.05555555555555555
1 0.7786458333333334 0.21157407407407408 0.06770833333333333 0.0787037037037037
1 0.3184895833333333 0.1648148148148148 0.044270833333333336 0.046296296296296294
1 0.321875 0.10833333333333334 0.03333333333333333 0.03333333333333333
1 0.24322916666666666 0.15694444444444444 0.0375 0.04722222222222222
1 0.4588541666666667 0.08333333333333333 0.01875 0.03333333333333333
1 0.23255208333333333 0.13148148148148148 0.0296875 0.03888888888888889
1 0.9143229166666667 0.21342592592592594 0.05364583333333333 0.08425925925925926
1 0.37604166666666666 0.24259259259259258 0.04375 0.07962962962962963
1 0.17057291666666666 0.1675925925925926 0.043229166666666666 0.046296296296296294
1 0.7986979166666667 0.1875 0.0234375 0.030555555555555555
1 0.496875 0.10416666666666667 0.014583333333333334 0.03796296296296296
1 0.40598958333333335 0.12222222222222222 0.024479166666666666 0.03333333333333333
1 0.4234375 0.13564814814814816 0.028125 0.049074074074074076
1 0.9916666666666667 0.20416666666666666 0.015625 0.0787037037037037