2 0.84140625 0.14675925925925926 0.0765625 0.1398148148148148
2 0.67265625 0.37037037037037035 0.1109375 0.2111111111111111
2 0.7747395833333334 0.08935185185185185 0.058854166666666666 0.08796296296296297
1 0.75625 0.7837962962962963 0.13854166666666667 0.19166666666666668
1 0.6888020833333334 0.6546296296296297 0.11927083333333334 0.15185185185185185
1 0.5822916666666667 0.3439814814814815 0.06875 0.08796296296296297
1 0.28177083333333336 0.2884259259259259 0.05625 0.07314814814814814
1 0.20807291666666666 0.5726851851851852 0.09427083333333333 0.12685185185185185
1 0.49192708333333335 0.40925925925925927 0.07552083333333333 0.10925925925925926
1 0.51171875 0.2865740740740741 0.05364583333333333 0.075
1 0.35911458333333335 0.4212962962962963 0.07864583333333333 0.10740740740740741
1 0.4791666666666667 0.2550925925925926 0.053125 0.06759259259259259
1 0.7802083333333333 0.5097222222222222 0.115625 0.18796296296296297
1 0.4140625 0.6194444444444445 0.1 0.1537037037037037
1 0.89140625 0.26944444444444443 0.06197916666666667 0.0962962962962963
1 0.19114583333333332 0.26064814814814813 0.04791666666666667 0.07314814814814814
1 0.6005208333333333 0.2662037037037037 0.052083333333333336 0.06944444444444445
1 0.3411458333333333 0.3680555555555556 0.08645833333333333 0.13240740740740742
1 0.19192708333333333 0.5120370370370371 0.09322916666666667 0.11296296296296296
1 0.7575520833333333 0.2439814814814815 0.0484375 0.06018518518518518
1 0.6640625 0.20416666666666666 0.041666666666666664 0.041666666666666664
1 0.6208333333333333 0.16018518518518518 0.036458333333333336 0.05
1 0.60546875 0.38657407407407407 0.0390625 0.09722222222222222
1 0.4778645833333333 0.3680555555555556 0.0640625 0.09722222222222222
1 0.4236979166666667 0.30462962962962964 0.0640625 0.10925925925925926
1 0.8419270833333333 0.21064814814814814 0.0484375 0.07685185185185185
1 0.92734375 0.18518518518518517 0.04114583333333333 0.06481481481481481
1 0.5677083333333334 0.2412037037037037 0.053125 0.07685185185185185
1 0.46380208333333334 0.6962962962962963 0.13072916666666667 0.21851851851851853
1 0.26484375 0.21064814814814814 0.03802083333333333 0.05277777777777778
1 0.44505208333333335 0.2263888888888889 0.0453125 0.058333333333333334
1 0.18307291666666667 0.42824074074074076 0.0703125 0.11388888888888889
1 0.690625 0.13287037037037036 0.01875 0.03981481481481482
1 0.353125 0.22314814814814815 0.051041666666666666 0.07592592592592592
1 0.18723958333333332 0.2101851851851852 0.0390625 0.04814814814814815
1 0.36380208333333336 0.25972222222222224 0.03177083333333333 0.06574074074074074
1 0.6044270833333333 0.15 0.033854166666666664 0.05
1 0.26276041666666666 0.09861111111111111 0.0234375 0.03796296296296296
1 0.3541666666666667 0.14074074074074075 0.042708333333333334 0.05185185185185185
1 0.315625 0.16018518518518518 0.03229166666666667 0.05555555555555555
1 0.5661458333333333 0.13333333333333333 0.03229166666666667 0.046296296296296294
1 0.25807291666666665 0.18935185185185185 0.0453125 0.04537037037037037
1 0.38828125 0.16527777777777777 0.0359375 0.05462962962962963
1 0.3268229166666667 0.11435185185185186 0.034895833333333334 0.03425925925925926
1 0.66328125 0.1398148148148148 0.04010416666666667 0.06111111111111111
1 0.7291666666666666 0.13796296296296295 0.03125 0.037037037037037035
1 0.48359375 0.09861111111111111 0.022395833333333334 0.03611111111111111
1 0.78515625 0.22361111111111112 0.043229166666666666 0.06018518518518518
1 0.39453125 0.11342592592592593 0.033854166666666664 0.04537037037037037
1 0.73984375 0.2074074074074074 0.0453125 0.06481481481481481
1 0.50625 0.10555555555555556 0.03125 0.046296296296296294
1 0.16614583333333333 0.1726851851851852 0.03229166666666667 0.05648148148148148
1 0.16927083333333334 0.08148148148148149 0.026041666666666668 0.025925925925925925
1 0.9072916666666667 0.17314814814814813 0.03854166666666667 0.06666666666666667
1 0.7203125 0.19166666666666668 0.041666666666666664 0.07222222222222222
1 0.52734375 0.12083333333333333 0.016145833333333335 0.03611111111111111
1 0.41796875 0.12962962962962962 0.0265625 0.03333333333333333
1 0.3341145833333333 0.19953703703703704 0.03177083333333333 0.05277777777777778
1 0.22708333333333333 0.12962962962962962 0.0375 0.03888888888888889
1 0.43645833333333334 0.14537037037037037 0.03229166666666667 0.05185185185185185
1 0.5942708333333333 0.13657407407407407 0.03333333333333333 0.062037037037037036
1 0.24713541666666666 0.16666666666666666 0.03802083333333333 0.05
1 0.55078125 0.06712962962962964 0.022395833333333334 0.032407407407407406
1 0.4231770833333333 0.19027777777777777 0.04114583333333333 0.06574074074074074
1 0.29322916666666665 0.1361111111111111 0.03229166666666667 0.05
1 0.7440104166666667 0.14583333333333334 0.027604166666666666 0.028703703703703703
1 0.60390625 0.09537037037037037 0.022395833333333334 0.016666666666666666
1 0.42213541666666665 0.07083333333333333 0.021354166666666667 0.030555555555555555
1 0.27682291666666664 0.1111111111111111 0.027604166666666666 0.044444444444444446
1 0.82109375 0.18888888888888888 0.04114583333333333 0.06666666666666667
1 0.6229166666666667 0.11851851851851852 0.03125 0.040740740740740744
1 0.371875 0.09675925925925925 0.026041666666666668 0.04351851851851852
1 0.18020833333333333 0.19074074074074074 0.03958333333333333 0.07037037037037037
1 0.6455729166666667 0.10138888888888889 0.0234375 0.023148148148148147
1 0.7736979166666667 0.1527777777777778 0.03802083333333333 0.05185185185185185
1 0.18671875 0.37083333333333335 0.0796875 0.12129629629629629
1 0.5921875 0.08287037037037037 0.028125 0.028703703703703703
1 0.1671875 0.1398148148148148 0.03333333333333333 0.044444444444444446
1 0.31197916666666664 0.09398148148148149 0.03333333333333333 0.03425925925925926
1 0.4015625 0.06898148148148148 0.020833333333333332 0.025
1 0.44765625 0.07685185185185185 0.0203125 0.03888888888888889
1 0.39348958333333334 0.26481481481481484 0.0484375 0.08333333333333333
1 0.396875 0.18333333333333332 0.028125 0.05555555555555555
1 0.22005208333333334 0.10601851851851851 0.0390625 0.026851851851851852
1 0.32916666666666666 0.1787037037037037 0.041666666666666664 0.05
1 0.23828125 0.14166666666666666 0.034895833333333334 0.040740740740740744
1 0.1703125 0.10231481481481482 0.030208333333333334 0.028703703703703703
1 0.7510416666666667 0.17407407407407408 0.025 0.03518518518518519
1 0.9635416666666666 0.19166666666666668 0.04895833333333333 0.07592592592592592
1 0.99140625 0.24305555555555555 0.016145833333333335 0.0712962962962963
1 0.9940104166666667 0.2851851851851852 0.0109375 0.06481481481481481