2 0.70703125 0.09861111111111111 0.05364583333333333 0.1175925925925926
2 0.6466145833333333 0.09027777777777778 0.050520833333333334 0.09537037037037037
1 0.3143229166666667 0.6981481481481482 0.1328125 0.17222222222222222
1 0.7299479166666667 0.7194444444444444 0.14322916666666666 0.18518518518518517
1 0.8927083333333333 0.6180555555555556 0.12604166666666666 0.16018518518518518
1 0.9158854166666667 0.9041666666666667 0.1671875 0.18981481481481483
1 0.4739583333333333 0.7569444444444444 0.140625 0.18425925925925926
1 0.6518229166666667 0.6013888888888889 0.12239583333333333 0.18981481481481483
1 0.7192708333333333 0.4597222222222222 0.09583333333333334 0.12314814814814815
1 0.7864583333333334 0.5337962962962963 0.10729166666666666 0.15092592592592594
1 0.5174479166666667 0.4583333333333333 0.1015625 0.15
1 0.4635416666666667 0.36574074074074076 0.07083333333333333 0.09259259259259259
1 0.20572916666666666 0.4185185185185185 0.07291666666666667 0.10925925925925926
1 0.3419270833333333 0.39675925925925926 0.06927083333333334 0.09166666666666666
1 0.9731770833333333 0.26481481481481484 0.05260416666666667 0.08703703703703704
1 0.5205729166666667 0.28564814814814815 0.0609375 0.0824074074074074
1 0.6200520833333333 0.2657407407407407 0.0546875 0.08888888888888889
1 0.6028645833333334 0.1736111111111111 0.0359375 0.041666666666666664
1 0.9005208333333333 0.18009259259259258 0.03958333333333333 0.05092592592592592
1 0.15651041666666668 0.35509259259259257 0.0703125 0.10648148148148148
1 0.4359375 0.21481481481481482 0.040625 0.05925925925925926
1 0.32317708333333334 0.34120370370370373 0.06302083333333333 0.08611111111111111
1 0.41875 0.30972222222222223 0.06145833333333333 0.08611111111111111
1 0.40208333333333335 0.17916666666666667 0.03854166666666667 0.049074074074074076
1 0.8705729166666667 0.1699074074074074 0.034895833333333334 0.049074074074074076
1 0.8682291666666667 0.25046296296296294 0.051041666666666666 0.04537037037037037
1 0.6450520833333333 0.37546296296296294 0.0796875 0.125
1 0.29973958333333334 0.3162037037037037 0.05260416666666667 0.0787037037037037
1 0.9276041666666667 0.2449074074074074 0.05416666666666667 0.06759259259259259
1 0.6588541666666666 0.175 0.0375 0.05555555555555555
1 0.56015625 0.324537037037037 0.06197916666666667 0.09166666666666666
1 0.9067708333333333 0.30787037037037035 0.07708333333333334 0.08055555555555556
1 0.49296875 0.18055555555555555 0.0390625 0.05555555555555555
1 0.26276041666666666 0.21944444444444444 0.0390625 0.05925925925925926
1 0.19375 0.14074074074074075 0.023958333333333335 0.046296296296296294
1 0.6723958333333333 0.14351851851851852 0.03333333333333333 0.03888888888888889
1 0.7236979166666667 0.15648148148148147 0.034895833333333334 0.040740740740740744
1 0.17291666666666666 0.2125 0.03854166666666667 0.05462962962962963
1 0.69140625 0.17962962962962964 0.04114583333333333 0.03888888888888889
1 0.7578125 0.24814814814814815 0.04791666666666667 0.05185185185185185
1 0.6815104166666667 0.20833333333333334 0.0390625 0.044444444444444446
1 0.496875 0.27175925925925926 0.04375 0.07314814814814814
1 0.46953125 0.2388888888888889 0.049479166666666664 0.08148148148148149
1 0.3736979166666667 0.16157407407407406 0.0359375 0.04537037037037037
1 0.7645833333333333 0.13287037037037036 0.035416666666666666 0.05462962962962963
1 0.5723958333333333 0.24259259259259258 0.04895833333333333 0.07037037037037037
1 0.3424479166666667 0.07731481481481481 0.0296875 0.03425925925925926
1 0.81953125 0.1787037037037037 0.03697916666666667 0.05555555555555555
1 0.36484375 0.2212962962962963 0.043229166666666666 0.07407407407407407
1 0.4705729166666667 0.1675925925925926 0.033854166666666664 0.053703703703703705
1 0.8666666666666667 0.2949074074074074 0.03854166666666667 0.05092592592592592
1 0.17473958333333334 0.30092592592592593 0.06302083333333333 0.07222222222222222
1 0.7734375 0.18935185185185185 0.03854166666666667 0.05648148148148148
1 0.27786458333333336 0.11481481481481481 0.028645833333333332 0.03888888888888889
1 0.38723958333333336 0.2611111111111111 0.049479166666666664 0.08518518518518518
1 0.33828125 0.19490740740740742 0.03697916666666667 0.05648148148148148
1 0.31979166666666664 0.17037037037037037 0.041666666666666664 0.06296296296296296
1 0.30052083333333335 0.1439814814814815 0.03229166666666667 0.05277777777777778
1 0.7255208333333333 0.19722222222222222 0.03958333333333333 0.05740740740740741
1 0.46640625 0.10555555555555556 0.025520833333333333 0.02962962962962963
1 0.4 0.2916666666666667 0.04479166666666667 0.07407407407407407
1 0.48880208333333336 0.09768518518518518 0.024479166666666666 0.03425925925925926
1 0.33958333333333335 0.11574074074074074 0.036458333333333336 0.040740740740740744
1 0.37265625 0.10185185185185185 0.025520833333333333 0.03333333333333333
1 0.7109375 0.22962962962962963 0.04791666666666667 0.05925925925925926
1 0.17578125 0.2574074074074074 0.05677083333333333 0.05
1 0.25546875 0.08518518518518518 0.025520833333333333 0.03518518518518519
1 0.5981770833333333 0.1439814814814815 0.034895833333333334 0.058333333333333334
1 0.5244791666666667 0.08055555555555556 0.030208333333333334 0.037037037037037035
1 0.8080729166666667 0.20555555555555555 0.04114583333333333 0.05
1 0.459375 0.15462962962962962 0.03854166666666667 0.05925925925925926
1 0.8049479166666667 0.23657407407407408 0.04739583333333333 0.0712962962962963
1 0.1671875 0.17083333333333334 0.04375 0.062037037037037036
1 0.5065104166666666 0.12314814814814815 0.0296875 0.03518518518518519
1 0.23151041666666666 0.12916666666666668 0.033854166666666664 0.04722222222222222
1 0.5731770833333333 0.10694444444444444 0.03177083333333333 0.049074074074074076
1 0.74296875 0.11944444444444445 0.021354166666666667 0.044444444444444446
1 0.553125 0.10462962962962963 0.016666666666666666 0.03333333333333333
1 0.30625 0.09675925925925925 0.027083333333333334 0.03425925925925926
1 0.29348958333333336 0.13240740740740742 0.025520833333333333 0.05185185185185185
1 0.5197916666666667 0.2013888888888889 0.04583333333333333 0.06944444444444445
1 0.25026041666666665 0.18101851851851852 0.04635416666666667 0.07314814814814814
1 0.15989583333333332 0.11805555555555555 0.036458333333333336 0.05277777777777778
1 0.5408854166666667 0.12129629629629629 0.0296875 0.040740740740740744
1 0.17604166666666668 0.1925925925925926 0.03854166666666667 0.05555555555555555
1 0.45 0.07592592592592592 0.026041666666666668 0.03518518518518519
1 0.825 0.2722222222222222 0.059375 0.05740740740740741
1 0.28541666666666665 0.2671296296296296 0.053125 0.075
1 0.2765625 0.22962962962962963 0.03854166666666667 0.04814814814814815
1 0.40651041666666665 0.07222222222222222 0.024479166666666666 0.03148148148148148
1 0.25807291666666665 0.13796296296296295 0.022395833333333334 0.022222222222222223
1 0.6026041666666667 0.10925925925925926 0.027083333333333334 0.03148148148148148
1 0.5903645833333333 0.07777777777777778 0.019270833333333334 0.024074074074074074
1 0.9895833333333334 0.36898148148148147 0.019791666666666666 0.05462962962962963