2 0.9111979166666667 0.1638888888888889 0.0890625 0.15185185185185185
2 0.828125 0.10046296296296296 0.06354166666666666 0.09166666666666666
1 0.7013020833333333 0.6777777777777778 0.1296875 0.17037037037037037
1 0.8796875 0.30416666666666664 0.06458333333333334 0.06944444444444445
1 0.8270833333333333 0.5828703703703704 0.11354166666666667 0.14537037037037037
1 0.5770833333333333 0.5361111111111111 0.09375 0.13333333333333333
1 0.2 0.45555555555555555 0.07604166666666666 0.10185185185185185
1 0.5075520833333333 0.28703703703703703 0.05364583333333333 0.07222222222222222
1 0.9231770833333334 0.2708333333333333 0.058854166666666666 0.07314814814814814
1 0.440625 0.33240740740740743 0.065625 0.08888888888888889
1 0.3809895833333333 0.5037037037037037 0.09322916666666667 0.14814814814814814
1 0.5393229166666667 0.47685185185185186 0.08697916666666666 0.10925925925925926
1 0.3234375 0.3416666666666667 0.06458333333333334 0.08703703703703704
1 0.47109375 0.9611111111111111 0.15885416666666666 0.07592592592592592
1 0.65078125 0.3912037037037037 0.09010416666666667 0.14722222222222223
1 0.4140625 0.30092592592592593 0.051041666666666666 0.08148148148148149
1 0.9020833333333333 0.4777777777777778 0.10208333333333333 0.1259259259259259
1 0.8390625 0.24768518518518517 0.053125 0.07314814814814814
1 0.5283854166666667 0.31296296296296294 0.03697916666666667 0.08148148148148149
1 0.6783854166666666 0.1865740740740741 0.04114583333333333 0.05648148148148148
1 0.8328125 0.8611111111111112 0.16770833333333332 0.2740740740740741
1 0.26927083333333335 0.24675925925925926 0.04895833333333333 0.06388888888888888
1 0.25338541666666664 0.18518518518518517 0.0359375 0.05185185185185185
1 0.7609375 0.2490740740740741 0.057291666666666664 0.05
1 0.19348958333333333 0.40925925925925927 0.07447916666666667 0.09259259259259259
1 0.44036458333333334 0.21851851851851853 0.04635416666666667 0.05925925925925926
1 0.5721354166666667 0.1398148148148148 0.03177083333333333 0.03888888888888889
1 0.3059895833333333 0.3037037037037037 0.06927083333333334 0.10740740740740741
1 0.6072916666666667 0.15185185185185185 0.034375 0.05185185185185185
1 0.5190104166666667 0.20462962962962963 0.0453125 0.06851851851851852
1 0.5466145833333333 0.22685185185185186 0.04114583333333333 0.06481481481481481
1 0.3921875 0.25601851851851853 0.05625 0.09722222222222222
1 0.4434895833333333 0.08009259259259259 0.0234375 0.032407407407407406
1 0.17526041666666667 0.34953703703703703 0.058854166666666666 0.09537037037037037
1 0.18880208333333334 0.14629629629629629 0.027604166666666666 0.03888888888888889
1 0.35703125 0.24814814814814815 0.0328125 0.06851851851851852
1 0.66328125 0.1736111111111111 0.0359375 0.05462962962962963
1 0.33046875 0.19537037037037036 0.044270833333333336 0.06666666666666667
1 0.40729166666666666 0.12546296296296297 0.041666666666666664 0.05277777777777778
1 0.18697916666666667 0.22592592592592592 0.042708333333333334 0.06111111111111111
1 0.8203125 0.22824074074074074 0.065625 0.08425925925925926
1 0.28463541666666664 0.12546296296296297 0.0296875 0.04537037037037037
1 0.34765625 0.1287037037037037 0.030729166666666665 0.04814814814814815
1 0.24401041666666667 0.1675925925925926 0.0421875 0.046296296296296294
1 0.18828125 0.30416666666666664 0.05260416666666667 0.09907407407407408
1 0.23098958333333333 0.12731481481481483 0.03177083333333333 0.03981481481481482
1 0.9596354166666666 0.24768518518518517 0.0546875 0.08425925925925926
1 0.39375 0.15833333333333333 0.035416666666666666 0.044444444444444446
1 0.4674479166666667 0.24259259259259258 0.044270833333333336 0.06666666666666667
1 0.5104166666666666 0.10740740740740741 0.017708333333333333 0.044444444444444446
1 0.32864583333333336 0.11851851851851852 0.019791666666666666 0.03333333333333333
1 0.6390625 0.16064814814814815 0.036458333333333336 0.062037037037037036
1 0.48489583333333336 0.09768518518518518 0.017708333333333333 0.03425925925925926
1 0.41901041666666666 0.19212962962962962 0.0390625 0.041666666666666664
1 0.21588541666666666 0.11157407407407408 0.030729166666666665 0.04722222222222222
1 0.7427083333333333 0.15138888888888888 0.017708333333333333 0.04537037037037037
1 0.18255208333333334 0.18425925925925926 0.0421875 0.05
1 0.32057291666666665 0.10648148148148148 0.0296875 0.03148148148148148
1 0.25625 0.0912037037037037 0.021875 0.03611111111111111
1 0.31145833333333334 0.15833333333333333 0.040625 0.04814814814814815
1 0.29921875 0.14583333333333334 0.030729166666666665 0.05092592592592592
1 0.4161458333333333 0.07175925925925926 0.016666666666666666 0.026851851851851852
1 0.9841145833333333 0.22453703703703703 0.030729166666666665 0.075
1 0.16953125 0.16064814814814815 0.04114583333333333 0.04351851851851852
1 0.80234375 0.16574074074074074 0.03177083333333333 0.05925925925925926
1 0.978125 0.18055555555555555 0.042708333333333334 0.046296296296296294
1 0.26979166666666665 0.10138888888888889 0.029166666666666667 0.03796296296296296
1 0.63828125 0.10601851851851851 0.024479166666666666 0.019444444444444445
1 0.3575520833333333 0.0837962962962963 0.0234375 0.03611111111111111
1 0.6377604166666667 0.12361111111111112 0.024479166666666666 0.021296296296296296
1 0.3697916666666667 0.14722222222222223 0.034375 0.05
1 0.35625 0.22453703703703703 0.053125 0.06574074074074074
1 0.8114583333333333 0.17175925925925925 0.03229166666666667 0.03981481481481482
1 0.6653645833333334 0.12962962962962962 0.03697916666666667 0.037037037037037035
1 0.1671875 0.1259259259259259 0.03125 0.03888888888888889
1 0.3880208333333333 0.1935185185185185 0.03958333333333333 0.03148148148148148
1 0.3033854166666667 0.08564814814814815 0.03177083333333333 0.03425925925925926
1 0.23984375 0.1388888888888889 0.033854166666666664 0.024074074074074074
1 0.6203125 0.08981481481481482 0.030208333333333334 0.03148148148148148
1 0.35234375 0.46805555555555556 0.0703125 0.11574074074074074
1 0.6854166666666667 0.11388888888888889 0.027083333333333334 0.025925925925925925
1 0.371875 0.15833333333333333 0.023958333333333335 0.046296296296296294