2 0.7252604166666666 0.1050925925925926 0.05677083333333333 0.12129629629629629
2 0.65859375 0.09166666666666666 0.050520833333333334 0.1
1 0.8104166666666667 0.5467592592592593 0.11145833333333334 0.1398148148148148
1 0.35260416666666666 0.5953703703703703 0.11458333333333333 0.14629629629629629
1 0.6583333333333333 0.6296296296296297 0.12708333333333333 0.16296296296296298
1 0.4901041666666667 0.41759259259259257 0.09479166666666666 0.14074074074074075
1 0.60078125 0.537962962962963 0.1078125 0.17037037037037037
1 0.32838541666666665 0.36712962962962964 0.06197916666666667 0.08425925925925926
1 0.66875 0.4212962962962963 0.08645833333333333 0.11481481481481481
1 0.01953125 0.5092592592592593 0.0390625 0.13333333333333333
1 0.44166666666666665 0.34120370370370373 0.0625 0.08796296296296297
1 0.721875 0.4787037037037037 0.096875 0.13333333333333333
1 0.42942708333333335 0.6546296296296297 0.12447916666666667 0.1685185185185185
1 0.9765625 0.7402777777777778 0.04583333333333333 0.18981481481481483
1 0.3125 0.3199074074074074 0.06041666666666667 0.08055555555555556
1 0.540625 0.30277777777777776 0.05625 0.08703703703703704
1 0.5018229166666667 0.26851851851851855 0.0578125 0.07962962962962963
1 0.5955729166666667 0.2490740740740741 0.0515625 0.08518518518518518
1 0.5015625 0.18935185185185185 0.04375 0.06574074074074074
1 0.39401041666666664 0.1712962962962963 0.03697916666666667 0.04814814814814815
1 0.6268229166666667 0.18518518518518517 0.04010416666666667 0.044444444444444446
1 0.20755208333333333 0.38564814814814813 0.06510416666666667 0.10092592592592593
1 0.6825520833333333 0.18425925925925926 0.04114583333333333 0.05740740740740741
1 0.6111979166666667 0.3476851851851852 0.07447916666666667 0.1175925925925926
1 0.9755208333333333 0.262037037037037 0.04791666666666667 0.06481481481481481
1 0.40234375 0.2912037037037037 0.058854166666666666 0.08055555555555556
1 0.8755208333333333 0.29953703703703705 0.06354166666666666 0.06944444444444445
1 0.4231770833333333 0.2050925925925926 0.04010416666666667 0.058333333333333334
1 0.5518229166666667 0.22777777777777777 0.0453125 0.06481481481481481
1 0.17317708333333334 0.20185185185185187 0.03802083333333333 0.05185185185185185
1 0.74609375 0.2412037037037037 0.050520833333333334 0.05462962962962963
1 0.45703125 0.2263888888888889 0.04739583333333333 0.07685185185185185
1 0.28958333333333336 0.2953703703703704 0.04895833333333333 0.07777777777777778
1 0.9294270833333333 0.18935185185185185 0.044270833333333336 0.05277777777777778
1 0.8955729166666667 0.17962962962962964 0.03802083333333333 0.05185185185185185
1 0.7151041666666667 0.1962962962962963 0.04583333333333333 0.05555555555555555
1 0.19609375 0.1361111111111111 0.0265625 0.046296296296296294
1 0.9208333333333333 0.2824074074074074 0.05520833333333333 0.07222222222222222
1 0.8049479166666667 0.2689814814814815 0.0484375 0.05462962962962963
1 0.4778645833333333 0.25601851851851853 0.0421875 0.06944444444444445
1 0.8489583333333334 0.18981481481481483 0.041666666666666664 0.05740740740740741
1 0.69375 0.15231481481481482 0.034375 0.04351851851851852
1 0.4986979166666667 0.1 0.024479166666666666 0.03518518518518519
1 0.55703125 0.12824074074074074 0.024479166666666666 0.03796296296296296
1 0.4786458333333333 0.1675925925925926 0.0375 0.046296296296296294
1 0.3143229166666667 0.1625 0.04010416666666667 0.06018518518518518
1 0.2640625 0.20972222222222223 0.042708333333333334 0.05648148148148148
1 0.33203125 0.19444444444444445 0.034895833333333334 0.06666666666666667
1 0.7815104166666667 0.1388888888888889 0.03802083333333333 0.05555555555555555
1 0.3768229166666667 0.24675925925925926 0.049479166666666664 0.08425925925925926
1 0.40729166666666666 0.06851851851851852 0.021875 0.024074074074074074
1 0.3375 0.07453703703703704 0.027083333333333334 0.032407407407407406
1 0.36770833333333336 0.15416666666666667 0.036458333333333336 0.041666666666666664
1 0.18072916666666666 0.3333333333333333 0.06354166666666666 0.1111111111111111
1 0.61640625 0.1527777777777778 0.03697916666666667 0.05925925925925926
1 0.51953125 0.1310185185185185 0.03177083333333333 0.03425925925925926
1 0.9682291666666667 0.3476851851851852 0.0625 0.11018518518518519
1 0.9309895833333334 0.32037037037037036 0.04739583333333333 0.053703703703703705
1 0.46119791666666665 0.16018518518518518 0.03177083333333333 0.053703703703703705
1 0.27708333333333335 0.23194444444444445 0.04479166666666667 0.032407407407407406
1 0.56484375 0.10925925925925926 0.021354166666666667 0.03333333333333333
1 0.3671875 0.09537037037037037 0.025 0.03518518518518519
1 0.47552083333333334 0.11064814814814815 0.027083333333333334 0.028703703703703703
1 0.44869791666666664 0.14629629629629629 0.033854166666666664 0.05740740740740741
1 0.7140625 0.2222222222222222 0.041666666666666664 0.046296296296296294
1 0.8390625 0.20277777777777778 0.041666666666666664 0.04259259259259259
1 0.8065104166666667 0.18194444444444444 0.03802083333333333 0.026851851851851852
1 0.16927083333333334 0.08333333333333333 0.036458333333333336 0.03148148148148148
1 0.25338541666666664 0.08333333333333333 0.022395833333333334 0.03518518518518519
1 0.17682291666666666 0.28194444444444444 0.05677083333333333 0.06759259259259259
1 0.2955729166666667 0.1388888888888889 0.030729166666666665 0.05185185185185185
1 0.7869791666666667 0.8171296296296297 0.18645833333333334 0.2898148148148148
1 0.22994791666666667 0.12546296296296297 0.0328125 0.049074074074074076
1 0.38671875 0.2763888888888889 0.04010416666666667 0.0712962962962963
1 0.3359375 0.11064814814814815 0.035416666666666666 0.03981481481481482
1 0.74921875 0.16574074074074074 0.0359375 0.03888888888888889
1 0.16744791666666667 0.16342592592592592 0.04114583333333333 0.06018518518518518
1 0.24635416666666668 0.1726851851851852 0.04479166666666667 0.06944444444444445
1 0.26614583333333336 0.0962962962962963 0.026041666666666668 0.03888888888888889
1 0.4315104166666667 0.07268518518518519 0.027604166666666666 0.03611111111111111
1 0.284375 0.9847222222222223 0.146875 0.028703703703703703
1 0.61796875 0.11805555555555555 0.030729166666666665 0.03981481481481482
1 0.7533854166666667 0.1925925925925926 0.0359375 0.046296296296296294
1 0.5869791666666667 0.11435185185185186 0.03229166666666667 0.05277777777777778
1 0.80625 0.22175925925925927 0.04375 0.058333333333333334
1 0.17473958333333334 0.24675925925925926 0.05572916666666667 0.05277777777777778
1 0.278125 0.2537037037037037 0.04791666666666667 0.07222222222222222
1 0.3536458333333333 0.2101851851851852 0.041666666666666664 0.07222222222222222
1 0.35833333333333334 0.08333333333333333 0.021875 0.025925925925925925
1 0.85 0.26435185185185184 0.051041666666666666 0.05462962962962963
1 0.24557291666666667 0.15462962962962962 0.044270833333333336 0.03518518518518519
1 0.1984375 0.08425925925925926 0.022916666666666665 0.025925925925925925
1 0.30520833333333336 0.09351851851851851 0.021875 0.03148148148148148
1 0.2760416666666667 0.1111111111111111 0.025 0.03518518518518519
1 0.15520833333333334 0.1162037037037037 0.034375 0.05277777777777778
1 0.7606770833333333 0.12083333333333333 0.019270833333333334 0.03981481481481482