2 0.7619791666666667 0.44027777777777777 0.12916666666666668 0.25277777777777777
2 0.9442708333333333 0.16527777777777777 0.08541666666666667 0.175
2 0.8015625 0.13287037037037036 0.06458333333333334 0.1287037037037037
1 0.6442708333333333 0.3962962962962963 0.07916666666666666 0.1037037037037037
1 0.8731770833333333 0.8828703703703704 0.16614583333333333 0.20833333333333334
1 0.17708333333333334 0.6083333333333333 0.109375 0.13148148148148148
1 0.2203125 0.6921296296296297 0.1125 0.15462962962962962
1 0.6005208333333333 0.8949074074074074 0.17604166666666668 0.20833333333333334
1 0.38515625 0.4976851851851852 0.09322916666666667 0.125
1 0.4986979166666667 0.7981481481481482 0.1421875 0.19444444444444445
1 0.9466145833333334 0.2953703703703704 0.06302083333333333 0.08518518518518518
1 0.30052083333333335 0.325 0.0625 0.08148148148148149
1 0.5479166666666667 0.4837962962962963 0.09270833333333334 0.12685185185185185
1 0.5552083333333333 0.32592592592592595 0.06041666666666667 0.08703703703703704
1 0.5119791666666667 0.2851851851851852 0.058333333333333334 0.07592592592592592
1 0.63515625 0.30648148148148147 0.059895833333333336 0.08333333333333333
1 0.19322916666666667 0.287962962962963 0.053125 0.08148148148148149
1 0.5880208333333333 0.1449074074074074 0.03333333333333333 0.04722222222222222
1 0.6786458333333333 0.45694444444444443 0.04895833333333333 0.11574074074074074
1 0.60703125 0.26990740740740743 0.059895833333333336 0.08425925925925926
1 0.5268229166666667 0.42824074074074076 0.07447916666666667 0.11388888888888889
1 0.81796875 0.23935185185185184 0.0546875 0.08611111111111111
1 0.35963541666666665 0.43148148148148147 0.09739583333333333 0.1537037037037037
1 0.4401041666666667 0.34629629629629627 0.07395833333333333 0.12407407407407407
1 0.26848958333333334 0.2310185185185185 0.0421875 0.058333333333333334
1 0.61484375 0.1814814814814815 0.0421875 0.04259259259259259
1 0.18932291666666667 0.4097222222222222 0.07864583333333333 0.09537037037037037
1 0.37083333333333335 0.2865740740740741 0.046875 0.08055555555555556
1 0.19453125 0.5009259259259259 0.08489583333333334 0.12962962962962962
1 0.72109375 0.1986111111111111 0.04010416666666667 0.05462962962962963
1 0.88515625 0.17083333333333334 0.0359375 0.062037037037037036
1 0.6854166666666667 0.21342592592592594 0.042708333333333334 0.049074074074074076
1 0.93203125 0.2439814814814815 0.0578125 0.07314814814814814
1 0.36692708333333335 0.15185185185185185 0.044270833333333336 0.05185185185185185
1 0.41171875 0.12685185185185185 0.03177083333333333 0.04259259259259259
1 0.984375 0.3453703703703704 0.030208333333333334 0.10185185185185185
1 0.41770833333333335 0.1986111111111111 0.034375 0.058333333333333334
1 0.2526041666666667 0.17916666666666667 0.042708333333333334 0.05277777777777778
1 0.5127604166666667 0.1125 0.027604166666666666 0.03425925925925926
1 0.63359375 0.12546296296296297 0.043229166666666666 0.058333333333333334
1 0.3484375 0.2175925925925926 0.036458333333333336 0.05925925925925926
1 0.40234375 0.1787037037037037 0.04114583333333333 0.05740740740740741
1 0.2671875 0.10601851851851851 0.026041666666666668 0.041666666666666664
1 0.1890625 0.23796296296296296 0.042708333333333334 0.06666666666666667
1 0.3416666666666667 0.12314814814814815 0.027083333333333334 0.03518518518518519
1 0.46536458333333336 0.08981481481481482 0.0265625 0.03333333333333333
1 0.48984375 0.09768518518518518 0.030729166666666665 0.04351851851851852
1 0.325 0.1736111111111111 0.035416666666666666 0.058333333333333334
1 0.3997395833333333 0.11990740740740741 0.0296875 0.049074074074074076
1 0.7830729166666667 0.1884259259259259 0.0484375 0.0712962962962963
1 0.46640625 0.2518518518518518 0.0421875 0.07222222222222222
1 0.7484375 0.1699074074074074 0.03958333333333333 0.062037037037037036
1 0.41171875 0.06898148148148148 0.0203125 0.023148148148148147
1 0.23020833333333332 0.1300925925925926 0.035416666666666666 0.05648148148148148
1 0.6630208333333333 0.12129629629629629 0.016666666666666666 0.03333333333333333
1 0.28229166666666666 0.12037037037037036 0.028125 0.05
1 0.21145833333333333 0.10648148148148148 0.022916666666666665 0.044444444444444446
1 0.29921875 0.14583333333333334 0.0328125 0.058333333333333334
1 0.26536458333333335 0.2037037037037037 0.044270833333333336 0.046296296296296294
1 0.3841145833333333 0.10416666666666667 0.0265625 0.04722222222222222
1 0.8671875 0.16111111111111112 0.036458333333333336 0.06296296296296296
1 0.6940104166666666 0.12407407407407407 0.028645833333333332 0.03148148148148148
1 0.4510416666666667 0.16111111111111112 0.04375 0.05925925925925926
1 0.37161458333333336 0.24305555555555555 0.05572916666666667 0.0824074074074074
1 0.44192708333333336 0.21157407407407408 0.043229166666666666 0.07685185185185185
1 0.44765625 0.08148148148148149 0.018229166666666668 0.03148148148148148
1 0.5971354166666667 0.11435185185185186 0.03177083333333333 0.05092592592592592
1 0.3450520833333333 0.19583333333333333 0.0421875 0.058333333333333334
1 0.3255208333333333 0.1162037037037037 0.021875 0.03425925925925926
1 0.7333333333333333 0.13935185185185187 0.0375 0.05462962962962963
1 0.4861979166666667 0.26342592592592595 0.0484375 0.0787037037037037
1 0.57109375 0.13564814814814816 0.0296875 0.04537037037037037
1 0.41119791666666666 0.2953703703703704 0.0578125 0.09444444444444444
1 0.3307291666666667 0.07268518518518519 0.019791666666666666 0.025
1 0.4348958333333333 0.14675925925925926 0.026041666666666668 0.03981481481481482
1 0.17057291666666666 0.18518518518518517 0.03697916666666667 0.06296296296296296
1 0.16744791666666667 0.08657407407407407 0.0265625 0.026851851851851852
1 0.70625 0.13240740740740742 0.026041666666666668 0.025925925925925925
1 0.5752604166666667 0.07916666666666666 0.027604166666666666 0.032407407407407406
1 0.6872395833333333 0.18055555555555555 0.04010416666666667 0.046296296296296294
1 0.24114583333333334 0.15046296296296297 0.034375 0.041666666666666664
1 0.7049479166666667 0.1574074074074074 0.028645833333333332 0.03333333333333333
1 0.3203125 0.10185185185185185 0.030208333333333334 0.03888888888888889
1 0.16901041666666666 0.15138888888888888 0.034895833333333334 0.041666666666666664
1 0.8981770833333333 0.18101851851851852 0.015104166666666667 0.06388888888888888
1 0.4354166666666667 0.0712962962962963 0.015625 0.03148148148148148
1 0.9049479166666666 0.6342592592592593 0.14427083333333332 0.23703703703703705
1 0.6734375 0.17314814814814813 0.03854166666666667 0.06481481481481481
1 0.81328125 0.16944444444444445 0.0390625 0.04814814814814815
1 0.18125 0.2101851851851852 0.04375 0.07407407407407407