1 0.8765625 0.5916666666666667 0.12083333333333333 0.16296296296296298
1 0.6075520833333333 0.600462962962963 0.12864583333333332 0.19722222222222222
1 0.21015625 0.524074074074074 0.09947916666666666 0.13333333333333333
1 0.9645833333333333 0.7282407407407407 0.06979166666666667 0.20277777777777778
1 0.46432291666666664 0.36527777777777776 0.07135416666666666 0.09907407407407408
1 0.37447916666666664 0.48935185185185187 0.0875 0.11388888888888889
1 0.8421875 0.850925925925926 0.171875 0.27037037037037037
1 0.5794270833333334 0.33611111111111114 0.0703125 0.0962962962962963
1 0.5231770833333333 0.4444444444444444 0.08072916666666667 0.11296296296296296
1 0.18255208333333334 0.350462962962963 0.07239583333333334 0.09166666666666666
1 0.8588541666666667 0.2986111111111111 0.06875 0.05648148148148148
1 0.3255208333333333 0.3712962962962963 0.06666666666666667 0.09444444444444444
1 0.7401041666666667 0.46296296296296297 0.09791666666666667 0.15185185185185185
1 0.04114583333333333 0.45416666666666666 0.08229166666666667 0.14351851851851852
1 0.35182291666666665 0.40694444444444444 0.0734375 0.10092592592592593
1 0.17083333333333334 0.2361111111111111 0.041666666666666664 0.06111111111111111
1 0.5494791666666666 0.31666666666666665 0.053125 0.08518518518518518
1 0.50703125 0.27175925925925926 0.058854166666666666 0.08981481481481482
1 0.62890625 0.28425925925925927 0.058854166666666666 0.07962962962962963
1 0.30130208333333336 0.30972222222222223 0.0578125 0.08055555555555556
1 0.5682291666666667 0.2324074074074074 0.051041666666666666 0.07962962962962963
1 0.42213541666666665 0.19814814814814816 0.0421875 0.05
1 0.6971354166666667 0.31712962962962965 0.06614583333333333 0.10277777777777777
1 0.83828125 0.1587962962962963 0.0359375 0.04722222222222222
1 0.6752604166666667 0.21157407407407408 0.04114583333333333 0.04537037037037037
1 0.359375 0.2361111111111111 0.0375 0.06296296296296296
1 0.4361979166666667 0.3388888888888889 0.0515625 0.08333333333333333
1 0.26848958333333334 0.2462962962962963 0.0421875 0.06666666666666667
1 0.5328125 0.2125 0.04479166666666667 0.0712962962962963
1 0.18828125 0.29398148148148145 0.050520833333333334 0.05648148148148148
1 0.8729166666666667 0.25 0.04895833333333333 0.05
1 0.3546875 0.08703703703703704 0.03333333333333333 0.03888888888888889
1 0.50546875 0.19027777777777777 0.03802083333333333 0.062037037037037036
1 0.6661458333333333 0.16574074074074074 0.036458333333333336 0.04814814814814815
1 0.3924479166666667 0.25092592592592594 0.04739583333333333 0.08148148148148149
1 0.3515625 0.21805555555555556 0.03958333333333333 0.06018518518518518
1 0.8096354166666667 0.14953703703703702 0.03177083333333333 0.041666666666666664
1 0.31614583333333335 0.17731481481481481 0.025 0.05092592592592592
1 0.753125 0.1550925925925926 0.03229166666666667 0.049074074074074076
1 0.97890625 0.9722222222222222 0.04114583333333333 0.053703703703703705
1 0.7302083333333333 0.11851851851851852 0.034375 0.044444444444444446
1 0.36666666666666664 0.14583333333333334 0.023958333333333335 0.03981481481481482
1 0.8002604166666667 0.1814814814814815 0.028645833333333332 0.05
1 0.73046875 0.23194444444444445 0.0484375 0.058333333333333334
1 0.6416666666666667 0.19074074074074074 0.036458333333333336 0.040740740740740744
1 0.39036458333333335 0.1111111111111111 0.028645833333333332 0.037037037037037035
1 0.6307291666666667 0.3851851851851852 0.07291666666666667 0.10740740740740741
1 0.46067708333333335 0.2412037037037037 0.0515625 0.06574074074074074
1 0.7166666666666667 0.1675925925925926 0.0375 0.05185185185185185
1 0.5145833333333333 0.11064814814814815 0.028125 0.03611111111111111
1 0.6703125 0.13796296296296295 0.035416666666666666 0.03518518518518519
1 0.5567708333333333 0.14953703703703702 0.028125 0.03796296296296296
1 0.725 0.2023148148148148 0.04479166666666667 0.06018518518518518
1 0.18151041666666667 0.2125 0.0390625 0.05648148148148148
1 0.41432291666666665 0.30185185185185187 0.0578125 0.0962962962962963
1 0.3924479166666667 0.1814814814814815 0.03802083333333333 0.053703703703703705
1 0.7346354166666667 0.17083333333333334 0.03802083333333333 0.04537037037037037
1 0.70390625 0.10972222222222222 0.028645833333333332 0.04351851851851852
1 0.3203125 0.10648148148148148 0.022916666666666665 0.03518518518518519
1 0.6286458333333333 0.12546296296296297 0.03229166666666667 0.03425925925925926
1 0.3828125 0.10092592592592593 0.026041666666666668 0.037037037037037035
1 0.49166666666666664 0.17916666666666667 0.041666666666666664 0.0712962962962963
1 0.915625 0.27870370370370373 0.06145833333333333 0.08888888888888889
1 0.3 0.14675925925925926 0.025 0.05277777777777778
1 0.96953125 0.2962962962962963 0.059895833333333336 0.11296296296296296
1 0.34088541666666666 0.12361111111111112 0.025520833333333333 0.03611111111111111
1 0.19973958333333333 0.10555555555555556 0.0234375 0.03333333333333333
1 0.28958333333333336 0.12546296296296297 0.025 0.03981481481481482
1 0.6151041666666667 0.15555555555555556 0.03229166666666667 0.05
1 0.5645833333333333 0.12731481481481483 0.030208333333333334 0.05277777777777778
1 0.22005208333333334 0.10555555555555556 0.0296875 0.03888888888888889
1 0.9734375 0.22407407407407406 0.051041666666666666 0.05740740740740741
1 0.2559895833333333 0.2 0.050520833333333334 0.08148148148148149
1 0.44505208333333335 0.09490740740740741 0.024479166666666666 0.028703703703703703
1 0.86484375 0.22361111111111112 0.049479166666666664 0.0712962962962963
1 0.33932291666666664 0.18981481481481483 0.0390625 0.06851851851851852
1 0.3606770833333333 0.13333333333333333 0.028645833333333332 0.044444444444444446
1 0.634375 0.1087962962962963 0.026041666666666668 0.041666666666666664
1 0.6197916666666666 0.17592592592592593 0.035416666666666666 0.037037037037037035
1 0.46822916666666664 0.09212962962962963 0.023958333333333335 0.03796296296296296
1 0.33567708333333335 0.075 0.0203125 0.02962962962962963
1 0.2359375 0.15416666666666667 0.034375 0.03981481481481482
1 0.26119791666666664 0.09259259259259259 0.0328125 0.03888888888888889
1 0.16979166666666667 0.09074074074074075 0.03333333333333333 0.04259259259259259
1 0.21458333333333332 0.07777777777777778 0.021875 0.024074074074074074
1 0.18020833333333333 0.15787037037037038 0.035416666666666666 0.058333333333333334
1 0.7716145833333333 0.25 0.06614583333333333 0.06481481481481481
1 0.5854166666666667 0.09027777777777778 0.016666666666666666 0.04351851851851852
1 0.56875 0.10555555555555556 0.027083333333333334 0.040740740740740744
1 0.23229166666666667 0.125 0.035416666666666666 0.03148148148148148
1 0.16302083333333334 0.12453703703703704 0.042708333333333334 0.05462962962962963
1 0.4791666666666667 0.10972222222222222 0.027083333333333334 0.028703703703703703
1 0.6033854166666667 0.10648148148148148 0.021354166666666667 0.040740740740740744
1 0.7604166666666666 0.2064814814814815 0.028125 0.03518518518518519
1 0.82578125 0.20972222222222223 0.044270833333333336 0.062037037037037036
1 0.17161458333333332 0.18564814814814815 0.04010416666666667 0.06388888888888888
1 0.29270833333333335 0.2722222222222222 0.052083333333333336 0.07222222222222222
1 0.26015625 0.15138888888888888 0.025520833333333333 0.019444444444444445
1 0.16875 0.30833333333333335 0.051041666666666666 0.06481481481481481
1 0.3138020833333333 0.16018518518518518 0.034895833333333334 0.05740740740740741