1 0.4903645833333333 0.7666666666666667 0.13385416666666666 0.17777777777777778
1 0.27682291666666664 0.8893518518518518 0.16197916666666667 0.21944444444444444
1 0.5200520833333333 0.3013888888888889 0.06197916666666667 0.07685185185185185
1 0.7083333333333334 0.6796296296296296 0.12395833333333334 0.17222222222222222
1 0.41041666666666665 0.5944444444444444 0.10625 0.14444444444444443
1 0.575 0.5115740740740741 0.09166666666666666 0.13796296296296295
1 0.058854166666666666 0.43425925925925923 0.08229166666666667 0.1259259259259259
1 0.203125 0.475462962962963 0.09583333333333334 0.12685185185185185
1 0.3424479166666667 0.40879629629629627 0.07552083333333333 0.09907407407407408
1 0.678125 0.4324074074074074 0.07395833333333333 0.1111111111111111
1 0.77890625 0.3875 0.0796875 0.10462962962962963
1 0.18619791666666666 0.39490740740740743 0.07552083333333333 0.09722222222222222
1 0.5182291666666666 0.4634259259259259 0.07708333333333334 0.11574074074074074
1 0.67578125 0.30277777777777776 0.06510416666666667 0.1037037037037037
1 0.5997395833333333 0.35138888888888886 0.07760416666666667 0.11574074074074074
1 0.8075520833333333 0.5435185185185185 0.10364583333333334 0.1537037037037037
1 0.3919270833333333 0.525 0.1015625 0.13333333333333333
1 0.3026041666666667 0.30648148148148147 0.058333333333333334 0.07962962962962963
1 0.43385416666666665 0.22083333333333333 0.04479166666666667 0.062037037037037036
1 0.7171875 0.4638888888888889 0.09791666666666667 0.12962962962962962
1 0.9822916666666667 0.7560185185185185 0.034375 0.2361111111111111
1 0.9270833333333334 0.2861111111111111 0.06145833333333333 0.07962962962962963
1 0.3885416666666667 0.2671296296296296 0.046875 0.07314814814814814
1 0.46848958333333335 0.2462962962962963 0.050520833333333334 0.06666666666666667
1 0.5747395833333333 0.24444444444444444 0.050520833333333334 0.07777777777777778
1 0.4010416666666667 0.2949074074074074 0.04583333333333333 0.0787037037037037
1 0.8471354166666667 0.24675925925925926 0.05364583333333333 0.08055555555555556
1 0.17682291666666666 0.28703703703703703 0.0515625 0.07222222222222222
1 0.6325520833333333 0.2708333333333333 0.05572916666666667 0.08796296296296297
1 0.69765625 0.21898148148148147 0.04739583333333333 0.04722222222222222
1 0.9075520833333334 0.4583333333333333 0.09635416666666667 0.14629629629629629
1 0.33828125 0.21342592592592594 0.03697916666666667 0.058333333333333334
1 0.64765625 0.18703703703703703 0.044270833333333336 0.05
1 0.4940104166666667 0.4009259259259259 0.08385416666666666 0.12777777777777777
1 0.70703125 0.16527777777777777 0.03697916666666667 0.05092592592592592
1 0.39348958333333334 0.1726851851851852 0.03177083333333333 0.04537037037037037
1 0.65390625 0.16805555555555557 0.0359375 0.049074074074074076
1 0.32864583333333336 0.34814814814814815 0.06145833333333333 0.08888888888888889
1 0.38125 0.10601851851851851 0.03125 0.049074074074074076
1 0.3390625 0.17962962962962964 0.03958333333333333 0.04259259259259259
1 0.4393229166666667 0.31805555555555554 0.06197916666666667 0.10092592592592593
1 0.8473958333333333 0.1837962962962963 0.03229166666666667 0.049074074074074076
1 0.7440104166666667 0.1287037037037037 0.024479166666666666 0.03518518518518519
1 0.9830729166666666 0.20601851851851852 0.0328125 0.075
1 0.49583333333333335 0.11898148148148148 0.028125 0.03611111111111111
1 0.27239583333333334 0.23981481481481481 0.058333333333333334 0.09259259259259259
1 0.61875 0.17592592592592593 0.030208333333333334 0.03888888888888889
1 0.81796875 0.19953703703703704 0.034895833333333334 0.06018518518518518
1 0.66875 0.1259259259259259 0.029166666666666667 0.04259259259259259
1 0.30078125 0.14583333333333334 0.030729166666666665 0.04351851851851852
1 0.875 0.19444444444444445 0.03125 0.04814814814814815
1 0.4231770833333333 0.19166666666666668 0.043229166666666666 0.06851851851851852
1 0.5854166666666667 0.1625 0.035416666666666666 0.03425925925925926
1 0.17239583333333333 0.13472222222222222 0.036458333333333336 0.04351851851851852
1 0.23515625 0.13703703703703704 0.028645833333333332 0.040740740740740744
1 0.7830729166666667 0.2162037037037037 0.0578125 0.08611111111111111
1 0.22526041666666666 0.12037037037037036 0.03177083333333333 0.03888888888888889
1 0.16197916666666667 0.0787037037037037 0.023958333333333335 0.022222222222222223
1 0.8979166666666667 0.2064814814814815 0.036458333333333336 0.06111111111111111
1 0.75625 0.16203703703703703 0.03229166666666667 0.03148148148148148
1 0.6197916666666666 0.14907407407407408 0.03333333333333333 0.037037037037037035
1 0.47552083333333334 0.09583333333333334 0.025 0.026851851851851852
1 0.41510416666666666 0.12407407407407407 0.026041666666666668 0.04814814814814815
1 0.5565104166666667 0.11712962962962963 0.024479166666666666 0.026851851851851852
1 0.3203125 0.17453703703703705 0.030208333333333334 0.06018518518518518
1 0.4119791666666667 0.07824074074074074 0.021875 0.023148148148148147
1 0.6776041666666667 0.10601851851851851 0.028125 0.04537037037037037
1 0.7252604166666666 0.1425925925925926 0.0328125 0.04814814814814815
1 0.54140625 0.14074074074074075 0.03177083333333333 0.03148148148148148
1 0.6018229166666667 0.11342592592592593 0.027604166666666666 0.03611111111111111
1 0.25078125 0.16805555555555557 0.0421875 0.05277777777777778
1 0.6513020833333333 0.13564814814814816 0.033854166666666664 0.03425925925925926
1 0.9200520833333333 0.16527777777777777 0.050520833333333334 0.05277777777777778
1 0.17760416666666667 0.11481481481481481 0.026041666666666668 0.027777777777777776
1 0.56640625 0.1476851851851852 0.0296875 0.03425925925925926
1 0.28489583333333335 0.12175925925925926 0.035416666666666666 0.03425925925925926
1 0.27239583333333334 0.10555555555555556 0.03333333333333333 0.04259259259259259
1 0.3828125 0.16203703703703703 0.03125 0.05555555555555555
1 0.31979166666666664 0.10324074074074074 0.027083333333333334 0.03981481481481482
1 0.6395833333333333 0.12638888888888888 0.027083333333333334 0.028703703703703703
1 0.3658854166666667 0.22962962962962963 0.04635416666666667 0.07777777777777778
1 0.34453125 0.13703703703703704 0.028645833333333332 0.037037037037037035
1 0.9229166666666667 0.24166666666666667 0.05625 0.07407407407407407
1 0.3606770833333333 0.1449074074074074 0.0296875 0.03981481481481482
1 0.171875 0.22777777777777777 0.040625 0.07592592592592592
1 0.36302083333333335 0.09861111111111111 0.013541666666666667 0.032407407407407406
1 0.3421875 0.12268518518518519 0.029166666666666667 0.04537037037037037
1 0.9231770833333334 0.20046296296296295 0.049479166666666664 0.03796296296296296
1 0.7229166666666667 0.11342592592592593 0.022916666666666665 0.01574074074074074
1 0.5596354166666667 0.225 0.0515625 0.08703703703703704
1 0.28932291666666665 0.1361111111111111 0.028645833333333332 0.040740740740740744
1 0.7341145833333333 0.20555555555555555 0.05364583333333333 0.07222222222222222
1 0.5744791666666667 0.10277777777777777 0.022916666666666665 0.025925925925925925
1 0.16770833333333332 0.1675925925925926 0.028125 0.03148148148148148
1 0.4393229166666667 0.08101851851851852 0.022395833333333334 0.03611111111111111
1 0.5153645833333333 0.10555555555555556 0.0265625 0.044444444444444446
1 0.2635416666666667 0.2 0.05416666666666667 0.05555555555555555
1 0.50078125 0.08055555555555556 0.022395833333333334 0.037037037037037035
1 0.18098958333333334 0.25277777777777777 0.04739583333333333 0.06666666666666667
1 0.596875 0.13518518518518519 0.029166666666666667 0.040740740740740744
1 0.2747395833333333 0.1837962962962963 0.03177083333333333 0.023148148148148147
1 0.56171875 0.08796296296296297 0.0265625 0.027777777777777776
1 0.1890625 0.07824074074074074 0.017708333333333333 0.023148148148148147
1 0.21953125 0.10324074074074074 0.0296875 0.032407407407407406
1 0.3536458333333333 0.08425925925925926 0.019791666666666666 0.03148148148148148
1 0.21041666666666667 0.08287037037037037 0.025 0.03611111111111111
1 0.17942708333333332 0.19953703703703704 0.04114583333333333 0.04537037037037037
1 0.4244791666666667 0.13472222222222222 0.03229166666666667 0.04537037037037037