2 0.9565104166666667 0.19722222222222222 0.08489583333333334 0.19074074074074074
1 0.23151041666666666 0.8106481481481481 0.1578125 0.20833333333333334
1 0.5934895833333333 0.9148148148148149 0.18177083333333333 0.1685185185185185
1 0.4161458333333333 0.6333333333333333 0.11875 0.15925925925925927
1 0.6411458333333333 0.41388888888888886 0.08229166666666667 0.10740740740740741
1 0.8966145833333333 0.8930555555555556 0.17135416666666667 0.21203703703703702
1 0.20182291666666666 0.6074074074074074 0.11197916666666667 0.14629629629629629
1 0.7466145833333333 0.7675925925925926 0.1390625 0.19074074074074074
1 0.3958333333333333 0.5037037037037037 0.09270833333333334 0.1259259259259259
1 0.3450520833333333 0.4217592592592593 0.07552083333333333 0.10833333333333334
1 0.5002604166666667 0.28379629629629627 0.058854166666666666 0.075
1 0.14895833333333333 0.3768518518518518 0.06458333333333334 0.09444444444444444
1 0.5557291666666667 0.3236111111111111 0.06458333333333334 0.08981481481481482
1 0.4822916666666667 0.4 0.075 0.1037037037037037
1 0.7940104166666667 0.5263888888888889 0.1109375 0.17685185185185184
1 0.4796875 0.1726851851851852 0.03958333333333333 0.05277777777777778
1 0.90078125 0.45416666666666666 0.10052083333333334 0.1527777777777778
1 0.8231770833333333 0.3888888888888889 0.0890625 0.12037037037037036
1 0.72265625 0.3425925925925926 0.07135416666666666 0.10555555555555556
1 0.18828125 0.324537037037037 0.058854166666666666 0.08055555555555556
1 0.39869791666666665 0.12129629629629629 0.021354166666666667 0.03888888888888889
1 0.734375 0.20833333333333334 0.04479166666666667 0.06111111111111111
1 0.4505208333333333 0.35648148148148145 0.06666666666666667 0.09444444444444444
1 0.5838541666666667 0.16527777777777777 0.0375 0.03611111111111111
1 0.3020833333333333 0.30787037037037035 0.07083333333333333 0.11574074074074074
1 0.8348958333333333 0.25 0.052083333333333336 0.06666666666666667
1 0.44036458333333334 0.2162037037037037 0.03697916666666667 0.05462962962962963
1 0.31979166666666664 0.18055555555555555 0.042708333333333334 0.05555555555555555
1 0.41875 0.29212962962962963 0.057291666666666664 0.09722222222222222
1 0.6828125 0.1837962962962963 0.03958333333333333 0.06018518518518518
1 0.9591145833333333 0.6939814814814815 0.08072916666666667 0.17685185185185184
1 0.3807291666666667 0.10277777777777777 0.023958333333333335 0.03518518518518519
1 0.9018229166666667 0.17453703703703705 0.0359375 0.06388888888888888
1 0.5369791666666667 0.45185185185185184 0.08645833333333333 0.14074074074074075
1 0.5692708333333333 0.12777777777777777 0.028125 0.03888888888888889
1 0.42239583333333336 0.13240740740740742 0.03854166666666667 0.05925925925925926
1 0.36380208333333336 0.1476851851851852 0.0328125 0.05092592592592592
1 0.6403645833333333 0.11064814814814815 0.0265625 0.03425925925925926
1 0.20260416666666667 0.16574074074074074 0.04375 0.06666666666666667
1 0.69140625 0.14629629629629629 0.033854166666666664 0.03333333333333333
1 0.37109375 0.23842592592592593 0.0484375 0.0787037037037037
1 0.24010416666666667 0.16435185185185186 0.030208333333333334 0.049074074074074076
1 0.4005208333333333 0.18194444444444444 0.036458333333333336 0.05277777777777778
1 0.38515625 0.2708333333333333 0.043229166666666666 0.06759259259259259
1 0.46041666666666664 0.15648148148148147 0.03333333333333333 0.053703703703703705
1 0.5111979166666667 0.125 0.0265625 0.02962962962962963
1 0.5802083333333333 0.11296296296296296 0.03229166666666667 0.040740740740740744
1 0.38229166666666664 0.1736111111111111 0.03333333333333333 0.04722222222222222
1 0.27291666666666664 0.16157407407407406 0.035416666666666666 0.058333333333333334
1 0.6854166666666667 0.1310185185185185 0.030208333333333334 0.04537037037037037
1 0.2674479166666667 0.10648148148148148 0.025520833333333333 0.03888888888888889
1 0.8333333333333334 0.2074074074074074 0.04791666666666667 0.06296296296296296
1 0.35130208333333335 0.2152777777777778 0.03802083333333333 0.0712962962962963
1 0.6760416666666667 0.11064814814814815 0.026041666666666668 0.03425925925925926
1 0.7947916666666667 0.12361111111111112 0.040625 0.030555555555555555
1 0.42578125 0.20185185185185187 0.03697916666666667 0.06481481481481481
1 0.44973958333333336 0.09675925925925925 0.0234375 0.026851851851851852
1 0.47682291666666665 0.2388888888888889 0.05677083333333333 0.08333333333333333
1 0.6619791666666667 0.10694444444444444 0.01875 0.03425925925925926
1 0.15677083333333333 0.09675925925925925 0.026041666666666668 0.04351851851851852
1 0.2552083333333333 0.20324074074074075 0.03958333333333333 0.0712962962962963
1 0.81875 0.16666666666666666 0.042708333333333334 0.06296296296296296
1 0.6216145833333333 0.11898148148148148 0.027604166666666666 0.021296296296296296
1 0.16354166666666667 0.25462962962962965 0.04375 0.06481481481481481
1 0.6973958333333333 0.3087962962962963 0.06979166666666667 0.11388888888888889
1 0.17916666666666667 0.27824074074074073 0.04895833333333333 0.08611111111111111
1 0.17447916666666666 0.11296296296296296 0.027083333333333334 0.02962962962962963
1 0.6393229166666666 0.16064814814814815 0.044270833333333336 0.06759259259259259
1 0.68671875 0.6342592592592593 0.12552083333333333 0.20185185185185187
1 0.5302083333333333 0.13333333333333333 0.015625 0.02962962962962963
1 0.74609375 0.1476851851851852 0.025520833333333333 0.04351851851851852
1 0.7190104166666667 0.1648148148148148 0.03802083333333333 0.05925925925925926
1 0.34427083333333336 0.07962962962962963 0.021875 0.03333333333333333
1 0.6252604166666667 0.08935185185185185 0.024479166666666666 0.03611111111111111
1 0.2872395833333333 0.1162037037037037 0.0328125 0.03796296296296296
1 0.6109375 0.15 0.026041666666666668 0.046296296296296294
1 0.4828125 0.11018518518518519 0.020833333333333332 0.025925925925925925
1 0.553125 0.1425925925925926 0.034375 0.040740740740740744
1 0.5033854166666667 0.09490740740740741 0.022395833333333334 0.021296296296296296
1 0.49270833333333336 0.07962962962962963 0.023958333333333335 0.03518518518518519
1 0.23489583333333333 0.14027777777777778 0.03125 0.03981481481481482
1 0.4393229166666667 0.0787037037037037 0.022395833333333334 0.02962962962962963
1 0.9848958333333333 0.3013888888888889 0.029166666666666667 0.11018518518518519
1 0.16588541666666667 0.20324074074074075 0.0328125 0.032407407407407406
1 0.32786458333333335 0.07083333333333333 0.016145833333333335 0.021296296296296296
1 0.6018229166666667 0.10046296296296296 0.0234375 0.032407407407407406
1 0.46979166666666666 0.0875 0.022916666666666665 0.03611111111111111
1 0.34375 0.12777777777777777 0.03229166666666667 0.05
1 0.4127604166666667 0.0712962962962963 0.021354166666666667 0.02962962962962963
1 0.26197916666666665 0.2523148148148148 0.03229166666666667 0.08611111111111111
1 0.2708333333333333 0.2064814814814815 0.04895833333333333 0.05555555555555555
1 0.17838541666666666 0.21851851851851853 0.044270833333333336 0.044444444444444446
1 0.7765625 0.19166666666666668 0.041666666666666664 0.05740740740740741
1 0.17109375 0.16064814814814815 0.028645833333333332 0.05277777777777778