2 0.64921875 0.35138888888888886 0.10364583333333334 0.20277777777777778
2 0.8533854166666667 0.1412037037037037 0.08072916666666667 0.12314814814814815
2 0.784375 0.09259259259259259 0.057291666666666664 0.08888888888888889
1 0.9359375 0.9277777777777778 0.12708333333333333 0.1425925925925926
1 0.7041666666666667 0.7152777777777778 0.12708333333333333 0.17685185185185184
1 0.5643229166666667 0.3296296296296296 0.06302083333333333 0.08518518518518518
1 0.6518229166666667 0.6083333333333333 0.10989583333333333 0.1425925925925926
1 0.2046875 0.5416666666666666 0.08958333333333333 0.12222222222222222
1 0.35078125 0.40185185185185185 0.0765625 0.10185185185185185
1 0.43776041666666665 0.649074074074074 0.12239583333333333 0.1925925925925926
1 0.5015625 0.27685185185185185 0.052083333333333336 0.07222222222222222
1 0.678125 0.21203703703703702 0.04895833333333333 0.044444444444444446
1 0.7502604166666667 0.4787037037037037 0.10989583333333333 0.17962962962962964
1 0.59140625 0.25462962962962965 0.050520833333333334 0.06666666666666667
1 0.48125 0.38935185185185184 0.07395833333333333 0.10648148148148148
1 0.27786458333333336 0.27824074074074073 0.05572916666666667 0.0712962962962963
1 0.33255208333333336 0.3509259259259259 0.08177083333333333 0.1259259259259259
1 0.4703125 0.2462962962962963 0.052083333333333336 0.06666666666666667
1 0.19140625 0.49074074074074076 0.0890625 0.10925925925925926
1 0.5859375 0.36944444444444446 0.03333333333333333 0.09074074074074075
1 0.18958333333333333 0.25416666666666665 0.046875 0.06944444444444445
1 0.6309895833333333 0.16435185185185186 0.03697916666666667 0.05277777777777778
1 0.55625 0.2324074074074074 0.05 0.07592592592592592
1 0.86171875 0.21712962962962962 0.050520833333333334 0.075
1 0.80859375 0.2310185185185185 0.04114583333333333 0.062037037037037036
1 0.91484375 0.27870370370370373 0.06510416666666667 0.1
1 0.46458333333333335 0.350462962962963 0.06145833333333333 0.09351851851851851
1 0.26171875 0.20462962962962963 0.03802083333333333 0.05185185185185185
1 0.41901041666666666 0.29259259259259257 0.06302083333333333 0.10740740740740741
1 0.48828125 0.10046296296296296 0.019270833333333334 0.03425925925925926
1 0.35833333333333334 0.25092592592592594 0.03125 0.06481481481481481
1 0.40234375 0.5810185185185185 0.1015625 0.14351851851851852
1 0.7799479166666666 0.25416666666666665 0.0515625 0.062037037037037036
1 0.18046875 0.4111111111111111 0.06927083333333334 0.10925925925925926
1 0.9401041666666666 0.1884259259259259 0.04375 0.06759259259259259
1 0.43307291666666664 0.2222222222222222 0.0421875 0.05185185185185185
1 0.6677083333333333 0.14166666666666666 0.05 0.06481481481481481
1 0.26171875 0.09722222222222222 0.0234375 0.03888888888888889
1 0.74140625 0.14212962962962963 0.0328125 0.03981481481481482
1 0.75234375 0.2152777777777778 0.04010416666666667 0.06388888888888888
1 0.23515625 0.13703703703703704 0.033854166666666664 0.040740740740740744
1 0.6994791666666667 0.1361111111111111 0.020833333333333332 0.04259259259259259
1 0.57265625 0.13657407407407407 0.0328125 0.04722222222222222
1 0.509375 0.10648148148148148 0.030208333333333334 0.04814814814814815
1 0.24505208333333334 0.1625 0.03802083333333333 0.049074074074074076
1 0.61484375 0.15324074074074073 0.033854166666666664 0.05092592592592592
1 0.16953125 0.08333333333333333 0.0265625 0.027777777777777776
1 0.7565104166666666 0.14953703703703702 0.028645833333333332 0.030555555555555555
1 0.4161458333333333 0.18287037037037038 0.03958333333333333 0.062037037037037036
1 0.27578125 0.10972222222222222 0.03177083333333333 0.04351851851851852
1 0.32369791666666664 0.17222222222222222 0.0453125 0.04814814814814815
1 0.35703125 0.13796296296296295 0.034895833333333334 0.04814814814814815
1 0.3854166666666667 0.16064814814814815 0.03854166666666667 0.05462962962962963
1 0.9190104166666667 0.17731481481481481 0.0390625 0.06759259259259259
1 0.22447916666666667 0.1300925925925926 0.036458333333333336 0.03611111111111111
1 0.3296875 0.19305555555555556 0.03333333333333333 0.05277777777777778
1 0.28932291666666665 0.13194444444444445 0.033854166666666664 0.04537037037037037
1 0.18645833333333334 0.20185185185185187 0.03958333333333333 0.05
1 0.32760416666666664 0.11157407407407408 0.03229166666666667 0.032407407407407406
1 0.36822916666666666 0.09351851851851851 0.025 0.04259259259259259
1 0.390625 0.1087962962962963 0.03333333333333333 0.04537037037037037
1 0.18567708333333333 0.3541666666666667 0.07864583333333333 0.11574074074074074
1 0.7875 0.1625 0.03854166666666667 0.06574074074074074
1 0.41328125 0.12731481481481483 0.025520833333333333 0.03796296296296296
1 0.16796875 0.13935185185185187 0.0328125 0.03611111111111111
1 0.6098958333333333 0.09722222222222222 0.021875 0.016666666666666666
1 0.3927083333333333 0.2773148148148148 0.05 0.07685185185185185
1 0.7364583333333333 0.19814814814814816 0.04479166666666667 0.07592592592592592
1 0.8479166666666667 0.19953703703703704 0.04895833333333333 0.0787037037037037
1 0.3885416666666667 0.25555555555555554 0.04895833333333333 0.08333333333333333
1 0.6020833333333333 0.1375 0.03229166666666667 0.06574074074074074
1 0.6296875 0.11898148148148148 0.03125 0.03981481481481482
1 0.9763020833333333 0.19537037037037036 0.04635416666666667 0.07962962962962963
1 0.39140625 0.17685185185185184 0.027604166666666666 0.053703703703703705
1 0.540625 0.12268518518518519 0.029166666666666667 0.03796296296296296
1 0.44765625 0.2023148148148148 0.03802083333333333 0.028703703703703703
1 0.34765625 0.22870370370370371 0.050520833333333334 0.04814814814814815
1 0.4674479166666667 0.08425925925925926 0.0171875 0.037037037037037035
1 0.653125 0.10231481481481482 0.023958333333333335 0.023148148148148147
1 0.5979166666666667 0.0837962962962963 0.029166666666666667 0.028703703703703703
1 0.425 0.0712962962962963 0.023958333333333335 0.03333333333333333
1 0.4315104166666667 0.14166666666666666 0.03177083333333333 0.053703703703703705
1 0.17473958333333334 0.17314814814814813 0.04739583333333333 0.05
1 0.4515625 0.0787037037037037 0.019791666666666666 0.03518518518518519
1 0.31145833333333334 0.15648148148148147 0.03229166666666667 0.05555555555555555
1 0.3203125 0.06805555555555555 0.025 0.017592592592592594
1 0.21953125 0.1050925925925926 0.0390625 0.028703703703703703
1 0.25442708333333336 0.18287037037037038 0.0453125 0.04537037037037037