2 0.9557291666666666 0.16898148148148148 0.08541666666666667 0.1787037037037037
2 0.7486979166666666 0.42962962962962964 0.12552083333333333 0.24259259259259258
2 0.8072916666666666 0.13240740740740742 0.06458333333333334 0.12777777777777777
1 0.834375 0.8388888888888889 0.15208333333333332 0.19444444444444445
1 0.6341145833333334 0.38796296296296295 0.07760416666666667 0.1
1 0.21744791666666666 0.6708333333333333 0.10989583333333333 0.14907407407407408
1 0.178125 0.5925925925925926 0.10729166666666666 0.12777777777777777
1 0.9598958333333333 0.3023148148148148 0.06354166666666666 0.08796296296296297
1 0.5739583333333333 0.8759259259259259 0.16875 0.2462962962962963
1 0.4825520833333333 0.7638888888888888 0.1359375 0.18518518518518517
1 0.9375 0.9652777777777778 0.12395833333333334 0.06759259259259259
1 0.296875 0.3199074074074074 0.06145833333333333 0.0787037037037037
1 0.6231770833333333 0.1837962962962963 0.0390625 0.03796296296296296
1 0.6286458333333333 0.3013888888888889 0.058333333333333334 0.0824074074074074
1 0.2682291666666667 0.22685185185185186 0.040625 0.05555555555555555
1 0.19322916666666667 0.2833333333333333 0.053125 0.08148148148148149
1 0.5927083333333333 0.14675925925925926 0.034375 0.04722222222222222
1 0.5072916666666667 0.2796296296296296 0.057291666666666664 0.07407407407407407
1 0.8286458333333333 0.24212962962962964 0.05625 0.08796296296296297
1 0.37994791666666666 0.48564814814814816 0.09114583333333333 0.12129629629629629
1 0.5473958333333333 0.3194444444444444 0.059375 0.08518518518518518
1 0.7309895833333333 0.2023148148148148 0.0390625 0.058333333333333334
1 0.5184895833333333 0.41898148148148145 0.07239583333333334 0.11018518518518519
1 0.69375 0.21898148148148147 0.04583333333333333 0.05277777777777778
1 0.18880208333333334 0.4013888888888889 0.07760416666666667 0.09537037037037037
1 0.43697916666666664 0.3384259259259259 0.07291666666666667 0.125
1 0.5986979166666667 0.2657407407407407 0.05677083333333333 0.08518518518518518
1 0.6372395833333333 0.12824074074074074 0.04010416666666667 0.06018518518518518
1 0.9440104166666666 0.24953703703703703 0.0578125 0.07314814814814814
1 0.8916666666666667 0.1726851851851852 0.036458333333333336 0.062037037037037036
1 0.4 0.17777777777777778 0.040625 0.05925925925925926
1 0.19114583333333332 0.4888888888888889 0.08229166666666667 0.1259259259259259
1 0.36770833333333336 0.2847222222222222 0.0375 0.0712962962962963
1 0.46328125 0.24537037037037038 0.0421875 0.06481481481481481
1 0.409375 0.12685185185185185 0.030208333333333334 0.03888888888888889
1 0.5377604166666666 0.47175925925925927 0.0859375 0.12129629629629629
1 0.2296875 0.13796296296296295 0.035416666666666666 0.03888888888888889
1 0.5151041666666667 0.11481481481481481 0.027083333333333334 0.03333333333333333
1 0.88125 0.6106481481481482 0.13854166666666667 0.22685185185185186
1 0.9078125 0.18055555555555555 0.01875 0.06851851851851852
1 0.2669270833333333 0.1050925925925926 0.025520833333333333 0.041666666666666664
1 0.25052083333333336 0.17731481481481481 0.03958333333333333 0.05092592592592592
1 0.45026041666666666 0.08194444444444444 0.019270833333333334 0.032407407407407406
1 0.8734375 0.1625 0.0375 0.06388888888888888
1 0.36822916666666666 0.24166666666666667 0.053125 0.08333333333333333
1 0.6984375 0.12638888888888888 0.029166666666666667 0.032407407407407406
1 0.6669270833333333 0.4444444444444444 0.049479166666666664 0.11296296296296296
1 0.36380208333333336 0.15185185185185185 0.0421875 0.05555555555555555
1 0.4515625 0.15694444444444444 0.035416666666666666 0.05462962962962963
1 0.35651041666666666 0.4203703703703704 0.09427083333333333 0.15
1 0.3455729166666667 0.21481481481481482 0.0359375 0.05740740740740741
1 0.4921875 0.1 0.03125 0.04259259259259259
1 0.29739583333333336 0.14537037037037037 0.03333333333333333 0.05555555555555555
1 0.24088541666666666 0.14907407407407408 0.034895833333333334 0.04259259259259259
1 0.18828125 0.23472222222222222 0.043229166666666666 0.06759259259259259
1 0.41458333333333336 0.19722222222222222 0.03125 0.05740740740740741
1 0.4669270833333333 0.08981481481481482 0.025520833333333333 0.037037037037037035
1 0.34270833333333334 0.19444444444444445 0.040625 0.05925925925925926
1 0.34036458333333336 0.12222222222222222 0.028645833333333332 0.03518518518518519
1 0.665625 0.12222222222222222 0.019791666666666666 0.03518518518518519
1 0.5393229166666667 0.06527777777777778 0.021354166666666667 0.030555555555555555
1 0.26484375 0.20092592592592592 0.044270833333333336 0.04814814814814815
1 0.41328125 0.07083333333333333 0.019270833333333334 0.021296296296296296
1 0.4393229166666667 0.20833333333333334 0.043229166666666666 0.07407407407407407
1 0.3984375 0.11805555555555555 0.030208333333333334 0.04537037037037037
1 0.32395833333333335 0.17222222222222222 0.035416666666666666 0.05925925925925926
1 0.6010416666666667 0.11574074074074074 0.03125 0.053703703703703705
1 0.28046875 0.11851851851851852 0.027604166666666666 0.046296296296296294
1 0.7393229166666667 0.14166666666666666 0.03697916666666667 0.053703703703703705
1 0.5786458333333333 0.07407407407407407 0.027083333333333334 0.020370370370370372
1 0.40963541666666664 0.31342592592592594 0.05572916666666667 0.08425925925925926
1 0.7114583333333333 0.15925925925925927 0.028125 0.03333333333333333
1 0.18020833333333333 0.21805555555555556 0.041666666666666664 0.05462962962962963
1 0.71171875 0.13425925925925927 0.025520833333333333 0.027777777777777776
1 0.40598958333333335 0.2796296296296296 0.05260416666666667 0.07407407407407407
1 0.1671875 0.08842592592592592 0.027083333333333334 0.030555555555555555
1 0.6796875 0.17592592592592593 0.03958333333333333 0.06666666666666667
1 0.47994791666666664 0.2587962962962963 0.04739583333333333 0.075
1 0.16848958333333333 0.14537037037037037 0.033854166666666664 0.03888888888888889
1 0.6247395833333333 0.10416666666666667 0.022395833333333334 0.03796296296296296
1 0.7994791666666666 0.18564814814814815 0.026041666666666668 0.06018518518518518
1 0.32916666666666666 0.07314814814814814 0.020833333333333332 0.022222222222222223
1 0.5765625 0.13842592592592592 0.03125 0.04537037037037037
1 0.553125 0.12083333333333333 0.017708333333333333 0.041666666666666664
1 0.81953125 0.17175925925925925 0.0390625 0.049074074074074076
1 0.7546875 0.1726851851851852 0.034375 0.062037037037037036
1 0.43697916666666664 0.07268518518518519 0.017708333333333333 0.028703703703703703
1 0.6950520833333333 0.1837962962962963 0.04010416666666667 0.041666666666666664
1 0.43255208333333334 0.14629629629629629 0.0265625 0.044444444444444446