2 0.8411458333333334 0.14583333333333334 0.07291666666666667 0.1398148148148148
2 0.6765625 0.3736111111111111 0.11041666666666666 0.21203703703703702
2 0.7734375 0.09027777777777778 0.057291666666666664 0.08796296296296297
2 0.9885416666666667 0.18611111111111112 0.021875 0.19074074074074074
1 0.7658854166666667 0.7967592592592593 0.14114583333333333 0.19537037037037036
1 0.69765625 0.6643518518518519 0.12447916666666667 0.15462962962962962
1 0.5135416666666667 0.287962962962963 0.053125 0.07592592592592592
1 0.20859375 0.5768518518518518 0.0953125 0.12777777777777777
1 0.6088541666666667 0.38935185185185184 0.040625 0.09722222222222222
1 0.46901041666666665 0.7032407407407407 0.13177083333333334 0.2212962962962963
1 0.2825520833333333 0.2912037037037037 0.05677083333333333 0.075
1 0.36015625 0.425462962962963 0.08072916666666667 0.10648148148148148
1 0.5848958333333333 0.3458333333333333 0.06875 0.08796296296296297
1 0.49557291666666664 0.412962962962963 0.0796875 0.1111111111111111
1 0.48125 0.2564814814814815 0.053125 0.06851851851851852
1 0.6020833333333333 0.26944444444444443 0.052083333333333336 0.07222222222222222
1 0.7854166666666667 0.5152777777777777 0.11770833333333333 0.18981481481481483
1 0.4166666666666667 0.6291666666666667 0.09895833333333333 0.15462962962962962
1 0.19244791666666666 0.5166666666666667 0.09322916666666667 0.11666666666666667
1 0.7528645833333333 0.24259259259259258 0.050520833333333334 0.05740740740740741
1 0.19140625 0.262037037037037 0.0484375 0.07407407407407407
1 0.48125 0.3712962962962963 0.065625 0.09814814814814815
1 0.6598958333333333 0.2037037037037037 0.04583333333333333 0.040740740740740744
1 0.3411458333333333 0.3731481481481482 0.084375 0.13333333333333333
1 0.5677083333333334 0.24259259259259258 0.05 0.07777777777777778
1 0.6190104166666667 0.1597222222222222 0.03697916666666667 0.05092592592592592
1 0.8872395833333333 0.26805555555555555 0.0609375 0.09351851851851851
1 0.26484375 0.21157407407407408 0.0390625 0.05462962962962963
1 0.425 0.3060185185185185 0.065625 0.11203703703703703
1 0.9255208333333333 0.18425925925925926 0.041666666666666664 0.06481481481481481
1 0.4479166666666667 0.2300925925925926 0.04479166666666667 0.06574074074074074
1 0.35442708333333334 0.22453703703703703 0.0515625 0.07685185185185185
1 0.565625 0.13287037037037036 0.03229166666666667 0.04537037037037037
1 0.6895833333333333 0.13287037037037036 0.019791666666666666 0.03981481481481482
1 0.3888020833333333 0.16574074074074074 0.0359375 0.05555555555555555
1 0.3346354166666667 0.20092592592592592 0.03177083333333333 0.053703703703703705
1 0.35572916666666665 0.14166666666666666 0.041666666666666664 0.05185185185185185
1 0.603125 0.14953703703703702 0.03333333333333333 0.049074074074074076
1 0.18463541666666666 0.4324074074074074 0.07135416666666666 0.1111111111111111
1 0.5268229166666667 0.12129629629629629 0.018229166666666668 0.03518518518518519
1 0.3651041666666667 0.262037037037037 0.03333333333333333 0.06481481481481481
1 0.32708333333333334 0.11435185185185186 0.034375 0.03611111111111111
1 0.25755208333333335 0.18981481481481483 0.0421875 0.044444444444444446
1 0.78203125 0.22314814814814815 0.043229166666666666 0.05925925925925926
1 0.9049479166666666 0.1726851851851852 0.0390625 0.06574074074074074
1 0.26276041666666666 0.10046296296296296 0.022395833333333334 0.03981481481481482
1 0.18828125 0.20972222222222223 0.0390625 0.049074074074074076
1 0.7184895833333333 0.19074074074074074 0.043229166666666666 0.07222222222222222
1 0.5052083333333334 0.1050925925925926 0.03125 0.04537037037037037
1 0.6622395833333333 0.13935185185185187 0.04010416666666667 0.06018518518518518
1 0.22682291666666668 0.12314814814814815 0.034895833333333334 0.053703703703703705
1 0.7268229166666667 0.1375 0.030729166666666665 0.03611111111111111
1 0.3723958333333333 0.09675925925925925 0.026041666666666668 0.04537037037037037
1 0.31666666666666665 0.16064814814814815 0.03333333333333333 0.05648148148148148
1 0.42213541666666665 0.0712962962962963 0.021354166666666667 0.02962962962962963
1 0.3296875 0.17962962962962964 0.041666666666666664 0.05185185185185185
1 0.7372395833333333 0.2074074074074074 0.04635416666666667 0.06296296296296296
1 0.4239583333333333 0.19166666666666668 0.03958333333333333 0.06666666666666667
1 0.5494791666666666 0.06712962962962964 0.026041666666666668 0.032407407407407406
1 0.39791666666666664 0.18425925925925926 0.028125 0.05740740740740741
1 0.4828125 0.09768518518518518 0.022916666666666665 0.03611111111111111
1 0.16796875 0.14351851851851852 0.0328125 0.040740740740740744
1 0.81640625 0.18796296296296297 0.04114583333333333 0.06666666666666667
1 0.17265625 0.10092592592592593 0.0265625 0.03148148148148148
1 0.3109375 0.09444444444444444 0.0375 0.03518518518518519
1 0.7424479166666667 0.14583333333333334 0.0265625 0.028703703703703703
1 0.64453125 0.10185185185185185 0.0234375 0.024074074074074074
1 0.27708333333333335 0.11342592592592593 0.028125 0.04351851851851852
1 0.43828125 0.14629629629629629 0.0328125 0.05185185185185185
1 0.24739583333333334 0.16666666666666666 0.0375 0.05
1 0.5919270833333333 0.08194444444444444 0.028645833333333332 0.028703703703703703
1 0.6434895833333333 0.13287037037037036 0.0171875 0.04722222222222222
1 0.16953125 0.08009259259259259 0.025520833333333333 0.023148148148148147
1 0.621875 0.11898148148148148 0.03125 0.03981481481481482
1 0.29401041666666666 0.13657407407407407 0.03177083333333333 0.049074074074074076
1 0.5932291666666667 0.13425925925925927 0.03229166666666667 0.06296296296296296
1 0.9596354166666666 0.19074074074074074 0.04739583333333333 0.07592592592592592
1 0.6033854166666667 0.09583333333333334 0.022395833333333334 0.017592592592592594
1 0.1671875 0.17314814814814813 0.03229166666666667 0.05740740740740741
1 0.39557291666666666 0.11388888888888889 0.033854166666666664 0.046296296296296294
1 0.18723958333333332 0.3726851851851852 0.0796875 0.12314814814814815
1 0.7713541666666667 0.1537037037037037 0.036458333333333336 0.053703703703703705
1 0.18072916666666666 0.1925925925925926 0.040625 0.07037037037037037
1 0.4471354166666667 0.07824074074074074 0.019270833333333334 0.03611111111111111
1 0.4635416666666667 0.0875 0.020833333333333332 0.030555555555555555
1 0.32369791666666664 0.0699074074074074 0.0234375 0.019444444444444445
1 0.8388020833333333 0.2111111111111111 0.04739583333333333 0.07592592592592592
1 0.39401041666666664 0.2652777777777778 0.0484375 0.0824074074074074
1 0.4192708333333333 0.13287037037037036 0.027083333333333334 0.03796296296296296
1 0.74921875 0.17453703703703705 0.024479166666666666 0.03611111111111111
1 0.9921875 0.27685185185185185 0.014583333333333334 0.07777777777777778