3 0.8893229166666666 0.2550925925925926 0.06510416666666667 0.09722222222222222
1 0.23619791666666667 0.812037037037037 0.14635416666666667 0.1925925925925926
1 0.734375 0.49722222222222223 0.1 0.12777777777777777
1 0.06458333333333334 0.4462962962962963 0.08020833333333334 0.1037037037037037
1 0.44765625 0.6333333333333333 0.11510416666666666 0.15925925925925927
1 0.6125 0.3768518518518518 0.07604166666666666 0.1037037037037037
1 0.18776041666666668 0.37592592592592594 0.0671875 0.09814814814814815
1 0.5453125 0.32592592592592595 0.06666666666666667 0.08333333333333333
1 0.38307291666666665 0.5097222222222222 0.09114583333333333 0.13055555555555556
1 0.6760416666666667 0.1824074074074074 0.03958333333333333 0.05555555555555555
1 0.62421875 0.5550925925925926 0.10677083333333333 0.1712962962962963
1 0.83359375 0.41388888888888886 0.08697916666666666 0.1259259259259259
1 0.540625 0.4759259259259259 0.08854166666666667 0.12037037037037036
1 0.9747395833333333 0.20185185185185187 0.0484375 0.06111111111111111
1 0.5002604166666667 0.4185185185185185 0.07864583333333333 0.10740740740740741
1 0.41822916666666665 0.1337962962962963 0.023958333333333335 0.041666666666666664
1 0.7552083333333334 0.21712962962962962 0.04479166666666667 0.06018518518518518
1 0.5138020833333333 0.19722222222222222 0.0421875 0.05925925925925926
1 0.46640625 0.24583333333333332 0.04114583333333333 0.06574074074074074
1 0.41744791666666664 0.30787037037037035 0.0484375 0.07685185185185185
1 0.44947916666666665 0.33425925925925926 0.065625 0.1111111111111111
1 0.70546875 0.13703703703703704 0.03177083333333333 0.044444444444444446
1 0.984375 0.31527777777777777 0.030208333333333334 0.10833333333333334
1 0.31744791666666666 0.3509259259259259 0.07864583333333333 0.13333333333333333
1 0.38255208333333335 0.16111111111111112 0.034895833333333334 0.05555555555555555
1 0.44453125 0.1476851851851852 0.04114583333333333 0.06388888888888888
1 0.39140625 0.26851851851851855 0.0546875 0.08703703703703704
1 0.33645833333333336 0.2023148148148148 0.046875 0.06018518518518518
1 0.95546875 0.6856481481481481 0.08802083333333334 0.225
1 0.4270833333333333 0.2037037037037037 0.03958333333333333 0.05925925925925926
1 0.6333333333333333 0.16111111111111112 0.036458333333333336 0.05555555555555555
1 0.39895833333333336 0.1912037037037037 0.03333333333333333 0.04722222222222222
1 0.9619791666666667 0.49722222222222223 0.075 0.16666666666666666
1 0.39791666666666664 0.1125 0.026041666666666668 0.03796296296296296
1 0.5229166666666667 0.8467592592592592 0.15625 0.21203703703703702
1 0.75859375 0.1736111111111111 0.027604166666666666 0.03796296296296296
1 0.1765625 0.18287037037037038 0.040625 0.058333333333333334
1 0.7283854166666667 0.1699074074074074 0.0390625 0.05277777777777778
1 0.37135416666666665 0.24259259259259258 0.040625 0.07777777777777778
1 0.5442708333333334 0.1449074074074074 0.03333333333333333 0.03425925925925926
1 0.6682291666666667 0.1449074074074074 0.035416666666666666 0.05277777777777778
1 0.17578125 0.125 0.0328125 0.03888888888888889
1 0.44895833333333335 0.22546296296296298 0.040625 0.06944444444444445
1 0.36380208333333336 0.14166666666666666 0.03697916666666667 0.05555555555555555
1 0.48671875 0.1787037037037037 0.03802083333333333 0.06111111111111111
1 0.8890625 0.8662037037037037 0.17708333333333334 0.2638888888888889
1 0.16744791666666667 0.2851851851851852 0.050520833333333334 0.07222222222222222
1 0.7479166666666667 0.1111111111111111 0.0375 0.027777777777777776
1 0.15546875 0.10092592592592593 0.0265625 0.04259259259259259
1 0.35078125 0.08611111111111111 0.022395833333333334 0.03148148148148148
1 0.5575520833333333 0.10416666666666667 0.024479166666666666 0.03425925925925926
1 0.26927083333333335 0.1685185185185185 0.034375 0.044444444444444446
1 0.30052083333333335 0.15694444444444444 0.034375 0.04351851851851852
1 0.2328125 0.18194444444444444 0.04583333333333333 0.075
1 0.63828125 0.1 0.019270833333333334 0.03148148148148148
1 0.18333333333333332 0.3162037037037037 0.06145833333333333 0.09722222222222222
1 0.29921875 0.13333333333333333 0.034895833333333334 0.05185185185185185
1 0.78984375 0.36712962962962964 0.0890625 0.13425925925925927
1 0.60625 0.10324074074074074 0.025 0.03796296296296296
1 0.7627604166666667 0.14351851851851852 0.034895833333333334 0.03888888888888889
1 0.5986979166666667 0.14166666666666666 0.04010416666666667 0.06111111111111111
1 0.2640625 0.22685185185185186 0.04479166666666667 0.08148148148148149
1 0.4828125 0.08888888888888889 0.021875 0.020370370370370372
1 0.5760416666666667 0.09305555555555556 0.022916666666666665 0.032407407407407406
1 0.6434895833333333 0.1310185185185185 0.03177083333333333 0.030555555555555555
1 0.23046875 0.1175925925925926 0.0296875 0.05185185185185185
1 0.4317708333333333 0.08935185185185185 0.022916666666666665 0.028703703703703703
1 0.4869791666666667 0.1125 0.021875 0.030555555555555555
1 0.4734375 0.07407407407407407 0.020833333333333332 0.03333333333333333
1 0.34322916666666664 0.11574074074074074 0.03229166666666667 0.053703703703703705
1 0.5744791666666667 0.1375 0.021875 0.05277777777777778
1 0.3341145833333333 0.07222222222222222 0.0203125 0.024074074074074074
1 0.7341145833333333 0.1361111111111111 0.0296875 0.022222222222222223
1 0.6044270833333333 0.07731481481481481 0.0203125 0.021296296296296296
1 0.40625 0.0712962962962963 0.023958333333333335 0.027777777777777776
1 0.515625 0.26851851851851855 0.07291666666666667 0.08703703703703704
1 0.5169270833333334 0.12685185185185185 0.033854166666666664 0.03888888888888889
1 0.16432291666666668 0.2523148148148148 0.05572916666666667 0.06944444444444445
1 0.2375 0.12962962962962962 0.03333333333333333 0.03518518518518519
1 0.21953125 0.09444444444444444 0.028645833333333332 0.044444444444444446
1 0.6544270833333333 0.10416666666666667 0.030729166666666665 0.030555555555555555
1 0.27734375 0.23333333333333334 0.0484375 0.06851851851851852
1 0.5 0.262037037037037 0.041666666666666664 0.07777777777777778
1 0.28463541666666664 0.2689814814814815 0.059895833333333336 0.06944444444444445
1 0.321875 0.29259259259259257 0.075 0.08518518518518518