2 0.70390625 0.09861111111111111 0.05364583333333333 0.1175925925925926
2 0.64375 0.09027777777777778 0.04895833333333333 0.09351851851851851
1 0.309375 0.7199074074074074 0.13645833333333332 0.17685185185185184
1 0.4875 0.7787037037037037 0.146875 0.19074074074074074
1 0.74609375 0.7393518518518518 0.14635416666666667 0.19166666666666668
1 0.91015625 0.6328703703703704 0.12864583333333332 0.1638888888888889
1 0.5234375 0.46620370370370373 0.10416666666666667 0.15462962962962962
1 0.20520833333333333 0.425 0.075 0.10925925925925926
1 0.6622395833333333 0.6157407407407407 0.12552083333333333 0.19074074074074074
1 0.46640625 0.3726851851851852 0.06822916666666666 0.09537037037037037
1 0.34322916666666664 0.40324074074074073 0.06875 0.09166666666666666
1 0.5239583333333333 0.28888888888888886 0.06145833333333333 0.08333333333333333
1 0.79921875 0.5439814814814815 0.10989583333333333 0.15462962962962962
1 0.72890625 0.46805555555555556 0.09635416666666667 0.12685185185185185
1 0.93359375 0.9199074074074074 0.13177083333333334 0.15833333333333333
1 0.5643229166666667 0.3287037037037037 0.06197916666666667 0.09259259259259259
1 0.40338541666666666 0.18101851851851852 0.03802083333333333 0.049074074074074076
1 0.32578125 0.3453703703703704 0.06510416666666667 0.08703703703703704
1 0.42109375 0.31342592592592594 0.0609375 0.08611111111111111
1 0.6247395833333333 0.26990740740740743 0.05572916666666667 0.08796296296296297
1 0.596875 0.1726851851851852 0.040625 0.041666666666666664
1 0.965625 0.26157407407407407 0.058333333333333334 0.08425925925925926
1 0.5234375 0.20416666666666666 0.046875 0.0712962962962963
1 0.8955729166666667 0.17824074074074073 0.04010416666666667 0.05092592592592592
1 0.15182291666666667 0.3680555555555556 0.0734375 0.11574074074074074
1 0.43776041666666665 0.21574074074074073 0.04114583333333333 0.06111111111111111
1 0.6505208333333333 0.38101851851851853 0.08125 0.12685185185185185
1 0.8174479166666667 0.26944444444444443 0.0578125 0.05925925925925926
1 0.30234375 0.31805555555555554 0.05364583333333333 0.0824074074074074
1 0.8666666666666667 0.16944444444444445 0.03333333333333333 0.05
1 0.859375 0.24675925925925926 0.05 0.04537037037037037
1 0.50078125 0.27546296296296297 0.044270833333333336 0.07314814814814814
1 0.57734375 0.24537037037037038 0.050520833333333334 0.07037037037037037
1 0.8942708333333333 0.30462962962962964 0.07708333333333334 0.08148148148148149
1 0.47213541666666664 0.24074074074074073 0.049479166666666664 0.08148148148148149
1 0.38958333333333334 0.2638888888888889 0.052083333333333336 0.08518518518518518
1 0.81171875 0.17685185185185184 0.0421875 0.05555555555555555
1 0.70546875 0.22824074074074074 0.0484375 0.06388888888888888
1 0.36640625 0.22314814814814815 0.043229166666666666 0.07592592592592592
1 0.2630208333333333 0.22175925925925927 0.0375 0.06018518518518518
1 0.40208333333333335 0.2949074074074074 0.04479166666666667 0.075
1 0.17369791666666667 0.21388888888888888 0.0390625 0.05555555555555555
1 0.6559895833333333 0.17314814814814813 0.03697916666666667 0.05555555555555555
1 0.6690104166666667 0.1425925925925926 0.0328125 0.03888888888888889
1 0.37473958333333335 0.16296296296296298 0.034895833333333334 0.044444444444444446
1 0.496875 0.18796296296296297 0.0375 0.06851851851851852
1 0.17552083333333332 0.3050925925925926 0.06145833333333333 0.07314814814814814
1 0.7622395833333333 0.13240740740740742 0.0359375 0.05555555555555555
1 0.46458333333333335 0.10648148148148148 0.026041666666666668 0.03148148148148148
1 0.34296875 0.07777777777777778 0.0296875 0.03518518518518519
1 0.74921875 0.24444444444444444 0.0546875 0.053703703703703705
1 0.9190104166666667 0.24166666666666667 0.05260416666666667 0.06481481481481481
1 0.76015625 0.18796296296296297 0.022395833333333334 0.053703703703703705
1 0.2799479166666667 0.11435185185185186 0.024479166666666666 0.03796296296296296
1 0.46041666666666664 0.1550925925925926 0.03854166666666667 0.058333333333333334
1 0.19296875 0.14212962962962963 0.024479166666666666 0.04722222222222222
1 0.32109375 0.1638888888888889 0.044270833333333336 0.04814814814814815
1 0.67734375 0.20462962962962963 0.0421875 0.04259259259259259
1 0.30234375 0.1449074074074074 0.034895833333333334 0.05277777777777778
1 0.48723958333333334 0.09768518518518518 0.024479166666666666 0.03611111111111111
1 0.2864583333333333 0.26990740740740743 0.053125 0.075
1 0.24895833333333334 0.16620370370370371 0.04791666666666667 0.04537037037037037
1 0.7208333333333333 0.19398148148148148 0.03854166666666667 0.058333333333333334
1 0.1765625 0.262037037037037 0.05625 0.05555555555555555
1 0.34010416666666665 0.19675925925925927 0.03854166666666667 0.05648148148148148
1 0.7192708333333333 0.15601851851851853 0.036458333333333336 0.03981481481481482
1 0.47317708333333336 0.16944444444444445 0.0328125 0.05555555555555555
1 0.309375 0.09814814814814815 0.023958333333333335 0.03333333333333333
1 0.6861979166666666 0.17777777777777778 0.04010416666666667 0.03888888888888889
1 0.2825520833333333 0.2513888888888889 0.0484375 0.04351851851851852
1 0.16979166666666667 0.17175925925925925 0.040625 0.062037037037037036
1 0.23229166666666667 0.1300925925925926 0.034375 0.04722222222222222
1 0.7393229166666667 0.1175925925925926 0.024479166666666666 0.044444444444444446
1 0.16041666666666668 0.11851851851851852 0.03854166666666667 0.05185185185185185
1 0.8078125 0.20972222222222223 0.03958333333333333 0.06018518518518518
1 0.25546875 0.08611111111111111 0.025520833333333333 0.03518518518518519
1 0.5705729166666667 0.10694444444444444 0.030729166666666665 0.05092592592592592
1 0.17604166666666668 0.19305555555555556 0.03958333333333333 0.05462962962962963
1 0.79765625 0.23287037037037037 0.0515625 0.06574074074074074
1 0.9794270833333333 0.37777777777777777 0.04010416666666667 0.08703703703703704
1 0.5229166666666667 0.08055555555555556 0.029166666666666667 0.03888888888888889
1 0.27734375 0.22962962962962963 0.0390625 0.044444444444444446
1 0.5888020833333333 0.07962962962962963 0.019270833333333334 0.02962962962962963
1 0.29401041666666666 0.13333333333333333 0.025520833333333333 0.05
1 0.85859375 0.28888888888888886 0.03177083333333333 0.05
1 0.5033854166666667 0.12129629629629629 0.03177083333333333 0.03518518518518519
1 0.47213541666666664 0.06342592592592593 0.018229166666666668 0.017592592592592594
1 0.6 0.10925925925925926 0.027083333333333334 0.03333333333333333
1 0.5953125 0.1425925925925926 0.035416666666666666 0.05925925925925926
1 0.2515625 0.19398148148148148 0.04375 0.049074074074074076
1 0.98828125 0.30648148148148147 0.022395833333333334 0.06296296296296296