2 0.89453125 0.15185185185185185 0.0765625 0.16296296296296298
2 0.771875 0.12407407407407407 0.06666666666666667 0.12407407407407407
2 0.8369791666666667 0.5106481481481482 0.14270833333333333 0.2898148148148148
1 0.17682291666666666 0.7050925925925926 0.12760416666666666 0.15092592592592594
1 0.6971354166666667 0.45 0.0890625 0.1111111111111111
1 0.2421875 0.8148148148148148 0.13333333333333333 0.17962962962962964
1 0.6028645833333334 0.9384259259259259 0.17760416666666667 0.12129629629629629
1 0.41354166666666664 0.5717592592592593 0.10416666666666667 0.14166666666666666
1 0.6013020833333333 0.5583333333333333 0.10989583333333333 0.14629629629629629
1 0.35182291666666665 0.31527777777777777 0.06302083333333333 0.08055555555555556
1 0.7494791666666667 0.5208333333333334 0.04895833333333333 0.13240740740740742
1 0.6822916666666666 0.33796296296296297 0.06666666666666667 0.09259259259259259
1 0.53515625 0.3111111111111111 0.06302083333333333 0.08333333333333333
1 0.5984375 0.36064814814814816 0.06770833333333333 0.09537037037037037
1 0.19375 0.3138888888888889 0.058333333333333334 0.08148148148148149
1 0.64453125 0.29398148148148145 0.06197916666666667 0.08796296296296297
1 0.5716145833333334 0.48842592592592593 0.08489583333333334 0.12685185185185185
1 0.6833333333333333 0.18425925925925926 0.040625 0.05185185185185185
1 0.940625 0.3 0.065625 0.08148148148148149
1 0.5875 0.16620370370370371 0.035416666666666666 0.03981481481481482
1 0.31666666666666665 0.35509259259259257 0.06770833333333333 0.08796296296296297
1 0.27395833333333336 0.24537037037037038 0.04479166666666667 0.05925925925925926
1 0.8799479166666667 0.30092592592592593 0.06927083333333334 0.07222222222222222
1 0.37890625 0.4898148148148148 0.11822916666666666 0.17037037037037037
1 0.7427083333333333 0.17453703703703705 0.03854166666666667 0.06388888888888888
1 0.20260416666666667 0.5722222222222222 0.090625 0.14629629629629629
1 0.56640625 0.1337962962962963 0.0328125 0.04537037037037037
1 0.4708333333333333 0.1712962962962963 0.0375 0.05925925925925926
1 0.7723958333333333 0.2199074074074074 0.05 0.08055555555555556
1 0.41848958333333336 0.31805555555555554 0.0578125 0.10092592592592593
1 0.4200520833333333 0.13564814814814816 0.0328125 0.04537037037037037
1 0.19348958333333333 0.4773148148148148 0.09114583333333333 0.1398148148148148
1 0.8919270833333334 0.25416666666666665 0.050520833333333334 0.049074074074074076
1 0.3875 0.2611111111111111 0.058333333333333334 0.08703703703703704
1 0.46015625 0.38472222222222224 0.0859375 0.13425925925925927
1 0.4856770833333333 0.2708333333333333 0.0453125 0.075
1 0.45390625 0.22685185185185186 0.04739583333333333 0.07962962962962963
1 0.6434895833333333 0.1935185185185185 0.04010416666666667 0.04259259259259259
1 0.5104166666666666 0.28564814814814815 0.05416666666666667 0.08611111111111111
1 0.42994791666666665 0.2111111111111111 0.03697916666666667 0.05925925925925926
1 0.4328125 0.3486111111111111 0.057291666666666664 0.09537037037037037
1 0.23203125 0.13518518518518519 0.0359375 0.05740740740740741
1 0.190625 0.2537037037037037 0.04583333333333333 0.07037037037037037
1 0.25494791666666666 0.18888888888888888 0.0421875 0.053703703703703705
1 0.359375 0.2310185185185185 0.03854166666666667 0.06388888888888888
1 0.9901041666666667 0.7888888888888889 0.01875 0.22407407407407406
1 0.4125 0.18888888888888888 0.042708333333333334 0.05555555555555555
1 0.24114583333333334 0.15787037037037038 0.029166666666666667 0.04537037037037037
1 0.6104166666666667 0.11898148148148148 0.0375 0.05648148148148148
1 0.33515625 0.07453703703703704 0.022395833333333334 0.030555555555555555
1 0.9361979166666666 0.18194444444444444 0.018229166666666668 0.06944444444444445
1 0.8479166666666667 0.16203703703703703 0.021875 0.05740740740740741
1 0.44635416666666666 0.15694444444444444 0.029166666666666667 0.04537037037037037
1 0.4778645833333333 0.09444444444444444 0.0296875 0.04259259259259259
1 0.71484375 0.15601851851851853 0.03697916666666667 0.058333333333333334
1 0.8393229166666667 0.15092592592592594 0.034895833333333334 0.05925925925925926
1 0.6442708333333333 0.11157407407407408 0.029166666666666667 0.03796296296296296
1 0.6721354166666667 0.11712962962962963 0.025520833333333333 0.030555555555555555
1 0.37994791666666666 0.16342592592592592 0.0390625 0.05462962962962963
1 0.32864583333333336 0.18333333333333332 0.036458333333333336 0.06296296296296296
1 0.39296875 0.11018518518518519 0.027604166666666666 0.05
1 0.40338541666666666 0.06574074074074074 0.021354166666666667 0.022222222222222223
1 0.28854166666666664 0.12638888888888888 0.029166666666666667 0.049074074074074076
1 0.67421875 0.14583333333333334 0.0296875 0.030555555555555555
1 0.40859375 0.12638888888888888 0.030729166666666665 0.05092592592592592
1 0.34921875 0.20601851851851852 0.0421875 0.062037037037037036
1 0.4981770833333333 0.1050925925925926 0.0265625 0.03425925925925926
1 0.2716145833333333 0.10972222222222222 0.024479166666666666 0.041666666666666664
1 0.4544270833333333 0.08611111111111111 0.022395833333333334 0.03148148148148148
1 0.3619791666666667 0.15231481481481482 0.03125 0.04351851851851852
1 0.5807291666666666 0.10694444444444444 0.029166666666666667 0.04537037037037037
1 0.5625 0.07222222222222222 0.027083333333333334 0.024074074074074074
1 0.5239583333333333 0.11296296296296296 0.021875 0.044444444444444446
1 0.3067708333333333 0.15648148148148147 0.03333333333333333 0.05740740740740741
1 0.70703125 0.13194444444444445 0.034895833333333334 0.049074074074074076
1 0.6028645833333334 0.0912037037037037 0.0234375 0.025
1 0.16640625 0.09027777777777778 0.0296875 0.032407407407407406
1 0.34817708333333336 0.1310185185185185 0.027604166666666666 0.03796296296296296
1 0.6419270833333334 0.15416666666666667 0.034895833333333334 0.05648148148148148
1 0.6583333333333333 0.16712962962962963 0.034375 0.04722222222222222
1 0.44166666666666665 0.07361111111111111 0.026041666666666668 0.03425925925925926
1 0.33307291666666666 0.12083333333333333 0.0234375 0.032407407407407406
1 0.18619791666666666 0.07731481481481481 0.009895833333333333 0.019444444444444445
1 0.18072916666666666 0.22592592592592592 0.04583333333333333 0.07777777777777778
1 0.87265625 0.22546296296296298 0.050520833333333334 0.06759259259259259
1 0.1703125 0.15787037037037038 0.035416666666666666 0.04351851851851852
1 0.32135416666666666 0.10787037037037037 0.035416666666666666 0.03981481481481482
1 0.30026041666666664 0.14675925925925926 0.030729166666666665 0.05277777777777778
1 0.6841145833333333 0.1287037037037037 0.022395833333333334 0.037037037037037035
1 0.5552083333333333 0.09351851851851851 0.023958333333333335 0.03518518518518519
1 0.5546875 0.12361111111111112 0.021875 0.041666666666666664
1 0.16822916666666668 0.12453703703703704 0.03333333333333333 0.041666666666666664
1 0.2109375 0.11064814814814815 0.022916666666666665 0.041666666666666664
1 0.17135416666666667 0.19444444444444445 0.0375 0.06481481481481481
1 0.5348958333333333 0.08472222222222223 0.022916666666666665 0.021296296296296296
1 0.2669270833333333 0.21805555555555556 0.04114583333333333 0.04722222222222222
1 0.9924479166666667 0.27314814814814814 0.0140625 0.08333333333333333