1 0.5625 0.8680555555555556 0.15729166666666666 0.22314814814814815
1 0.484375 0.7356481481481482 0.140625 0.18425925925925926
1 0.21041666666666667 0.6407407407407407 0.128125 0.17037037037037037
1 0.19583333333333333 0.5055555555555555 0.09583333333333334 0.12222222222222222
1 0.7197916666666667 0.7087962962962963 0.134375 0.18981481481481483
1 0.378125 0.5273148148148148 0.1 0.13425925925925927
1 0.32578125 0.3712962962962963 0.0671875 0.0962962962962963
1 0.91015625 0.28379629629629627 0.058854166666666666 0.075
1 0.5908854166666667 0.36574074074074076 0.0734375 0.09259259259259259
1 0.51875 0.2898148148148148 0.059375 0.07962962962962963
1 0.44479166666666664 0.3541666666666667 0.057291666666666664 0.09166666666666666
1 0.47239583333333335 0.2569444444444444 0.052083333333333336 0.06944444444444445
1 0.7028645833333333 0.44305555555555554 0.0953125 0.14907407407407408
1 0.6596354166666667 0.29953703703703705 0.06197916666666667 0.09351851851851851
1 0.6348958333333333 0.6180555555555556 0.11145833333333334 0.1527777777777778
1 0.8377604166666667 0.5675925925925925 0.10989583333333333 0.14629629629629629
1 0.17760416666666667 0.3402777777777778 0.06041666666666667 0.08055555555555556
1 0.37005208333333334 0.4324074074074074 0.0765625 0.10925925925925926
1 0.9041666666666667 0.6287037037037037 0.1375 0.17592592592592593
1 0.42552083333333335 0.31805555555555554 0.05625 0.08425925925925926
1 0.79453125 0.3851851851851852 0.08489583333333334 0.12962962962962962
1 0.49609375 0.38981481481481484 0.07447916666666667 0.12222222222222222
1 0.73828125 0.3384259259259259 0.07239583333333334 0.11018518518518519
1 0.45625 0.15601851851851853 0.035416666666666666 0.05092592592592592
1 0.8221354166666667 0.2064814814814815 0.04114583333333333 0.06481481481481481
1 0.3971354166666667 0.2652777777777778 0.05260416666666667 0.09166666666666666
1 0.3109375 0.16805555555555557 0.03854166666666667 0.05092592592592592
1 0.953125 0.5162037037037037 0.09270833333333334 0.1398148148148148
1 0.3841145833333333 0.11296296296296296 0.018229166666666668 0.03518518518518519
1 0.40520833333333334 0.12129629629629629 0.035416666666666666 0.05555555555555555
1 0.7908854166666667 0.23148148148148148 0.049479166666666664 0.06851851851851852
1 0.6169270833333333 0.1824074074074074 0.0390625 0.037037037037037035
1 0.59609375 0.14212962962962963 0.03177083333333333 0.04351851851851852
1 0.7377604166666667 0.2050925925925926 0.044270833333333336 0.06388888888888888
1 0.3528645833333333 0.1375 0.0296875 0.049074074074074076
1 0.9765625 0.7791666666666667 0.04583333333333333 0.20462962962962963
1 0.18802083333333333 0.29212962962962963 0.05416666666666667 0.07685185185185185
1 0.42239583333333336 0.19768518518518519 0.035416666666666666 0.049074074074074076
1 0.9065104166666667 0.2324074074074074 0.05364583333333333 0.07222222222222222
1 0.73203125 0.1712962962962963 0.0421875 0.05185185185185185
1 0.559375 0.14814814814814814 0.026041666666666668 0.03518518518518519
1 0.38307291666666665 0.16712962962962963 0.034895833333333334 0.04722222222222222
1 0.37083333333333335 0.09722222222222222 0.021875 0.03518518518518519
1 0.33307291666666666 0.11805555555555555 0.028645833333333332 0.049074074074074076
1 0.23515625 0.1527777777777778 0.027604166666666666 0.044444444444444446
1 0.18177083333333333 0.15648148148148147 0.04583333333333333 0.06296296296296296
1 0.6692708333333334 0.12175925925925926 0.029166666666666667 0.041666666666666664
1 0.6544270833333333 0.17314814814814813 0.025520833333333333 0.05925925925925926
1 0.4546875 0.2199074074074074 0.051041666666666666 0.07685185185185185
1 0.4466145833333333 0.1449074074074074 0.03177083333333333 0.05462962962962963
1 0.7072916666666667 0.1425925925925926 0.030208333333333334 0.04259259259259259
1 0.6372395833333333 0.27361111111111114 0.06197916666666667 0.10462962962962963
1 0.36223958333333334 0.24722222222222223 0.0390625 0.06296296296296296
1 0.3651041666666667 0.1587962962962963 0.028125 0.03981481481481482
1 0.28958333333333336 0.2796296296296296 0.06458333333333334 0.10740740740740741
1 0.6015625 0.12175925925925926 0.036458333333333336 0.04537037037037037
1 0.5973958333333333 0.5236111111111111 0.10729166666666666 0.16574074074074074
1 0.5299479166666666 0.1361111111111111 0.015104166666666667 0.025925925925925925
1 0.28151041666666665 0.11666666666666667 0.033854166666666664 0.05
1 0.46822916666666664 0.1050925925925926 0.025 0.032407407407407406
1 0.40625 0.18564814814814815 0.035416666666666666 0.058333333333333334
1 0.2635416666666667 0.09907407407407408 0.020833333333333332 0.037037037037037035
1 0.6981770833333333 0.11805555555555555 0.028645833333333332 0.03796296296296296
1 0.95078125 0.18888888888888888 0.044270833333333336 0.06666666666666667
1 0.6265625 0.1087962962962963 0.027083333333333334 0.03611111111111111
1 0.2546875 0.1875 0.040625 0.06944444444444445
1 0.3375 0.07314814814814814 0.019791666666666666 0.027777777777777776
1 0.35833333333333334 0.21851851851851853 0.04479166666666667 0.07407407407407407
1 0.7747395833333334 0.17731481481481481 0.04010416666666667 0.05648148148148148
1 0.58359375 0.15833333333333333 0.03802083333333333 0.04259259259259259
1 0.6817708333333333 0.17824074074074073 0.04791666666666667 0.075
1 0.17473958333333334 0.19722222222222222 0.044270833333333336 0.04814814814814815
1 0.4421875 0.0763888888888889 0.021875 0.03796296296296296
1 0.5661458333333333 0.09768518518518518 0.023958333333333335 0.026851851851851852
1 0.521875 0.12824074074074074 0.027083333333333334 0.030555555555555555
1 0.28177083333333336 0.1550925925925926 0.029166666666666667 0.028703703703703703
1 0.5645833333333333 0.12175925925925926 0.028125 0.026851851851851852
1 0.5208333333333334 0.10462962962962963 0.026041666666666668 0.025925925925925925
1 0.45234375 0.0824074074074074 0.024479166666666666 0.02962962962962963
1 0.64375 0.09675925925925925 0.022916666666666665 0.041666666666666664
1 0.7776041666666667 0.1476851851851852 0.027083333333333334 0.019444444444444445
1 0.26484375 0.18564814814814815 0.04010416666666667 0.03981481481481482
1 0.3385416666666667 0.20185185185185187 0.034375 0.06481481481481481
1 0.8372395833333334 0.15 0.043229166666666666 0.06296296296296296
1 0.8731770833333333 0.18101851851851852 0.0484375 0.06759259259259259
1 0.17317708333333334 0.10092592592592593 0.021354166666666667 0.020370370370370372
1 0.21380208333333334 0.08611111111111111 0.0265625 0.03888888888888889
1 0.2526041666666667 0.22314814814814815 0.025 0.06296296296296296
1 0.5015625 0.11851851851851852 0.01875 0.02962962962962963
1 0.2794270833333333 0.2351851851851852 0.06302083333333333 0.07592592592592592
1 0.15677083333333333 0.09351851851851851 0.025 0.044444444444444446
1 0.509375 0.08611111111111111 0.026041666666666668 0.037037037037037035
1 0.17552083333333332 0.2587962962962963 0.04583333333333333 0.08425925925925926
1 0.796875 0.17222222222222222 0.022916666666666665 0.046296296296296294
1 0.81875 0.17453703703703705 0.040625 0.04537037037037037
1 0.23177083333333334 0.13055555555555556 0.03229166666666667 0.03888888888888889
1 0.171875 0.2361111111111111 0.04895833333333333 0.06296296296296296