3 0.9361979166666666 0.2726851851851852 0.06927083333333334 0.10462962962962963
2 0.9080729166666667 0.1814814814814815 0.08697916666666666 0.17962962962962964
2 0.9348958333333334 0.1388888888888889 0.08333333333333333 0.16111111111111112
1 0.2760416666666667 0.9300925925925926 0.190625 0.13796296296296295
1 0.46536458333333336 0.7379629629629629 0.13697916666666668 0.18333333333333332
1 0.68828125 0.45787037037037037 0.09114583333333333 0.1175925925925926
1 0.21822916666666667 0.7101851851851851 0.13020833333333334 0.17222222222222222
1 0.10989583333333333 0.412962962962963 0.07291666666666667 0.09814814814814815
1 0.8755208333333333 0.9055555555555556 0.16875 0.18703703703703703
1 0.42265625 0.5694444444444444 0.1046875 0.14074074074074075
1 0.18854166666666666 0.35185185185185186 0.06354166666666666 0.08888888888888889
1 0.6994791666666667 0.1925925925925926 0.041666666666666664 0.05740740740740741
1 0.36276041666666664 0.4689814814814815 0.0828125 0.12129629629629629
1 0.5239583333333333 0.30648148148148147 0.0625 0.08148148148148149
1 0.5856770833333333 0.35185185185185186 0.0703125 0.09814814814814815
1 0.51171875 0.4393518518518518 0.08385416666666666 0.11203703703703703
1 0.5830729166666667 0.5027777777777778 0.09739583333333333 0.15555555555555556
1 0.41015625 0.12777777777777777 0.0234375 0.03888888888888889
1 0.4752604166666667 0.38796296296296295 0.07135416666666666 0.1
1 0.49921875 0.18425925925925926 0.04010416666666667 0.05555555555555555
1 0.7802083333333333 0.3773148148148148 0.08020833333333334 0.11574074074074074
1 0.88671875 0.6074074074074074 0.13072916666666667 0.2037037037037037
1 0.4544270833333333 0.23055555555555557 0.03802083333333333 0.06111111111111111
1 0.9734375 0.5175925925925926 0.052083333333333336 0.17037037037037037
1 0.4036458333333333 0.2902777777777778 0.04583333333333333 0.0712962962962963
1 0.5606770833333333 0.15324074074074073 0.033854166666666664 0.03425925925925926
1 0.4361979166666667 0.31342592592592594 0.0609375 0.10462962962962963
1 0.6528645833333333 0.16898148148148148 0.03802083333333333 0.058333333333333334
1 0.38333333333333336 0.25324074074074077 0.053125 0.0824074074074074
1 0.30911458333333336 0.33055555555555555 0.07447916666666667 0.12407407407407407
1 0.39036458333333335 0.10694444444444444 0.025520833333333333 0.03611111111111111
1 0.7893229166666667 0.2300925925925926 0.0484375 0.062037037037037036
1 0.17526041666666667 0.1736111111111111 0.04010416666666667 0.058333333333333334
1 0.21875 0.175 0.04791666666666667 0.07222222222222222
1 0.37552083333333336 0.15416666666666667 0.034375 0.05277777777777778
1 0.90625 0.44675925925925924 0.10625 0.14722222222222223
1 0.68984375 0.1527777777777778 0.03802083333333333 0.053703703703703705
1 0.7229166666666667 0.13935185185185187 0.030208333333333334 0.041666666666666664
1 0.3927083333333333 0.1824074074074074 0.03333333333333333 0.044444444444444446
1 0.44088541666666664 0.21435185185185185 0.04010416666666667 0.06759259259259259
1 0.74609375 0.34120370370370373 0.07760416666666667 0.12685185185185185
1 0.4744791666666667 0.16574074074074074 0.035416666666666666 0.053703703703703705
1 0.4171875 0.19444444444444445 0.0375 0.05740740740740741
1 0.7489583333333333 0.17824074074074073 0.042708333333333334 0.05648148148148148
1 0.4973958333333333 0.2518518518518518 0.06458333333333334 0.08148148148148149
1 0.36223958333333334 0.22916666666666666 0.03802083333333333 0.07685185185185185
1 0.16328125 0.2708333333333333 0.0453125 0.06759259259259259
1 0.15598958333333332 0.09907407407407408 0.0265625 0.04259259259259259
1 0.565625 0.10740740740740741 0.03125 0.03888888888888889
1 0.7690104166666667 0.11527777777777778 0.03802083333333333 0.030555555555555555
1 0.7893229166666667 0.14629629629629629 0.0359375 0.037037037037037035
1 0.6643229166666667 0.13333333333333333 0.0328125 0.027777777777777776
1 0.2947916666666667 0.12222222222222222 0.030208333333333334 0.03888888888888889
1 0.78046875 0.75 0.15364583333333334 0.2388888888888889
1 0.35598958333333336 0.13472222222222222 0.033854166666666664 0.05092592592592592
1 0.4388020833333333 0.09351851851851851 0.024479166666666666 0.02962962962962963
1 0.6197916666666666 0.1037037037037037 0.025 0.03518518518518519
1 0.5544270833333333 0.11898148148148148 0.0203125 0.03425925925925926
1 0.22838541666666667 0.11342592592592593 0.028645833333333332 0.049074074074074076
1 0.27369791666666665 0.21944444444444444 0.04739583333333333 0.05925925925925926
1 0.5872395833333334 0.09583333333333334 0.0234375 0.032407407407407406
1 0.29765625 0.15092592592592594 0.028645833333333332 0.03518518518518519
1 0.8 0.19074074074074074 0.027083333333333334 0.05740740740740741
1 0.32838541666666665 0.18703703703703703 0.0453125 0.06481481481481481
1 0.3484375 0.08194444444444444 0.022916666666666665 0.03425925925925926
1 0.18359375 0.2972222222222222 0.05677083333333333 0.09074074074074075
1 0.49713541666666666 0.11666666666666667 0.0234375 0.027777777777777776
1 0.9552083333333333 0.20879629629629629 0.0125 0.026851851851851852
1 0.6151041666666667 0.1486111111111111 0.041666666666666664 0.06574074074074074
1 0.5127604166666667 0.08287037037037037 0.0203125 0.023148148148148147
1 0.6497395833333334 0.10185185185185185 0.021354166666666667 0.03333333333333333
1 0.4921875 0.09166666666666666 0.020833333333333332 0.022222222222222223
1 0.2598958333333333 0.21435185185185185 0.041666666666666664 0.07685185185185185
1 0.2708333333333333 0.10972222222222222 0.023958333333333335 0.041666666666666664
1 0.5140625 0.12638888888888888 0.016666666666666666 0.030555555555555555
1 0.753125 0.14212962962962963 0.036458333333333336 0.025
1 0.33307291666666666 0.07037037037037037 0.0171875 0.022222222222222223
1 0.17109375 0.0837962962962963 0.0234375 0.026851851851851852
1 0.6708333333333333 0.11296296296296296 0.027083333333333334 0.024074074074074074
1 0.15911458333333334 0.225 0.04114583333333333 0.05185185185185185
1 0.17630208333333333 0.11851851851851852 0.028645833333333332 0.03518518518518519
1 0.17552083333333332 0.23055555555555557 0.04479166666666667 0.044444444444444446
1 0.23723958333333334 0.1375 0.034895833333333334 0.05092592592592592
1 0.459375 0.0837962962962963 0.022916666666666665 0.03611111111111111
1 0.4356770833333333 0.14074074074074075 0.0390625 0.06296296296296296
1 0.6119791666666666 0.0837962962962963 0.023958333333333335 0.03425925925925926
1 0.8614583333333333 0.16435185185185186 0.016666666666666666 0.06018518518518518
1 0.30963541666666666 0.2740740740740741 0.06302083333333333 0.07592592592592592
1 0.26927083333333335 0.16574074074074074 0.036458333333333336 0.05
1 0.2796875 0.2550925925925926 0.057291666666666664 0.0712962962962963
1 0.5890625 0.1439814814814815 0.025 0.05277777777777778
1 0.9911458333333333 0.2101851851851852 0.016666666666666666 0.06111111111111111
1 0.165625 0.14722222222222223 0.027083333333333334 0.040740740740740744