3 0.89609375 0.2574074074074074 0.06510416666666667 0.09814814814814815
1 0.23333333333333334 0.7939814814814815 0.14375 0.18796296296296297
1 0.07239583333333334 0.44166666666666665 0.07916666666666666 0.10555555555555556
1 0.7270833333333333 0.49212962962962964 0.09895833333333333 0.125
1 0.4434895833333333 0.6222222222222222 0.11302083333333333 0.15555555555555556
1 0.18802083333333333 0.37222222222222223 0.06666666666666667 0.0962962962962963
1 0.54296875 0.32314814814814813 0.0671875 0.08333333333333333
1 0.37942708333333336 0.5046296296296297 0.0890625 0.12962962962962962
1 0.61796875 0.5467592592592593 0.1015625 0.16944444444444445
1 0.8252604166666667 0.4083333333333333 0.0859375 0.1259259259259259
1 0.6794270833333333 0.18472222222222223 0.04114583333333333 0.05462962962962963
1 0.6080729166666666 0.3736111111111111 0.07447916666666667 0.10277777777777777
1 0.46432291666666664 0.24351851851851852 0.04010416666666667 0.06481481481481481
1 0.51171875 0.19490740740740742 0.043229166666666666 0.058333333333333334
1 0.5356770833333333 0.47175925925925927 0.08802083333333334 0.12129629629629629
1 0.4171875 0.13287037037037036 0.022916666666666665 0.041666666666666664
1 0.31692708333333336 0.3486111111111111 0.0796875 0.13055555555555556
1 0.4153645833333333 0.3050925925925926 0.0484375 0.07685185185185185
1 0.4473958333333333 0.33101851851851855 0.06458333333333334 0.10833333333333334
1 0.95625 0.4888888888888889 0.08645833333333333 0.16296296296296298
1 0.9481770833333333 0.6699074074074074 0.10260416666666666 0.2212962962962963
1 0.9567708333333333 0.9675925925925926 0.08541666666666667 0.06296296296296296
1 0.49505208333333334 0.4134259259259259 0.07552083333333333 0.10648148148148148
1 0.38125 0.16064814814814815 0.034375 0.05462962962962963
1 0.17630208333333333 0.18101851851851852 0.04114583333333333 0.05648148148148148
1 0.7080729166666667 0.1375 0.0328125 0.04537037037037037
1 0.44296875 0.1476851851851852 0.04010416666666667 0.06388888888888888
1 0.7572916666666667 0.21805555555555556 0.03854166666666667 0.06018518518518518
1 0.39088541666666665 0.2662037037037037 0.0546875 0.08611111111111111
1 0.75234375 0.1125 0.0359375 0.030555555555555555
1 0.6359375 0.16203703703703703 0.036458333333333336 0.05740740740740741
1 0.3963541666666667 0.11203703703703703 0.025 0.037037037037037035
1 0.8700520833333333 0.8513888888888889 0.1734375 0.26944444444444443
1 0.39869791666666665 0.19027777777777777 0.034895833333333334 0.04722222222222222
1 0.42552083333333335 0.20277777777777778 0.03958333333333333 0.05925925925925926
1 0.67109375 0.14629629629629629 0.0359375 0.053703703703703705
1 0.5471354166666667 0.14675925925925926 0.03177083333333333 0.03611111111111111
1 0.97734375 0.20324074074074075 0.044270833333333336 0.06018518518518518
1 0.16666666666666666 0.2828703703703704 0.04895833333333333 0.0712962962962963
1 0.7307291666666667 0.17222222222222222 0.03958333333333333 0.053703703703703705
1 0.48541666666666666 0.1763888888888889 0.03958333333333333 0.06018518518518518
1 0.5588541666666667 0.10555555555555556 0.025 0.03518518518518519
1 0.44765625 0.22453703703703703 0.04010416666666667 0.06944444444444445
1 0.3359375 0.19907407407407407 0.046875 0.06111111111111111
1 0.15572916666666667 0.09953703703703703 0.026041666666666668 0.041666666666666664
1 0.7825520833333334 0.36435185185185187 0.08385416666666666 0.13425925925925927
1 0.26901041666666664 0.16805555555555557 0.034895833333333334 0.041666666666666664
1 0.5125 0.8277777777777777 0.15208333333333332 0.2037037037037037
1 0.30052083333333335 0.15694444444444444 0.035416666666666666 0.041666666666666664
1 0.23098958333333333 0.18009259259259258 0.04739583333333333 0.07314814814814814
1 0.2643229166666667 0.225 0.044270833333333336 0.08148148148148149
1 0.7658854166666667 0.15138888888888888 0.0390625 0.05092592592592592
1 0.36171875 0.14074074074074075 0.034895833333333334 0.05555555555555555
1 0.3697916666666667 0.24166666666666667 0.03958333333333333 0.07592592592592592
1 0.175 0.12407407407407407 0.03333333333333333 0.03888888888888889
1 0.60859375 0.1050925925925926 0.024479166666666666 0.03796296296296296
1 0.6005208333333333 0.1425925925925926 0.040625 0.06111111111111111
1 0.3515625 0.08564814814814815 0.021875 0.03425925925925926
1 0.6390625 0.09953703703703703 0.01875 0.032407407407407406
1 0.22994791666666667 0.11712962962962963 0.0296875 0.05092592592592592
1 0.4890625 0.1125 0.023958333333333335 0.030555555555555555
1 0.2981770833333333 0.13194444444444445 0.033854166666666664 0.049074074074074076
1 0.5776041666666667 0.09444444444444444 0.022916666666666665 0.03148148148148148
1 0.23802083333333332 0.13055555555555556 0.03333333333333333 0.03333333333333333
1 0.43333333333333335 0.08888888888888889 0.020833333333333332 0.027777777777777776
1 0.40651041666666665 0.07222222222222222 0.0234375 0.02962962962962963
1 0.6552083333333333 0.10416666666666667 0.03125 0.030555555555555555
1 0.5122395833333333 0.2689814814814815 0.0703125 0.09351851851851851
1 0.646875 0.13194444444444445 0.030208333333333334 0.030555555555555555
1 0.5752604166666667 0.1361111111111111 0.0203125 0.05
1 0.33229166666666665 0.17037037037037037 0.029166666666666667 0.020370370370370372
1 0.1734375 0.24166666666666667 0.05 0.044444444444444446
1 0.5197916666666667 0.12777777777777777 0.03229166666666667 0.037037037037037035
1 0.18072916666666666 0.31342592592592594 0.05625 0.09537037037037037
1 0.15833333333333333 0.2449074074074074 0.04791666666666667 0.07685185185185185
1 0.60546875 0.07731481481481481 0.021354166666666667 0.021296296296296296
1 0.27682291666666664 0.23055555555555557 0.0484375 0.06851851851851852
1 0.73671875 0.13796296296296295 0.028645833333333332 0.022222222222222223
1 0.29140625 0.2800925925925926 0.049479166666666664 0.09351851851851851
1 0.31484375 0.2851851851851852 0.06302083333333333 0.07407407407407407
1 0.7700520833333333 0.18518518518518517 0.043229166666666666 0.05925925925925926
1 0.9893229166666667 0.32314814814814813 0.0203125 0.10185185185185185