2 0.9200520833333333 0.15787037037037038 0.08802083333333334 0.16944444444444445
2 0.7877604166666666 0.12777777777777777 0.0640625 0.12777777777777777
2 0.7966145833333333 0.4726851851851852 0.1390625 0.2675925925925926
1 0.6677083333333333 0.41944444444444445 0.08333333333333333 0.10555555555555556
1 0.9411458333333333 0.9384259259259259 0.11666666666666667 0.12129629629629629
1 0.17369791666666667 0.6523148148148148 0.11614583333333334 0.13796296296296295
1 0.22682291666666668 0.7453703703703703 0.12239583333333333 0.16666666666666666
1 0.5440104166666667 0.8819444444444444 0.15989583333333332 0.21203703703703702
1 0.39739583333333334 0.5300925925925926 0.09791666666666667 0.13425925925925927
1 0.5229166666666667 0.29583333333333334 0.06041666666666667 0.08055555555555556
1 0.7098958333333333 0.4842592592592593 0.046875 0.12222222222222222
1 0.5752604166666667 0.3402777777777778 0.0640625 0.09166666666666666
1 0.6546875 0.3194444444444444 0.06354166666666666 0.08888888888888889
1 0.19270833333333334 0.300462962962963 0.05625 0.07685185185185185
1 0.5463541666666667 0.4564814814814815 0.078125 0.11851851851851852
1 0.6770833333333334 0.9462962962962963 0.19583333333333333 0.10555555555555556
1 0.3611979166666667 0.2967592592592593 0.05572916666666667 0.07314814814814814
1 0.30911458333333336 0.3384259259259259 0.0671875 0.08425925925925926
1 0.6015625 0.17222222222222222 0.036458333333333336 0.040740740740740744
1 0.9763020833333333 0.31342592592592594 0.04635416666666667 0.08055555555555556
1 0.9169270833333333 0.28055555555555556 0.0578125 0.08148148148148149
1 0.7947916666666667 0.22824074074074074 0.052083333333333336 0.08425925925925926
1 0.7005208333333334 0.19166666666666668 0.041666666666666664 0.053703703703703705
1 0.6239583333333333 0.27824074074074073 0.06354166666666666 0.08055555555555556
1 0.26953125 0.2361111111111111 0.043229166666666666 0.05925925925925926
1 0.18958333333333333 0.4444444444444444 0.08333333333333333 0.1259259259259259
1 0.19713541666666667 0.5328703703703703 0.09114583333333333 0.13796296296296295
1 0.44869791666666664 0.362962962962963 0.08177083333333333 0.13148148148148148
1 0.36484375 0.4587962962962963 0.1015625 0.16203703703703703
1 0.94296875 0.3263888888888889 0.0671875 0.09166666666666666
1 0.4752604166666667 0.2587962962962963 0.043229166666666666 0.07314814814814814
1 0.3528645833333333 0.22314814814814815 0.03697916666666667 0.06111111111111111
1 0.4973958333333333 0.2726851851851852 0.04895833333333333 0.0824074074074074
1 0.40677083333333336 0.1824074074074074 0.042708333333333334 0.05925925925925926
1 0.37916666666666665 0.23981481481481481 0.05625 0.06111111111111111
1 0.44036458333333334 0.14953703703703702 0.027604166666666666 0.041666666666666664
1 0.18854166666666666 0.24444444444444444 0.04479166666666667 0.06851851851851852
1 0.5768229166666666 0.1388888888888889 0.0328125 0.044444444444444446
1 0.421875 0.2037037037037037 0.034375 0.06111111111111111
1 0.4153645833333333 0.1300925925925926 0.03177083333333333 0.04351851851851852
1 0.41458333333333336 0.3050925925925926 0.06145833333333333 0.09722222222222222
1 0.5723958333333333 0.5166666666666667 0.1 0.13518518518518519
1 0.4473958333333333 0.21898148148148147 0.04583333333333333 0.07685185185185185
1 0.34479166666666666 0.1259259259259259 0.030208333333333334 0.037037037037037035
1 0.5614583333333333 0.12916666666666668 0.03229166666666667 0.049074074074074076
1 0.25364583333333335 0.1824074074074074 0.04375 0.053703703703703705
1 0.6640625 0.20092592592592592 0.040625 0.044444444444444446
1 0.26796875 0.10694444444444444 0.025520833333333333 0.041666666666666664
1 0.6455729166666667 0.1162037037037037 0.0234375 0.041666666666666664
1 0.23802083333333332 0.15185185185185185 0.028125 0.046296296296296294
1 0.61953125 0.12129629629629629 0.03697916666666667 0.05740740740740741
1 0.30026041666666664 0.1486111111111111 0.033854166666666664 0.062037037037037036
1 0.50546875 0.10787037037037037 0.0265625 0.03425925925925926
1 0.4591145833333333 0.08472222222222223 0.025520833333333333 0.03425925925925926
1 0.32578125 0.1763888888888889 0.0359375 0.062037037037037036
1 0.21015625 0.1050925925925926 0.0234375 0.04351851851851852
1 0.2833333333333333 0.12083333333333333 0.028125 0.049074074074074076
1 0.3575520833333333 0.14629629629629629 0.0296875 0.03888888888888889
1 0.46119791666666665 0.16435185185185186 0.03697916666666667 0.058333333333333334
1 0.3731770833333333 0.15787037037037038 0.03802083333333333 0.05462962962962963
1 0.3880208333333333 0.10601851851851851 0.028125 0.04722222222222222
1 0.23072916666666668 0.13055555555555556 0.036458333333333336 0.05925925925925926
1 0.16927083333333334 0.18935185185185185 0.035416666666666666 0.06574074074074074
1 0.6885416666666667 0.15 0.030208333333333334 0.03148148148148148
1 0.4421875 0.07777777777777778 0.01875 0.03148148148148148
1 0.85234375 0.15462962962962962 0.034895833333333334 0.06111111111111111
1 0.16614583333333333 0.08888888888888889 0.028125 0.03148148148148148
1 0.5885416666666666 0.11064814814814815 0.030208333333333334 0.049074074074074076
1 0.2643229166666667 0.21203703703703702 0.04114583333333333 0.05185185185185185
1 0.6825520833333333 0.11944444444444445 0.027604166666666666 0.03148148148148148
1 0.95859375 0.1875 0.0140625 0.0712962962962963
1 0.48333333333333334 0.09444444444444444 0.030208333333333334 0.044444444444444446
1 0.32890625 0.11666666666666667 0.024479166666666666 0.03518518518518519
1 0.4075520833333333 0.06574074074074074 0.0203125 0.022222222222222223
1 0.9458333333333333 0.6939814814814815 0.10729166666666666 0.25833333333333336
1 0.73203125 0.16203703703703703 0.03697916666666667 0.06111111111111111
1 0.8669270833333333 0.1648148148148148 0.0296875 0.06111111111111111
1 0.33125 0.07222222222222222 0.022916666666666665 0.025925925925925925
1 0.6119791666666666 0.09490740740740741 0.021875 0.028703703703703703
1 0.25755208333333335 0.08935185185185185 0.0265625 0.03425925925925926
1 0.32109375 0.10324074074074074 0.030729166666666665 0.03981481481481482
1 0.16822916666666668 0.15416666666666667 0.034375 0.04537037037037037
1 0.18776041666666668 0.07777777777777778 0.0140625 0.020370370370370372
1 0.178125 0.1986111111111111 0.04479166666666667 0.049074074074074076
1 0.403125 0.12129629629629629 0.030208333333333334 0.05
1 0.65703125 0.16574074074074074 0.0359375 0.06666666666666667
1 0.17942708333333332 0.2273148148148148 0.043229166666666666 0.058333333333333334
1 0.69453125 0.12777777777777777 0.022395833333333334 0.027777777777777776
1 0.3463541666666667 0.19953703703703704 0.03854166666666667 0.06018518518518518
1 0.7557291666666667 0.18055555555555555 0.030208333333333334 0.06666666666666667
1 0.7200520833333334 0.1361111111111111 0.0359375 0.05185185185185185
1 0.6734375 0.1712962962962963 0.035416666666666666 0.04259259259259259
1 0.41953125 0.3333333333333333 0.05364583333333333 0.09074074074074075
1 0.90234375 0.23425925925925925 0.05364583333333333 0.07037037037037037