2 0.7291666666666666 0.10601851851851851 0.057291666666666664 0.12314814814814815
2 0.6604166666666667 0.09259259259259259 0.051041666666666666 0.10185185185185185
1 0.35833333333333334 0.5805555555555556 0.1125 0.14444444444444443
1 0.6481770833333333 0.6152777777777778 0.12447916666666667 0.16203703703703703
1 0.48541666666666666 0.4101851851851852 0.09270833333333334 0.13703703703703704
1 0.6588541666666666 0.4148148148148148 0.08125 0.11296296296296296
1 0.9651041666666667 0.7175925925925926 0.06875 0.18518518518518517
1 0.3260416666666667 0.3625 0.06145833333333333 0.0824074074074074
1 0.7671875 0.7935185185185185 0.17916666666666667 0.2814814814814815
1 0.2765625 0.9680555555555556 0.153125 0.062037037037037036
1 0.42083333333333334 0.6435185185185185 0.11666666666666667 0.1574074074074074
1 0.2078125 0.3800925925925926 0.06354166666666666 0.09907407407407408
1 0.4984375 0.2638888888888889 0.05625 0.07777777777777778
1 0.5927083333333333 0.5282407407407408 0.10729166666666666 0.16574074074074074
1 0.3098958333333333 0.31666666666666665 0.058333333333333334 0.07777777777777778
1 0.43828125 0.3365740740740741 0.06302083333333333 0.08611111111111111
1 0.7114583333333333 0.4699074074074074 0.09479166666666666 0.13425925925925927
1 0.59140625 0.2462962962962963 0.050520833333333334 0.08333333333333333
1 0.4986979166666667 0.18888888888888888 0.0421875 0.06666666666666667
1 0.8869791666666667 0.30416666666666664 0.06354166666666666 0.06944444444444445
1 0.025520833333333333 0.5013888888888889 0.051041666666666666 0.13240740740740742
1 0.4203125 0.20324074074074075 0.03958333333333333 0.058333333333333334
1 0.9356770833333333 0.19166666666666668 0.044270833333333336 0.05185185185185185
1 0.3919270833333333 0.17037037037037037 0.03697916666666667 0.04814814814814815
1 0.6861979166666666 0.18564814814814815 0.04010416666666667 0.058333333333333334
1 0.6315104166666666 0.1875 0.0390625 0.04537037037037037
1 0.5486979166666667 0.22453703703703703 0.044270833333333336 0.06388888888888888
1 0.9861979166666667 0.5291666666666667 0.0265625 0.1527777777777778
1 0.39921875 0.2875 0.05677083333333333 0.0824074074074074
1 0.9013020833333333 0.18055555555555555 0.0390625 0.05185185185185185
1 0.6057291666666667 0.34305555555555556 0.071875 0.11574074074074074
1 0.17239583333333333 0.20046296296296295 0.0375 0.05462962962962963
1 0.28828125 0.29212962962962963 0.0484375 0.07685185185185185
1 0.93203125 0.28703703703703703 0.05572916666666667 0.07222222222222222
1 0.18333333333333332 0.32916666666666666 0.0625 0.10833333333333334
1 0.47239583333333335 0.2550925925925926 0.035416666666666666 0.06759259259259259
1 0.7973958333333333 0.5370370370370371 0.10833333333333334 0.13703703703703704
1 0.696875 0.1537037037037037 0.036458333333333336 0.040740740740740744
1 0.5002604166666667 0.10277777777777777 0.024479166666666666 0.03518518518518519
1 0.45416666666666666 0.22314814814814815 0.04895833333333333 0.07592592592592592
1 0.7838541666666666 0.14027777777777778 0.03854166666666667 0.05648148148148148
1 0.8114583333333333 0.27175925925925926 0.053125 0.05462962962962963
1 0.37447916666666664 0.24444444444444444 0.046875 0.08333333333333333
1 0.8557291666666667 0.1912037037037037 0.03958333333333333 0.058333333333333334
1 0.19609375 0.13518518518518519 0.027604166666666666 0.046296296296296294
1 0.33671875 0.075 0.027604166666666666 0.03148148148148148
1 0.4765625 0.16666666666666666 0.035416666666666666 0.04814814814814815
1 0.8122395833333333 0.18518518518518517 0.0390625 0.027777777777777776
1 0.8080729166666667 0.2222222222222222 0.044270833333333336 0.053703703703703705
1 0.3307291666666667 0.19305555555555556 0.034375 0.06388888888888888
1 0.5588541666666667 0.12962962962962962 0.028125 0.03888888888888889
1 0.36328125 0.09351851851851851 0.030729166666666665 0.03888888888888889
1 0.3658854166666667 0.15324074074074073 0.0359375 0.041666666666666664
1 0.7536458333333333 0.24583333333333332 0.05416666666666667 0.058333333333333334
1 0.4588541666666667 0.15787037037037038 0.030208333333333334 0.05277777777777778
1 0.26015625 0.20694444444444443 0.0359375 0.05648148148148148
1 0.6197916666666666 0.1537037037037037 0.0375 0.06111111111111111
1 0.8447916666666667 0.21342592592592594 0.042708333333333334 0.06018518518518518
1 0.75390625 0.16805555555555557 0.034895833333333334 0.04351851851851852
1 0.7197916666666667 0.1986111111111111 0.04479166666666667 0.05462962962962963
1 0.31328125 0.16111111111111112 0.0390625 0.06111111111111111
1 0.27838541666666666 0.25277777777777777 0.0484375 0.06851851851851852
1 0.44635416666666666 0.1449074074074074 0.03229166666666667 0.05462962962962963
1 0.5671875 0.10972222222222222 0.021875 0.032407407407407406
1 0.22994791666666667 0.12546296296296297 0.0328125 0.04722222222222222
1 0.4088541666666667 0.06759259259259259 0.020833333333333332 0.022222222222222223
1 0.5200520833333333 0.13194444444444445 0.0296875 0.032407407407407406
1 0.9481770833333333 0.32592592592592595 0.04114583333333333 0.053703703703703705
1 0.7203125 0.2324074074074074 0.042708333333333334 0.05925925925925926
1 0.384375 0.2726851851851852 0.03854166666666667 0.06944444444444445
1 0.24479166666666666 0.15046296296296297 0.04375 0.030555555555555555
1 0.4783854166666667 0.11018518518518519 0.024479166666666666 0.025925925925925925
1 0.9744791666666667 0.35509259259259257 0.05 0.11388888888888889
1 0.4361979166666667 0.07314814814814814 0.0234375 0.037037037037037035
1 0.30442708333333335 0.09305555555555556 0.022395833333333334 0.030555555555555555
1 0.16848958333333333 0.08194444444444444 0.0359375 0.028703703703703703
1 0.19791666666666666 0.0837962962962963 0.023958333333333335 0.025
1 0.60625 0.08425925925925926 0.020833333333333332 0.02962962962962963
1 0.5658854166666667 0.08981481481481482 0.024479166666666666 0.02962962962962963
1 0.7567708333333333 0.19814814814814816 0.03229166666666667 0.040740740740740744
1 0.17786458333333333 0.2828703703703704 0.05677083333333333 0.07314814814814814
1 0.5901041666666667 0.11481481481481481 0.03125 0.053703703703703705
1 0.5341145833333333 0.09259259259259259 0.03177083333333333 0.04814814814814815
1 0.24947916666666667 0.1824074074074074 0.04791666666666667 0.04814814814814815
1 0.33567708333333335 0.11018518518518519 0.034895833333333334 0.03888888888888889
1 0.35130208333333335 0.2101851851851852 0.04010416666666667 0.07037037037037037
1 0.6169270833333333 0.12175925925925926 0.033854166666666664 0.04537037037037037
1 0.2947916666666667 0.13657407407407407 0.029166666666666667 0.049074074074074076
1 0.35598958333333336 0.12962962962962962 0.043229166666666666 0.044444444444444446
1 0.25338541666666664 0.08333333333333333 0.024479166666666666 0.03518518518518519
1 0.17473958333333334 0.24537037037037038 0.05572916666666667 0.053703703703703705
1 0.27395833333333336 0.2152777777777778 0.03958333333333333 0.041666666666666664
1 0.4828125 0.0699074074074074 0.019791666666666666 0.023148148148148147
1 0.2552083333333333 0.13194444444444445 0.023958333333333335 0.021296296296296296
1 0.5372395833333333 0.29953703703703705 0.05677083333333333 0.08611111111111111
1 0.2760416666666667 0.10925925925925926 0.026041666666666668 0.03518518518518519
1 0.15546875 0.11481481481481481 0.033854166666666664 0.05185185185185185
1 0.8580729166666666 0.2550925925925926 0.05260416666666667 0.06944444444444445
1 0.9802083333333333 0.2652777777777778 0.03854166666666667 0.06759259259259259
1 0.16848958333333333 0.16203703703703703 0.04010416666666667 0.05925925925925926
1 0.6848958333333334 0.12175925925925926 0.03229166666666667 0.04537037037037037