2 0.7916666666666666 0.12546296296296297 0.06979166666666667 0.1398148148148148
2 0.7075520833333333 0.10416666666666667 0.06927083333333334 0.11018518518518519
1 0.93046875 0.6712962962962963 0.13489583333333333 0.16111111111111112
1 0.5838541666666667 0.899074074074074 0.17083333333333334 0.2
1 0.8799479166666667 0.46296296296296297 0.0921875 0.12222222222222222
1 0.49114583333333334 0.7523148148148148 0.178125 0.2601851851851852
1 0.7526041666666666 0.49907407407407406 0.09479166666666666 0.13148148148148148
1 0.36744791666666665 0.47453703703703703 0.09322916666666667 0.1175925925925926
1 0.8864583333333333 0.8907407407407407 0.171875 0.21666666666666667
1 0.4348958333333333 0.3282407407407407 0.07395833333333333 0.11018518518518519
1 0.6401041666666667 0.4041666666666667 0.08229166666666667 0.10277777777777777
1 0.15286458333333333 0.39305555555555555 0.07239583333333334 0.11203703703703703
1 0.71171875 0.2310185185185185 0.0484375 0.058333333333333334
1 0.7828125 0.7615740740740741 0.13333333333333333 0.1935185185185185
1 0.5583333333333333 0.337037037037037 0.059375 0.0962962962962963
1 0.29921875 0.300462962962963 0.0515625 0.06944444444444445
1 0.8302083333333333 0.2800925925925926 0.058333333333333334 0.06388888888888888
1 0.39895833333333336 0.2814814814814815 0.053125 0.07407407407407407
1 0.3463541666666667 0.42453703703703705 0.084375 0.10648148148148148
1 0.8846354166666667 0.3060185185185185 0.06197916666666667 0.06759259259259259
1 0.5276041666666667 0.46064814814814814 0.090625 0.12314814814814815
1 0.5825520833333333 0.538425925925926 0.12239583333333333 0.18981481481481483
1 0.19921875 0.3111111111111111 0.0546875 0.08148148148148149
1 0.4942708333333333 0.40694444444444444 0.07916666666666666 0.13055555555555556
1 0.24322916666666666 0.8856481481481482 0.14895833333333333 0.22314814814814815
1 0.5953125 0.36666666666666664 0.06666666666666667 0.1037037037037037
1 0.5299479166666666 0.2074074074074074 0.044270833333333336 0.06851851851851852
1 0.3890625 0.17592592592592593 0.035416666666666666 0.046296296296296294
1 0.45755208333333336 0.16157407407407406 0.04010416666666667 0.05648148148148148
1 0.96328125 0.35833333333333334 0.07239583333333334 0.09259259259259259
1 0.28802083333333334 0.26805555555555555 0.04895833333333333 0.06944444444444445
1 0.9729166666666667 0.2601851851851852 0.05 0.07407407407407407
1 0.6830729166666667 0.17962962962962964 0.0421875 0.06851851851851852
1 0.9705729166666667 0.21712962962962962 0.0546875 0.049074074074074076
1 0.5666666666666667 0.15648148148148147 0.035416666666666666 0.03888888888888889
1 0.3690104166666667 0.24444444444444444 0.049479166666666664 0.07222222222222222
1 0.6075520833333333 0.15046296296296297 0.034895833333333334 0.04351851851851852
1 0.49609375 0.18981481481481483 0.0359375 0.053703703703703705
1 0.7552083333333334 0.18518518518518517 0.035416666666666666 0.05555555555555555
1 0.51484375 0.28194444444444444 0.059895833333333336 0.09537037037037037
1 0.17083333333333334 0.17824074074074073 0.035416666666666666 0.05092592592592592
1 0.37135416666666665 0.15138888888888888 0.034375 0.04537037037037037
1 0.45416666666666666 0.08055555555555556 0.026041666666666668 0.03888888888888889
1 0.48385416666666664 0.25277777777777777 0.04479166666666667 0.07222222222222222
1 0.92578125 0.27870370370370373 0.059895833333333336 0.07962962962962963
1 0.4515625 0.22685185185185186 0.05 0.06851851851851852
1 0.2046875 0.12222222222222222 0.026041666666666668 0.040740740740740744
1 0.42291666666666666 0.19398148148148148 0.040625 0.06759259259259259
1 0.23854166666666668 0.15231481481481482 0.03958333333333333 0.06388888888888888
1 0.7614583333333333 0.22361111111111112 0.03333333333333333 0.05277777777777778
1 0.33151041666666664 0.1837962962962963 0.03697916666666667 0.062037037037037036
1 0.9130208333333333 0.23703703703703705 0.051041666666666666 0.06666666666666667
1 0.35625 0.21342592592592594 0.042708333333333334 0.0712962962962963
1 0.6651041666666667 0.14444444444444443 0.034375 0.05555555555555555
1 0.5890625 0.13796296296296295 0.023958333333333335 0.040740740740740744
1 0.31484375 0.16944444444444445 0.0328125 0.06111111111111111
1 0.8463541666666666 0.20972222222222223 0.04791666666666667 0.06574074074074074
1 0.4317708333333333 0.21898148148148147 0.025 0.058333333333333334
1 0.47265625 0.09212962962962963 0.0234375 0.030555555555555555
1 0.8057291666666667 0.2361111111111111 0.05 0.06296296296296296
1 0.44166666666666665 0.1425925925925926 0.03125 0.040740740740740744
1 0.6096354166666667 0.12037037037037036 0.024479166666666666 0.024074074074074074
1 0.5197916666666667 0.1310185185185185 0.03125 0.030555555555555555
1 0.18880208333333334 0.25277777777777777 0.0546875 0.053703703703703705
1 0.26640625 0.2199074074074074 0.049479166666666664 0.062037037037037036
1 0.3489583333333333 0.13564814814814816 0.03333333333333333 0.03796296296296296
1 0.28567708333333336 0.12361111111111112 0.027604166666666666 0.049074074074074076
1 0.25286458333333334 0.18101851851851852 0.030729166666666665 0.05648148148148148
1 0.57734375 0.12129629629629629 0.028645833333333332 0.03518518518518519
1 0.3020833333333333 0.13842592592592592 0.035416666666666666 0.04537037037037037
1 0.3546875 0.08564814814814815 0.023958333333333335 0.032407407407407406
1 0.421875 0.13796296296296295 0.030208333333333334 0.040740740740740744
1 0.26614583333333336 0.10231481481481482 0.027083333333333334 0.03425925925925926
1 0.8401041666666667 0.15462962962962962 0.03958333333333333 0.05925925925925926
1 0.2109375 0.7263888888888889 0.128125 0.2361111111111111
1 0.1890625 0.08009259259259259 0.013541666666666667 0.023148148148148147
1 0.7348958333333333 0.11898148148148148 0.016666666666666666 0.05277777777777778
1 0.5619791666666667 0.10185185185185185 0.030208333333333334 0.04814814814814815
1 0.17604166666666668 0.22870370370370371 0.05 0.07592592592592592
1 0.16953125 0.13657407407407407 0.033854166666666664 0.03611111111111111
1 0.6390625 0.13194444444444445 0.03229166666666667 0.05462962962962963
1 0.6236979166666666 0.10462962962962963 0.022395833333333334 0.03518518518518519
1 0.3411458333333333 0.11898148148148148 0.03333333333333333 0.04351851851851852
1 0.41171875 0.06805555555555555 0.0171875 0.021296296296296296
1 0.8127604166666667 0.3907407407407407 0.08177083333333333 0.11851851851851852
1 0.5947916666666667 0.1 0.021875 0.02962962962962963
1 0.19401041666666666 0.28564814814814815 0.050520833333333334 0.06574074074074074
1 0.6505208333333333 0.09675925925925925 0.021875 0.03425925925925926
1 0.8651041666666667 0.24583333333333332 0.05416666666666667 0.06574074074074074
1 0.56484375 0.07824074074074074 0.022395833333333334 0.019444444444444445
1 0.17864583333333334 0.20787037037037037 0.04479166666666667 0.03611111111111111
1 0.2734375 0.24861111111111112 0.042708333333333334 0.06759259259259259
1 0.5255208333333333 0.11203703703703703 0.025 0.03333333333333333
1 0.17005208333333333 0.15324074074074073 0.0328125 0.03611111111111111
1 0.9934895833333334 0.2023148148148148 0.011979166666666667 0.04537037037037037