1 0.20963541666666666 0.6240740740740741 0.12447916666666667 0.16296296296296298
1 0.4765625 0.7148148148148148 0.14166666666666666 0.17777777777777778
1 0.7033854166666667 0.687962962962963 0.12864583333333332 0.18333333333333332
1 0.3736979166666667 0.5157407407407407 0.09635416666666667 0.12962962962962962
1 0.92421875 0.2884259259259259 0.059895833333333336 0.07685185185185185
1 0.58515625 0.3597222222222222 0.07239583333333334 0.09351851851851851
1 0.19453125 0.4976851851851852 0.0921875 0.11944444444444445
1 0.69296875 0.43657407407407406 0.09322916666666667 0.14907407407407408
1 0.5442708333333334 0.8398148148148148 0.15208333333333332 0.20925925925925926
1 0.8838541666666667 0.612037037037037 0.13333333333333333 0.17037037037037037
1 0.6234375 0.6027777777777777 0.11041666666666666 0.15
1 0.8190104166666666 0.5560185185185185 0.09947916666666666 0.1398148148148148
1 0.5140625 0.2861111111111111 0.057291666666666664 0.07777777777777778
1 0.4401041666666667 0.34814814814814815 0.05625 0.09074074074074075
1 0.46927083333333336 0.25416666666666665 0.052083333333333336 0.06759259259259259
1 0.7828125 0.37777777777777777 0.08333333333333333 0.12777777777777777
1 0.32395833333333335 0.3648148148148148 0.065625 0.09444444444444444
1 0.8005208333333333 0.2361111111111111 0.051041666666666666 0.06851851851851852
1 0.4901041666666667 0.3837962962962963 0.07604166666666666 0.11944444444444445
1 0.18177083333333333 0.3351851851851852 0.058333333333333334 0.08148148148148149
1 0.36640625 0.42453703703703705 0.0765625 0.10833333333333334
1 0.42239583333333336 0.31342592592592594 0.05416666666666667 0.0824074074074074
1 0.9635416666666666 0.7537037037037037 0.071875 0.20555555555555555
1 0.6526041666666667 0.2953703703703704 0.06041666666666667 0.09259259259259259
1 0.453125 0.15416666666666667 0.036458333333333336 0.049074074074074076
1 0.8299479166666667 0.2101851851851852 0.04114583333333333 0.06296296296296296
1 0.3104166666666667 0.1648148148148148 0.0375 0.05185185185185185
1 0.38229166666666664 0.11064814814814815 0.017708333333333333 0.03425925925925926
1 0.39505208333333336 0.2625 0.05260416666666667 0.08981481481481482
1 0.7463541666666667 0.20787037037037037 0.04479166666666667 0.06574074074074074
1 0.4515625 0.21712962962962962 0.05 0.0787037037037037
1 0.4197916666666667 0.19537037037037036 0.034375 0.04814814814814815
1 0.2872395833333333 0.2759259259259259 0.06510416666666667 0.10555555555555556
1 0.3515625 0.1361111111111111 0.030208333333333334 0.05
1 0.6221354166666667 0.1865740740740741 0.0421875 0.03981481481481482
1 0.36041666666666666 0.24444444444444444 0.03958333333333333 0.06296296296296296
1 0.9432291666666667 0.5032407407407408 0.10208333333333333 0.13796296296296295
1 0.6005208333333333 0.14444444444444443 0.03229166666666667 0.044444444444444446
1 0.9182291666666667 0.23564814814814813 0.053125 0.07314814814814814
1 0.18802083333333333 0.2898148148148148 0.053125 0.07407407407407407
1 0.4036458333333333 0.12037037037037036 0.034375 0.05555555555555555
1 0.73828125 0.17407407407407408 0.0421875 0.053703703703703705
1 0.1828125 0.15555555555555556 0.041666666666666664 0.06111111111111111
1 0.5872395833333334 0.5120370370370371 0.10572916666666667 0.16296296296296298
1 0.6744791666666666 0.12268518518518519 0.028125 0.041666666666666664
1 0.3697916666666667 0.09583333333333334 0.021875 0.03425925925925926
1 0.23567708333333334 0.15231481481481482 0.027604166666666666 0.041666666666666664
1 0.96640625 0.9574074074074074 0.06614583333333333 0.08333333333333333
1 0.28125 0.11666666666666667 0.034375 0.05
1 0.4700520833333333 0.10601851851851851 0.024479166666666666 0.032407407407407406
1 0.3809895833333333 0.1648148148148148 0.034895833333333334 0.046296296296296294
1 0.36015625 0.15694444444444444 0.022395833333333334 0.03981481481481482
1 0.3328125 0.11712962962962963 0.029166666666666667 0.04722222222222222
1 0.5625 0.14953703703703702 0.028125 0.03425925925925926
1 0.5885416666666666 0.16157407407407406 0.03854166666666667 0.04537037037037037
1 0.7018229166666666 0.11851851851851852 0.027604166666666666 0.037037037037037035
1 0.44453125 0.14305555555555555 0.030729166666666665 0.05462962962962963
1 0.7286458333333333 0.3296296296296296 0.07291666666666667 0.10185185185185185
1 0.403125 0.18425925925925926 0.03333333333333333 0.05925925925925926
1 0.7111979166666667 0.1439814814814815 0.03177083333333333 0.04537037037037037
1 0.33359375 0.07361111111111111 0.025520833333333333 0.028703703703703703
1 0.6057291666666667 0.125 0.035416666666666666 0.044444444444444446
1 0.17369791666666667 0.2212962962962963 0.0453125 0.037037037037037035
1 0.8260416666666667 0.17685185185185184 0.040625 0.046296296296296294
1 0.6294270833333333 0.11064814814814815 0.0265625 0.03611111111111111
1 0.2630208333333333 0.09814814814814815 0.019791666666666666 0.03518518518518519
1 0.23151041666666666 0.12962962962962962 0.030729166666666665 0.040740740740740744
1 0.6614583333333334 0.175 0.028125 0.06296296296296296
1 0.5395833333333333 0.13796296296296295 0.028125 0.02962962962962963
1 0.5234375 0.1300925925925926 0.023958333333333335 0.030555555555555555
1 0.63125 0.2689814814814815 0.059375 0.10092592592592593
1 0.56953125 0.12685185185185185 0.027604166666666666 0.024074074074074074
1 0.6473958333333333 0.0962962962962963 0.022916666666666665 0.040740740740740744
1 0.17421875 0.25925925925925924 0.0453125 0.07777777777777778
1 0.84375 0.15185185185185185 0.04479166666666667 0.06296296296296296
1 0.5684895833333333 0.10046296296296296 0.025520833333333333 0.030555555555555555
1 0.9578125 0.1912037037037037 0.04479166666666667 0.06759259259259259
1 0.17395833333333333 0.10231481481481482 0.022916666666666665 0.023148148148148147
1 0.33671875 0.19814814814814816 0.033854166666666664 0.06666666666666667
1 0.2864583333333333 0.07731481481481481 0.029166666666666667 0.032407407407407406
1 0.35572916666666665 0.21574074074074073 0.04375 0.07222222222222222
1 0.2638020833333333 0.1865740740740741 0.0421875 0.049074074074074076
1 0.2833333333333333 0.14583333333333334 0.030208333333333334 0.04351851851851852
1 0.15703125 0.09212962962962963 0.024479166666666666 0.04351851851851852
1 0.5229166666666667 0.10416666666666667 0.025 0.025
1 0.25338541666666664 0.18518518518518517 0.03802083333333333 0.06851851851851852
1 0.5041666666666667 0.12222222222222222 0.023958333333333335 0.02962962962962963
1 0.45364583333333336 0.08425925925925926 0.021875 0.027777777777777776
1 0.6533854166666667 0.1425925925925926 0.033854166666666664 0.04259259259259259
1 0.48802083333333335 0.09351851851851851 0.025 0.03888888888888889
1 0.8825520833333333 0.18333333333333332 0.0484375 0.06851851851851852
1 0.6890625 0.1814814814814815 0.04895833333333333 0.07592592592592592