2 0.9703125 0.2074074074074074 0.058333333333333334 0.19814814814814816
1 0.21901041666666668 0.7337962962962963 0.14427083333333332 0.18796296296296297
1 0.6203125 0.39305555555555555 0.07916666666666666 0.10462962962962963
1 0.39921875 0.5888888888888889 0.10989583333333333 0.15
1 0.19739583333333333 0.5652777777777778 0.10625 0.1361111111111111
1 0.8114583333333333 0.8194444444444444 0.16458333333333333 0.21851851851851853
1 0.696875 0.700925925925926 0.12708333333333333 0.1685185185185185
1 0.6596354166666667 0.9550925925925926 0.18489583333333334 0.08796296296296297
1 0.8622395833333333 0.26296296296296295 0.0546875 0.06851851851851852
1 0.4890625 0.274537037037037 0.05625 0.07314814814814814
1 0.9174479166666667 0.6402777777777777 0.11927083333333334 0.16018518518518518
1 0.7544270833333333 0.49166666666666664 0.10572916666666667 0.1648148148148148
1 0.5416666666666666 0.3106481481481482 0.0625 0.08425925925925926
1 0.7877604166666666 0.36666666666666664 0.08489583333333334 0.11481481481481481
1 0.8546875 0.4273148148148148 0.09375 0.14351851851851852
1 0.9666666666666667 0.7189814814814814 0.065625 0.19907407407407407
1 0.3375 0.4009259259259259 0.071875 0.1037037037037037
1 0.4708333333333333 0.1675925925925926 0.036458333333333336 0.05185185185185185
1 0.38333333333333336 0.4759259259259259 0.0875 0.12037037037037036
1 0.1640625 0.362962962962963 0.0625 0.08703703703703704
1 0.4661458333333333 0.3814814814814815 0.06458333333333334 0.09814814814814815
1 0.6963541666666667 0.325 0.06666666666666667 0.10185185185185185
1 0.51875 0.425462962962963 0.08229166666666667 0.13240740740740742
1 0.596875 0.17314814814814813 0.0375 0.037037037037037035
1 0.440625 0.34074074074074073 0.059375 0.08888888888888889
1 0.3932291666666667 0.11898148148148148 0.019791666666666666 0.03611111111111111
1 0.7544270833333333 0.21712962962962962 0.0453125 0.06388888888888888
1 0.18802083333333333 0.31296296296296294 0.05625 0.07962962962962963
1 0.9213541666666667 0.18055555555555555 0.040625 0.06481481481481481
1 0.5434895833333333 0.8537037037037037 0.1609375 0.21296296296296297
1 0.4671875 0.2324074074074074 0.052083333333333336 0.08148148148148149
1 0.296875 0.2972222222222222 0.06666666666666667 0.11296296296296296
1 0.43359375 0.20925925925925926 0.034895833333333334 0.05185185185185185
1 0.31692708333333336 0.1736111111111111 0.04114583333333333 0.058333333333333334
1 0.6927083333333334 0.13796296296296295 0.03229166666666667 0.04814814814814815
1 0.35885416666666664 0.14444444444444443 0.03229166666666667 0.04814814814814815
1 0.41640625 0.12824074074074074 0.0359375 0.058333333333333334
1 0.6721354166666667 0.2949074074074074 0.06614583333333333 0.11018518518518519
1 0.23802083333333332 0.15925925925925927 0.029166666666666667 0.04814814814814815
1 0.6466145833333333 0.5851851851851851 0.11510416666666666 0.18333333333333332
1 0.8380208333333333 0.1726851851851852 0.04583333333333333 0.06388888888888888
1 0.80078125 0.19583333333333333 0.025520833333333333 0.06018518518518518
1 0.39427083333333335 0.17685185185185184 0.036458333333333336 0.05
1 0.2760416666666667 0.1550925925925926 0.034375 0.05462962962962963
1 0.5796875 0.13472222222222222 0.028125 0.03796296296296296
1 0.3776041666666667 0.10046296296296296 0.025 0.03611111111111111
1 0.41067708333333336 0.28194444444444444 0.0546875 0.09351851851851851
1 0.73984375 0.17222222222222222 0.03802083333333333 0.06296296296296296
1 0.58828125 0.11712962962962963 0.033854166666666664 0.04351851851851852
1 0.36692708333333335 0.2310185185185185 0.04739583333333333 0.07685185185185185
1 0.6848958333333334 0.11435185185185186 0.028125 0.03611111111111111
1 0.7020833333333333 0.18935185185185185 0.042708333333333334 0.06944444444444445
1 0.65234375 0.11481481481481481 0.0265625 0.037037037037037035
1 0.3411458333333333 0.12453703703703704 0.034375 0.05462962962962963
1 0.8111979166666666 0.13842592592592592 0.043229166666666666 0.05277777777777778
1 0.45729166666666665 0.10277777777777777 0.022916666666666665 0.03148148148148148
1 0.37213541666666666 0.1685185185185185 0.025520833333333333 0.04259259259259259
1 0.1921875 0.16296296296296298 0.042708333333333334 0.06481481481481481
1 0.98515625 0.5597222222222222 0.028645833333333332 0.10833333333333334
1 0.6114583333333333 0.10416666666666667 0.023958333333333335 0.03425925925925926
1 0.37578125 0.26296296296296295 0.04114583333333333 0.06666666666666667
1 0.5096354166666667 0.09953703703703703 0.022395833333333334 0.023148148148148147
1 0.346875 0.21157407407407408 0.035416666666666666 0.06944444444444445
1 0.41875 0.19768518518518519 0.036458333333333336 0.062037037037037036
1 0.86015625 0.21666666666666667 0.050520833333333334 0.06666666666666667
1 0.26510416666666664 0.1037037037037037 0.021875 0.03888888888888889
1 0.5651041666666666 0.15 0.036458333333333336 0.040740740740740744
1 0.2864583333333333 0.11574074074074074 0.03125 0.03888888888888889
1 0.6549479166666666 0.16805555555555557 0.044270833333333336 0.06944444444444445
1 0.671875 0.10694444444444444 0.020833333333333332 0.032407407407407406
1 0.63203125 0.12361111111111112 0.027604166666666666 0.026851851851851852
1 0.5427083333333333 0.1398148148148148 0.025 0.03148148148148148
1 0.7596354166666667 0.1550925925925926 0.024479166666666666 0.04722222222222222
1 0.15703125 0.09583333333333334 0.025520833333333333 0.04351851851851852
1 0.25677083333333334 0.23564814814814813 0.027083333333333334 0.06388888888888888
1 0.4549479166666667 0.15324074074074073 0.0328125 0.05648148148148148
1 0.48828125 0.11481481481481481 0.018229166666666668 0.024074074074074074
1 0.16484375 0.24675925925925926 0.04114583333333333 0.06018518518518518
1 0.2234375 0.10972222222222222 0.027083333333333334 0.049074074074074076
1 0.3424479166666667 0.07685185185185185 0.0203125 0.03148148148148148
1 0.6315104166666666 0.09166666666666666 0.022395833333333334 0.037037037037037035
1 0.5080729166666667 0.12129629629629629 0.0296875 0.03148148148148148
1 0.4986979166666667 0.08333333333333333 0.024479166666666666 0.03888888888888889
1 0.23489583333333333 0.13564814814814816 0.034375 0.041666666666666664
1 0.16901041666666666 0.2 0.03697916666666667 0.037037037037037035
1 0.6317708333333333 0.16296296296296298 0.01875 0.05925925925925926
1 0.2682291666666667 0.2 0.04583333333333333 0.05185185185185185
1 0.31171875 0.10925925925925926 0.013020833333333334 0.027777777777777776
1 0.5208333333333334 0.13287037037037036 0.026041666666666668 0.032407407407407406
1 0.62265625 0.15601851851851853 0.0265625 0.04537037037037037
1 0.16354166666666667 0.13842592592592592 0.025 0.041666666666666664
1 0.25442708333333336 0.19722222222222222 0.04010416666666667 0.07407407407407407
1 0.21588541666666666 0.08842592592592592 0.0296875 0.041666666666666664
1 0.4752604166666667 0.09027777777777778 0.024479166666666666 0.03425925925925926
1 0.5552083333333333 0.1175925925925926 0.01875 0.022222222222222223
1 0.1796875 0.25416666666666665 0.05 0.05648148148148148
1 0.2921875 0.2300925925925926 0.053125 0.03611111111111111
1 0.28541666666666665 0.25 0.06666666666666667 0.07592592592592592
1 0.7078125 0.15231481481481482 0.034375 0.032407407407407406