2 0.8356770833333333 0.14212962962962963 0.07447916666666667 0.1398148148148148
2 0.9854166666666667 0.18194444444444444 0.028125 0.18611111111111112
2 0.7708333333333334 0.08935185185185185 0.05520833333333333 0.08611111111111111
2 0.68359375 0.37916666666666665 0.11197916666666667 0.21574074074074073
1 0.70546875 0.6768518518518518 0.12135416666666667 0.1574074074074074
1 0.7802083333333333 0.8152777777777778 0.14479166666666668 0.19907407407407407
1 0.5888020833333333 0.350462962962963 0.06927083333333334 0.08981481481481482
1 0.20859375 0.5847222222222223 0.09635416666666667 0.13055555555555556
1 0.47604166666666664 0.7180555555555556 0.134375 0.22870370370370371
1 0.4979166666666667 0.4185185185185185 0.07916666666666666 0.1111111111111111
1 0.3614583333333333 0.4305555555555556 0.08229166666666667 0.10925925925925926
1 0.5161458333333333 0.2916666666666667 0.053125 0.07592592592592592
1 0.6565104166666667 0.2 0.044270833333333336 0.03888888888888889
1 0.19010416666666666 0.5236111111111111 0.09583333333333334 0.11574074074074074
1 0.61328125 0.3939814814814815 0.04114583333333333 0.09907407407407408
1 0.19114583333333332 0.2638888888888889 0.04895833333333333 0.07222222222222222
1 0.2830729166666667 0.2935185185185185 0.05677083333333333 0.07407407407407407
1 0.42083333333333334 0.6402777777777777 0.10208333333333333 0.15833333333333333
1 0.6044270833333333 0.2712962962962963 0.05364583333333333 0.07222222222222222
1 0.7927083333333333 0.5222222222222223 0.11875 0.19444444444444445
1 0.4828125 0.2587962962962963 0.05520833333333333 0.06944444444444445
1 0.5729166666666666 0.24537037037037038 0.05416666666666667 0.07777777777777778
1 0.61640625 0.15787037037037038 0.0359375 0.05092592592592592
1 0.7466145833333333 0.23981481481481481 0.049479166666666664 0.05925925925925926
1 0.26484375 0.21157407407407408 0.0390625 0.05462962962962963
1 0.3424479166666667 0.37592592592592594 0.08489583333333334 0.13333333333333333
1 0.42630208333333336 0.30925925925925923 0.0671875 0.11296296296296296
1 0.48359375 0.37546296296296294 0.0671875 0.09907407407407408
1 0.5638020833333334 0.13148148148148148 0.03177083333333333 0.044444444444444446
1 0.3346354166666667 0.20185185185185187 0.03177083333333333 0.053703703703703705
1 0.8807291666666667 0.2652777777777778 0.06145833333333333 0.09537037037037037
1 0.6864583333333333 0.13194444444444445 0.020833333333333332 0.03981481481481482
1 0.365625 0.2638888888888889 0.03333333333333333 0.06666666666666667
1 0.6002604166666666 0.14722222222222223 0.0328125 0.05
1 0.35546875 0.14305555555555555 0.04114583333333333 0.05277777777777778
1 0.3893229166666667 0.16666666666666666 0.0359375 0.053703703703703705
1 0.9216145833333333 0.18333333333333332 0.04114583333333333 0.06481481481481481
1 0.83359375 0.20787037037037037 0.0484375 0.075
1 0.35520833333333335 0.2263888888888889 0.051041666666666666 0.07685185185185185
1 0.1875 0.2111111111111111 0.03958333333333333 0.046296296296296294
1 0.9885416666666667 0.27314814814814814 0.021875 0.07962962962962963
1 0.2635416666666667 0.09953703703703703 0.025 0.03981481481481482
1 0.5260416666666666 0.12129629629629629 0.019791666666666666 0.03518518518518519
1 0.24739583333333334 0.16805555555555557 0.0375 0.049074074074074076
1 0.18385416666666668 0.43703703703703706 0.07083333333333333 0.10925925925925926
1 0.45 0.23287037037037037 0.04479166666666667 0.06574074074074074
1 0.328125 0.11481481481481481 0.036458333333333336 0.03518518518518519
1 0.25755208333333335 0.19074074074074074 0.0421875 0.044444444444444446
1 0.3328125 0.18101851851851852 0.0375 0.05092592592592592
1 0.9544270833333334 0.18796296296296297 0.043229166666666666 0.07592592592592592
1 0.48098958333333336 0.09814814814814815 0.024479166666666666 0.037037037037037035
1 0.590625 0.13425925925925927 0.03125 0.06111111111111111
1 0.46067708333333335 0.08611111111111111 0.0171875 0.03148148148148148
1 0.22760416666666666 0.13055555555555556 0.0375 0.03888888888888889
1 0.50390625 0.10416666666666667 0.030729166666666665 0.04722222222222222
1 0.2765625 0.11342592592592593 0.028125 0.04537037037037037
1 0.73359375 0.2050925925925926 0.04635416666666667 0.062037037037037036
1 0.31744791666666666 0.16111111111111112 0.033854166666666664 0.05740740740740741
1 0.16875 0.08148148148148149 0.025 0.025925925925925925
1 0.3953125 0.11527777777777778 0.034375 0.04722222222222222
1 0.3953125 0.26851851851851855 0.04791666666666667 0.08518518518518518
1 0.7231770833333333 0.13564814814814816 0.03177083333333333 0.03611111111111111
1 0.29348958333333336 0.13564814814814816 0.033854166666666664 0.049074074074074076
1 0.6203125 0.11805555555555555 0.03333333333333333 0.041666666666666664
1 0.42135416666666664 0.07083333333333333 0.021875 0.028703703703703703
1 0.5481770833333334 0.06712962962962964 0.027604166666666666 0.03425925925925926
1 0.37265625 0.09861111111111111 0.0265625 0.04722222222222222
1 0.7138020833333333 0.18935185185185185 0.04114583333333333 0.0712962962962963
1 0.8088541666666667 0.18564814814814815 0.042708333333333334 0.06574074074074074
1 0.7768229166666667 0.22037037037037038 0.04114583333333333 0.06111111111111111
1 0.42526041666666664 0.20601851851851852 0.0390625 0.041666666666666664
1 0.76875 0.15231481481481482 0.0375 0.05648148148148148
1 0.16770833333333332 0.1439814814814815 0.03333333333333333 0.03981481481481482
1 0.4002604166666667 0.18518518518518517 0.0296875 0.05740740740740741
1 0.15989583333333332 0.1814814814814815 0.017708333333333333 0.040740740740740744
1 0.9018229166666667 0.17175925925925925 0.0390625 0.06759259259259259
1 0.18697916666666667 0.3768518518518518 0.08020833333333334 0.12407407407407407
1 0.7393229166666667 0.1439814814814815 0.0265625 0.028703703703703703
1 0.6419270833333334 0.10046296296296296 0.0234375 0.023148148148148147
1 0.590625 0.0824074074074074 0.029166666666666667 0.02962962962962963
1 0.43203125 0.1486111111111111 0.04739583333333333 0.05648148148148148
1 0.23802083333333332 0.1412037037037037 0.034375 0.041666666666666664