2 0.9697916666666667 0.20694444444444443 0.059375 0.19722222222222222
1 0.21979166666666666 0.7407407407407407 0.14479166666666668 0.19074074074074074
1 0.4010416666666667 0.5912037037037037 0.109375 0.14722222222222223
1 0.19765625 0.5689814814814815 0.10677083333333333 0.1361111111111111
1 0.621875 0.39537037037037037 0.07916666666666666 0.1037037037037037
1 0.7 0.7078703703703704 0.12708333333333333 0.175
1 0.8143229166666667 0.825462962962963 0.1703125 0.21944444444444444
1 0.8604166666666667 0.262037037037037 0.053125 0.06851851851851852
1 0.75703125 0.49398148148148147 0.10572916666666667 0.16574074074074074
1 0.96953125 0.7240740740740741 0.059895833333333336 0.19814814814814816
1 0.6661458333333333 0.9574074074074074 0.18541666666666667 0.08333333333333333
1 0.4901041666666667 0.275 0.05625 0.07407407407407407
1 0.925 0.6449074074074074 0.125 0.16574074074074074
1 0.5424479166666667 0.31203703703703706 0.06197916666666667 0.08518518518518518
1 0.7901041666666667 0.36898148148148147 0.084375 0.11574074074074074
1 0.6981770833333333 0.3263888888888889 0.0671875 0.10092592592592593
1 0.3380208333333333 0.4027777777777778 0.071875 0.1037037037037037
1 0.8578125 0.42916666666666664 0.09479166666666666 0.14537037037037037
1 0.47161458333333334 0.16805555555555557 0.0359375 0.05092592592592592
1 0.4669270833333333 0.38287037037037036 0.06510416666666667 0.09722222222222222
1 0.3846354166666667 0.4773148148148148 0.08697916666666666 0.12129629629629629
1 0.16223958333333333 0.36342592592592593 0.06302083333333333 0.08796296296296297
1 0.5466145833333333 0.8601851851851852 0.16197916666666667 0.21666666666666667
1 0.39401041666666664 0.11851851851851852 0.0203125 0.037037037037037035
1 0.7528645833333333 0.21712962962962962 0.0453125 0.06388888888888888
1 0.44140625 0.34120370370370373 0.059895833333333336 0.08981481481481482
1 0.29713541666666665 0.2986111111111111 0.06614583333333333 0.11203703703703703
1 0.85859375 0.21666666666666667 0.049479166666666664 0.06666666666666667
1 0.4166666666666667 0.1287037037037037 0.036458333333333336 0.05740740740740741
1 0.5958333333333333 0.17175925925925925 0.0375 0.03611111111111111
1 0.46848958333333335 0.23287037037037037 0.05364583333333333 0.08055555555555556
1 0.6731770833333334 0.29444444444444445 0.0671875 0.10925925925925926
1 0.434375 0.2101851851851852 0.035416666666666666 0.05185185185185185
1 0.3177083333333333 0.17453703703703705 0.040625 0.05648148148148148
1 0.18697916666666667 0.3138888888888889 0.059375 0.07962962962962963
1 0.3765625 0.26296296296296295 0.041666666666666664 0.06666666666666667
1 0.7010416666666667 0.19074074074074074 0.042708333333333334 0.06666666666666667
1 0.6924479166666667 0.1375 0.030729166666666665 0.04722222222222222
1 0.5783854166666667 0.13425925925925927 0.028645833333333332 0.03888888888888889
1 0.37786458333333334 0.10046296296296296 0.024479166666666666 0.03425925925925926
1 0.9203125 0.18055555555555555 0.040625 0.06481481481481481
1 0.39505208333333336 0.17731481481481481 0.0359375 0.05092592592592592
1 0.23802083333333332 0.1597222222222222 0.028125 0.04722222222222222
1 0.35963541666666665 0.14444444444444443 0.0328125 0.05
1 0.41171875 0.2833333333333333 0.0546875 0.09444444444444444
1 0.36796875 0.23194444444444445 0.0484375 0.07685185185185185
1 0.6515625 0.11388888888888889 0.028125 0.037037037037037035
1 0.83671875 0.17222222222222222 0.0453125 0.06481481481481481
1 0.6841145833333333 0.11296296296296296 0.027604166666666666 0.03518518518518519
1 0.65390625 0.1675925925925926 0.0453125 0.07037037037037037
1 0.64921875 0.5898148148148148 0.11614583333333334 0.18888888888888888
1 0.33984375 0.12453703703703704 0.03177083333333333 0.05277777777777778
1 0.7385416666666667 0.17083333333333334 0.03854166666666667 0.062037037037037036
1 0.5877604166666667 0.11666666666666667 0.0328125 0.04259259259259259
1 0.3763020833333333 0.1675925925925926 0.030729166666666665 0.044444444444444446
1 0.19375 0.16296296296296298 0.042708333333333334 0.06666666666666667
1 0.34713541666666664 0.21296296296296297 0.0359375 0.06851851851851852
1 0.45546875 0.1527777777777778 0.0328125 0.05740740740740741
1 0.5205729166666667 0.13333333333333333 0.0265625 0.03148148148148148
1 0.5096354166666667 0.09907407407407408 0.0234375 0.022222222222222223
1 0.9869791666666666 0.5615740740740741 0.025 0.10833333333333334
1 0.45703125 0.10277777777777777 0.022395833333333334 0.03148148148148148
1 0.2869791666666667 0.11574074074074074 0.03125 0.03888888888888889
1 0.7583333333333333 0.1550925925925926 0.025 0.04537037037037037
1 0.17552083333333332 0.1125 0.028125 0.030555555555555555
1 0.8111979166666666 0.13842592592592592 0.04114583333333333 0.05277777777777778
1 0.16458333333333333 0.2490740740740741 0.041666666666666664 0.06481481481481481
1 0.23463541666666668 0.13564814814814816 0.033854166666666664 0.041666666666666664
1 0.5421875 0.1412037037037037 0.023958333333333335 0.032407407407407406
1 0.26484375 0.10416666666666667 0.021354166666666667 0.03796296296296296
1 0.4197916666666667 0.19768518518518519 0.0375 0.062037037037037036
1 0.7065104166666667 0.15138888888888888 0.034895833333333334 0.030555555555555555
1 0.67109375 0.10648148148148148 0.0203125 0.03148148148148148
1 0.3424479166666667 0.07777777777777778 0.0203125 0.03333333333333333
1 0.8 0.19675925925925927 0.025 0.058333333333333334
1 0.5203125 0.4273148148148148 0.08229166666666667 0.13425925925925927
1 0.6106770833333334 0.1037037037037037 0.0234375 0.03333333333333333
1 0.63203125 0.09166666666666666 0.022395833333333334 0.03518518518518519
1 0.22395833333333334 0.10925925925925926 0.028125 0.04814814814814815
1 0.63125 0.12407407407407407 0.028125 0.027777777777777776
1 0.5083333333333333 0.12175925925925926 0.03125 0.032407407407407406
1 0.25729166666666664 0.23564814814814813 0.028125 0.06388888888888888
1 0.16380208333333332 0.13935185185185187 0.025520833333333333 0.041666666666666664
1 0.48802083333333335 0.11481481481481481 0.019791666666666666 0.025925925925925925
1 0.25442708333333336 0.19814814814814816 0.04010416666666667 0.07222222222222222
1 0.16875 0.19953703703703704 0.0375 0.03796296296296296
1 0.5640625 0.1486111111111111 0.035416666666666666 0.041666666666666664
1 0.21536458333333333 0.08842592592592592 0.0296875 0.041666666666666664
1 0.26875 0.19675925925925927 0.04479166666666667 0.049074074074074076
1 0.2765625 0.15462962962962962 0.03333333333333333 0.05740740740740741
1 0.17916666666666667 0.2550925925925926 0.04895833333333333 0.05648148148148148
1 0.4984375 0.08287037037037037 0.025 0.03981481481481482
1 0.28567708333333336 0.24953703703703703 0.0671875 0.07685185185185185
1 0.15677083333333333 0.09583333333333334 0.025 0.041666666666666664