2 0.6026041666666667 0.08518518518518518 0.09166666666666666 0.08148148148148149
1 0.45651041666666664 0.7046296296296296 0.12447916666666667 0.15925925925925927
1 0.25885416666666666 0.8064814814814815 0.146875 0.20555555555555555
1 0.553125 0.48009259259259257 0.0875 0.13240740740740742
1 0.09583333333333334 0.41203703703703703 0.07708333333333334 0.12222222222222222
1 0.5080729166666667 0.28888888888888886 0.059895833333333336 0.07407407407407407
1 0.8963541666666667 0.9296296296296296 0.20104166666666667 0.1388888888888889
1 0.66796875 0.6268518518518519 0.1140625 0.16111111111111112
1 0.6533854166666667 0.40879629629629627 0.0703125 0.10462962962962963
1 0.20260416666666667 0.4486111111111111 0.08645833333333333 0.1175925925925926
1 0.6888020833333334 0.44027777777777777 0.09322916666666667 0.12314814814814815
1 0.39375 0.5555555555555556 0.09583333333333334 0.13333333333333333
1 0.74921875 0.3680555555555556 0.07552083333333333 0.10092592592592593
1 0.94765625 0.6837962962962963 0.10364583333333334 0.225
1 0.33541666666666664 0.3902777777777778 0.071875 0.09537037037037037
1 0.5013020833333334 0.4351851851851852 0.0703125 0.10740740740740741
1 0.5796875 0.33564814814814814 0.07395833333333333 0.11018518518518519
1 0.29401041666666666 0.2949074074074074 0.0546875 0.0787037037037037
1 0.6557291666666667 0.2902777777777778 0.06354166666666666 0.10092592592592593
1 0.4583333333333333 0.2375 0.04895833333333333 0.06388888888888888
1 0.37005208333333334 0.49444444444444446 0.08385416666666666 0.1259259259259259
1 0.41822916666666665 0.1310185185185185 0.03125 0.04351851851851852
1 0.42916666666666664 0.3050925925925926 0.059375 0.09537037037037037
1 0.3927083333333333 0.28379629629629627 0.04375 0.075
1 0.17369791666666667 0.2777777777777778 0.0484375 0.07037037037037037
1 0.7763020833333333 0.5097222222222222 0.09739583333333333 0.14351851851851852
1 0.7229166666666667 0.17175925925925925 0.03958333333333333 0.05277777777777778
1 0.36171875 0.22268518518518518 0.0453125 0.07685185185185185
1 0.5020833333333333 0.12314814814814815 0.030208333333333334 0.03333333333333333
1 0.6140625 0.25925925925925924 0.05416666666666667 0.08333333333333333
1 0.7182291666666667 0.2324074074074074 0.05 0.05
1 0.18489583333333334 0.3814814814814815 0.07291666666666667 0.10185185185185185
1 0.9239583333333333 0.21435185185185185 0.04583333333333333 0.062037037037037036
1 0.7559895833333333 0.13333333333333333 0.024479166666666666 0.037037037037037035
1 0.3776041666666667 0.10277777777777777 0.03125 0.04814814814814815
1 0.3333333333333333 0.2064814814814815 0.03333333333333333 0.05555555555555555
1 0.4778645833333333 0.38055555555555554 0.07760416666666667 0.12037037037037036
1 0.3807291666666667 0.25787037037037036 0.04583333333333333 0.06944444444444445
1 0.18046875 0.2439814814814815 0.04635416666666667 0.06759259259259259
1 0.66484375 0.1962962962962963 0.04739583333333333 0.05555555555555555
1 0.8770833333333333 0.25972222222222224 0.05520833333333333 0.08425925925925926
1 0.2669270833333333 0.2337962962962963 0.0546875 0.09166666666666666
1 0.29921875 0.14305555555555555 0.03177083333333333 0.04351851851851852
1 0.6341145833333334 0.1824074074074074 0.03177083333333333 0.037037037037037035
1 0.38828125 0.16805555555555557 0.03177083333333333 0.04537037037037037
1 0.6692708333333334 0.16898148148148148 0.036458333333333336 0.03425925925925926
1 0.32135416666666666 0.3333333333333333 0.06041666666666667 0.08703703703703704
1 0.9510416666666667 0.2523148148148148 0.059375 0.075
1 0.9411458333333333 0.1675925925925926 0.052083333333333336 0.04814814814814815
1 0.6109375 0.11898148148148148 0.027083333333333334 0.03981481481481482
1 0.57578125 0.09259259259259259 0.027604166666666666 0.03148148148148148
1 0.48203125 0.0962962962962963 0.025520833333333333 0.03333333333333333
1 0.5455729166666666 0.2162037037037037 0.049479166666666664 0.08425925925925926
1 0.8424479166666666 0.2111111111111111 0.028645833333333332 0.06111111111111111
1 0.3372395833333333 0.11990740740740741 0.025520833333333333 0.041666666666666664
1 0.73984375 0.1486111111111111 0.034895833333333334 0.049074074074074076
1 0.8921875 0.2023148148148148 0.036458333333333336 0.05092592592592592
1 0.86484375 0.42962962962962964 0.09010416666666667 0.1388888888888889
1 0.18177083333333333 0.19537037037037036 0.036458333333333336 0.044444444444444446
1 0.41015625 0.12129629629629629 0.027604166666666666 0.04814814814814815
1 0.5627604166666667 0.23425925925925925 0.0484375 0.07592592592592592
1 0.865625 0.19027777777777777 0.03333333333333333 0.05092592592592592
1 0.3151041666666667 0.17037037037037037 0.028125 0.05555555555555555
1 0.3359375 0.175 0.03958333333333333 0.04259259259259259
1 0.42630208333333336 0.21388888888888888 0.0453125 0.06111111111111111
1 0.26796875 0.10277777777777777 0.030729166666666665 0.044444444444444446
1 0.1703125 0.13240740740740742 0.03854166666666667 0.04259259259259259
1 0.4166666666666667 0.18703703703703703 0.042708333333333334 0.06666666666666667
1 0.37916666666666665 0.15648148148148147 0.03125 0.05555555555555555
1 0.57578125 0.1550925925925926 0.0296875 0.03611111111111111
1 0.6856770833333333 0.1087962962962963 0.028645833333333332 0.04537037037037037
1 0.6341145833333334 0.15601851851851853 0.033854166666666664 0.03611111111111111
1 0.5283854166666667 0.06342592592592593 0.021354166666666667 0.026851851851851852
1 0.3143229166666667 0.10046296296296296 0.027604166666666666 0.03611111111111111
1 0.5658854166666667 0.12222222222222222 0.0265625 0.027777777777777776
1 0.5505208333333333 0.08055555555555556 0.017708333333333333 0.040740740740740744
1 0.50546875 0.08333333333333333 0.021354166666666667 0.040740740740740744
1 0.24791666666666667 0.16435185185185186 0.040625 0.05277777777777778
1 0.3494791666666667 0.0837962962962963 0.020833333333333332 0.030555555555555555
1 0.6638020833333333 0.14166666666666666 0.0328125 0.03888888888888889
1 0.52109375 0.10833333333333334 0.0265625 0.04814814814814815
1 0.35625 0.14074074074074075 0.029166666666666667 0.040740740740740744
1 0.35859375 0.09861111111111111 0.011979166666666667 0.030555555555555555
1 0.33880208333333334 0.13472222222222222 0.0203125 0.03425925925925926
1 0.596875 0.17175925925925925 0.036458333333333336 0.03981481481481482
1 0.55390625 0.14583333333333334 0.027604166666666666 0.03425925925925926
1 0.5817708333333333 0.10787037037037037 0.025 0.028703703703703703
1 0.6057291666666667 0.1425925925925926 0.03229166666666667 0.04259259259259259
1 0.7625 0.16666666666666666 0.017708333333333333 0.027777777777777776
1 0.6494791666666667 0.12916666666666668 0.025 0.025
1 0.9697916666666667 0.22592592592592592 0.046875 0.07222222222222222
1 0.8119791666666667 0.225 0.05520833333333333 0.09259259259259259
1 0.16979166666666667 0.2199074074074074 0.03854166666666667 0.075
1 0.44479166666666664 0.08564814814814815 0.023958333333333335 0.03981481481481482
1 0.48020833333333335 0.06388888888888888 0.023958333333333335 0.025925925925925925
1 0.7317708333333334 0.12777777777777777 0.026041666666666668 0.03333333333333333
1 0.165625 0.16435185185185186 0.029166666666666667 0.03611111111111111
1 0.24036458333333333 0.1361111111111111 0.04114583333333333 0.037037037037037035
1 0.6783854166666666 0.12962962962962962 0.0296875 0.044444444444444446
1 0.6591145833333333 0.0962962962962963 0.027604166666666666 0.037037037037037035
1 0.22369791666666666 0.11990740740740741 0.03177083333333333 0.03425925925925926
1 0.2640625 0.19953703703703704 0.06041666666666667 0.06388888888888888
1 0.75234375 0.21435185185185185 0.05260416666666667 0.075
1 0.2828125 0.11990740740740741 0.034375 0.03611111111111111
1 0.9609375 0.3013888888888889 0.06354166666666666 0.08425925925925926