2 0.9565104166666667 0.17777777777777778 0.0859375 0.1648148148148148
2 0.5411458333333333 0.26805555555555555 0.084375 0.15648148148148147
2 0.9291666666666667 0.4398148148148148 0.13958333333333334 0.18333333333333332
1 0.7328125 0.49722222222222223 0.096875 0.1259259259259259
1 0.4822916666666667 0.4222222222222222 0.075 0.1
1 0.9059895833333333 0.6226851851851852 0.1296875 0.2064814814814815
1 0.1984375 0.41064814814814815 0.06979166666666667 0.09351851851851851
1 0.82734375 0.28194444444444444 0.06302083333333333 0.05648148148148148
1 0.6127604166666667 0.5662037037037037 0.10885416666666667 0.14351851851851852
1 0.9630208333333333 0.3402777777777778 0.07291666666666667 0.06759259259259259
1 0.03828125 0.4847222222222222 0.0765625 0.11574074074074074
1 0.3072916666666667 0.3125 0.059375 0.08055555555555556
1 0.41770833333333335 0.30462962962962964 0.058333333333333334 0.08148148148148149
1 0.5291666666666667 0.4652777777777778 0.08125 0.1175925925925926
1 0.44869791666666664 0.225 0.0421875 0.06111111111111111
1 0.7122395833333334 0.20277777777777778 0.043229166666666666 0.05740740740740741
1 0.9018229166666667 0.27546296296296297 0.0578125 0.08055555555555556
1 0.48203125 0.26435185185185184 0.04635416666666667 0.06759259259259259
1 0.8013020833333333 0.4101851851851852 0.0859375 0.10925925925925926
1 0.59453125 0.35185185185185186 0.0796875 0.13148148148148148
1 0.6880208333333333 0.6754629629629629 0.13125 0.2064814814814815
1 0.36015625 0.44074074074074077 0.08072916666666667 0.13333333333333333
1 0.459375 0.8407407407407408 0.15625 0.2833333333333333
1 0.4200520833333333 0.20462962962962963 0.0421875 0.05740740740740741
1 0.19322916666666667 0.3685185185185185 0.06666666666666667 0.08333333333333333
1 0.5984375 0.15138888888888888 0.035416666666666666 0.03796296296296296
1 0.3885416666666667 0.275 0.04583333333333333 0.07407407407407407
1 0.49244791666666665 0.28703703703703703 0.028645833333333332 0.07222222222222222
1 0.27057291666666666 0.22916666666666666 0.050520833333333334 0.06018518518518518
1 0.6346354166666667 0.16342592592592592 0.03697916666666667 0.05277777777777778
1 0.24921875 0.17407407407407408 0.0359375 0.046296296296296294
1 0.33541666666666664 0.4148148148148148 0.06979166666666667 0.10555555555555556
1 0.37447916666666664 0.23657407407407408 0.05416666666666667 0.09166666666666666
1 0.3971354166666667 0.11851851851851852 0.04010416666666667 0.05
1 0.20182291666666666 0.13796296296296295 0.030729166666666665 0.037037037037037035
1 0.18567708333333333 0.2111111111111111 0.04010416666666667 0.05925925925925926
1 0.6669270833333333 0.1736111111111111 0.0390625 0.06574074074074074
1 0.45260416666666664 0.08425925925925926 0.026041666666666668 0.03333333333333333
1 0.25416666666666665 0.08611111111111111 0.021875 0.03518518518518519
1 0.4015625 0.1787037037037037 0.03958333333333333 0.040740740740740744
1 0.878125 0.24444444444444444 0.071875 0.08148148148148149
1 0.32057291666666665 0.1935185185185185 0.03802083333333333 0.04259259259259259
1 0.2950520833333333 0.27870370370370373 0.06197916666666667 0.1
1 0.23697916666666666 0.16111111111111112 0.040625 0.040740740740740744
1 0.696875 0.1875 0.03854166666666667 0.058333333333333334
1 0.1734375 0.3189814814814815 0.052083333333333336 0.08611111111111111
1 0.2682291666666667 0.09861111111111111 0.030208333333333334 0.03981481481481482
1 0.6611979166666667 0.11666666666666667 0.027604166666666666 0.02962962962962963
1 0.2791666666666667 0.11666666666666667 0.03229166666666667 0.04259259259259259
1 0.3625 0.14166666666666666 0.035416666666666666 0.05
1 0.34921875 0.07824074074074074 0.0234375 0.03425925925925926
1 0.3671875 0.09490740740740741 0.030208333333333334 0.041666666666666664
1 0.29453125 0.13657407407407407 0.0296875 0.05092592592592592
1 0.30494791666666665 0.15092592592592594 0.03177083333333333 0.046296296296296294
1 0.346875 0.20833333333333334 0.04583333333333333 0.06296296296296296
1 0.215625 0.10092592592592593 0.030208333333333334 0.037037037037037035
1 0.5098958333333333 0.2 0.053125 0.044444444444444446
1 0.83671875 0.18009259259259258 0.0390625 0.06574074074074074
1 0.6903645833333333 0.1398148148148148 0.04114583333333333 0.04259259259259259
1 0.7481770833333333 0.17175925925925925 0.04635416666666667 0.0712962962962963
1 0.16692708333333334 0.12083333333333333 0.030729166666666665 0.03425925925925926
1 0.18125 0.1736111111111111 0.036458333333333336 0.041666666666666664
1 0.3184895833333333 0.1685185185185185 0.043229166666666666 0.03888888888888889
1 0.5122395833333333 0.1111111111111111 0.024479166666666666 0.04259259259259259
1 0.34322916666666664 0.2324074074074074 0.026041666666666668 0.06296296296296296
1 0.49322916666666666 0.18981481481481483 0.040625 0.06481481481481481
1 0.8947916666666667 0.18055555555555555 0.04583333333333333 0.05740740740740741
1 0.39140625 0.1537037037037037 0.033854166666666664 0.06111111111111111
1 0.5567708333333333 0.12453703703703704 0.025 0.049074074074074076
1 0.49713541666666666 0.10787037037037037 0.015104166666666667 0.030555555555555555
1 0.4984375 0.09212962962962963 0.025 0.041666666666666664
1 0.8526041666666667 0.19166666666666668 0.042708333333333334 0.05740740740740741
1 0.7104166666666667 0.12407407407407407 0.029166666666666667 0.02962962962962963
1 0.17630208333333333 0.27870370370370373 0.06197916666666667 0.09259259259259259
1 0.9932291666666667 0.30833333333333335 0.0125 0.06851851851851852