2 0.72421875 0.10462962962962963 0.05677083333333333 0.12037037037037036
2 0.6578125 0.09212962962962963 0.05 0.09907407407407408
1 0.6611979166666667 0.6333333333333333 0.12864583333333332 0.1648148148148148
1 0.8138020833333334 0.5504629629629629 0.11197916666666667 0.14351851851851852
1 0.49114583333333334 0.41898148148148145 0.09375 0.1398148148148148
1 0.32864583333333336 0.3680555555555556 0.0625 0.08425925925925926
1 0.20729166666666668 0.387037037037037 0.065625 0.10185185185185185
1 0.6708333333333333 0.4236111111111111 0.08645833333333333 0.11574074074074074
1 0.01796875 0.5097222222222222 0.0359375 0.1361111111111111
1 0.6026041666666667 0.5393518518518519 0.10833333333333334 0.1712962962962963
1 0.44244791666666666 0.3416666666666667 0.06302083333333333 0.08888888888888889
1 0.7921875 0.8231481481481482 0.1875 0.29259259259259257
1 0.31302083333333336 0.32037037037037036 0.06041666666666667 0.07962962962962963
1 0.5026041666666666 0.26851851851851855 0.058333333333333334 0.07777777777777778
1 0.39375 0.17175925925925925 0.036458333333333336 0.049074074074074076
1 0.9791666666666666 0.7472222222222222 0.040625 0.18703703703703703
1 0.5411458333333333 0.3037037037037037 0.057291666666666664 0.08703703703703704
1 0.7244791666666667 0.48148148148148145 0.096875 0.13518518518518519
1 0.6135416666666667 0.3490740740740741 0.07395833333333333 0.11851851851851852
1 0.59609375 0.24953703703703703 0.05260416666666667 0.08425925925925926
1 0.5026041666666666 0.19027777777777777 0.042708333333333334 0.06574074074074074
1 0.6255208333333333 0.18425925925925926 0.03958333333333333 0.044444444444444446
1 0.9278645833333333 0.18888888888888888 0.044270833333333336 0.05185185185185185
1 0.403125 0.2912037037037037 0.057291666666666664 0.0824074074074074
1 0.4234375 0.20462962962962963 0.03854166666666667 0.05740740740740741
1 0.6815104166666667 0.1837962962962963 0.0390625 0.05648148148148148
1 0.89453125 0.1787037037037037 0.03802083333333333 0.05
1 0.1796875 0.3351851851851852 0.06458333333333334 0.1111111111111111
1 0.80078125 0.26851851851851855 0.0515625 0.05555555555555555
1 0.45703125 0.2263888888888889 0.049479166666666664 0.07685185185185185
1 0.28984375 0.29583333333333334 0.0484375 0.0787037037037037
1 0.74375 0.24212962962962964 0.052083333333333336 0.06018518518518518
1 0.5528645833333333 0.22777777777777777 0.0453125 0.06481481481481481
1 0.4791666666666667 0.2564814814814815 0.041666666666666664 0.07037037037037037
1 0.8729166666666667 0.2986111111111111 0.06354166666666666 0.0712962962962963
1 0.8484375 0.18888888888888888 0.03958333333333333 0.05740740740740741
1 0.9736979166666667 0.2611111111111111 0.0515625 0.06666666666666667
1 0.71328125 0.2212962962962963 0.0421875 0.046296296296296294
1 0.19583333333333333 0.1361111111111111 0.027083333333333334 0.046296296296296294
1 0.17265625 0.20277777777777778 0.03802083333333333 0.05185185185185185
1 0.47994791666666664 0.1685185185185185 0.03697916666666667 0.04814814814814815
1 0.6916666666666667 0.15138888888888888 0.036458333333333336 0.041666666666666664
1 0.3536458333333333 0.2111111111111111 0.040625 0.07037037037037037
1 0.3671875 0.15416666666666667 0.036458333333333336 0.041666666666666664
1 0.5567708333333333 0.12777777777777777 0.023958333333333335 0.03888888888888889
1 0.9184895833333333 0.28194444444444444 0.05572916666666667 0.07314814814814814
1 0.26119791666666664 0.20972222222222223 0.03802083333333333 0.05648148148148148
1 0.8052083333333333 0.18055555555555555 0.035416666666666666 0.025925925925925925
1 0.71328125 0.19537037037037036 0.04635416666666667 0.053703703703703705
1 0.33203125 0.19444444444444445 0.033854166666666664 0.06481481481481481
1 0.3768229166666667 0.24722222222222223 0.049479166666666664 0.08333333333333333
1 0.3145833333333333 0.1625 0.040625 0.06018518518518518
1 0.7807291666666667 0.13796296296296295 0.0375 0.05555555555555555
1 0.3375 0.07546296296296297 0.027083333333333334 0.032407407407407406
1 0.4752604166666667 0.11018518518518519 0.0265625 0.027777777777777776
1 0.46119791666666665 0.16064814814814815 0.030729166666666665 0.05277777777777778
1 0.44921875 0.14675925925925926 0.033854166666666664 0.058333333333333334
1 0.51875 0.13055555555555556 0.03229166666666667 0.03333333333333333
1 0.24557291666666667 0.1537037037037037 0.044270833333333336 0.03518518518518519
1 0.428125 0.6620370370370371 0.12083333333333333 0.16296296296296298
1 0.2791666666666667 0.25416666666666665 0.04895833333333333 0.07314814814814814
1 0.4075520833333333 0.06851851851851852 0.021354166666666667 0.024074074074074074
1 0.9276041666666667 0.3189814814814815 0.042708333333333334 0.05277777777777778
1 0.6153645833333333 0.1527777777777778 0.03697916666666667 0.05925925925925926
1 0.8057291666666667 0.22083333333333333 0.04375 0.058333333333333334
1 0.17682291666666666 0.27870370370370373 0.05677083333333333 0.05740740740740741
1 0.3875 0.2759259259259259 0.040625 0.07037037037037037
1 0.3671875 0.09537037037037037 0.026041666666666668 0.03518518518518519
1 0.9666666666666667 0.34675925925925927 0.065625 0.10833333333333334
1 0.5640625 0.11064814814814815 0.021875 0.03796296296296296
1 0.8372395833333334 0.2013888888888889 0.04114583333333333 0.03981481481481482
1 0.33697916666666666 0.1111111111111111 0.036458333333333336 0.03888888888888889
1 0.7486979166666666 0.16527777777777777 0.03697916666666667 0.03981481481481482
1 0.43515625 0.0712962962962963 0.021354166666666667 0.03333333333333333
1 0.35052083333333334 0.600925925925926 0.11666666666666667 0.15185185185185185
1 0.2955729166666667 0.1375 0.030729166666666665 0.05092592592592592
1 0.25338541666666664 0.08333333333333333 0.0234375 0.03518518518518519
1 0.19791666666666666 0.08333333333333333 0.023958333333333335 0.025925925925925925
1 0.6169270833333333 0.11898148148148148 0.03177083333333333 0.041666666666666664
1 0.16744791666666667 0.16342592592592592 0.04114583333333333 0.06018518518518518
1 0.2755208333333333 0.11064814814814815 0.025 0.03796296296296296
1 0.8489583333333334 0.23148148148148148 0.046875 0.02962962962962963
1 0.8481770833333333 0.2625 0.049479166666666664 0.05277777777777778
1 0.17447916666666666 0.24861111111111112 0.05625 0.05648148148148148
1 0.45390625 0.07731481481481481 0.024479166666666666 0.03796296296296296
1 0.53125 0.09027777777777778 0.029166666666666667 0.04351851851851852
1 0.5864583333333333 0.11435185185185186 0.03229166666666667 0.05277777777777778
1 0.4979166666666667 0.10046296296296296 0.023958333333333335 0.03425925925925926
1 0.24661458333333333 0.17222222222222222 0.0453125 0.07037037037037037
1 0.75546875 0.21574074074074073 0.0359375 0.05
1 0.3580729166666667 0.13055555555555556 0.0421875 0.040740740740740744