2 0.8549479166666667 0.1425925925925926 0.0703125 0.15555555555555556
2 0.92890625 0.5990740740740741 0.14114583333333333 0.3351851851851852
1 0.20677083333333332 0.8263888888888888 0.146875 0.17314814814814813
1 0.7622395833333333 0.5101851851851852 0.10052083333333334 0.12407407407407407
1 0.7419270833333333 0.37453703703703706 0.07447916666666667 0.10092592592592593
1 0.45260416666666664 0.6620370370370371 0.12083333333333333 0.1648148148148148
1 0.8354166666666667 0.5976851851851852 0.0625 0.1527777777777778
1 0.6416666666666667 0.4 0.075 0.10555555555555556
1 0.28854166666666664 0.9314814814814815 0.15833333333333333 0.13518518518518519
1 0.6690104166666667 0.6472222222222223 0.12447916666666667 0.1648148148148148
1 0.88359375 0.274537037037037 0.0609375 0.075
1 0.9513020833333333 0.35509259259259257 0.07552083333333333 0.09907407407407408
1 0.18854166666666666 0.33935185185185185 0.0625 0.08796296296296297
1 0.7997395833333333 0.2689814814814815 0.058854166666666666 0.058333333333333334
1 0.6260416666666667 0.5615740740740741 0.096875 0.14351851851851852
1 0.3966145833333333 0.5611111111111111 0.1234375 0.1962962962962963
1 0.5645833333333333 0.3384259259259259 0.06875 0.09351851851851851
1 0.40338541666666666 0.28425925925925927 0.0640625 0.0962962962962963
1 0.61015625 0.18009259259259258 0.04010416666666667 0.041666666666666664
1 0.33671875 0.3375 0.06822916666666666 0.06944444444444445
1 0.5080729166666667 0.29074074074074074 0.050520833333333334 0.08148148148148149
1 0.28359375 0.262037037037037 0.04739583333333333 0.06481481481481481
1 0.49244791666666665 0.18287037037037038 0.0390625 0.06018518518518518
1 0.6552083333333333 0.1726851851851852 0.03958333333333333 0.049074074074074076
1 0.22369791666666666 0.6550925925925926 0.1140625 0.16944444444444445
1 0.490625 0.4300925925925926 0.09583333333333334 0.1527777777777778
1 0.3328125 0.38935185185185184 0.07395833333333333 0.09907407407407408
1 0.7372395833333333 0.2064814814814815 0.04635416666666667 0.07222222222222222
1 0.5341145833333333 0.3106481481481482 0.05677083333333333 0.08981481481481482
1 0.5622395833333333 0.1537037037037037 0.0328125 0.037037037037037035
1 0.6994791666666667 0.324537037037037 0.07083333333333333 0.10277777777777777
1 0.1953125 0.27037037037037037 0.04791666666666667 0.07222222222222222
1 0.44166666666666665 0.3439814814814815 0.06458333333333334 0.11018518518518519
1 0.8434895833333333 0.24351851851851852 0.04635416666666667 0.06481481481481481
1 0.4640625 0.1675925925925926 0.029166666666666667 0.046296296296296294
1 0.3729166666666667 0.24768518518518517 0.041666666666666664 0.06759259259259259
1 0.4315104166666667 0.14444444444444443 0.034895833333333334 0.05
1 0.37135416666666665 0.16064814814814815 0.030208333333333334 0.04351851851851852
1 0.42421875 0.20185185185185187 0.04635416666666667 0.06296296296296296
1 0.46197916666666666 0.38287037037037036 0.06458333333333334 0.10277777777777777
1 0.7125 0.1648148148148148 0.03854166666666667 0.05925925925925926
1 0.9721354166666667 0.30092592592592593 0.0546875 0.08888888888888889
1 0.259375 0.2 0.04791666666666667 0.05555555555555555
1 0.24791666666666667 0.16666666666666666 0.0375 0.04814814814814815
1 0.35572916666666665 0.13796296296296295 0.03125 0.04259259259259259
1 0.8276041666666667 0.2101851851851852 0.04791666666666667 0.05925925925925926
1 0.39479166666666665 0.17453703703703705 0.03854166666666667 0.06018518518518518
1 0.27838541666666666 0.11481481481481481 0.028645833333333332 0.04259259259259259
1 0.55546875 0.12129629629629629 0.022395833333333334 0.03148148148148148
1 0.20260416666666667 0.5546296296296296 0.10104166666666667 0.1814814814814815
1 0.8981770833333333 0.17222222222222222 0.027604166666666666 0.06481481481481481
1 0.3580729166666667 0.21944444444444444 0.0421875 0.06666666666666667
1 0.4703125 0.08935185185185185 0.029166666666666667 0.041666666666666664
1 0.5161458333333333 0.10925925925925926 0.026041666666666668 0.040740740740740744
1 0.48854166666666665 0.10231481481481482 0.025 0.032407407407407406
1 0.6489583333333333 0.13564814814814816 0.028125 0.028703703703703703
1 0.3390625 0.125 0.030208333333333334 0.03518518518518519
1 0.41953125 0.12777777777777777 0.030729166666666665 0.040740740740740744
1 0.33619791666666665 0.1935185185185185 0.03802083333333333 0.06481481481481481
1 0.27395833333333336 0.23796296296296296 0.04791666666666667 0.06111111111111111
1 0.17213541666666668 0.16203703703703703 0.0328125 0.037037037037037035
1 0.59140625 0.11296296296296296 0.0328125 0.05185185185185185
1 0.4466145833333333 0.22314814814814815 0.03802083333333333 0.06111111111111111
1 0.653125 0.10601851851851851 0.026041666666666668 0.03425925925925926
1 0.2947916666666667 0.13055555555555556 0.03229166666666667 0.04814814814814815
1 0.46875 0.2449074074074074 0.051041666666666666 0.08425925925925926
1 0.6856770833333333 0.14629629629629629 0.033854166666666664 0.05740740740740741
1 0.81015625 0.1449074074074074 0.0234375 0.058333333333333334
1 0.16640625 0.09398148148148149 0.028645833333333332 0.03425925925925926
1 0.4434895833333333 0.07731481481481481 0.027604166666666666 0.03981481481481482
1 0.6346354166666667 0.15648148148148147 0.030729166666666665 0.044444444444444446
1 0.31536458333333334 0.16574074074074074 0.034895833333333334 0.05925925925925926
1 0.5888020833333333 0.08472222222222223 0.022395833333333334 0.017592592592592594
1 0.21640625 0.08194444444444444 0.030729166666666665 0.030555555555555555
1 0.340625 0.07685185185185185 0.025 0.03518518518518519
1 0.6653645833333334 0.12453703703703704 0.018229166666666668 0.03981481481481482
1 0.2328125 0.14166666666666666 0.0375 0.06111111111111111
1 0.5658854166666667 0.10185185185185185 0.025520833333333333 0.040740740740740744
1 0.5260416666666666 0.08287037037037037 0.026041666666666668 0.023148148148148147
1 0.34270833333333334 0.21203703703703702 0.025 0.05740740740740741
1 0.6182291666666667 0.1300925925925926 0.030208333333333334 0.025
1 0.94921875 0.2449074074074074 0.058854166666666666 0.08611111111111111
1 0.5484375 0.125 0.0375 0.03888888888888889
1 0.17708333333333334 0.20694444444444443 0.05 0.06759259259259259
1 0.6247395833333333 0.11157407407407408 0.025520833333333333 0.03611111111111111
1 0.1828125 0.23935185185185184 0.046875 0.08425925925925926
1 0.81484375 0.15601851851851853 0.015104166666666667 0.05462962962962963
1 0.17135416666666667 0.1425925925925926 0.03333333333333333 0.03333333333333333
1 0.40286458333333336 0.11712962962962963 0.028645833333333332 0.05092592592592592
1 0.7052083333333333 0.11527777777777778 0.01875 0.03611111111111111
1 0.30494791666666665 0.1550925925925926 0.030729166666666665 0.05462962962962963
1 0.20989583333333334 0.1162037037037037 0.025 0.03981481481481482
1 0.24088541666666666 0.10972222222222222 0.022395833333333334 0.026851851851851852
1 0.6127604166666667 0.1486111111111111 0.024479166666666666 0.026851851851851852