3 0.8869791666666667 0.2537037037037037 0.06458333333333334 0.09814814814814815
2 0.86953125 0.1726851851851852 0.08385416666666666 0.16944444444444445
2 0.9075520833333334 0.13333333333333333 0.07552083333333333 0.1574074074074074
1 0.23723958333333334 0.8185185185185185 0.14739583333333334 0.19444444444444445
1 0.06197916666666667 0.4476851851851852 0.08020833333333334 0.10462962962962963
1 0.7369791666666666 0.49953703703703706 0.10104166666666667 0.1287037037037037
1 0.5265625 0.8537037037037037 0.15729166666666666 0.21481481481481482
1 0.44921875 0.637962962962963 0.11614583333333334 0.16111111111111112
1 0.54609375 0.32685185185185184 0.0671875 0.08333333333333333
1 0.6140625 0.3787037037037037 0.07604166666666666 0.10555555555555556
1 0.3848958333333333 0.5120370370370371 0.09270833333333334 0.12962962962962962
1 0.6286458333333333 0.5574074074074075 0.10833333333333334 0.17222222222222222
1 0.1875 0.3768518518518518 0.06770833333333333 0.09814814814814815
1 0.8364583333333333 0.41574074074074074 0.0875 0.1259259259259259
1 0.6744791666666666 0.18194444444444444 0.03958333333333333 0.05648148148148148
1 0.5421875 0.4777777777777778 0.08958333333333333 0.12222222222222222
1 0.9729166666666667 0.20092592592592592 0.046875 0.06111111111111111
1 0.5013020833333334 0.4199074074074074 0.07760416666666667 0.10833333333333334
1 0.753125 0.21666666666666667 0.04479166666666667 0.05925925925925926
1 0.5153645833333333 0.19675925925925927 0.043229166666666666 0.06018518518518518
1 0.9580729166666667 0.6884259259259259 0.0828125 0.225
1 0.41875 0.13333333333333333 0.023958333333333335 0.04259259259259259
1 0.8958333333333334 0.8694444444444445 0.17916666666666667 0.25925925925925924
1 0.4671875 0.24583333333333332 0.041666666666666664 0.06759259259259259
1 0.4510416666666667 0.33564814814814814 0.06666666666666667 0.11018518518518519
1 0.41744791666666664 0.30833333333333335 0.04739583333333333 0.07592592592592592
1 0.4453125 0.1476851851851852 0.040625 0.06574074074074074
1 0.3177083333333333 0.35185185185185186 0.078125 0.13518518518518519
1 0.9825520833333333 0.31296296296296294 0.033854166666666664 0.10740740740740741
1 0.38229166666666664 0.16203703703703703 0.034375 0.053703703703703705
1 0.3927083333333333 0.26944444444444443 0.053125 0.08703703703703704
1 0.3997395833333333 0.1925925925925926 0.034895833333333334 0.04814814814814815
1 0.17682291666666666 0.18287037037037038 0.04114583333333333 0.058333333333333334
1 0.39817708333333335 0.11203703703703703 0.0265625 0.037037037037037035
1 0.7049479166666667 0.13657407407407407 0.03177083333333333 0.04537037037037037
1 0.17552083333333332 0.125 0.03333333333333333 0.03888888888888889
1 0.6322916666666667 0.16018518518518518 0.0375 0.05555555555555555
1 0.54375 0.1439814814814815 0.03229166666666667 0.03425925925925926
1 0.9640625 0.49953703703703706 0.07083333333333333 0.16574074074074074
1 0.7580729166666667 0.1726851851851852 0.028645833333333332 0.03796296296296296
1 0.36223958333333334 0.1412037037037037 0.033854166666666664 0.05648148148148148
1 0.44973958333333336 0.22685185185185186 0.04114583333333333 0.07037037037037037
1 0.7481770833333333 0.11064814814814815 0.0359375 0.026851851851851852
1 0.37135416666666665 0.24259259259259258 0.03958333333333333 0.07777777777777778
1 0.48723958333333334 0.1787037037037037 0.03697916666666667 0.06111111111111111
1 0.6671875 0.1449074074074074 0.035416666666666666 0.05462962962962963
1 0.15572916666666667 0.10185185185185185 0.027083333333333334 0.044444444444444446
1 0.7268229166666667 0.16898148148148148 0.0390625 0.05277777777777778
1 0.5575520833333333 0.10462962962962963 0.024479166666666666 0.03518518518518519
1 0.26953125 0.1685185185185185 0.034895833333333334 0.04259259259259259
1 0.1828125 0.32037037037037036 0.0625 0.10185185185185185
1 0.2643229166666667 0.22685185185185186 0.0453125 0.08148148148148149
1 0.4276041666666667 0.20462962962962963 0.040625 0.06111111111111111
1 0.6380208333333334 0.09953703703703703 0.019791666666666666 0.032407407407407406
1 0.2296875 0.11851851851851852 0.029166666666666667 0.05
1 0.16822916666666668 0.28564814814814815 0.052083333333333336 0.0712962962962963
1 0.2994791666666667 0.13194444444444445 0.034375 0.049074074074074076
1 0.28072916666666664 0.11990740740740741 0.01875 0.03981481481481482
1 0.17213541666666668 0.08564814814814815 0.024479166666666666 0.030555555555555555
1 0.3515625 0.08611111111111111 0.021875 0.03148148148148148
1 0.23359375 0.1824074074074074 0.04635416666666667 0.07407407407407407
1 0.6526041666666667 0.1037037037037037 0.03125 0.03148148148148148
1 0.7903645833333334 0.3675925925925926 0.08697916666666666 0.13148148148148148
1 0.5973958333333333 0.14074074074074075 0.03958333333333333 0.06111111111111111
1 0.60546875 0.10462962962962963 0.024479166666666666 0.03888888888888889
1 0.3223958333333333 0.1162037037037037 0.014583333333333334 0.032407407407407406
1 0.76171875 0.1476851851851852 0.034895833333333334 0.049074074074074076
1 0.33645833333333336 0.2023148148148148 0.046875 0.06018518518518518
1 0.4315104166666667 0.08935185185185185 0.0234375 0.028703703703703703
1 0.3338541666666667 0.07268518518518519 0.020833333333333332 0.025
1 0.4734375 0.07361111111111111 0.020833333333333332 0.03425925925925926
1 0.73359375 0.13564814814814816 0.028645833333333332 0.023148148148148147
1 0.6421875 0.1300925925925926 0.03125 0.032407407407407406
1 0.30052083333333335 0.1574074074074074 0.034375 0.044444444444444446
1 0.23776041666666667 0.12962962962962962 0.033854166666666664 0.03518518518518519
1 0.16692708333333334 0.25416666666666665 0.0578125 0.06759259259259259
1 0.2921875 0.2833333333333333 0.04895833333333333 0.09259259259259259
1 0.60390625 0.07731481481481481 0.0203125 0.021296296296296296
1 0.21953125 0.09351851851851851 0.028645833333333332 0.044444444444444446
1 0.5161458333333333 0.12546296296296297 0.03333333333333333 0.03796296296296296
1 0.27682291666666664 0.2337962962962963 0.0484375 0.06944444444444445
1 0.49973958333333335 0.26342592592592595 0.04114583333333333 0.07685185185185185
1 0.31692708333333336 0.29074074074074074 0.06510416666666667 0.08148148148148149