2 0.9010416666666666 0.16018518518518518 0.08854166666666667 0.15
2 0.58828125 0.3013888888888889 0.08072916666666667 0.175
2 0.8216145833333334 0.09814814814814815 0.06197916666666667 0.09074074074074075
1 0.8544270833333333 0.6069444444444444 0.11822916666666666 0.15092592592592594
1 0.5916666666666667 0.5564814814814815 0.096875 0.13703703703703704
1 0.8625 0.2962962962962963 0.0625 0.06666666666666667
1 0.8802083333333334 0.8861111111111111 0.17916666666666667 0.22592592592592592
1 0.5513020833333333 0.49212962962962964 0.08385416666666666 0.11574074074074074
1 0.20026041666666666 0.46574074074074073 0.07760416666666667 0.1037037037037037
1 0.66328125 0.4009259259259259 0.0921875 0.15
1 0.32708333333333334 0.3490740740740741 0.06666666666666667 0.08888888888888889
1 0.9010416666666666 0.26342592592592595 0.057291666666666664 0.0712962962962963
1 0.6708333333333333 0.18333333333333332 0.040625 0.05555555555555555
1 0.51328125 0.29212962962962963 0.05364583333333333 0.075
1 0.38671875 0.5212962962962963 0.09635416666666667 0.1537037037037037
1 0.4713541666666667 0.24675925925925926 0.046875 0.06759259259259259
1 0.728125 0.7097222222222223 0.13645833333333332 0.1787037037037037
1 0.5354166666666667 0.32083333333333336 0.036458333333333336 0.0787037037037037
1 0.7466145833333333 0.24259259259259258 0.05572916666666667 0.046296296296296294
1 0.44453125 0.33935185185185185 0.0640625 0.09166666666666666
1 0.5536458333333333 0.2300925925925926 0.042708333333333334 0.06574074074074074
1 0.41953125 0.30694444444444446 0.049479166666666664 0.0824074074074074
1 0.9276041666666667 0.49583333333333335 0.103125 0.13240740740740742
1 0.26979166666666665 0.24953703703703703 0.05 0.06574074074074074
1 0.35885416666666664 0.4810185185185185 0.07395833333333333 0.1175925925925926
1 0.18697916666666667 0.22870370370370371 0.041666666666666664 0.06481481481481481
1 0.44296875 0.22268518518518518 0.0453125 0.06018518518518518
1 0.52265625 0.20787037037037037 0.044270833333333336 0.06944444444444445
1 0.33229166666666665 0.1962962962962963 0.04375 0.07037037037037037
1 0.9888020833333333 0.32175925925925924 0.021354166666666667 0.10277777777777777
1 0.30963541666666666 0.30972222222222223 0.0703125 0.11203703703703703
1 0.5666666666666667 0.13703703703703704 0.03125 0.03888888888888889
1 0.19296875 0.4203703703703704 0.0765625 0.09444444444444444
1 0.25442708333333336 0.1875 0.034895833333333334 0.049074074074074076
1 0.44036458333333334 0.07777777777777778 0.0234375 0.03333333333333333
1 0.8247395833333333 0.24212962962962964 0.0515625 0.0712962962962963
1 0.65625 0.16944444444444445 0.035416666666666666 0.053703703703703705
1 0.6015625 0.14953703703703702 0.034375 0.05092592592592592
1 0.94296875 0.24259259259259258 0.05260416666666667 0.08518518518518518
1 0.4231770833333333 0.19490740740740742 0.03697916666666667 0.04537037037037037
1 0.3963541666666667 0.25972222222222224 0.057291666666666664 0.09722222222222222
1 0.21614583333333334 0.11203703703703703 0.03125 0.05185185185185185
1 0.30104166666666665 0.14583333333333334 0.030208333333333334 0.05277777777777778
1 0.184375 0.18888888888888888 0.03958333333333333 0.04814814814814815
1 0.3796875 0.10185185185185185 0.03333333333333333 0.04259259259259259
1 0.3294270833333333 0.12037037037037036 0.019270833333333334 0.03333333333333333
1 0.48203125 0.09722222222222222 0.018229166666666668 0.03518518518518519
1 0.17578125 0.3560185185185185 0.059895833333333336 0.09722222222222222
1 0.37161458333333336 0.1486111111111111 0.033854166666666664 0.049074074074074076
1 0.23072916666666668 0.12916666666666668 0.03125 0.03981481481481482
1 0.28515625 0.1259259259259259 0.028645833333333332 0.046296296296296294
1 0.63359375 0.15694444444444444 0.0359375 0.062037037037037036
1 0.5057291666666667 0.10833333333333334 0.015625 0.037037037037037035
1 0.24453125 0.16805555555555557 0.043229166666666666 0.04722222222222222
1 0.8114583333333333 0.21805555555555556 0.057291666666666664 0.075
1 0.18151041666666667 0.30972222222222223 0.06927083333333334 0.10277777777777777
1 0.3611979166666667 0.25 0.0328125 0.06851851851851852
1 0.3924479166666667 0.19675925925925927 0.033854166666666664 0.032407407407407406
1 0.39505208333333336 0.16018518518518518 0.034895833333333334 0.044444444444444446
1 0.8036458333333333 0.16527777777777777 0.029166666666666667 0.03611111111111111
1 0.24010416666666667 0.14027777777777778 0.03333333333333333 0.023148148148148147
1 0.25703125 0.09166666666666666 0.022395833333333334 0.037037037037037035
1 0.7940104166666667 0.15324074074074073 0.027604166666666666 0.03796296296296296
1 0.32057291666666665 0.10648148148148148 0.0296875 0.03333333333333333
1 0.3575520833333333 0.22453703703703703 0.05260416666666667 0.06759259259259259
1 0.17630208333333333 0.18101851851851852 0.033854166666666664 0.04537037037037037
1 0.35859375 0.08564814814814815 0.0234375 0.03796296296296296
1 0.16744791666666667 0.12777777777777777 0.03177083333333333 0.037037037037037035
1 0.6161458333333333 0.08796296296296297 0.03125 0.02962962962962963
1 0.73515625 0.1486111111111111 0.019270833333333334 0.04537037037037037
1 0.63359375 0.10416666666666667 0.0234375 0.019444444444444445
1 0.46536458333333336 0.08564814814814815 0.0203125 0.03611111111111111
1 0.9752604166666666 0.16712962962962963 0.03697916666666667 0.025
1 0.6802083333333333 0.1125 0.027083333333333334 0.026851851851851852
1 0.3416666666666667 0.22916666666666666 0.020833333333333332 0.058333333333333334
1 0.8372395833333334 0.17546296296296296 0.044270833333333336 0.06759259259259259
1 0.6596354166666667 0.12731481481481483 0.0328125 0.03611111111111111
1 0.5213541666666667 0.11574074074074074 0.025 0.046296296296296294
1 0.9747395833333333 0.225 0.049479166666666664 0.08888888888888889
1 0.409375 0.12824074074074074 0.041666666666666664 0.049074074074074076
1 0.16979166666666667 0.16157407407407406 0.041666666666666664 0.04351851851851852
1 0.34869791666666666 0.1287037037037037 0.030729166666666665 0.046296296296296294
1 0.2708333333333333 0.10138888888888889 0.030208333333333334 0.03796296296296296
1 0.31354166666666666 0.1597222222222222 0.041666666666666664 0.04722222222222222