3 0.884375 0.25277777777777777 0.06458333333333334 0.0962962962962963
2 0.8677083333333333 0.17222222222222222 0.08333333333333333 0.1685185185185185
2 0.90625 0.13287037037037036 0.075 0.15833333333333333
1 0.7390625 0.5018518518518519 0.10104166666666667 0.12962962962962962
1 0.05963541666666667 0.44907407407407407 0.0796875 0.10555555555555556
1 0.23854166666666668 0.8240740740740741 0.14895833333333333 0.19444444444444445
1 0.45078125 0.6412037037037037 0.11614583333333334 0.16018518518518518
1 0.5296875 0.8587962962962963 0.15833333333333333 0.21574074074074073
1 0.1875 0.37777777777777777 0.06770833333333333 0.09814814814814815
1 0.8393229166666667 0.41898148148148145 0.08802083333333334 0.12685185185185185
1 0.6151041666666667 0.37962962962962965 0.07604166666666666 0.1037037037037037
1 0.3848958333333333 0.5143518518518518 0.09166666666666666 0.13055555555555556
1 0.6734375 0.18194444444444444 0.03958333333333333 0.05462962962962963
1 0.5473958333333333 0.32731481481481484 0.06666666666666667 0.08425925925925926
1 0.6307291666666667 0.5601851851851852 0.10729166666666666 0.17407407407407408
1 0.5434895833333333 0.47962962962962963 0.09114583333333333 0.12222222222222222
1 0.50234375 0.4217592592592593 0.07864583333333333 0.10833333333333334
1 0.7518229166666667 0.2162037037037037 0.043229166666666666 0.058333333333333334
1 0.41953125 0.1337962962962963 0.0234375 0.04351851851851852
1 0.98125 0.31203703703703706 0.036458333333333336 0.10740740740740741
1 0.515625 0.19768518518518519 0.04375 0.06018518518518518
1 0.41848958333333336 0.30925925925925923 0.0484375 0.07592592592592592
1 0.4513020833333333 0.33611111111111114 0.06614583333333333 0.1111111111111111
1 0.9010416666666666 0.8731481481481481 0.17708333333333334 0.2518518518518518
1 0.9609375 0.6916666666666667 0.07708333333333334 0.22407407407407406
1 0.70390625 0.1361111111111111 0.03177083333333333 0.044444444444444446
1 0.3927083333333333 0.27037037037037037 0.05416666666666667 0.08703703703703704
1 0.3828125 0.16203703703703703 0.035416666666666666 0.05555555555555555
1 0.4283854166666667 0.20462962962962963 0.04010416666666667 0.05925925925925926
1 0.44583333333333336 0.1486111111111111 0.040625 0.06574074074074074
1 0.9658854166666667 0.5032407407407408 0.0671875 0.1675925925925926
1 0.31979166666666664 0.3527777777777778 0.08125 0.13518518518518519
1 0.3997395833333333 0.1925925925925926 0.034895833333333334 0.04814814814814815
1 0.3984375 0.1125 0.026041666666666668 0.03796296296296296
1 0.33697916666666666 0.20185185185185187 0.046875 0.06111111111111111
1 0.4505208333333333 0.2263888888888889 0.041666666666666664 0.06944444444444445
1 0.48802083333333335 0.17824074074074073 0.03854166666666667 0.06018518518518518
1 0.17604166666666668 0.18287037037037038 0.040625 0.058333333333333334
1 0.17578125 0.12361111111111112 0.0328125 0.03611111111111111
1 0.5432291666666667 0.14444444444444443 0.03229166666666667 0.03333333333333333
1 0.6315104166666666 0.16018518518518518 0.03697916666666667 0.05555555555555555
1 0.7575520833333333 0.17222222222222222 0.028645833333333332 0.037037037037037035
1 0.74609375 0.11018518518518519 0.03697916666666667 0.027777777777777776
1 0.6658854166666667 0.14444444444444443 0.0359375 0.05555555555555555
1 0.7260416666666667 0.16944444444444445 0.040625 0.053703703703703705
1 0.15598958333333332 0.10231481481481482 0.027604166666666666 0.04537037037037037
1 0.18229166666666666 0.32037037037037036 0.0625 0.10185185185185185
1 0.26458333333333334 0.2273148148148148 0.04479166666666667 0.0824074074074074
1 0.9716145833333333 0.20092592592592592 0.04739583333333333 0.06111111111111111
1 0.5966145833333333 0.1412037037037037 0.0390625 0.06018518518518518
1 0.55703125 0.10462962962962963 0.024479166666666666 0.037037037037037035
1 0.35104166666666664 0.08611111111111111 0.023958333333333335 0.03148148148148148
1 0.7940104166666667 0.3662037037037037 0.0859375 0.12685185185185185
1 0.17421875 0.16296296296296298 0.0421875 0.05555555555555555
1 0.6049479166666667 0.10416666666666667 0.024479166666666666 0.03796296296296296
1 0.5171875 0.2722222222222222 0.07395833333333333 0.09259259259259259
1 0.16744791666666667 0.2865740740740741 0.050520833333333334 0.06944444444444445
1 0.28098958333333335 0.11990740740740741 0.019270833333333334 0.03981481481481482
1 0.23020833333333332 0.11898148148148148 0.030208333333333334 0.05277777777777778
1 0.7598958333333333 0.14351851851851852 0.034375 0.04259259259259259
1 0.23385416666666667 0.1824074074074074 0.046875 0.07407407407407407
1 0.503125 0.0787037037037037 0.01875 0.018518518518518517
1 0.43072916666666666 0.08842592592592592 0.021875 0.026851851851851852
1 0.5744791666666667 0.09166666666666666 0.022916666666666665 0.02962962962962963
1 0.46770833333333334 0.24675925925925926 0.040625 0.06574074074074074
1 0.36328125 0.14074074074074075 0.0359375 0.05740740740740741
1 0.4817708333333333 0.08796296296296297 0.021875 0.018518518518518517
1 0.6427083333333333 0.1259259259259259 0.029166666666666667 0.027777777777777776
1 0.47317708333333336 0.07268518518518519 0.021354166666666667 0.03425925925925926
1 0.4856770833333333 0.11064814814814815 0.022395833333333334 0.026851851851851852
1 0.171875 0.0837962962962963 0.023958333333333335 0.026851851851851852
1 0.6385416666666667 0.09953703703703703 0.021875 0.032407407407407406
1 0.7317708333333334 0.13564814814814816 0.027083333333333334 0.023148148148148147
1 0.26979166666666665 0.1685185185185185 0.03333333333333333 0.040740740740740744
1 0.4044270833333333 0.07037037037037037 0.024479166666666666 0.025925925925925925
1 0.37109375 0.2439814814814815 0.03802083333333333 0.0787037037037037
1 0.27734375 0.2337962962962963 0.0484375 0.06759259259259259
1 0.5161458333333333 0.12453703703703704 0.03229166666666667 0.03611111111111111
1 0.5731770833333333 0.13657407407407407 0.021354166666666667 0.05462962962962963
1 0.6033854166666667 0.07685185185185185 0.0203125 0.022222222222222223
1 0.6546875 0.10555555555555556 0.026041666666666668 0.025925925925925925
1 0.30078125 0.15833333333333333 0.034895833333333334 0.04259259259259259
1 0.49895833333333334 0.26481481481481484 0.03958333333333333 0.07777777777777778
1 0.2921875 0.2851851851851852 0.04895833333333333 0.09259259259259259
1 0.23697916666666666 0.12962962962962962 0.036458333333333336 0.03518518518518519
1 0.15703125 0.24814814814814815 0.0453125 0.07777777777777778
1 0.3229166666666667 0.11851851851851852 0.014583333333333334 0.03148148148148148