1 0.48020833333333335 0.7472222222222222 0.13229166666666667 0.17222222222222222
1 0.2716145833333333 0.8666666666666667 0.15677083333333333 0.22037037037037038
1 0.07083333333333333 0.42824074074074076 0.08020833333333334 0.125
1 0.6953125 0.6638888888888889 0.12083333333333333 0.1685185185185185
1 0.4044270833333333 0.5824074074074074 0.10260416666666666 0.1425925925925926
1 0.51640625 0.29768518518518516 0.0609375 0.07685185185185185
1 0.59296875 0.34629629629629627 0.07552083333333333 0.11666666666666667
1 0.5700520833333333 0.5023148148148148 0.0921875 0.1361111111111111
1 0.20234375 0.4675925925925926 0.09427083333333333 0.12222222222222222
1 0.93671875 0.2898148148148148 0.06197916666666667 0.08148148148148149
1 0.5166666666666667 0.4550925925925926 0.08125 0.11018518518518519
1 0.6713541666666667 0.42592592592592593 0.07395833333333333 0.1111111111111111
1 0.33958333333333335 0.4027777777777778 0.07395833333333333 0.10185185185185185
1 0.2989583333333333 0.3037037037037037 0.05625 0.08148148148148149
1 0.66953125 0.29907407407407405 0.0640625 0.10185185185185185
1 0.7986979166666667 0.5342592592592592 0.10052083333333334 0.15
1 0.7083333333333334 0.45694444444444443 0.096875 0.125
1 0.9716145833333333 0.7333333333333333 0.05572916666666667 0.2351851851851852
1 0.18541666666666667 0.39166666666666666 0.075 0.09814814814814815
1 0.42265625 0.13518518518518519 0.0328125 0.04259259259259259
1 0.7697916666666667 0.38055555555555554 0.078125 0.10555555555555556
1 0.17526041666666667 0.2833333333333333 0.0515625 0.07407407407407407
1 0.3265625 0.34444444444444444 0.06354166666666666 0.09074074074074075
1 0.43515625 0.3138888888888889 0.0609375 0.1
1 0.5708333333333333 0.24259259259259258 0.05 0.07777777777777778
1 0.4317708333333333 0.21898148148148147 0.04583333333333333 0.062037037037037036
1 0.39895833333333336 0.29074074074074074 0.04583333333333333 0.07777777777777778
1 0.38619791666666664 0.5166666666666667 0.0984375 0.13518518518518519
1 0.8947916666666667 0.449537037037037 0.09479166666666666 0.14351851851851852
1 0.6265625 0.26944444444444443 0.05625 0.09074074074074075
1 0.48828125 0.39444444444444443 0.0796875 0.1259259259259259
1 0.8552083333333333 0.2513888888888889 0.053125 0.08055555555555556
1 0.9447916666666667 0.9768518518518519 0.109375 0.044444444444444446
1 0.6520833333333333 0.18935185185185185 0.04479166666666667 0.05277777777777778
1 0.82421875 0.2037037037037037 0.033854166666666664 0.06296296296296296
1 0.38697916666666665 0.26481481481481484 0.046875 0.07407407407407407
1 0.7109375 0.16805555555555557 0.0375 0.05092592592592592
1 0.3372395833333333 0.21296296296296297 0.03697916666666667 0.05740740740740741
1 0.33828125 0.17777777777777778 0.04010416666666667 0.044444444444444446
1 0.9869791666666666 0.2074074074074074 0.025 0.07592592592592592
1 0.4981770833333333 0.11944444444444445 0.027604166666666666 0.03518518518518519
1 0.3924479166666667 0.1712962962962963 0.030729166666666665 0.044444444444444446
1 0.621875 0.17777777777777778 0.03333333333333333 0.040740740740740744
1 0.36484375 0.22777777777777777 0.04635416666666667 0.07777777777777778
1 0.3807291666666667 0.10555555555555556 0.03229166666666667 0.05
1 0.41432291666666665 0.12407407407407407 0.027604166666666666 0.04814814814814815
1 0.30078125 0.14583333333333334 0.03177083333333333 0.04351851851851852
1 0.5880208333333333 0.16574074074074074 0.034375 0.03518518518518519
1 0.6578125 0.1685185185185185 0.035416666666666666 0.044444444444444446
1 0.74765625 0.1300925925925926 0.024479166666666666 0.03611111111111111
1 0.8783854166666667 0.19953703703703704 0.0328125 0.04537037037037037
1 0.9263020833333333 0.16435185185185186 0.05260416666666667 0.04722222222222222
1 0.67109375 0.12777777777777777 0.0296875 0.04259259259259259
1 0.42161458333333335 0.18981481481481483 0.043229166666666666 0.06851851851851852
1 0.46510416666666665 0.24351851851851852 0.05 0.06666666666666667
1 0.18098958333333334 0.25 0.04739583333333333 0.06666666666666667
1 0.2708333333333333 0.10555555555555556 0.03333333333333333 0.040740740740740744
1 0.1625 0.07777777777777778 0.023958333333333335 0.020370370370370372
1 0.27005208333333336 0.23796296296296296 0.05677083333333333 0.09259259259259259
1 0.5549479166666667 0.22314814814814815 0.0515625 0.08518518518518518
1 0.56796875 0.15 0.0296875 0.03518518518518519
1 0.7291666666666666 0.1449074074074074 0.03333333333333333 0.04722222222222222
1 0.703125 0.22453703703703703 0.05 0.049074074074074076
1 0.6041666666666666 0.11388888888888889 0.027083333333333334 0.037037037037037035
1 0.23385416666666667 0.13518518518518519 0.027083333333333334 0.037037037037037035
1 0.36223958333333334 0.09861111111111111 0.013020833333333334 0.032407407407407406
1 0.6802083333333333 0.10694444444444444 0.027083333333333334 0.04537037037037037
1 0.17135416666666667 0.13425925925925927 0.0375 0.044444444444444446
1 0.22473958333333333 0.11990740740740741 0.030729166666666665 0.03796296296296296
1 0.6421875 0.12731481481481483 0.027083333333333334 0.028703703703703703
1 0.9046875 0.20925925925925926 0.03958333333333333 0.06111111111111111
1 0.6549479166666666 0.13564814814814816 0.033854166666666664 0.032407407407407406
1 0.57578125 0.1050925925925926 0.024479166666666666 0.026851851851851852
1 0.47734375 0.09583333333333334 0.025520833333333333 0.030555555555555555
1 0.5239583333333333 0.062037037037037036 0.020833333333333332 0.022222222222222223
1 0.28411458333333334 0.12083333333333333 0.034895833333333334 0.03425925925925926
1 0.7575520833333333 0.16296296296296298 0.027604166666666666 0.02962962962962963
1 0.7903645833333334 0.21851851851851853 0.058854166666666666 0.08888888888888889
1 0.17161458333333332 0.225 0.043229166666666666 0.07777777777777778
1 0.35885416666666664 0.14444444444444443 0.029166666666666667 0.03888888888888889
1 0.7471354166666667 0.20925925925925926 0.0453125 0.07222222222222222
1 0.24947916666666667 0.1675925925925926 0.041666666666666664 0.053703703703703705
1 0.7270833333333333 0.11481481481481481 0.020833333333333332 0.014814814814814815
1 0.3177083333333333 0.10138888888888889 0.028125 0.03981481481481482
1 0.353125 0.08425925925925926 0.020833333333333332 0.03148148148148148
1 0.16744791666666667 0.16620370370370371 0.0296875 0.03425925925925926
1 0.47708333333333336 0.06296296296296296 0.023958333333333335 0.024074074074074074
1 0.5020833333333333 0.0824074074074074 0.021875 0.040740740740740744
1 0.5580729166666667 0.12777777777777777 0.0265625 0.044444444444444446
1 0.415625 0.08194444444444444 0.025 0.028703703703703703
1 0.4401041666666667 0.08148148148148149 0.020833333333333332 0.03518518518518519
1 0.85234375 0.18564814814814815 0.034895833333333334 0.049074074074074076
1 0.5171875 0.10601851851851851 0.027083333333333334 0.05092592592592592
1 0.34088541666666666 0.12268518518518519 0.028645833333333332 0.04537037037037037
1 0.6234375 0.15092592592592594 0.035416666666666666 0.03888888888888889
1 0.93515625 0.20092592592592592 0.050520833333333334 0.03518518518518519
1 0.5979166666666667 0.13425925925925927 0.030208333333333334 0.03518518518518519
1 0.21171875 0.08333333333333333 0.027604166666666666 0.03333333333333333
1 0.18203125 0.1884259259259259 0.03802083333333333 0.062037037037037036
1 0.175 0.19953703703703704 0.04583333333333333 0.04351851851851852
1 0.3184895833333333 0.17453703703703705 0.030729166666666665 0.06018518518518518
1 0.5666666666666667 0.08888888888888889 0.023958333333333335 0.025925925925925925
1 0.6528645833333333 0.09490740740740741 0.027604166666666666 0.03611111111111111
1 0.19036458333333334 0.0763888888888889 0.0171875 0.021296296296296296
1 0.38177083333333334 0.16064814814814815 0.03125 0.05648148148148148
1 0.21875 0.10416666666666667 0.028125 0.03425925925925926
1 0.9315104166666667 0.2449074074074074 0.058854166666666666 0.075
1 0.29401041666666666 0.13657407407407407 0.03802083333333333 0.03981481481481482