3 0.8575520833333333 0.24259259259259258 0.06302083333333333 0.09259259259259259
2 0.85 0.16527777777777777 0.08229166666666667 0.1675925925925926
2 0.8940104166666667 0.1287037037037037 0.07239583333333334 0.1537037037037037
1 0.7692708333333333 0.5273148148148148 0.10625 0.1361111111111111
1 0.46927083333333336 0.6814814814814815 0.12395833333333334 0.17222222222222222
1 0.2515625 0.8921296296296296 0.16145833333333334 0.21203703703703702
1 0.5708333333333333 0.9078703703703703 0.171875 0.1824074074074074
1 0.18671875 0.39166666666666666 0.0703125 0.10185185185185185
1 0.035416666666666666 0.46805555555555556 0.07083333333333333 0.11018518518518519
1 0.39869791666666665 0.5425925925925926 0.09739583333333333 0.14074074074074075
1 0.9544270833333334 0.19537037037037036 0.04635416666666667 0.05740740740740741
1 0.96484375 0.2967592592592593 0.06927083333333334 0.10833333333333334
1 0.7354166666666667 0.20879629629629629 0.04375 0.05648148148148148
1 0.63203125 0.39305555555555555 0.07760416666666667 0.11018518518518519
1 0.5609375 0.3384259259259259 0.06875 0.08796296296296297
1 0.6591145833333333 0.175 0.0390625 0.053703703703703705
1 0.6596354166666667 0.5921296296296297 0.11197916666666667 0.18425925925925926
1 0.56171875 0.5027777777777778 0.0953125 0.12777777777777777
1 0.47604166666666664 0.2523148148148148 0.04375 0.06759259259259259
1 0.42473958333333334 0.1361111111111111 0.024479166666666666 0.04259259259259259
1 0.9424479166666667 0.9064814814814814 0.1140625 0.18518518518518517
1 0.5174479166666667 0.43796296296296294 0.08177083333333333 0.11296296296296296
1 0.4591145833333333 0.3486111111111111 0.06927083333333334 0.11574074074074074
1 0.69453125 0.13240740740740742 0.030729166666666665 0.044444444444444446
1 0.42552083333333335 0.31805555555555554 0.04895833333333333 0.07685185185185185
1 0.8705729166666667 0.44074074074074077 0.09427083333333333 0.13148148148148148
1 0.1765625 0.18611111111111112 0.041666666666666664 0.05925925925925926
1 0.7515625 0.175 0.03958333333333333 0.05555555555555555
1 0.40390625 0.19583333333333333 0.034895833333333334 0.049074074074074076
1 0.5252604166666667 0.20277777777777778 0.043229166666666666 0.05925925925925926
1 0.39947916666666666 0.2777777777777778 0.057291666666666664 0.08888888888888889
1 0.9888020833333333 0.5365740740740741 0.021354166666666667 0.17314814814814813
1 0.3223958333333333 0.36527777777777776 0.0875 0.13796296296296295
1 0.38645833333333335 0.16666666666666666 0.035416666666666666 0.05555555555555555
1 0.45208333333333334 0.1527777777777778 0.041666666666666664 0.06666666666666667
1 0.49505208333333334 0.18194444444444444 0.03802083333333333 0.058333333333333334
1 0.43333333333333335 0.20972222222222223 0.03958333333333333 0.062037037037037036
1 0.34010416666666665 0.2064814814814815 0.04479166666666667 0.05925925925925926
1 0.40260416666666665 0.11388888888888889 0.026041666666666668 0.03888888888888889
1 0.7140625 0.16574074074074074 0.03854166666666667 0.05
1 0.6205729166666667 0.1550925925925926 0.034895833333333334 0.05462962962962963
1 0.6546875 0.13935185185185187 0.035416666666666666 0.05092592592592592
1 0.15520833333333334 0.10231481481481482 0.027083333333333334 0.04351851851851852
1 0.45651041666666664 0.23148148148148148 0.0421875 0.07407407407407407
1 0.23229166666666667 0.11851851851851852 0.03333333333333333 0.053703703703703705
1 0.17604166666666668 0.12638888888888888 0.03333333333333333 0.03611111111111111
1 0.3653645833333333 0.1439814814814815 0.03177083333333333 0.06018518518518518
1 0.6307291666666667 0.12407407407407407 0.03125 0.02962962962962963
1 0.16354166666666667 0.25416666666666665 0.0625 0.0787037037037037
1 0.3015625 0.13194444444444445 0.035416666666666666 0.04537037037037037
1 0.27291666666666664 0.1726851851851852 0.028125 0.04351851851851852
1 0.6458333333333334 0.10138888888888889 0.027083333333333334 0.028703703703703703
1 0.29739583333333336 0.2916666666666667 0.052083333333333336 0.0962962962962963
1 0.35 0.13287037037037036 0.023958333333333335 0.04351851851851852
1 0.3768229166666667 0.25 0.0421875 0.08148148148148149
1 0.73671875 0.10694444444444444 0.033854166666666664 0.026851851851851852
1 0.31640625 0.30092592592592593 0.07552083333333333 0.08148148148148149
1 0.5674479166666667 0.08935185185185185 0.022395833333333334 0.032407407407407406
1 0.303125 0.1597222222222222 0.035416666666666666 0.04537037037037037
1 0.46875 0.07083333333333333 0.020833333333333332 0.030555555555555555
1 0.5645833333333333 0.13194444444444445 0.021875 0.05092592592592592
1 0.509375 0.12037037037037036 0.030208333333333334 0.03518518518518519
1 0.18046875 0.33194444444444443 0.06302083333333333 0.10462962962962963
1 0.8182291666666667 0.38472222222222224 0.090625 0.1361111111111111
1 0.30130208333333336 0.08842592592592592 0.0265625 0.03611111111111111
1 0.4940104166666667 0.11527777777777778 0.0140625 0.028703703703703703
1 0.17239583333333333 0.16111111111111112 0.03958333333333333 0.05185185185185185
1 0.16901041666666666 0.29305555555555557 0.05677083333333333 0.07314814814814814
1 0.5536458333333333 0.10138888888888889 0.01875 0.03425925925925926
1 0.5174479166666667 0.08148148148148149 0.021354166666666667 0.025925925925925925
1 0.28020833333333334 0.23981481481481481 0.051041666666666666 0.07037037037037037
1 0.48125 0.10694444444444444 0.019791666666666666 0.026851851851851852
1 0.33697916666666666 0.17453703703703705 0.030208333333333334 0.019444444444444445
1 0.5877604166666667 0.13564814814814816 0.0390625 0.06018518518518518
1 0.478125 0.08518518518518518 0.020833333333333332 0.018518518518518517
1 0.24114583333333334 0.18564814814814815 0.04583333333333333 0.075
1 0.5346354166666667 0.1375 0.03177083333333333 0.026851851851851852
1 0.26640625 0.2324074074074074 0.0453125 0.08148148148148149
1 0.40130208333333334 0.06620370370370371 0.019270833333333334 0.021296296296296296
1 0.5333333333333333 0.29953703703703705 0.05625 0.06018518518518518
1 0.4671875 0.10324074074074074 0.017708333333333333 0.026851851851851852
1 0.99375 0.7490740740740741 0.011458333333333333 0.1388888888888889
1 0.23645833333333333 0.15046296296296297 0.03854166666666667 0.03981481481481482
1 0.5109375 0.27037037037037037 0.042708333333333334 0.07962962962962963