2 0.6994791666666667 0.09814814814814815 0.053125 0.11481481481481481
2 0.640625 0.08935185185185185 0.05 0.09166666666666666
1 0.3028645833333333 0.7546296296296297 0.14322916666666666 0.18333333333333332
1 0.7692708333333333 0.7708333333333334 0.15416666666666667 0.20092592592592592
1 0.34713541666666664 0.4115740740740741 0.0734375 0.09537037037037037
1 0.6786458333333333 0.6356481481481482 0.12916666666666668 0.19907407407407407
1 0.5091145833333334 0.812962962962963 0.1546875 0.1962962962962963
1 0.7447916666666666 0.48148148148148145 0.1 0.13148148148148148
1 0.93515625 0.6555555555555556 0.12864583333333332 0.1685185185185185
1 0.5322916666666667 0.47962962962962963 0.10625 0.1574074074074074
1 0.20911458333333333 0.43657407407407406 0.0765625 0.11203703703703703
1 0.8192708333333333 0.5597222222222222 0.1125 0.15833333333333333
1 0.47265625 0.37962962962962965 0.0703125 0.09814814814814815
1 0.44114583333333335 0.2199074074074074 0.042708333333333334 0.062037037037037036
1 0.5299479166666666 0.2953703703703704 0.06302083333333333 0.08333333333333333
1 0.6604166666666667 0.38935185185185184 0.08125 0.13055555555555556
1 0.328125 0.3527777777777778 0.06458333333333334 0.08888888888888889
1 0.57109375 0.33425925925925926 0.06302083333333333 0.09444444444444444
1 0.9627604166666667 0.9467592592592593 0.0734375 0.10462962962962963
1 0.40572916666666664 0.18194444444444444 0.03958333333333333 0.049074074074074076
1 0.528125 0.2074074074074074 0.04583333333333333 0.07222222222222222
1 0.5059895833333333 0.2796296296296296 0.0453125 0.07407407407407407
1 0.84453125 0.24027777777777778 0.049479166666666664 0.04351851851851852
1 0.42526041666666664 0.3189814814814815 0.0609375 0.08796296296296297
1 0.14192708333333334 0.37824074074074077 0.07447916666666667 0.12129629629629629
1 0.30494791666666665 0.325 0.05572916666666667 0.08333333333333333
1 0.9515625 0.2550925925925926 0.05625 0.0824074074074074
1 0.8598958333333333 0.16712962962962963 0.03229166666666667 0.049074074074074076
1 0.5924479166666666 0.16898148148148148 0.03697916666666667 0.041666666666666664
1 0.6322916666666667 0.275 0.057291666666666664 0.09074074074074075
1 0.8872395833333333 0.1763888888888889 0.0390625 0.049074074074074076
1 0.2640625 0.22407407407407406 0.03958333333333333 0.06111111111111111
1 0.7411458333333333 0.24305555555555555 0.046875 0.05462962962962963
1 0.978125 0.2986111111111111 0.042708333333333334 0.062037037037037036
1 0.8776041666666666 0.29768518518518516 0.07291666666666667 0.08425925925925926
1 0.3763020833333333 0.16574074074074074 0.03697916666666667 0.044444444444444446
1 0.47708333333333336 0.2439814814814815 0.051041666666666666 0.08425925925925926
1 0.6494791666666667 0.17083333333333334 0.0375 0.05462962962962963
1 0.3684895833333333 0.2273148148148148 0.043229166666666666 0.07685185185185185
1 0.3919270833333333 0.26805555555555555 0.0515625 0.08796296296296297
1 0.17734375 0.30925925925925923 0.0609375 0.07777777777777778
1 0.80703125 0.26296296296296295 0.05260416666666667 0.05555555555555555
1 0.28828125 0.275 0.05572916666666667 0.07592592592592592
1 0.47630208333333335 0.1712962962962963 0.0328125 0.05555555555555555
1 0.8059895833333334 0.16805555555555557 0.0390625 0.04351851851851852
1 0.37552083333333336 0.10138888888888889 0.025 0.03796296296296296
1 0.9065104166666667 0.23703703703703705 0.0515625 0.06296296296296296
1 0.1734375 0.2162037037037037 0.040625 0.05648148148148148
1 0.6630208333333333 0.14074074074074075 0.03333333333333333 0.03888888888888889
1 0.4640625 0.15833333333333333 0.0375 0.05925925925925926
1 0.7135416666666666 0.18703703703703703 0.0375 0.05740740740740741
1 0.32317708333333334 0.1736111111111111 0.043229166666666666 0.062037037037037036
1 0.58359375 0.25 0.050520833333333334 0.07037037037037037
1 0.5916666666666667 0.13935185185185187 0.036458333333333336 0.05462962962962963
1 0.9713541666666666 0.3712962962962963 0.05625 0.08888888888888889
1 0.69765625 0.21851851851851853 0.0453125 0.05
1 0.7125 0.15231481481481482 0.034375 0.03796296296296296
1 0.49973958333333335 0.18703703703703703 0.04114583333333333 0.06111111111111111
1 0.7580729166666667 0.1310185185185185 0.0359375 0.05462962962962963
1 0.16145833333333334 0.1175925925925926 0.03958333333333333 0.05185185185185185
1 0.48541666666666666 0.09675925925925925 0.025 0.03611111111111111
1 0.28020833333333334 0.11712962962962963 0.023958333333333335 0.03981481481481482
1 0.7567708333333333 0.18425925925925926 0.029166666666666667 0.05555555555555555
1 0.3346354166666667 0.11712962962962963 0.0234375 0.03981481481481482
1 0.40572916666666664 0.29953703703703705 0.04583333333333333 0.075
1 0.25078125 0.16898148148148148 0.049479166666666664 0.04722222222222222
1 0.46145833333333336 0.10277777777777777 0.026041666666666668 0.027777777777777776
1 0.3015625 0.14722222222222223 0.03229166666666667 0.053703703703703705
1 0.34453125 0.0787037037037037 0.028645833333333332 0.03888888888888889
1 0.5015625 0.11990740740740741 0.029166666666666667 0.03425925925925926
1 0.17630208333333333 0.1962962962962963 0.04010416666666667 0.05555555555555555
1 0.17005208333333333 0.17314814814814813 0.04010416666666667 0.06111111111111111
1 0.6809895833333334 0.17407407407407408 0.0359375 0.037037037037037035
1 0.80703125 0.2050925925925926 0.04010416666666667 0.058333333333333334
1 0.19166666666666668 0.14351851851851852 0.023958333333333335 0.05
1 0.3106770833333333 0.09814814814814815 0.0234375 0.03333333333333333
1 0.52109375 0.08055555555555556 0.0296875 0.03888888888888889
1 0.25416666666666665 0.08657407407407407 0.022916666666666665 0.03425925925925926
1 0.66875 0.2013888888888889 0.0375 0.041666666666666664
1 0.73515625 0.1162037037037037 0.0234375 0.04351851851851852
1 0.228125 0.11666666666666667 0.03333333333333333 0.03518518518518519
1 0.7864583333333334 0.22916666666666666 0.046875 0.06944444444444445
1 0.17604166666666668 0.2675925925925926 0.057291666666666664 0.06111111111111111
1 0.2526041666666667 0.19675925925925927 0.04583333333333333 0.05092592592592592
1 0.36692708333333335 0.09074074074074075 0.024479166666666666 0.02962962962962963
1 0.5671875 0.10601851851851851 0.03125 0.049074074074074076
1 0.596875 0.10787037037037037 0.027083333333333334 0.028703703703703703
1 0.34140625 0.19953703703703704 0.0390625 0.05648148148148148
1 0.8440104166666667 0.28194444444444444 0.025520833333333333 0.04722222222222222
1 0.5283854166666667 0.11898148148148148 0.015104166666666667 0.03611111111111111
1 0.18567708333333333 0.10231481481481482 0.0203125 0.030555555555555555
1 0.503125 0.07916666666666666 0.015625 0.03611111111111111
1 0.4708333333333333 0.06296296296296296 0.01875 0.018518518518518517
1 0.4434895833333333 0.07777777777777778 0.019270833333333334 0.02962962962962963
1 0.3690104166666667 0.14583333333333334 0.0359375 0.05462962962962963
1 0.2947916666666667 0.13518518518518519 0.026041666666666668 0.05
1 0.23229166666666667 0.13287037037037036 0.034375 0.04722222222222222
1 0.28046875 0.22592592592592592 0.0359375 0.02962962962962963