2 0.9356770833333333 0.1625 0.08802083333333334 0.1712962962962963
2 0.7739583333333333 0.45185185185185184 0.13229166666666667 0.2574074074074074
2 0.7971354166666667 0.13148148148148148 0.06822916666666666 0.1259259259259259
1 0.22213541666666667 0.7106481481481481 0.11614583333333334 0.15833333333333333
1 0.6526041666666667 0.4050925925925926 0.08020833333333334 0.10277777777777777
1 0.17552083333333332 0.6236111111111111 0.11145833333333334 0.13240740740740742
1 0.6252604166666667 0.9111111111111111 0.18385416666666668 0.17592592592592593
1 0.90390625 0.9069444444444444 0.16822916666666668 0.18425925925925926
1 0.51328125 0.8282407407407407 0.14739583333333334 0.20277777777777778
1 0.5622395833333333 0.3314814814814815 0.06302083333333333 0.08703703703703704
1 0.3890625 0.5083333333333333 0.09375 0.12777777777777777
1 0.5153645833333333 0.2884259259259259 0.058854166666666666 0.0787037037037037
1 0.6421875 0.31157407407407406 0.06145833333333333 0.08425925925925926
1 0.3033854166666667 0.32916666666666666 0.06302083333333333 0.0824074074074074
1 0.5557291666666667 0.49537037037037035 0.09583333333333334 0.12777777777777777
1 0.9354166666666667 0.2898148148148148 0.06041666666666667 0.08333333333333333
1 0.6901041666666666 0.4652777777777778 0.04791666666666667 0.1175925925925926
1 0.19401041666666666 0.29212962962962963 0.0546875 0.0787037037037037
1 0.53359375 0.43842592592592594 0.0765625 0.11388888888888889
1 0.971875 0.33935185185185185 0.05520833333333333 0.09351851851851851
1 0.6096354166666667 0.1787037037037037 0.04010416666666667 0.04259259259259259
1 0.6778645833333333 0.20833333333333334 0.04114583333333333 0.046296296296296294
1 0.5838541666666667 0.1425925925925926 0.03333333333333333 0.046296296296296294
1 0.6127604166666667 0.2740740740740741 0.06197916666666667 0.08703703703703704
1 0.44244791666666666 0.3527777777777778 0.07552083333333333 0.12777777777777777
1 0.36614583333333334 0.2916666666666667 0.05 0.07962962962962963
1 0.7143229166666667 0.1962962962962963 0.0390625 0.05555555555555555
1 0.26927083333333335 0.2324074074074074 0.041666666666666664 0.05740740740740741
1 0.4127604166666667 0.12777777777777777 0.030729166666666665 0.044444444444444446
1 0.365625 0.1527777777777778 0.04583333333333333 0.05555555555555555
1 0.1890625 0.42685185185185187 0.08020833333333334 0.11851851851851852
1 0.19609375 0.5125 0.08697916666666666 0.13240740740740742
1 0.36171875 0.44166666666666665 0.0984375 0.15555555555555556
1 0.46927083333333336 0.25462962962962965 0.042708333333333334 0.07222222222222222
1 0.415625 0.20092592592592592 0.028125 0.05925925925925926
1 0.4122395833333333 0.29953703703703705 0.058854166666666666 0.09537037037037037
1 0.3494791666666667 0.21944444444444444 0.035416666666666666 0.05740740740740741
1 0.46197916666666666 0.08842592592592592 0.025 0.03796296296296296
1 0.6265625 0.125 0.036458333333333336 0.05740740740740741
1 0.7760416666666666 0.18611111111111112 0.04895833333333333 0.07037037037037037
1 0.25286458333333334 0.18009259259259258 0.0421875 0.05277777777777778
1 0.92578125 0.6555555555555556 0.14739583333333334 0.24259259259259258
1 0.4036458333333333 0.18101851851851852 0.040625 0.06018518518518518
1 0.29973958333333334 0.1476851851851852 0.0328125 0.058333333333333334
1 0.4903645833333333 0.2662037037037037 0.0484375 0.08055555555555556
1 0.1890625 0.24027777777777778 0.04375 0.06574074074074074
1 0.5684895833333333 0.1337962962962963 0.030729166666666665 0.04722222222222222
1 0.3421875 0.12453703703703704 0.028125 0.03611111111111111
1 0.3736979166666667 0.2412037037037037 0.0546875 0.075
1 0.4002604166666667 0.12037037037037036 0.030729166666666665 0.04814814814814815
1 0.2677083333333333 0.10601851851851851 0.027083333333333334 0.04351851851851852
1 0.5096354166666667 0.11064814814814815 0.0265625 0.03425925925925926
1 0.4434895833333333 0.21388888888888888 0.0453125 0.07777777777777778
1 0.9205729166666666 0.2412037037037037 0.05572916666666667 0.0712962962962963
1 0.87890625 0.16944444444444445 0.034895833333333334 0.06111111111111111
1 0.4473958333333333 0.07916666666666666 0.022916666666666665 0.032407407407407406
1 0.23046875 0.13055555555555556 0.0359375 0.05740740740740741
1 0.809375 0.23425925925925925 0.05416666666666667 0.08703703703703704
1 0.7421875 0.16712962962962963 0.0375 0.062037037037037036
1 0.325 0.175 0.034375 0.05925925925925926
1 0.6979166666666666 0.1550925925925926 0.029166666666666667 0.032407407407407406
1 0.8614583333333333 0.16018518518518518 0.036458333333333336 0.06481481481481481
1 0.5940104166666667 0.11388888888888889 0.030729166666666665 0.05
1 0.7015625 0.1310185185185185 0.023958333333333335 0.025
1 0.3458333333333333 0.19675925925925927 0.040625 0.06018518518518518
1 0.6471354166666666 0.11944444444444445 0.015104166666666667 0.046296296296296294
1 0.40989583333333335 0.06759259259259259 0.019791666666666666 0.022222222222222223
1 0.23776041666666667 0.15046296296296297 0.027604166666666666 0.04537037037037037
1 0.4869791666666667 0.09490740740740741 0.03125 0.04351851851851852
1 0.3854166666666667 0.1050925925925926 0.027083333333333334 0.04537037037037037
1 0.6677083333333333 0.1699074074074074 0.0375 0.06759259259259259
1 0.8911458333333333 0.18055555555555555 0.011458333333333333 0.06111111111111111
1 0.21067708333333332 0.10555555555555556 0.022395833333333334 0.044444444444444446
1 0.2830729166666667 0.11990740740740741 0.028645833333333332 0.04722222222222222
1 0.26484375 0.2064814814814815 0.0421875 0.046296296296296294
1 0.3302083333333333 0.07268518518518519 0.020833333333333332 0.025
1 0.16666666666666666 0.08842592592592592 0.028125 0.032407407407407406
1 0.728125 0.1388888888888889 0.035416666666666666 0.05555555555555555
1 0.6609375 0.11944444444444445 0.014583333333333334 0.03333333333333333
1 0.690625 0.12314814814814815 0.028125 0.03148148148148148
1 0.32109375 0.10277777777777777 0.0296875 0.03888888888888889
1 0.6822916666666666 0.17592592592592593 0.036458333333333336 0.02962962962962963
1 0.6182291666666667 0.10046296296296296 0.021875 0.03425925925925926
1 0.43411458333333336 0.0699074074074074 0.0171875 0.030555555555555555
1 0.16901041666666666 0.15324074074074073 0.034895833333333334 0.04722222222222222
1 0.45651041666666664 0.16111111111111112 0.0359375 0.05925925925925926
1 0.18151041666666667 0.21666666666666667 0.044270833333333336 0.06666666666666667
1 0.4361979166666667 0.1476851851851852 0.025520833333333333 0.04537037037037037
1 0.9729166666666667 0.19583333333333333 0.013541666666666667 0.062037037037037036
1 0.17708333333333334 0.18981481481481483 0.04791666666666667 0.06111111111111111