2 0.7122395833333334 0.10092592592592593 0.0546875 0.11851851851851852
2 0.6505208333333333 0.09166666666666666 0.051041666666666666 0.0962962962962963
1 0.32421875 0.6671296296296296 0.12760416666666666 0.1638888888888889
1 0.4591145833333333 0.7291666666666666 0.13697916666666668 0.17685185185185184
1 0.7083333333333334 0.6930555555555555 0.13854166666666667 0.1787037037037037
1 0.8682291666666667 0.5967592592592592 0.12083333333333333 0.1527777777777778
1 0.6372395833333333 0.5824074074074074 0.11822916666666666 0.18518518518518517
1 0.20572916666666666 0.40879629629629627 0.071875 0.10833333333333334
1 0.33828125 0.38981481481481484 0.06822916666666666 0.08888888888888889
1 0.32057291666666665 0.3347222222222222 0.06197916666666667 0.08611111111111111
1 0.5096354166666667 0.4486111111111111 0.09947916666666666 0.15092592592592594
1 0.8932291666666666 0.8833333333333333 0.2125 0.23148148148148148
1 0.7044270833333334 0.45 0.0921875 0.11851851851851852
1 0.7671875 0.5175925925925926 0.10416666666666667 0.14629629629629629
1 0.45677083333333335 0.3592592592592593 0.06666666666666667 0.09259259259259259
1 0.63671875 0.3680555555555556 0.0765625 0.12314814814814815
1 0.4322916666666667 0.21203703703703702 0.03958333333333333 0.05740740740740741
1 0.9799479166666667 0.2708333333333333 0.0390625 0.08425925925925926
1 0.60859375 0.17731481481481481 0.03697916666666667 0.04351851851851852
1 0.9083333333333333 0.18287037037037038 0.040625 0.05277777777777778
1 0.5541666666666667 0.31805555555555554 0.059375 0.09166666666666666
1 0.51484375 0.28194444444444444 0.059895833333333336 0.08055555555555556
1 0.41380208333333335 0.30462962962962964 0.058854166666666666 0.08518518518518518
1 0.8765625 0.17314814814814813 0.035416666666666666 0.05
1 0.4 0.1787037037037037 0.0375 0.05
1 0.66484375 0.17777777777777778 0.04010416666666667 0.05740740740740741
1 0.6127604166666667 0.262037037037037 0.05364583333333333 0.08703703703703704
1 0.56640625 0.23842592592592593 0.04739583333333333 0.06759259259259259
1 0.2981770833333333 0.3101851851851852 0.05364583333333333 0.08148148148148149
1 0.46588541666666666 0.23425925925925925 0.049479166666666664 0.07962962962962963
1 0.940625 0.24861111111111112 0.05520833333333333 0.06574074074074074
1 0.49166666666666664 0.26805555555555555 0.04375 0.0712962962962963
1 0.2630208333333333 0.21574074074074073 0.03854166666666667 0.06111111111111111
1 0.8380208333333333 0.2777777777777778 0.059375 0.05740740740740741
1 0.36171875 0.21898148148148147 0.0421875 0.07314814814814814
1 0.71953125 0.23333333333333334 0.04739583333333333 0.05925925925925926
1 0.8268229166666666 0.1814814814814815 0.0390625 0.05555555555555555
1 0.37135416666666665 0.1597222222222222 0.036458333333333336 0.04537037037037037
1 0.16223958333333333 0.3537037037037037 0.06510416666666667 0.11481481481481481
1 0.7705729166666667 0.25324074074074077 0.050520833333333334 0.05092592592592592
1 0.7690104166666667 0.13472222222222222 0.03697916666666667 0.05462962962962963
1 0.4890625 0.1824074074074074 0.03854166666666667 0.06296296296296296
1 0.4669270833333333 0.16574074074074074 0.03177083333333333 0.053703703703703705
1 0.19427083333333334 0.1388888888888889 0.025 0.046296296296296294
1 0.6786458333333333 0.1449074074074074 0.03333333333333333 0.03981481481481482
1 0.6979166666666666 0.18425925925925926 0.041666666666666664 0.040740740740740744
1 0.81328125 0.1925925925925926 0.04010416666666667 0.037037037037037035
1 0.603125 0.14675925925925926 0.035416666666666666 0.062037037037037036
1 0.3846354166666667 0.2569444444444444 0.049479166666666664 0.08425925925925926
1 0.8838541666666667 0.30185185185185187 0.040625 0.053703703703703705
1 0.49192708333333335 0.09907407407407408 0.024479166666666666 0.03518518518518519
1 0.45546875 0.1527777777777778 0.03802083333333333 0.05925925925925926
1 0.8822916666666667 0.2671296296296296 0.052083333333333336 0.06759259259259259
1 0.5557291666666667 0.10601851851851851 0.019791666666666666 0.032407407407407406
1 0.6908854166666667 0.2125 0.03802083333333333 0.04351851851851852
1 0.5088541666666667 0.12638888888888888 0.030208333333333334 0.03611111111111111
1 0.175 0.2972222222222222 0.06041666666666667 0.07407407407407407
1 0.340625 0.07777777777777778 0.028125 0.03518518518518519
1 0.46796875 0.10833333333333334 0.0265625 0.027777777777777776
1 0.33515625 0.11574074074074074 0.028645833333333332 0.040740740740740744
1 0.9263020833333333 0.33101851851851855 0.07760416666666667 0.11203703703703703
1 0.27578125 0.11388888888888889 0.0328125 0.03888888888888889
1 0.25546875 0.08472222222222223 0.024479166666666666 0.03611111111111111
1 0.67109375 0.11898148148148148 0.0296875 0.041666666666666664
1 0.17395833333333333 0.2101851851851852 0.03854166666666667 0.05555555555555555
1 0.51484375 0.19953703703703704 0.044270833333333336 0.06759259259259259
1 0.39609375 0.28703703703703703 0.043229166666666666 0.07222222222222222
1 0.16744791666666667 0.08009259259259259 0.0328125 0.025
1 0.30755208333333334 0.09675925925925925 0.022395833333333334 0.03425925925925926
1 0.33671875 0.19212962962962962 0.0359375 0.05462962962962963
1 0.37083333333333335 0.10046296296296296 0.026041666666666668 0.032407407407407406
1 0.2994791666666667 0.14351851851851852 0.03229166666666667 0.05185185185185185
1 0.5518229166666667 0.12453703703703704 0.0140625 0.03796296296296296
1 0.17604166666666668 0.2550925925925926 0.057291666666666664 0.05277777777777778
1 0.7302083333333333 0.16203703703703703 0.036458333333333336 0.04259259259259259
1 0.16848958333333333 0.16898148148148148 0.04010416666666667 0.06018518518518518
1 0.40677083333333336 0.06759259259259259 0.021875 0.020370370370370372
1 0.3640625 0.13935185185185187 0.036458333333333336 0.049074074074074076
1 0.3184895833333333 0.16064814814814815 0.0421875 0.04537037037037037
1 0.24947916666666667 0.19074074074074074 0.041666666666666664 0.046296296296296294
1 0.5940104166666667 0.08009259259259259 0.019270833333333334 0.026851851851851852
1 0.7341145833333333 0.2023148148148148 0.03697916666666667 0.05648148148148148
1 0.28411458333333334 0.26481481481481484 0.05260416666666667 0.07222222222222222
1 0.5768229166666666 0.1111111111111111 0.030729166666666665 0.04814814814814815
1 0.20208333333333334 0.08657407407407407 0.022916666666666665 0.026851851851851852
1 0.80625 0.20925925925925926 0.03854166666666667 0.05
1 0.47604166666666664 0.06527777777777778 0.01875 0.021296296296296296
1 0.74765625 0.11944444444444445 0.021354166666666667 0.04259259259259259
1 0.6065104166666667 0.10972222222222222 0.027604166666666666 0.028703703703703703
1 0.15885416666666666 0.11712962962962963 0.034375 0.05277777777777778
1 0.29322916666666665 0.13194444444444445 0.028125 0.04722222222222222
1 0.27760416666666665 0.2263888888888889 0.041666666666666664 0.04537037037037037
1 0.3171875 0.10972222222222222 0.017708333333333333 0.030555555555555555
1 0.246875 0.16342592592592592 0.04375 0.04351851851851852
1 0.81640625 0.24166666666666667 0.0484375 0.06851851851851852
1 0.17552083333333332 0.18888888888888888 0.03854166666666667 0.05