1 0.6359375 0.6453703703703704 0.13854166666666667 0.21296296296296297
1 0.38385416666666666 0.5148148148148148 0.09166666666666666 0.11851851851851852
1 0.20989583333333334 0.5574074074074075 0.09791666666666667 0.14074074074074075
1 0.9098958333333333 0.8944444444444445 0.17916666666666667 0.20925925925925926
1 0.59375 0.350462962962963 0.07395833333333333 0.09907407407407408
1 0.3575520833333333 0.4263888888888889 0.07760416666666667 0.10462962962962963
1 0.7690104166666667 0.48842592592592593 0.1015625 0.16203703703703703
1 0.47604166666666664 0.3800925925925926 0.07291666666666667 0.10277777777777777
1 0.5411458333333333 0.4675925925925926 0.08541666666666667 0.11851851851851852
1 0.7190104166666667 0.33194444444444443 0.06927083333333334 0.10648148148148148
1 0.5802083333333333 0.24074074074074073 0.053125 0.08333333333333333
1 0.9239583333333333 0.6328703703703704 0.13333333333333333 0.17314814814814813
1 0.18645833333333334 0.362962962962963 0.071875 0.09444444444444444
1 0.33046875 0.3888888888888889 0.06822916666666666 0.09814814814814815
1 0.17057291666666666 0.24212962962962964 0.0421875 0.062037037037037036
1 0.5635416666666667 0.3296296296296296 0.05520833333333333 0.08703703703703704
1 0.30572916666666666 0.32037037037037036 0.059375 0.08148148148148149
1 0.7372395833333333 0.15 0.033854166666666664 0.05
1 0.8247395833333333 0.1550925925925926 0.0328125 0.04351851851851852
1 0.42630208333333336 0.2050925925925926 0.0421875 0.05092592592592592
1 0.39791666666666664 0.18611111111111112 0.03958333333333333 0.05555555555555555
1 0.65078125 0.40046296296296297 0.0765625 0.11203703703703703
1 0.46588541666666666 0.24814814814814815 0.05260416666666667 0.06481481481481481
1 0.5125 0.1986111111111111 0.040625 0.06574074074074074
1 0.44505208333333335 0.35185185185185186 0.05364583333333333 0.08888888888888889
1 0.8072916666666666 0.20324074074074075 0.03958333333333333 0.058333333333333334
1 0.2708333333333333 0.25416666666666665 0.041666666666666664 0.06944444444444445
1 0.64296875 0.2962962962962963 0.0609375 0.08148148148148149
1 0.54375 0.2175925925925926 0.04479166666666667 0.07037037037037037
1 0.5153645833333333 0.2791666666666667 0.0609375 0.09351851851851851
1 0.36276041666666664 0.2439814814814815 0.0390625 0.06388888888888888
1 0.39921875 0.25833333333333336 0.0515625 0.08518518518518518
1 0.1890625 0.30277777777777776 0.052083333333333336 0.05555555555555555
1 0.1828125 0.21574074074074073 0.03958333333333333 0.05740740740740741
1 0.6598958333333333 0.20324074074074075 0.040625 0.041666666666666664
1 0.022135416666666668 0.48194444444444445 0.044270833333333336 0.15092592592592594
1 0.35885416666666664 0.08981481481481482 0.03333333333333333 0.040740740740740744
1 0.4244791666666667 0.31157407407407406 0.0625 0.09907407407407408
1 0.7122395833333334 0.21805555555555556 0.043229166666666666 0.04537037037037037
1 0.25677083333333334 0.20462962962962963 0.04895833333333333 0.08148148148148149
1 0.884375 0.26666666666666666 0.05520833333333333 0.08703703703703704
1 0.7479166666666667 0.19814814814814816 0.03958333333333333 0.02962962962962963
1 0.5427083333333333 0.1439814814814815 0.035416666666666666 0.03425925925925926
1 0.3541666666666667 0.22361111111111112 0.03854166666666667 0.062037037037037036
1 0.8317708333333333 0.2851851851851852 0.06458333333333334 0.05185185185185185
1 0.72109375 0.1648148148148148 0.03697916666666667 0.04259259259259259
1 0.62734375 0.18333333333333332 0.034895833333333334 0.03888888888888889
1 0.7513020833333334 0.23796296296296296 0.058854166666666666 0.06481481481481481
1 0.7213541666666666 0.11527777777777778 0.03333333333333333 0.04351851851851852
1 0.39505208333333336 0.11527777777777778 0.0296875 0.03796296296296296
1 0.8447916666666667 0.21342592592592594 0.04791666666666667 0.06574074074074074
1 0.3234375 0.10833333333333334 0.023958333333333335 0.037037037037037035
1 0.7026041666666667 0.16203703703703703 0.03333333333333333 0.05
1 0.29140625 0.12916666666666668 0.0265625 0.041666666666666664
1 0.6578125 0.13703703703703704 0.03229166666666667 0.046296296296296294
1 0.7966145833333333 0.13796296296296295 0.027604166666666666 0.025925925925925925
1 0.8471354166666667 0.2388888888888889 0.044270833333333336 0.046296296296296294
1 0.50859375 0.10740740740740741 0.0265625 0.03518518518518519
1 0.49895833333333334 0.18425925925925926 0.04479166666666667 0.07407407407407407
1 0.7971354166666667 0.16435185185185186 0.027604166666666666 0.032407407407407406
1 0.23776041666666667 0.15138888888888888 0.03697916666666667 0.05462962962962963
1 0.9520833333333333 0.24074074074074073 0.06770833333333333 0.05185185185185185
1 0.36822916666666666 0.1486111111111111 0.026041666666666668 0.03981481481481482
1 0.7080729166666667 0.1935185185185185 0.0421875 0.05555555555555555
1 0.34296875 0.12546296296296297 0.0265625 0.03611111111111111
1 0.259375 0.09351851851851851 0.028125 0.03888888888888889
1 0.44140625 0.09351851851851851 0.024479166666666666 0.027777777777777776
1 0.39401041666666664 0.1625 0.0390625 0.06018518518518518
1 0.3375 0.07592592592592592 0.019791666666666666 0.03148148148148148
1 0.20208333333333334 0.10787037037037037 0.021875 0.03611111111111111
1 0.31979166666666664 0.1814814814814815 0.029166666666666667 0.05185185185185185
1 0.1640625 0.12546296296296297 0.042708333333333334 0.05462962962962963
1 0.38619791666666664 0.10416666666666667 0.025520833333333333 0.03796296296296296
1 0.60546875 0.15 0.0328125 0.05
1 0.9528645833333333 0.20601851851851852 0.049479166666666664 0.032407407407407406
1 0.6190104166666667 0.12222222222222222 0.0296875 0.03148148148148148
1 0.16666666666666666 0.33611111111111114 0.052083333333333336 0.1
1 0.6549479166666666 0.16296296296296298 0.0328125 0.04259259259259259
1 0.625 0.10416666666666667 0.025 0.03611111111111111
1 0.34088541666666666 0.19583333333333333 0.0390625 0.06944444444444445
1 0.9442708333333333 0.2828703703703704 0.07604166666666666 0.10833333333333334
1 0.46432291666666664 0.0912037037037037 0.024479166666666666 0.03796296296296296
1 0.31666666666666665 0.16342592592592592 0.036458333333333336 0.058333333333333334
1 0.23255208333333333 0.1259259259259259 0.033854166666666664 0.03333333333333333
1 0.4942708333333333 0.09675925925925925 0.028125 0.04351851851851852
1 0.3026041666666667 0.15046296296296297 0.028125 0.05277777777777778
1 0.5580729166666667 0.12453703703703704 0.0265625 0.05092592592592592
1 0.29739583333333336 0.28055555555555556 0.052083333333333336 0.07592592592592592
1 0.16927083333333334 0.09074074074074075 0.03333333333333333 0.04259259259259259
1 0.6072916666666667 0.1712962962962963 0.03229166666666667 0.037037037037037035
1 0.5546875 0.07175925925925926 0.023958333333333335 0.026851851851851852
1 0.171875 0.18935185185185185 0.041666666666666664 0.06388888888888888
1 0.30520833333333336 0.08472222222222223 0.027083333333333334 0.04722222222222222
1 0.5791666666666667 0.08935185185185185 0.017708333333333333 0.041666666666666664
1 0.17890625 0.16203703703703703 0.0390625 0.06111111111111111
1 0.21692708333333333 0.07916666666666666 0.0265625 0.026851851851851852
1 0.5611979166666666 0.1050925925925926 0.0265625 0.041666666666666664
1 0.2760416666666667 0.10787037037037037 0.03333333333333333 0.03796296296296296
1 0.69609375 0.10648148148148148 0.028645833333333332 0.040740740740740744
1 0.6302083333333334 0.15185185185185185 0.025 0.027777777777777776
1 0.9890625 0.23472222222222222 0.020833333333333332 0.058333333333333334