2 0.8416666666666667 0.1398148148148148 0.06875 0.15185185185185185
2 0.95078125 0.6388888888888888 0.09739583333333333 0.3537037037037037
1 0.22473958333333333 0.8805555555555555 0.15572916666666667 0.18888888888888888
1 0.7908854166666667 0.538425925925926 0.10677083333333333 0.1287037037037037
1 0.4705729166666667 0.7041666666666667 0.13072916666666667 0.175
1 0.7669270833333334 0.38981481481481484 0.07760416666666667 0.10555555555555556
1 0.8747395833333333 0.6314814814814815 0.07447916666666667 0.15925925925925927
1 0.7013020833333333 0.6875 0.13177083333333334 0.17685185185185184
1 0.30625 0.9629629629629629 0.13958333333333334 0.07222222222222222
1 0.6604166666666667 0.41759259259259257 0.07916666666666666 0.10925925925925926
1 0.9229166666666667 0.32731481481481484 0.071875 0.06944444444444445
1 0.18541666666666667 0.35 0.06458333333333334 0.09074074074074075
1 0.5776041666666667 0.35185185185185186 0.07083333333333333 0.09444444444444444
1 0.86640625 0.2657407407407407 0.059895833333333336 0.07222222222222222
1 0.7208333333333333 0.33611111111111114 0.07395833333333333 0.1037037037037037
1 0.7776041666666667 0.2574074074074074 0.057291666666666664 0.053703703703703705
1 0.4153645833333333 0.5944444444444444 0.1421875 0.2074074074074074
1 0.51640625 0.300462962962963 0.050520833333333334 0.08425925925925926
1 0.40989583333333335 0.2916666666666667 0.065625 0.09814814814814815
1 0.2869791666666667 0.26851851851851855 0.04791666666666667 0.06481481481481481
1 0.65 0.5935185185185186 0.103125 0.15185185185185185
1 0.6450520833333333 0.1685185185185185 0.03697916666666667 0.046296296296296294
1 0.19635416666666666 0.2763888888888889 0.04895833333333333 0.0712962962962963
1 0.9802083333333333 0.3699074074074074 0.03854166666666667 0.09351851851851851
1 0.6013020833333333 0.17407407407407408 0.0390625 0.03888888888888889
1 0.5002604166666667 0.18703703703703703 0.04010416666666667 0.06296296296296296
1 0.45208333333333334 0.35694444444444445 0.06666666666666667 0.11574074074074074
1 0.5455729166666666 0.32037037037037036 0.0578125 0.09259259259259259
1 0.72578125 0.2 0.0453125 0.07407407407407407
1 0.37421875 0.1638888888888889 0.03177083333333333 0.046296296296296294
1 0.37838541666666664 0.25324074074074077 0.0421875 0.06759259259259259
1 0.34010416666666665 0.4041666666666667 0.07291666666666667 0.10092592592592593
1 0.47317708333333336 0.3958333333333333 0.06614583333333333 0.10462962962962963
1 0.22942708333333334 0.6939814814814815 0.10989583333333333 0.1787037037037037
1 0.4700520833333333 0.1712962962962963 0.030729166666666665 0.046296296296296294
1 0.33541666666666664 0.36064814814814816 0.07291666666666667 0.09166666666666666
1 0.3611979166666667 0.22407407407407406 0.043229166666666666 0.06666666666666667
1 0.4359375 0.1476851851851852 0.036458333333333336 0.049074074074074076
1 0.95078125 0.2902777777777778 0.06302083333333333 0.08425925925925926
1 0.475 0.2518518518518518 0.052083333333333336 0.08703703703703704
1 0.428125 0.20694444444444443 0.04791666666666667 0.06388888888888888
1 0.24817708333333333 0.1675925925925926 0.034895833333333334 0.04814814814814815
1 0.45208333333333334 0.22962962962962963 0.03958333333333333 0.06666666666666667
1 0.9854166666666667 0.262037037037037 0.028125 0.06666666666666667
1 0.5544270833333333 0.14907407407407408 0.030729166666666665 0.03888888888888889
1 0.88671875 0.16805555555555557 0.030729166666666665 0.06574074074074074
1 0.17213541666666668 0.16342592592592592 0.033854166666666664 0.03796296296296296
1 0.4666666666666667 0.0875 0.027083333333333334 0.041666666666666664
1 0.27578125 0.24305555555555555 0.04635416666666667 0.06388888888888888
1 0.23359375 0.14305555555555555 0.0390625 0.062037037037037036
1 0.6072916666666667 0.13657407407407407 0.03333333333333333 0.041666666666666664
1 0.6411458333333333 0.1337962962962963 0.027083333333333334 0.028703703703703703
1 0.3065104166666667 0.15694444444444444 0.030729166666666665 0.05648148148148148
1 0.5065104166666666 0.44814814814814813 0.1015625 0.16111111111111112
1 0.18541666666666667 0.2574074074074074 0.04791666666666667 0.06111111111111111
1 0.9268229166666667 0.2375 0.05677083333333333 0.08055555555555556
1 0.2796875 0.1162037037037037 0.028125 0.04722222222222222
1 0.35859375 0.1398148148148148 0.03177083333333333 0.04259259259259259
1 0.4005208333333333 0.17962962962962964 0.03854166666666667 0.06296296296296296
1 0.48541666666666666 0.1 0.025 0.03333333333333333
1 0.5856770833333333 0.11064814814814815 0.0328125 0.05277777777777778
1 0.5427083333333333 0.12175925925925926 0.0375 0.03796296296296296
1 0.42421875 0.12962962962962962 0.030729166666666665 0.03888888888888889
1 0.33880208333333334 0.19722222222222222 0.03802083333333333 0.06666666666666667
1 0.40703125 0.12685185185185185 0.0296875 0.040740740740740744
1 0.3190104166666667 0.16944444444444445 0.033854166666666664 0.05740740740740741
1 0.3450520833333333 0.2162037037037037 0.025520833333333333 0.058333333333333334
1 0.8239583333333333 0.23981481481481481 0.04791666666666667 0.06851851851851852
1 0.5486979166666667 0.0699074074074074 0.025520833333333333 0.025
1 0.7018229166666666 0.16018518518518518 0.03697916666666667 0.06111111111111111
1 0.34375 0.0787037037037037 0.023958333333333335 0.03333333333333333
1 0.21770833333333334 0.0824074074074074 0.03229166666666667 0.03148148148148148
1 0.34010416666666665 0.12685185185185185 0.026041666666666668 0.03518518518518519
1 0.17005208333333333 0.12268518518518519 0.03177083333333333 0.023148148148148147
1 0.6192708333333333 0.10694444444444444 0.023958333333333335 0.032407407407407406
1 0.5614583333333333 0.1 0.026041666666666668 0.040740740740740744
1 0.2609375 0.2037037037037037 0.05 0.05925925925925926
1 0.29609375 0.13425925925925927 0.0328125 0.05185185185185185
1 0.428125 0.07361111111111111 0.027083333333333334 0.03611111111111111
1 0.16979166666666667 0.1361111111111111 0.03229166666666667 0.046296296296296294
1 0.5229166666666667 0.11203703703703703 0.021875 0.046296296296296294
1 0.8119791666666667 0.20277777777777778 0.04479166666666667 0.05740740740740741
1 0.17578125 0.2101851851851852 0.0484375 0.07037037037037037
1 0.18411458333333333 0.22268518518518518 0.0515625 0.04537037037037037
1 0.6763020833333333 0.1425925925925926 0.0328125 0.05555555555555555
1 0.5848958333333333 0.07962962962962963 0.020833333333333332 0.012962962962962963
1 0.62578125 0.15231481481481482 0.028645833333333332 0.041666666666666664
1 0.32916666666666666 0.11342592592592593 0.029166666666666667 0.03981481481481482
1 0.6528645833333333 0.1050925925925926 0.03177083333333333 0.03425925925925926
1 0.23984375 0.11064814814814815 0.0265625 0.025
1 0.20885416666666667 0.1162037037037037 0.028125 0.03981481481481482
1 0.16588541666666667 0.11018518518518519 0.0328125 0.03518518518518519