2 0.59296875 0.08148148148148149 0.08697916666666666 0.07222222222222222
1 0.50703125 0.7967592592592593 0.1390625 0.1824074074074074
1 0.7286458333333333 0.7064814814814815 0.12916666666666668 0.17592592592592593
1 0.28489583333333335 0.9097222222222222 0.16875 0.1787037037037037
1 0.5265625 0.30648148148148147 0.06354166666666666 0.07962962962962963
1 0.5856770833333333 0.5254629629629629 0.09635416666666667 0.14166666666666666
1 0.41875 0.6138888888888889 0.11041666666666666 0.14629629629629629
1 0.2046875 0.48703703703703705 0.096875 0.1259259259259259
1 0.73046875 0.4773148148148148 0.10052083333333334 0.13425925925925927
1 0.3450520833333333 0.4185185185185185 0.07760416666666667 0.1037037037037037
1 0.04296875 0.44537037037037036 0.08385416666666666 0.12962962962962962
1 0.4005208333333333 0.5393518518518519 0.10625 0.13796296296296295
1 0.18619791666666666 0.40370370370370373 0.07760416666666667 0.09814814814814815
1 0.6903645833333333 0.4425925925925926 0.0765625 0.11296296296296296
1 0.47291666666666665 0.24953703703703703 0.051041666666666666 0.06759259259259259
1 0.6861979166666666 0.3101851851851852 0.0671875 0.10555555555555556
1 0.6072916666666667 0.35833333333333334 0.078125 0.11851851851851852
1 0.3067708333333333 0.3125 0.06145833333333333 0.0824074074074074
1 0.7921875 0.3972222222222222 0.08229166666666667 0.10740740740740741
1 0.5296875 0.4726851851851852 0.0875 0.11388888888888889
1 0.9119791666666667 0.28055555555555556 0.06041666666666667 0.07962962962962963
1 0.5815104166666667 0.24861111111111112 0.0515625 0.08055555555555556
1 0.640625 0.27824074074074073 0.058333333333333334 0.09351851851851851
1 0.834375 0.24212962962962964 0.053125 0.08055555555555556
1 0.68984375 0.2152777777777778 0.044270833333333336 0.04351851851851852
1 0.49296875 0.1175925925925926 0.028645833333333332 0.037037037037037035
1 0.33255208333333336 0.35462962962962963 0.06510416666666667 0.09074074074074075
1 0.4265625 0.13564814814814816 0.03333333333333333 0.04722222222222222
1 0.6401041666666667 0.18518518518518517 0.04375 0.05
1 0.18203125 0.2564814814814815 0.049479166666666664 0.06481481481481481
1 0.3953125 0.175 0.03125 0.046296296296296294
1 0.5010416666666667 0.41064814814814815 0.08541666666666667 0.1287037037037037
1 0.39166666666666666 0.27175925925925926 0.046875 0.07314814814814814
1 0.8067708333333333 0.19814814814814816 0.036458333333333336 0.05925925925925926
1 0.8192708333333333 0.5592592592592592 0.10833333333333334 0.1574074074074074
1 0.34036458333333336 0.2162037037037037 0.03697916666666667 0.06018518518518518
1 0.7 0.16342592592592592 0.036458333333333336 0.05092592592592592
1 0.9270833333333334 0.4722222222222222 0.09895833333333333 0.15185185185185185
1 0.5572916666666666 0.08888888888888889 0.023958333333333335 0.027777777777777776
1 0.43802083333333336 0.22453703703703703 0.046875 0.06388888888888888
1 0.61171875 0.1736111111111111 0.0296875 0.03981481481481482
1 0.3645833333333333 0.10138888888888889 0.014583333333333334 0.032407407407407406
1 0.7390625 0.12824074074074074 0.025 0.03425925925925926
1 0.27395833333333336 0.24351851851851852 0.058333333333333334 0.09444444444444444
1 0.3020833333333333 0.14814814814814814 0.03333333333333333 0.04259259259259259
1 0.5651041666666666 0.22824074074074074 0.052083333333333336 0.08611111111111111
1 0.22708333333333333 0.12175925925925926 0.03125 0.03796296296296296
1 0.38307291666666665 0.10740740740740741 0.03177083333333333 0.05
1 0.44375 0.32407407407407407 0.06458333333333334 0.10185185185185185
1 0.17942708333333332 0.29212962962962963 0.050520833333333334 0.07314814814814814
1 0.6640625 0.12453703703703704 0.029166666666666667 0.041666666666666664
1 0.16276041666666666 0.08333333333333333 0.024479166666666666 0.03148148148148148
1 0.6479166666666667 0.16805555555555557 0.034375 0.05092592592592592
1 0.7192708333333333 0.14027777777777778 0.03333333333333333 0.04537037037037037
1 0.9098958333333333 0.2361111111111111 0.05625 0.06296296296296296
1 0.77265625 0.21296296296296297 0.05677083333333333 0.08518518518518518
1 0.23515625 0.13935185185185187 0.0265625 0.03981481481481482
1 0.3841145833333333 0.1648148148148148 0.03177083333333333 0.053703703703703705
1 0.42552083333333335 0.19398148148148148 0.042708333333333334 0.06944444444444445
1 0.8666666666666667 0.1925925925925926 0.03229166666666667 0.05
1 0.9770833333333333 0.20462962962962963 0.04479166666666667 0.07407407407407407
1 0.753125 0.1587962962962963 0.03229166666666667 0.028703703703703703
1 0.340625 0.1837962962962963 0.040625 0.04722222222222222
1 0.32135416666666666 0.10416666666666667 0.027083333333333334 0.03981481481481482
1 0.43671875 0.08009259259259259 0.0234375 0.03425925925925926
1 0.6140625 0.14583333333333334 0.034375 0.03425925925925926
1 0.321875 0.17731481481481481 0.03125 0.058333333333333334
1 0.83984375 0.18055555555555555 0.033854166666666664 0.04814814814814815
1 0.36223958333333334 0.14722222222222223 0.030729166666666665 0.040740740740740744
1 0.5614583333333333 0.14583333333333334 0.029166666666666667 0.03425925925925926
1 0.5802083333333333 0.16157407407407406 0.034375 0.03611111111111111
1 0.4049479166666667 0.29907407407407405 0.04739583333333333 0.07962962962962963
1 0.57109375 0.10277777777777777 0.0234375 0.025925925925925925
1 0.5119791666666667 0.10555555555555556 0.027083333333333334 0.04814814814814815
1 0.675 0.10555555555555556 0.026041666666666668 0.046296296296296294
1 0.59765625 0.11157407407407408 0.0265625 0.03611111111111111
1 0.41692708333333334 0.12638888888888888 0.027604166666666666 0.05092592592592592
1 0.7325520833333333 0.2023148148148148 0.04010416666666667 0.06944444444444445
1 0.17265625 0.1337962962962963 0.03802083333333333 0.03981481481481482
1 0.27369791666666665 0.10648148148148148 0.0328125 0.04259259259259259
1 0.6348958333333333 0.1259259259259259 0.027083333333333334 0.03148148148148148
1 0.5546875 0.1175925925925926 0.020833333333333332 0.027777777777777776
1 0.35520833333333335 0.08611111111111111 0.020833333333333332 0.03333333333333333
1 0.41015625 0.07685185185185185 0.019270833333333334 0.022222222222222223
1 0.28541666666666665 0.12268518518518519 0.036458333333333336 0.032407407407407406
1 0.2942708333333333 0.13842592592592592 0.036458333333333336 0.041666666666666664
1 0.6473958333333333 0.1337962962962963 0.03229166666666667 0.032407407407407406
1 0.22109375 0.1037037037037037 0.03177083333333333 0.03333333333333333
1 0.34296875 0.12407407407407407 0.028645833333333332 0.046296296296296294
1 0.7174479166666666 0.1925925925925926 0.03697916666666667 0.05555555555555555
1 0.7197916666666667 0.11203703703703703 0.019791666666666666 0.014814814814814815
1 0.16692708333333334 0.16898148148148148 0.028645833333333332 0.032407407407407406
1 0.47317708333333336 0.09305555555555556 0.0265625 0.028703703703703703
1 0.26666666666666666 0.20694444444444443 0.053125 0.06574074074074074
1 0.5203125 0.062037037037037036 0.021875 0.022222222222222223
1 0.5916666666666667 0.1361111111111111 0.029166666666666667 0.04259259259259259
1 0.5421875 0.07268518518518519 0.017708333333333333 0.026851851851851852
1 0.34609375 0.1398148148148148 0.025520833333333333 0.037037037037037035
1 0.18802083333333333 0.07824074074074074 0.020833333333333332 0.023148148148148147
1 0.646875 0.09351851851851851 0.027083333333333334 0.03518518518518519
1 0.9111979166666667 0.17222222222222222 0.050520833333333334 0.06851851851851852
1 0.18072916666666666 0.19305555555555556 0.03958333333333333 0.062037037037037036
1 0.36875 0.23287037037037037 0.046875 0.0787037037037037
1 0.8825520833333333 0.20462962962962963 0.024479166666666666 0.06111111111111111
1 0.17213541666666668 0.22916666666666666 0.044270833333333336 0.08055555555555556
1 0.5380208333333333 0.1388888888888889 0.029166666666666667 0.027777777777777776
1 0.25286458333333334 0.17083333333333334 0.0421875 0.05462962962962963
1 0.496875 0.07962962962962963 0.021875 0.037037037037037035