2 0.746875 0.1125 0.06041666666666667 0.1287037037037037
2 0.6713541666666667 0.09537037037037037 0.052083333333333336 0.10555555555555556
1 0.903125 0.6333333333333333 0.11979166666666667 0.1685185185185185
1 0.37057291666666664 0.5189814814814815 0.1015625 0.1287037037037037
1 0.6703125 0.9319444444444445 0.24479166666666666 0.13425925925925927
1 0.7424479166666667 0.48703703703703705 0.0984375 0.1259259259259259
1 0.315625 0.3398148148148148 0.058333333333333334 0.07962962962962963
1 0.06302083333333333 0.4615740740740741 0.08541666666666667 0.13240740740740742
1 0.4666666666666667 0.38101851851851853 0.08541666666666667 0.12685185185185185
1 0.62734375 0.38657407407407407 0.07864583333333333 0.10648148148148148
1 0.6049479166666667 0.5564814814814815 0.10989583333333333 0.14444444444444443
1 0.20833333333333334 0.35462962962962963 0.06041666666666667 0.09259259259259259
1 0.9791666666666666 0.30925925925925923 0.040625 0.07592592592592592
1 0.4236979166666667 0.31666666666666665 0.058854166666666666 0.08333333333333333
1 0.24322916666666666 0.9037037037037037 0.16770833333333332 0.19074074074074074
1 0.9653645833333333 0.19907407407407407 0.044270833333333336 0.05555555555555555
1 0.5236979166666667 0.28194444444444444 0.05364583333333333 0.0824074074074074
1 0.4830729166666667 0.2513888888888889 0.05364583333333333 0.075
1 0.6692708333333334 0.4324074074074074 0.08645833333333333 0.12407407407407407
1 0.9455729166666667 0.47685185185185186 0.09947916666666666 0.14444444444444443
1 0.65390625 0.19675925925925927 0.04114583333333333 0.04537037037037037
1 0.5575520833333333 0.48194444444444445 0.09947916666666666 0.1527777777777778
1 0.30390625 0.29768518518518516 0.058854166666666666 0.07685185185185185
1 0.6903645833333333 0.6921296296296297 0.15572916666666667 0.24537037037037038
1 0.5317708333333333 0.2125 0.042708333333333334 0.06018518518518518
1 0.4015625 0.5787037037037037 0.10416666666666667 0.14074074074074075
1 0.40963541666666664 0.19444444444444445 0.0390625 0.053703703703703705
1 0.4861979166666667 0.17916666666666667 0.04114583333333333 0.06388888888888888
1 0.7528645833333333 0.23935185185185184 0.043229166666666666 0.049074074074074076
1 0.92734375 0.18935185185185185 0.04114583333333333 0.05277777777777778
1 0.38619791666666664 0.2722222222222222 0.05677083333333333 0.07777777777777778
1 0.5755208333333334 0.3194444444444444 0.06875 0.10925925925925926
1 0.93828125 0.33564814814814814 0.06822916666666666 0.09166666666666666
1 0.9028645833333333 0.274537037037037 0.0546875 0.07314814814814814
1 0.8536458333333333 0.2912037037037037 0.05625 0.058333333333333334
1 0.7901041666666667 0.2611111111111111 0.053125 0.06296296296296296
1 0.19088541666666667 0.3087962962962963 0.059895833333333336 0.10277777777777777
1 0.8763020833333334 0.22546296296296298 0.04635416666666667 0.062037037037037036
1 0.8388020833333333 0.1986111111111111 0.0453125 0.03611111111111111
1 0.57265625 0.2310185185185185 0.0484375 0.07685185185185185
1 0.7153645833333333 0.16018518518518518 0.03697916666666667 0.040740740740740744
1 0.28125 0.27685185185185185 0.04583333333333333 0.07222222222222222
1 0.38359375 0.1625 0.0359375 0.049074074074074076
1 0.34427083333333336 0.19953703703703704 0.03958333333333333 0.06759259259259259
1 0.5703125 0.13518518518518519 0.03333333333333333 0.040740740740740744
1 0.709375 0.19398148148148148 0.041666666666666664 0.06018518518518518
1 0.5083333333333333 0.10601851851851851 0.025 0.03796296296296296
1 0.36276041666666664 0.09074074074074075 0.025520833333333333 0.03148148148148148
1 0.35963541666666665 0.14629629629629629 0.033854166666666664 0.040740740740740744
1 0.45807291666666666 0.2412037037037037 0.034895833333333334 0.06574074074074074
1 0.46510416666666665 0.1574074074074074 0.034375 0.046296296296296294
1 0.6380208333333334 0.16111111111111112 0.03854166666666667 0.06296296296296296
1 0.3703125 0.23287037037037037 0.046875 0.08055555555555556
1 0.44427083333333334 0.21388888888888888 0.04479166666666667 0.07407407407407407
1 0.48854166666666665 0.11666666666666667 0.027083333333333334 0.03148148148148148
1 0.25729166666666664 0.19814814814814816 0.03229166666666667 0.053703703703703705
1 0.7442708333333333 0.20925925925925926 0.04791666666666667 0.06111111111111111
1 0.8854166666666666 0.20046296296296295 0.042708333333333334 0.06018518518518518
1 0.17578125 0.26805555555555555 0.049479166666666664 0.0712962962962963
1 0.63046875 0.12777777777777777 0.0328125 0.05185185185185185
1 0.309375 0.1537037037037037 0.0375 0.05925925925925926
1 0.24375 0.16435185185185186 0.04479166666666667 0.06759259259259259
1 0.7822916666666667 0.1787037037037037 0.03958333333333333 0.05
1 0.4393229166666667 0.07453703703703704 0.0265625 0.03796296296296296
1 0.29192708333333334 0.13240740740740742 0.028645833333333332 0.05
1 0.70390625 0.10694444444444444 0.021354166666666667 0.04351851851851852
1 0.275 0.24027777777777778 0.05 0.06759259259259259
1 0.15625 0.11157407407407408 0.03333333333333333 0.05277777777777778
1 0.17526041666666667 0.23703703703703705 0.05364583333333333 0.05740740740740741
1 0.5260416666666666 0.13425925925925927 0.01875 0.027777777777777776
1 0.57890625 0.1087962962962963 0.021354166666666667 0.026851851851851852
1 0.44296875 0.14907407407407408 0.04010416666666667 0.04814814814814815
1 0.3984375 0.06666666666666667 0.017708333333333333 0.025925925925925925
1 0.8010416666666667 0.14351851851851852 0.036458333333333336 0.05925925925925926
1 0.3333333333333333 0.07314814814814814 0.026041666666666668 0.027777777777777776
1 0.3028645833333333 0.09027777777777778 0.021354166666666667 0.030555555555555555
1 0.3533854166666667 0.0824074074074074 0.021354166666666667 0.02962962962962963
1 0.35208333333333336 0.12453703703703704 0.03854166666666667 0.04351851851851852
1 0.61953125 0.08564814814814815 0.0203125 0.030555555555555555
1 0.19895833333333332 0.1300925925925926 0.028125 0.04722222222222222
1 0.8333333333333334 0.23842592592592593 0.05 0.06388888888888888
1 0.4388020833333333 0.12407407407407407 0.0328125 0.027777777777777776
1 0.41302083333333334 0.06666666666666667 0.019791666666666666 0.025925925925925925
1 0.325 0.16620370370370371 0.03333333333333333 0.030555555555555555
1 0.6026041666666667 0.1175925925925926 0.03125 0.053703703703703705
1 0.5411458333333333 0.09351851851851851 0.030208333333333334 0.04814814814814815
1 0.17161458333333332 0.19305555555555556 0.0359375 0.05277777777777778
1 0.325 0.18425925925925926 0.03333333333333333 0.06481481481481481
1 0.25286458333333334 0.1337962962962963 0.025520833333333333 0.03611111111111111
1 0.2713541666666667 0.20601851851851852 0.040625 0.03981481481481482
1 0.22760416666666666 0.11990740740740741 0.030208333333333334 0.049074074074074076
1 0.5328125 0.13796296296296295 0.03229166666666667 0.03518518518518519
1 0.16796875 0.15648148148148147 0.03802083333333333 0.05740740740740741
1 0.25338541666666664 0.07916666666666666 0.022395833333333334 0.03425925925925926