2 0.7296875 0.10648148148148148 0.058333333333333334 0.12222222222222222
2 0.6611979166666667 0.09305555555555556 0.049479166666666664 0.10092592592592593
1 0.6466145833333333 0.6111111111111112 0.12135416666666667 0.15925925925925927
1 0.7942708333333334 0.5337962962962963 0.10833333333333334 0.1361111111111111
1 0.359375 0.5768518518518518 0.1125 0.1425925925925926
1 0.48463541666666665 0.40925925925925927 0.0921875 0.13518518518518519
1 0.9622395833333334 0.7134259259259259 0.07447916666666667 0.18611111111111112
1 0.4203125 0.6398148148148148 0.11458333333333333 0.15555555555555556
1 0.5908854166666667 0.524074074074074 0.10677083333333333 0.16296296296296298
1 0.20807291666666666 0.3773148148148148 0.0640625 0.09907407407407408
1 0.65625 0.412962962962963 0.07916666666666666 0.11481481481481481
1 0.027083333333333334 0.4981481481481482 0.05416666666666667 0.13333333333333333
1 0.7088541666666667 0.4675925925925926 0.09375 0.13333333333333333
1 0.49765625 0.26342592592592595 0.05677083333333333 0.07685185185185185
1 0.4984375 0.18796296296296297 0.041666666666666664 0.06666666666666667
1 0.30963541666666666 0.3148148148148148 0.058854166666666666 0.07962962962962963
1 0.43776041666666665 0.3351851851851852 0.06302083333333333 0.08703703703703704
1 0.27421875 0.9643518518518519 0.15364583333333334 0.06944444444444445
1 0.8888020833333333 0.30416666666666664 0.0640625 0.06759259259259259
1 0.7627604166666667 0.787962962962963 0.17760416666666667 0.2796296296296296
1 0.590625 0.24583333333333332 0.051041666666666666 0.0824074074074074
1 0.4203125 0.20185185185185187 0.03958333333333333 0.05555555555555555
1 0.6325520833333333 0.1875 0.0390625 0.04351851851851852
1 0.39140625 0.16944444444444445 0.03802083333333333 0.04814814814814815
1 0.9372395833333333 0.19166666666666668 0.043229166666666666 0.053703703703703705
1 0.6041666666666666 0.3416666666666667 0.071875 0.11481481481481481
1 0.5361979166666667 0.29907407407407405 0.05572916666666667 0.08518518518518518
1 0.9020833333333333 0.18055555555555555 0.03958333333333333 0.05185185185185185
1 0.6875 0.18611111111111112 0.040625 0.05740740740740741
1 0.5481770833333334 0.22407407407407406 0.044270833333333336 0.06481481481481481
1 0.39895833333333336 0.2861111111111111 0.058333333333333334 0.08333333333333333
1 0.17239583333333333 0.2 0.0375 0.053703703703703705
1 0.9346354166666667 0.287962962962963 0.05572916666666667 0.07222222222222222
1 0.4546875 0.22268518518518518 0.04895833333333333 0.07685185185185185
1 0.18385416666666668 0.32916666666666666 0.0625 0.10833333333333334
1 0.50078125 0.1037037037037037 0.024479166666666666 0.03518518518518519
1 0.5591145833333333 0.13055555555555556 0.028645833333333332 0.03888888888888889
1 0.28802083333333334 0.29074074074074074 0.04895833333333333 0.07777777777777778
1 0.81171875 0.18564814814814815 0.0421875 0.028703703703703703
1 0.85703125 0.1912037037037037 0.04010416666666667 0.058333333333333334
1 0.47291666666666665 0.25416666666666665 0.03854166666666667 0.06759259259259259
1 0.6979166666666666 0.1537037037037037 0.036458333333333336 0.040740740740740744
1 0.47552083333333334 0.1675925925925926 0.036458333333333336 0.05185185185185185
1 0.81328125 0.2740740740740741 0.05364583333333333 0.05740740740740741
1 0.19609375 0.13518518518518519 0.027604166666666666 0.046296296296296294
1 0.3255208333333333 0.36064814814814816 0.0625 0.08425925925925926
1 0.7234375 0.2324074074074074 0.040625 0.05925925925925926
1 0.37421875 0.2439814814814815 0.04739583333333333 0.0824074074074074
1 0.9841145833333333 0.5273148148148148 0.030729166666666665 0.1527777777777778
1 0.9815104166666667 0.2657407407407407 0.0359375 0.06851851851851852
1 0.84609375 0.21388888888888888 0.043229166666666666 0.06111111111111111
1 0.80859375 0.22314814814814815 0.044270833333333336 0.053703703703703705
1 0.3307291666666667 0.1912037037037037 0.034375 0.06574074074074074
1 0.3653645833333333 0.15231481481481482 0.0359375 0.041666666666666664
1 0.6208333333333333 0.1537037037037037 0.0375 0.06111111111111111
1 0.9510416666666667 0.3277777777777778 0.042708333333333334 0.05555555555555555
1 0.7848958333333333 0.14027777777777778 0.0375 0.05648148148148148
1 0.40963541666666664 0.06759259259259259 0.0203125 0.022222222222222223
1 0.36276041666666664 0.09259259259259259 0.03177083333333333 0.03888888888888889
1 0.47760416666666666 0.11203703703703703 0.028125 0.02962962962962963
1 0.45859375 0.15694444444444444 0.0296875 0.05092592592592592
1 0.33567708333333335 0.07407407407407407 0.027604166666666666 0.03148148148148148
1 0.31328125 0.16018518518518518 0.04010416666666667 0.06111111111111111
1 0.35104166666666664 0.20879629629629629 0.03958333333333333 0.0712962962962963
1 0.38177083333333334 0.2722222222222222 0.035416666666666666 0.06666666666666667
1 0.23020833333333332 0.1259259259259259 0.03229166666666667 0.046296296296296294
1 0.44635416666666666 0.14629629629629629 0.03333333333333333 0.05740740740740741
1 0.16901041666666666 0.0824074074074074 0.0359375 0.03148148148148148
1 0.26119791666666664 0.2064814814814815 0.0390625 0.05740740740740741
1 0.7546875 0.17222222222222222 0.03333333333333333 0.04814814814814815
1 0.5677083333333334 0.10833333333333334 0.021875 0.03148148148148148
1 0.25338541666666664 0.08194444444444444 0.025520833333333333 0.03611111111111111
1 0.7200520833333334 0.20046296296296295 0.043229166666666666 0.05648148148148148
1 0.24973958333333332 0.1824074074074074 0.0484375 0.04814814814814815
1 0.17447916666666666 0.2449074074074074 0.05520833333333333 0.05462962962962963
1 0.15442708333333333 0.09907407407407408 0.0328125 0.022222222222222223
1 0.19713541666666667 0.0824074074074074 0.024479166666666666 0.025925925925925925
1 0.43697916666666664 0.07083333333333333 0.021875 0.032407407407407406
1 0.6067708333333334 0.08425925925925926 0.021875 0.03148148148148148
1 0.3346354166666667 0.11064814814814815 0.033854166666666664 0.03981481481481482
1 0.27447916666666666 0.21481481481481482 0.041666666666666664 0.044444444444444446
1 0.3567708333333333 0.12916666666666668 0.041666666666666664 0.04351851851851852
1 0.6216145833333333 0.11712962962962963 0.0296875 0.03611111111111111
1 0.59140625 0.11574074074074074 0.033854166666666664 0.053703703703703705
1 0.97578125 0.3574074074074074 0.04739583333333333 0.11481481481481481
1 0.3125 0.10555555555555556 0.016666666666666666 0.03148148148148148
1 0.4828125 0.06805555555555555 0.019791666666666666 0.019444444444444445
1 0.2947916666666667 0.13657407407407407 0.029166666666666667 0.049074074074074076
1 0.7549479166666667 0.24583333333333332 0.0515625 0.058333333333333334
1 0.16901041666666666 0.16064814814814815 0.04114583333333333 0.058333333333333334
1 0.75703125 0.19722222222222222 0.0296875 0.040740740740740744
1 0.8598958333333333 0.2564814814814815 0.053125 0.07037037037037037
1 0.5158854166666667 0.1287037037037037 0.019270833333333334 0.027777777777777776
1 0.2760416666666667 0.10925925925925926 0.026041666666666668 0.03518518518518519
1 0.2453125 0.14953703703703702 0.04479166666666667 0.030555555555555555
1 0.15494791666666666 0.11388888888888889 0.033854166666666664 0.05185185185185185
1 0.278125 0.2513888888888889 0.05 0.06944444444444445
1 0.17760416666666667 0.2814814814814815 0.057291666666666664 0.07407407407407407