1 0.209375 0.6138888888888889 0.12291666666666666 0.16111111111111112
1 0.69296875 0.6759259259259259 0.12864583333333332 0.1814814814814815
1 0.46848958333333335 0.6972222222222222 0.13177083333333334 0.18333333333333332
1 0.9328125 0.29305555555555557 0.06145833333333333 0.07685185185185185
1 0.37109375 0.5097222222222222 0.0953125 0.12685185185185185
1 0.51171875 0.28379629629629627 0.0578125 0.0787037037037037
1 0.5815104166666667 0.35648148148148145 0.07135416666666666 0.09259259259259259
1 0.6877604166666667 0.4310185185185185 0.09322916666666667 0.14537037037037037
1 0.19401041666666666 0.49166666666666664 0.0921875 0.11851851851851852
1 0.6190104166666667 0.5925925925925926 0.11197916666666667 0.14629629629629629
1 0.3223958333333333 0.36203703703703705 0.065625 0.09259259259259259
1 0.43802083333333336 0.3453703703703704 0.05520833333333333 0.08888888888888889
1 0.8072916666666666 0.23842592592592593 0.04895833333333333 0.06759259259259259
1 0.7768229166666667 0.3731481481481482 0.0828125 0.1259259259259259
1 0.8721354166666667 0.6032407407407407 0.13072916666666667 0.1675925925925926
1 0.46770833333333334 0.25277777777777777 0.053125 0.06851851851851852
1 0.42109375 0.3111111111111111 0.05364583333333333 0.08148148148148149
1 0.8122395833333333 0.5486111111111112 0.10364583333333334 0.13796296296296295
1 0.3651041666666667 0.4203703703703704 0.075 0.10555555555555556
1 0.95234375 0.9388888888888889 0.09427083333333333 0.12037037037037036
1 0.1828125 0.33240740740740743 0.057291666666666664 0.07962962962962963
1 0.7221354166666667 0.3277777777777778 0.07135416666666666 0.10555555555555556
1 0.48854166666666665 0.3800925925925926 0.07395833333333333 0.11944444444444445
1 0.9333333333333333 0.49444444444444446 0.10104166666666667 0.13333333333333333
1 0.4515625 0.1537037037037037 0.036458333333333336 0.04814814814814815
1 0.64765625 0.29305555555555557 0.059895833333333336 0.09166666666666666
1 0.8346354166666666 0.2125 0.0421875 0.06388888888888888
1 0.2864583333333333 0.27361111111111114 0.06354166666666666 0.10462962962962963
1 0.31015625 0.16527777777777777 0.0390625 0.05092592592592592
1 0.7416666666666667 0.175 0.042708333333333334 0.053703703703703705
1 0.359375 0.24305555555555555 0.03958333333333333 0.06388888888888888
1 0.38125 0.1111111111111111 0.016666666666666666 0.03518518518518519
1 0.18203125 0.15462962962962962 0.043229166666666666 0.06296296296296296
1 0.9567708333333333 0.737037037037037 0.08541666666666667 0.20555555555555555
1 0.41901041666666666 0.19444444444444445 0.034895833333333334 0.05
1 0.3515625 0.13518518518518519 0.030208333333333334 0.04814814814814815
1 0.39375 0.26064814814814813 0.052083333333333336 0.08981481481481482
1 0.28151041666666665 0.11574074074074074 0.0359375 0.05
1 0.47109375 0.10601851851851851 0.025520833333333333 0.030555555555555555
1 0.6026041666666667 0.14537037037037037 0.03333333333333333 0.044444444444444446
1 0.45078125 0.21666666666666667 0.049479166666666664 0.07592592592592592
1 0.75078125 0.20879629629629629 0.044270833333333336 0.06944444444444445
1 0.40234375 0.11990740740740741 0.034895833333333334 0.05648148148148148
1 0.2359375 0.15185185185185185 0.028125 0.04259259259259259
1 0.6270833333333333 0.2662037037037037 0.059375 0.10092592592592593
1 0.6270833333333333 0.1912037037037037 0.03958333333333333 0.049074074074074076
1 0.5333333333333333 0.8231481481481482 0.15 0.2
1 0.3802083333333333 0.16435185185185186 0.03333333333333333 0.04537037037037037
1 0.565625 0.15231481481481482 0.027083333333333334 0.03611111111111111
1 0.8877604166666667 0.18472222222222223 0.0484375 0.06759259259259259
1 0.35911458333333335 0.1574074074074074 0.022395833333333334 0.037037037037037035
1 0.6645833333333333 0.1763888888888889 0.027083333333333334 0.062037037037037036
1 0.44375 0.1425925925925926 0.03125 0.05555555555555555
1 0.6315104166666666 0.1111111111111111 0.0265625 0.03518518518518519
1 0.18828125 0.28703703703703703 0.05364583333333333 0.07037037037037037
1 0.58203125 0.5032407407407408 0.10364583333333334 0.15833333333333333
1 0.36953125 0.09537037037037037 0.021354166666666667 0.03333333333333333
1 0.6768229166666667 0.12453703703703704 0.028645833333333332 0.041666666666666664
1 0.32916666666666666 0.20925925925925926 0.019791666666666666 0.04259259259259259
1 0.5919270833333333 0.1638888888888889 0.03802083333333333 0.04814814814814815
1 0.7143229166666667 0.1449074074074074 0.030729166666666665 0.04351851851851852
1 0.33229166666666665 0.11666666666666667 0.028125 0.04814814814814815
1 0.7044270833333334 0.12037037037037036 0.028645833333333332 0.03888888888888889
1 0.17447916666666666 0.10138888888888889 0.021875 0.021296296296296296
1 0.33203125 0.07361111111111111 0.027604166666666666 0.026851851851851852
1 0.28463541666666664 0.14629629629629629 0.030729166666666665 0.04259259259259259
1 0.9627604166666667 0.19212962962962962 0.0453125 0.06759259259259259
1 0.82890625 0.17824074074074073 0.0421875 0.04537037037037037
1 0.175 0.25787037037037036 0.04479166666666667 0.07685185185185185
1 0.5419270833333333 0.14027777777777778 0.027604166666666666 0.028703703703703703
1 0.6080729166666666 0.125 0.034895833333333334 0.044444444444444446
1 0.23125 0.1287037037037037 0.03229166666666667 0.040740740740740744
1 0.2864583333333333 0.07731481481481481 0.030208333333333334 0.030555555555555555
1 0.6484375 0.09861111111111111 0.022916666666666665 0.041666666666666664
1 0.35494791666666664 0.21435185185185185 0.043229166666666666 0.07314814814814814
1 0.5252604166666667 0.13148148148148148 0.022395833333333334 0.02962962962962963
1 0.65546875 0.1425925925925926 0.033854166666666664 0.044444444444444446
1 0.2625 0.09861111111111111 0.021875 0.03611111111111111
1 0.2635416666666667 0.18703703703703703 0.040625 0.05185185185185185
1 0.8479166666666667 0.1537037037037037 0.04375 0.06481481481481481
1 0.21510416666666668 0.0875 0.029166666666666667 0.03981481481481482
1 0.6515625 0.1685185185185185 0.023958333333333335 0.04814814814814815
1 0.2526041666666667 0.1837962962962963 0.035416666666666666 0.06759259259259259
1 0.15807291666666667 0.09259259259259259 0.025520833333333333 0.04259259259259259
1 0.5721354166666667 0.12777777777777777 0.028645833333333332 0.024074074074074074
1 0.1703125 0.13287037037037036 0.036458333333333336 0.04537037037037037
1 0.9252604166666667 0.23842592592592593 0.0546875 0.0712962962962963
1 0.29244791666666664 0.21064814814814814 0.0359375 0.03425925925925926
1 0.5067708333333333 0.12314814814814815 0.022916666666666665 0.03148148148148148
1 0.6932291666666667 0.1837962962962963 0.04895833333333333 0.075
1 0.48984375 0.09537037037037037 0.024479166666666666 0.03888888888888889
1 0.51484375 0.08796296296296297 0.0265625 0.03888888888888889
1 0.40338541666666666 0.1837962962962963 0.0359375 0.058333333333333334
1 0.3359375 0.19768518518518519 0.03333333333333333 0.06574074074074074
1 0.5239583333333333 0.10648148148148148 0.022916666666666665 0.025925925925925925
1 0.5708333333333333 0.09907407407407408 0.025 0.025925925925925925
1 0.9942708333333333 0.21481481481481482 0.010416666666666666 0.06481481481481481