1 0.46640625 0.711574074074074 0.12864583333333332 0.16944444444444445
1 0.60546875 0.9231481481481482 0.16614583333333333 0.15185185185185185
1 0.20651041666666667 0.5462962962962963 0.10989583333333333 0.14444444444444443
1 0.6333333333333333 0.5949074074074074 0.109375 0.15833333333333333
1 0.7484375 0.4925925925925926 0.0875 0.1259259259259259
1 0.5536458333333333 0.33101851851851855 0.06666666666666667 0.08796296296296297
1 0.35703125 0.4625 0.08385416666666666 0.1175925925925926
1 0.18984375 0.4449074074074074 0.08489583333333334 0.10648148148148148
1 0.49322916666666666 0.26666666666666666 0.05520833333333333 0.07222222222222222
1 0.64765625 0.3921296296296296 0.08697916666666666 0.13240740740740742
1 0.57109375 0.5296296296296297 0.0953125 0.12962962962962962
1 0.42109375 0.3226851851851852 0.050520833333333334 0.08425925925925926
1 0.4361979166666667 0.6134259259259259 0.11822916666666666 0.15648148148148147
1 0.73046875 0.3416666666666667 0.07552083333333333 0.11481481481481481
1 0.9747395833333333 0.2550925925925926 0.049479166666666664 0.075
1 0.8479166666666667 0.8453703703703703 0.15625 0.21296296296296297
1 0.45286458333333335 0.2388888888888889 0.0484375 0.06481481481481481
1 0.79609375 0.5365740740740741 0.11302083333333333 0.15092592592592594
1 0.6145833333333334 0.2708333333333333 0.05520833333333333 0.08425925925925926
1 0.31640625 0.3365740740740741 0.06510416666666667 0.08796296296296297
1 0.9861979166666667 0.32175925925925924 0.0265625 0.0824074074074074
1 0.46822916666666664 0.3509259259259259 0.06875 0.10925925925925926
1 0.3484375 0.387037037037037 0.06979166666666667 0.0962962962962963
1 0.40703125 0.2912037037037037 0.050520833333333334 0.07685185185185185
1 0.4390625 0.14537037037037037 0.034375 0.04814814814814815
1 0.8875 0.6425925925925926 0.125 0.17962962962962964
1 0.68125 0.3013888888888889 0.065625 0.09722222222222222
1 0.9854166666666667 0.5476851851851852 0.028125 0.1675925925925926
1 0.6575520833333334 0.19907407407407407 0.0421875 0.04259259259259259
1 0.18697916666666667 0.30833333333333335 0.057291666666666664 0.08333333333333333
1 0.37265625 0.10740740740740741 0.0140625 0.037037037037037035
1 0.40703125 0.18564814814814815 0.0328125 0.04722222222222222
1 0.8596354166666667 0.44675925925925924 0.0890625 0.11944444444444445
1 0.34817708333333336 0.23055555555555557 0.034895833333333334 0.05740740740740741
1 0.2390625 0.1449074074074074 0.03333333333333333 0.04351851851851852
1 0.30442708333333335 0.15648148148148147 0.033854166666666664 0.046296296296296294
1 0.3921875 0.11342592592592593 0.03229166666666667 0.05277777777777778
1 0.540625 0.4537037037037037 0.09375 0.14629629629629629
1 0.48151041666666666 0.10972222222222222 0.027604166666666666 0.030555555555555555
1 0.28020833333333334 0.25925925925925924 0.06145833333333333 0.1
1 0.3807291666666667 0.24675925925925926 0.05 0.08425925925925926
1 0.6119791666666666 0.17222222222222222 0.040625 0.046296296296296294
1 0.6760416666666667 0.1527777777777778 0.034375 0.046296296296296294
1 0.6236979166666666 0.15555555555555556 0.03177083333333333 0.04814814814814815
1 0.93125 0.1925925925925926 0.051041666666666666 0.07222222222222222
1 0.8692708333333333 0.22407407407407406 0.046875 0.06851851851851852
1 0.73046875 0.14629629629629629 0.033854166666666664 0.025925925925925925
1 0.7208333333333333 0.12175925925925926 0.025 0.03425925925925926
1 0.17630208333333333 0.1486111111111111 0.04114583333333333 0.062037037037037036
1 0.6955729166666667 0.13148148148148148 0.03177083333333333 0.044444444444444446
1 0.8075520833333333 0.1726851851851852 0.03802083333333333 0.04722222222222222
1 0.6611979166666667 0.10231481481481482 0.024479166666666666 0.04351851851851852
1 0.43828125 0.20555555555555555 0.0453125 0.07407407407407407
1 0.22916666666666666 0.1259259259259259 0.03125 0.03888888888888889
1 0.5958333333333333 0.24768518518518517 0.05625 0.09537037037037037
1 0.3921875 0.17407407407407408 0.03333333333333333 0.05555555555555555
1 0.6958333333333333 0.18888888888888888 0.035416666666666666 0.06481481481481481
1 0.15963541666666667 0.08796296296296297 0.024479166666666666 0.037037037037037035
1 0.7625 0.1837962962962963 0.020833333333333332 0.05092592592592592
1 0.7294270833333333 0.1962962962962963 0.0515625 0.07962962962962963
1 0.58515625 0.16203703703703703 0.028645833333333332 0.037037037037037035
1 0.36328125 0.09074074074074075 0.021354166666666667 0.03148148148148148
1 0.8515625 0.2564814814814815 0.05625 0.07407407407407407
1 0.37109375 0.15601851851851853 0.0328125 0.04351851851851852
1 0.32708333333333334 0.1111111111111111 0.029166666666666667 0.044444444444444446
1 0.58359375 0.10462962962962963 0.025520833333333333 0.027777777777777776
1 0.34713541666666664 0.20324074074074075 0.0421875 0.06759259259259259
1 0.2765625 0.11157407407407408 0.03125 0.04722222222222222
1 0.62734375 0.13240740740740742 0.03177083333333333 0.040740740740740744
1 0.5596354166666667 0.14907407407407408 0.028645833333333332 0.02962962962962963
1 0.34739583333333335 0.1300925925925926 0.029166666666666667 0.04722222222222222
1 0.5309895833333333 0.09259259259259259 0.024479166666666666 0.03888888888888889
1 0.35052083333333334 0.15092592592592594 0.022916666666666665 0.03518518518518519
1 0.18203125 0.08194444444444444 0.019270833333333334 0.028703703703703703
1 0.55703125 0.09953703703703703 0.0234375 0.025
1 0.6783854166666666 0.1787037037037037 0.0265625 0.04814814814814815
1 0.5916666666666667 0.13518518518518519 0.03229166666666667 0.02962962962962963
1 0.17473958333333334 0.10138888888888889 0.0265625 0.021296296296296296
1 0.3296875 0.18703703703703703 0.034375 0.06296296296296296
1 0.8770833333333333 0.16342592592592592 0.04583333333333333 0.06944444444444445
1 0.8471354166666667 0.19953703703703704 0.06822916666666666 0.0712962962962963
1 0.646875 0.11666666666666667 0.028125 0.040740740740740744
1 0.703125 0.10740740740740741 0.01875 0.016666666666666666
1 0.5731770833333333 0.12314814814814815 0.030729166666666665 0.03518518518518519
1 0.4625 0.08842592592592592 0.022916666666666665 0.028703703703703703
1 0.4986979166666667 0.10046296296296296 0.0265625 0.041666666666666664
1 0.2515625 0.17453703703703705 0.035416666666666666 0.06388888888888888
1 0.63359375 0.0912037037037037 0.027604166666666666 0.03611111111111111
1 0.3997395833333333 0.07268518518518519 0.0203125 0.023148148148148147
1 0.17630208333333333 0.19814814814814816 0.0453125 0.06851851851851852
1 0.9872395833333333 0.19444444444444445 0.024479166666666666 0.05185185185185185
1 0.52265625 0.13287037037037036 0.025520833333333333 0.030555555555555555
1 0.42916666666666664 0.13472222222222222 0.03125 0.05277777777777778
1 0.7877604166666666 0.22592592592592592 0.04739583333333333 0.07037037037037037
1 0.17473958333333334 0.23796296296296296 0.0453125 0.08888888888888889
1 0.271875 0.21944444444444444 0.05625 0.07222222222222222
1 0.6161458333333333 0.12129629629629629 0.022916666666666665 0.03148148148148148
1 0.00390625 0.512962962962963 0.0078125 0.09444444444444444