2 0.8627604166666667 0.1476851851851852 0.0796875 0.13425925925925927
2 0.63125 0.3375 0.1 0.19166666666666668
2 0.79375 0.09259259259259259 0.059375 0.09074074074074075
1 0.6653645833333334 0.662962962962963 0.1171875 0.1648148148148148
1 0.55 0.31851851851851853 0.06145833333333333 0.08148148148148149
1 0.8872395833333333 0.8888888888888888 0.1734375 0.22037037037037038
1 0.34427083333333336 0.38657407407407407 0.07291666666666667 0.09907407407407408
1 0.20338541666666668 0.5175925925925926 0.0859375 0.11666666666666667
1 0.7247395833333333 0.45555555555555555 0.1046875 0.17037037037037037
1 0.4203125 0.6087962962962963 0.11354166666666667 0.1824074074074074
1 0.6229166666666667 0.5717592592592593 0.10416666666666667 0.13240740740740742
1 0.47109375 0.37592592592592594 0.07135416666666666 0.1
1 0.8002604166666667 0.2652777777777778 0.05364583333333333 0.06574074074074074
1 0.69453125 0.22175925925925927 0.0515625 0.04722222222222222
1 0.4921875 0.26805555555555555 0.05 0.07314814814814814
1 0.9640625 0.7398148148148148 0.07083333333333333 0.17962962962962964
1 0.8278645833333333 0.24027777777777778 0.04739583333333333 0.06388888888888888
1 0.19036458333333334 0.46805555555555556 0.08697916666666666 0.10462962962962963
1 0.5471354166666667 0.225 0.04739583333333333 0.07222222222222222
1 0.4518229166666667 0.33796296296296297 0.05677083333333333 0.08888888888888889
1 0.640625 0.17083333333333334 0.03854166666666667 0.05092592592592592
1 0.18958333333333333 0.24768518518518517 0.04583333333333333 0.06574074074074074
1 0.38567708333333334 0.5513888888888889 0.0859375 0.1361111111111111
1 0.2747395833333333 0.27037037037037037 0.05260416666666667 0.06851851851851852
1 0.58203125 0.24814814814814815 0.049479166666666664 0.06481481481481481
1 0.9388020833333334 0.2898148148148148 0.06822916666666666 0.1037037037037037
1 0.3265625 0.33935185185185185 0.078125 0.12314814814814815
1 0.5729166666666666 0.35555555555555557 0.034375 0.08703703703703704
1 0.4622395833333333 0.23703703703703705 0.049479166666666664 0.06111111111111111
1 0.4140625 0.2828703703703704 0.0625 0.10462962962962963
1 0.95390625 0.19166666666666668 0.0453125 0.06851851851851852
1 0.62421875 0.15787037037037038 0.033854166666666664 0.05092592592592592
1 0.57890625 0.14074074074074075 0.0328125 0.04814814814814815
1 0.34270833333333334 0.2111111111111111 0.04791666666666667 0.07222222222222222
1 0.98359375 0.2 0.03177083333333333 0.07962962962962963
1 0.5125 0.10925925925925926 0.03333333333333333 0.05
1 0.2598958333333333 0.19907407407407407 0.0375 0.05185185185185185
1 0.17942708333333332 0.39305555555555555 0.06510416666666667 0.11018518518518519
1 0.3807291666666667 0.1574074074074074 0.036458333333333336 0.05185185185185185
1 0.7544270833333333 0.14629629629629629 0.034895833333333334 0.04259259259259259
1 0.61640625 0.1 0.022395833333333334 0.018518518518518517
1 0.26067708333333334 0.09537037037037037 0.021354166666666667 0.037037037037037035
1 0.8802083333333334 0.22314814814814815 0.05416666666666667 0.08148148148148149
1 0.7080729166666667 0.14074074074074075 0.0203125 0.04259259259259259
1 0.4921875 0.10231481481481482 0.016666666666666666 0.03796296296296296
1 0.771875 0.22268518518518518 0.046875 0.06574074074074074
1 0.23411458333333332 0.13472222222222222 0.030729166666666665 0.03981481481481482
1 0.6377604166666667 0.12175925925925926 0.03177083333333333 0.041666666666666664
1 0.30885416666666665 0.1537037037037037 0.03229166666666667 0.05185185185185185
1 0.32317708333333334 0.11157407407407408 0.030729166666666665 0.032407407407407406
1 0.2747395833333333 0.10787037037037037 0.030729166666666665 0.041666666666666664
1 0.35442708333333334 0.24305555555555555 0.0296875 0.06574074074074074
1 0.60234375 0.08564814814814815 0.027604166666666666 0.028703703703703703
1 0.44088541666666664 0.19675925925925927 0.03697916666666667 0.026851851851851852
1 0.42239583333333336 0.2152777777777778 0.042708333333333334 0.04351851851851852
1 0.28880208333333335 0.1300925925925926 0.03177083333333333 0.04537037037037037
1 0.3653645833333333 0.09259259259259259 0.024479166666666666 0.04259259259259259
1 0.8015625 0.1675925925925926 0.03958333333333333 0.06666666666666667
1 0.55390625 0.12638888888888888 0.0171875 0.03425925925925926
1 0.41015625 0.12546296296296297 0.024479166666666666 0.03611111111111111
1 0.76171875 0.2050925925925926 0.0640625 0.07685185185185185
1 0.16796875 0.13240740740740742 0.033854166666666664 0.044444444444444446
1 0.6091145833333333 0.14305555555555555 0.034895833333333334 0.06574074074074074
1 0.33828125 0.12638888888888888 0.021354166666666667 0.03425925925925926
1 0.17265625 0.17083333333333334 0.04739583333333333 0.04537037037037037
1 0.3854166666666667 0.17546296296296296 0.023958333333333335 0.049074074074074076
1 0.3216145833333333 0.1685185185185185 0.0453125 0.04814814814814815
1 0.40963541666666664 0.1787037037037037 0.0390625 0.06296296296296296
1 0.1859375 0.20092592592592592 0.03854166666666667 0.04814814814814815
1 0.24401041666666667 0.15925925925925927 0.03802083333333333 0.04814814814814815
1 0.16901041666666666 0.08009259259259259 0.027604166666666666 0.023148148148148147
1 0.9315104166666667 0.18009259259259258 0.04114583333333333 0.06944444444444445
1 0.6598958333333333 0.10462962962962963 0.023958333333333335 0.022222222222222223
1 0.32708333333333334 0.1884259259259259 0.034375 0.05277777777777778
1 0.76953125 0.15462962962962962 0.028645833333333332 0.03148148148148148
1 0.38229166666666664 0.25 0.04479166666666667 0.07777777777777778
1 0.43072916666666666 0.07407407407407407 0.017708333333333333 0.02962962962962963
1 0.37916666666666665 0.2712962962962963 0.030208333333333334 0.07222222222222222
1 0.25364583333333335 0.17916666666666667 0.046875 0.04537037037037037
1 0.4265625 0.13796296296296295 0.03125 0.05
1 0.878125 0.19444444444444445 0.059375 0.05740740740740741
1 0.18541666666666667 0.3416666666666667 0.07708333333333334 0.11296296296296296