2 0.9609375 0.17916666666666667 0.07708333333333334 0.16574074074074074
2 0.5359375 0.26481481481481484 0.08020833333333334 0.1537037037037037
2 0.7065104166666667 0.8296296296296296 0.3255208333333333 0.3388888888888889
2 0.9596354166666666 0.7328703703703704 0.0796875 0.5305555555555556
2 0.8622395833333333 0.10925925925925926 0.0671875 0.1
2 0.9109375 0.42314814814814816 0.13854166666666667 0.1685185185185185
1 0.5221354166666666 0.4532407407407407 0.0796875 0.11388888888888889
1 0.8721354166666667 0.6041666666666666 0.1046875 0.20277777777777778
1 0.048177083333333336 0.475 0.08489583333333334 0.1111111111111111
1 0.7197916666666667 0.4861111111111111 0.09479166666666666 0.12222222222222222
1 0.47604166666666664 0.412962962962963 0.07604166666666666 0.1
1 0.9135416666666667 0.2800925925925926 0.058333333333333334 0.0824074074074074
1 0.19817708333333334 0.4041666666666667 0.06822916666666666 0.09351851851851851
1 0.8388020833333333 0.2865740740740741 0.06510416666666667 0.05462962962962963
1 0.71875 0.2050925925925926 0.04479166666666667 0.06018518518518518
1 0.30364583333333334 0.30694444444444446 0.057291666666666664 0.0787037037037037
1 0.44453125 0.22268518518518518 0.04114583333333333 0.062037037037037036
1 0.41692708333333334 0.20185185185185187 0.0421875 0.05555555555555555
1 0.7875 0.40046296296296297 0.08333333333333333 0.10648148148148148
1 0.4140625 0.29953703703703705 0.057291666666666664 0.08055555555555556
1 0.6703125 0.6472222222222223 0.12708333333333333 0.19074074074074074
1 0.5864583333333333 0.3453703703703704 0.08020833333333334 0.12777777777777777
1 0.47760416666666666 0.2601851851851852 0.04479166666666667 0.06666666666666667
1 0.19270833333333334 0.36342592592592593 0.06666666666666667 0.0824074074074074
1 0.3567708333333333 0.4305555555555556 0.07916666666666666 0.13148148148148148
1 0.6013020833333333 0.5518518518518518 0.10677083333333333 0.14074074074074075
1 0.3846354166666667 0.27037037037037037 0.0453125 0.07407407407407407
1 0.48776041666666664 0.28379629629629627 0.0296875 0.06944444444444445
1 0.6375 0.1648148148148148 0.0375 0.053703703703703705
1 0.60234375 0.15231481481481482 0.034895833333333334 0.03981481481481482
1 0.1859375 0.20833333333333334 0.03958333333333333 0.05740740740740741
1 0.45338541666666665 0.08472222222222223 0.027604166666666666 0.03425925925925926
1 0.32890625 0.4074074074074074 0.06302083333333333 0.1
1 0.2703125 0.22546296296296298 0.04895833333333333 0.06018518518518518
1 0.45807291666666666 0.8074074074074075 0.1484375 0.27037037037037037
1 0.88828125 0.2490740740740741 0.0734375 0.08518518518518518
1 0.23515625 0.1574074074074074 0.0390625 0.046296296296296294
1 0.39505208333333336 0.11712962962962963 0.0390625 0.049074074074074076
1 0.6643229166666667 0.11944444444444445 0.028645833333333332 0.03333333333333333
1 0.20442708333333334 0.13657407407407407 0.03177083333333333 0.03796296296296296
1 0.97109375 0.33935185185185185 0.05677083333333333 0.049074074074074076
1 0.8598958333333333 0.1925925925925926 0.04479166666666667 0.05740740740740741
1 0.2484375 0.1712962962962963 0.036458333333333336 0.046296296296296294
1 0.1671875 0.11898148148148148 0.030208333333333334 0.03425925925925926
1 0.37161458333333336 0.2337962962962963 0.05364583333333333 0.08981481481481482
1 0.3606770833333333 0.1398148148148148 0.034895833333333334 0.05185185185185185
1 0.70234375 0.19027777777777777 0.0390625 0.058333333333333334
1 0.6713541666666667 0.17546296296296296 0.03958333333333333 0.06759259259259259
1 0.27890625 0.11805555555555555 0.030729166666666665 0.04351851851851852
1 0.396875 0.18055555555555555 0.0375 0.046296296296296294
1 0.5010416666666667 0.10462962962962963 0.022916666666666665 0.037037037037037035
1 0.29453125 0.2740740740740741 0.058854166666666666 0.09814814814814815
1 0.31796875 0.19027777777777777 0.0359375 0.04351851851851852
1 0.3921875 0.1412037037037037 0.03125 0.03981481481481482
1 0.3385416666666667 0.12037037037037036 0.028125 0.04814814814814815
1 0.253125 0.08333333333333333 0.020833333333333332 0.03518518518518519
1 0.2674479166666667 0.09722222222222222 0.028645833333333332 0.04259259259259259
1 0.17291666666666666 0.31203703703703706 0.052083333333333336 0.08703703703703704
1 0.4705729166666667 0.0712962962962963 0.018229166666666668 0.03148148148148148
1 0.29322916666666665 0.13518518518518519 0.029166666666666667 0.05185185185185185
1 0.34765625 0.07685185185185185 0.022395833333333334 0.03148148148148148
1 0.6955729166666667 0.1425925925925926 0.0390625 0.040740740740740744
1 0.18072916666666666 0.17083333333333334 0.036458333333333336 0.04351851851851852
1 0.3033854166666667 0.14953703703703702 0.034895833333333334 0.049074074074074076
1 0.5127604166666667 0.11018518518518519 0.025520833333333333 0.03888888888888889
1 0.21484375 0.09953703703703703 0.03177083333333333 0.03611111111111111
1 0.3411458333333333 0.22916666666666666 0.025 0.06388888888888888
1 0.63671875 0.09722222222222222 0.03697916666666667 0.03888888888888889
1 0.34453125 0.20462962962962963 0.0421875 0.06481481481481481
1 0.8440104166666667 0.18101851851851852 0.0390625 0.06574074074074074
1 0.17005208333333333 0.15046296296296297 0.03802083333333333 0.04351851851851852
1 0.36484375 0.09351851851851851 0.030729166666666665 0.03888888888888889
1 0.2989583333333333 0.08518518518518518 0.03229166666666667 0.03888888888888889
1 0.18229166666666666 0.27361111111111114 0.04791666666666667 0.08981481481481482
1 0.31640625 0.16666666666666666 0.04114583333333333 0.04259259259259259
1 0.7153645833333333 0.1259259259259259 0.0296875 0.03148148148148148
1 0.5026041666666666 0.19675925925925927 0.057291666666666664 0.04351851851851852
1 0.22864583333333333 0.12083333333333333 0.030208333333333334 0.03425925925925926
1 0.39505208333333336 0.0699074074074074 0.0140625 0.023148148148148147
1 0.57421875 0.11990740740740741 0.016145833333333335 0.049074074074074076
1 0.52578125 0.11805555555555555 0.0171875 0.03796296296296296
1 0.48932291666666666 0.1865740740740741 0.0390625 0.062037037037037036
1 0.0049479166666666664 0.5263888888888889 0.009895833333333333 0.08425925925925926