3 0.8395833333333333 0.23425925925925925 0.06041666666666667 0.09074074074074075
2 0.8356770833333333 0.16018518518518518 0.07864583333333333 0.16111111111111112
2 0.88671875 0.12453703703703704 0.07239583333333334 0.1527777777777778
1 0.79296875 0.5449074074074074 0.1140625 0.14166666666666666
1 0.4861979166666667 0.7152777777777778 0.1296875 0.1787037037037037
1 0.4088541666666667 0.5634259259259259 0.10208333333333333 0.14351851851851852
1 0.60625 0.9328703703703703 0.184375 0.13240740740740742
1 0.5768229166666666 0.5212962962962963 0.09739583333333333 0.13333333333333333
1 0.18697916666666667 0.4009259259259259 0.071875 0.10555555555555556
1 0.2625 0.9180555555555555 0.17083333333333334 0.16203703703703703
1 0.896875 0.45555555555555555 0.09583333333333334 0.1388888888888889
1 0.02421875 0.48009259259259257 0.0484375 0.11203703703703703
1 0.9427083333333334 0.19074074074074074 0.04479166666666667 0.05925925925925926
1 0.6848958333333334 0.6162037037037037 0.115625 0.19166666666666668
1 0.5330729166666667 0.20601851851851852 0.0453125 0.062037037037037036
1 0.7229166666666667 0.20277777777777778 0.042708333333333334 0.05555555555555555
1 0.6455729166666667 0.4041666666666667 0.08072916666666667 0.11203703703703703
1 0.6497395833333334 0.1699074074074074 0.0390625 0.05277777777777778
1 0.4283854166666667 0.13796296296296295 0.0265625 0.04259259259259259
1 0.9450520833333333 0.2865740740740741 0.07135416666666666 0.10277777777777777
1 0.48203125 0.25601851851851853 0.044270833333333336 0.06944444444444445
1 0.97421875 0.9337962962962963 0.050520833333333334 0.13055555555555556
1 0.7424479166666667 0.1712962962962963 0.04010416666666667 0.05555555555555555
1 0.5296875 0.45092592592592595 0.084375 0.11851851851851852
1 0.34401041666666665 0.20694444444444443 0.04635416666666667 0.062037037037037036
1 0.465625 0.35694444444444445 0.07083333333333333 0.1175925925925926
1 0.3263020833333333 0.3736111111111111 0.08489583333333334 0.1398148148148148
1 0.40677083333333336 0.19768518518518519 0.035416666666666666 0.05092592592592592
1 0.6890625 0.12962962962962962 0.030208333333333334 0.04259259259259259
1 0.38958333333333334 0.16712962962962963 0.035416666666666666 0.05648148148148148
1 0.3807291666666667 0.25324074074074077 0.042708333333333334 0.08425925925925926
1 0.5010416666666667 0.18611111111111112 0.040625 0.06481481481481481
1 0.4046875 0.2824074074074074 0.057291666666666664 0.09259259259259259
1 0.46197916666666666 0.2337962962962963 0.042708333333333334 0.075
1 0.43776041666666665 0.2111111111111111 0.04114583333333333 0.06296296296296296
1 0.40546875 0.11481481481481481 0.0265625 0.03888888888888889
1 0.54453125 0.2875 0.06197916666666667 0.09722222222222222
1 0.5716145833333334 0.34675925925925927 0.0703125 0.08981481481481482
1 0.1765625 0.18796296296296297 0.040625 0.06111111111111111
1 0.4309895833333333 0.32314814814814813 0.0515625 0.08148148148148149
1 0.17552083333333332 0.1259259259259259 0.035416666666666666 0.037037037037037035
1 0.6135416666666667 0.1486111111111111 0.035416666666666666 0.05462962962962963
1 0.6473958333333333 0.13425925925925927 0.034375 0.04814814814814815
1 0.3033854166666667 0.13518518518518519 0.03802083333333333 0.053703703703703705
1 0.2838541666666667 0.12361111111111112 0.020833333333333332 0.041666666666666664
1 0.7286458333333333 0.10231481481481482 0.035416666666666666 0.026851851851851852
1 0.55859375 0.12777777777777777 0.019270833333333334 0.05185185185185185
1 0.3533854166666667 0.08333333333333333 0.0265625 0.03148148148148148
1 0.171875 0.2898148148148148 0.058333333333333334 0.05740740740740741
1 0.15494791666666666 0.09907407407407408 0.0265625 0.040740740740740744
1 0.6244791666666667 0.12222222222222222 0.029166666666666667 0.02962962962962963
1 0.2765625 0.11527777777777778 0.029166666666666667 0.04351851851851852
1 0.2565104166666667 0.07268518518518519 0.0234375 0.025
1 0.58125 0.13194444444444445 0.03854166666666667 0.058333333333333334
1 0.51328125 0.08009259259259259 0.021354166666666667 0.025
1 0.23333333333333334 0.11944444444444445 0.03333333333333333 0.053703703703703705
1 0.175 0.16574074074074074 0.04479166666666667 0.053703703703703705
1 0.4669270833333333 0.06805555555555555 0.021354166666666667 0.032407407407407406
1 0.34817708333333336 0.11527777777777778 0.0328125 0.05462962962962963
1 0.5026041666666666 0.11898148148148148 0.035416666666666666 0.03981481481481482
1 0.52578125 0.10416666666666667 0.021354166666666667 0.026851851851851852
1 0.16588541666666667 0.2625 0.058854166666666666 0.06574074074074074
1 0.70625 0.1597222222222222 0.03854166666666667 0.05092592592592592
1 0.17109375 0.08101851851851852 0.024479166666666666 0.023148148148148147
1 0.3229166666666667 0.30277777777777776 0.06770833333333333 0.07962962962962963
1 0.30390625 0.08796296296296297 0.024479166666666666 0.037037037037037035
1 0.30755208333333334 0.16342592592592592 0.033854166666666664 0.03981481481481482
1 0.27057291666666666 0.2861111111111111 0.025520833333333333 0.06296296296296296
1 0.5953125 0.0763888888888889 0.021875 0.030555555555555555
1 0.3619791666666667 0.13333333333333333 0.040625 0.040740740740740744
1 0.7348958333333333 0.13518518518518519 0.03333333333333333 0.040740740740740744
1 0.5708333333333333 0.07175925925925926 0.027083333333333334 0.03611111111111111
1 0.3692708333333333 0.15046296296296297 0.03333333333333333 0.04722222222222222
1 0.26953125 0.23425925925925925 0.04635416666666667 0.08333333333333333
1 0.45651041666666664 0.15416666666666667 0.0421875 0.06759259259259259
1 0.17630208333333333 0.3384259259259259 0.0609375 0.10277777777777777
1 0.840625 0.4009259259259259 0.09375 0.14444444444444443
1 0.40078125 0.06574074074074074 0.019270833333333334 0.024074074074074074
1 0.27708333333333335 0.1712962962962963 0.027083333333333334 0.046296296296296294
1 0.6411458333333333 0.09722222222222222 0.025 0.027777777777777776
1 0.51796875 0.2759259259259259 0.043229166666666666 0.08148148148148149
1 0.2828125 0.24027777777777778 0.052083333333333336 0.06574074074074074
1 0.59375 0.09814814814814815 0.023958333333333335 0.037037037037037035
1 0.24114583333333334 0.15185185185185185 0.03958333333333333 0.040740740740740744
1 0.30130208333333336 0.2967592592592593 0.05260416666666667 0.09537037037037037
1 0.246875 0.18703703703703703 0.04583333333333333 0.07592592592592592
1 0.9947916666666666 0.2439814814814815 0.009375 0.06018518518518518