2 0.715625 0.10185185185185185 0.05625 0.12222222222222222
2 0.6520833333333333 0.0912037037037037 0.05 0.09722222222222222
1 0.3307291666666667 0.6486111111111111 0.125 0.16203703703703703
1 0.6955729166666667 0.674537037037037 0.13489583333333333 0.17685185185185184
1 0.853125 0.5837962962962963 0.11875 0.15092592592592594
1 0.44947916666666665 0.7092592592592593 0.13333333333333333 0.17222222222222222
1 0.6278645833333333 0.5708333333333333 0.11614583333333334 0.18055555555555555
1 0.5046875 0.4393518518518518 0.09791666666666667 0.14537037037037037
1 0.69453125 0.44351851851851853 0.09010416666666667 0.12222222222222222
1 0.7557291666666667 0.5064814814814815 0.10208333333333333 0.1425925925925926
1 0.45260416666666664 0.35462962962962963 0.06666666666666667 0.09074074074074075
1 0.8645833333333334 0.8712962962962963 0.209375 0.25555555555555554
1 0.20625 0.4023148148148148 0.06979166666666667 0.10462962962962963
1 0.33541666666666664 0.38333333333333336 0.065625 0.08703703703703704
1 0.31875 0.33101851851851855 0.0625 0.08425925925925926
1 0.51171875 0.27824074074074073 0.058854166666666666 0.08055555555555556
1 0.6692708333333334 0.17916666666666667 0.03854166666666667 0.05648148148148148
1 0.51171875 0.19675925925925927 0.044270833333333336 0.06759259259259259
1 0.43020833333333336 0.21064814814814814 0.03958333333333333 0.058333333333333334
1 0.39817708333333335 0.17685185185185184 0.03802083333333333 0.05
1 0.41067708333333336 0.30092592592592593 0.058854166666666666 0.08333333333333333
1 0.91328125 0.18425925925925926 0.04114583333333333 0.053703703703703705
1 0.6140625 0.17777777777777778 0.036458333333333336 0.040740740740740744
1 0.56328125 0.2351851851851852 0.04635416666666667 0.06666666666666667
1 0.5505208333333333 0.3138888888888889 0.059375 0.09074074074074075
1 0.16692708333333334 0.3486111111111111 0.0640625 0.11203703703703703
1 0.7794270833333333 0.2569444444444444 0.0484375 0.05092592592592592
1 0.8317708333333333 0.18425925925925926 0.041666666666666664 0.05555555555555555
1 0.8815104166666666 0.175 0.0359375 0.05
1 0.2953125 0.30648148148148147 0.051041666666666666 0.07962962962962963
1 0.37057291666666664 0.15833333333333333 0.03697916666666667 0.044444444444444446
1 0.26197916666666665 0.21435185185185185 0.03958333333333333 0.06018518518518518
1 0.6283854166666667 0.3611111111111111 0.08177083333333333 0.12222222222222222
1 0.84609375 0.28703703703703703 0.06302083333333333 0.06666666666666667
1 0.7255208333333333 0.2337962962962963 0.04895833333333333 0.05648148148148148
1 0.46432291666666664 0.2324074074074074 0.049479166666666664 0.07962962962962963
1 0.9854166666666667 0.2763888888888889 0.028125 0.0824074074074074
1 0.4901041666666667 0.26435185185185184 0.04583333333333333 0.0712962962962963
1 0.19479166666666667 0.13703703703703704 0.025 0.044444444444444446
1 0.4934895833333333 0.09907407407407408 0.024479166666666666 0.03333333333333333
1 0.36015625 0.21712962962962962 0.0421875 0.07314814814814814
1 0.9390625 0.3347222222222222 0.08020833333333334 0.11388888888888889
1 0.175 0.25092592592592594 0.05625 0.046296296296296294
1 0.95 0.24953703703703703 0.05625 0.06018518518518518
1 0.38385416666666666 0.25555555555555554 0.052083333333333336 0.08333333333333333
1 0.6822916666666666 0.14675925925925926 0.03333333333333333 0.03796296296296296
1 0.46536458333333336 0.16342592592592592 0.0328125 0.05277777777777778
1 0.33567708333333335 0.2037037037037037 0.033854166666666664 0.05740740740740741
1 0.7026041666666667 0.18472222222222223 0.040625 0.03796296296296296
1 0.6065104166666667 0.14814814814814814 0.0359375 0.05925925925925926
1 0.7348958333333333 0.16342592592592592 0.036458333333333336 0.04351851851851852
1 0.8958333333333334 0.30694444444444446 0.040625 0.05462962962962963
1 0.4864583333333333 0.17685185185185184 0.03854166666666667 0.05555555555555555
1 0.8919270833333334 0.25925925925925924 0.05364583333333333 0.044444444444444446
1 0.34010416666666665 0.07685185185185185 0.026041666666666668 0.03518518518518519
1 0.17395833333333333 0.20601851851851852 0.03958333333333333 0.05648148148148148
1 0.47109375 0.10694444444444444 0.025520833333333333 0.026851851851851852
1 0.45338541666666665 0.15185185185185185 0.03802083333333333 0.05925925925925926
1 0.7388020833333333 0.20416666666666666 0.0390625 0.058333333333333334
1 0.7723958333333333 0.13518518518518519 0.036458333333333336 0.05555555555555555
1 0.23203125 0.12824074074074074 0.03177083333333333 0.04722222222222222
1 0.2984375 0.14212962962962963 0.03229166666666667 0.05277777777777778
1 0.5119791666666667 0.12638888888888888 0.028125 0.03425925925925926
1 0.5572916666666666 0.10925925925925926 0.022916666666666665 0.03888888888888889
1 0.39401041666666664 0.2851851851851852 0.0421875 0.07037037037037037
1 0.60859375 0.25833333333333336 0.05364583333333333 0.08703703703703704
1 0.5536458333333333 0.12546296296296297 0.016666666666666666 0.03796296296296296
1 0.27734375 0.2199074074074074 0.0390625 0.03611111111111111
1 0.30703125 0.09398148148148149 0.022395833333333334 0.032407407407407406
1 0.80625 0.2125 0.03854166666666667 0.05277777777777778
1 0.2552083333333333 0.08425925925925926 0.026041666666666668 0.03518518518518519
1 0.4505208333333333 0.07962962962962963 0.023958333333333335 0.03148148148148148
1 0.24765625 0.17685185185185184 0.04635416666666667 0.07222222222222222
1 0.4075520833333333 0.06712962962962964 0.021354166666666667 0.021296296296296296
1 0.796875 0.1763888888888889 0.019791666666666666 0.026851851851851852
1 0.2830729166666667 0.26157407407407407 0.05260416666666667 0.07314814814814814
1 0.69609375 0.21388888888888888 0.04010416666666667 0.044444444444444446
1 0.20130208333333333 0.08472222222222223 0.022395833333333334 0.028703703703703703
1 0.5799479166666667 0.1125 0.03177083333333333 0.049074074074074076
1 0.6096354166666667 0.1111111111111111 0.028645833333333332 0.03148148148148148
1 0.43307291666666664 0.0712962962962963 0.022395833333333334 0.03333333333333333
1 0.825 0.24537037037037038 0.04895833333333333 0.06851851851851852
1 0.16796875 0.16712962962962963 0.04114583333333333 0.06018518518518518
1 0.17526041666666667 0.2935185185185185 0.059895833333333336 0.07407407407407407
1 0.3190104166666667 0.16574074074074074 0.0390625 0.05740740740740741
1 0.2916666666666667 0.1310185185185185 0.025 0.04351851851851852
1 0.8200520833333333 0.1935185185185185 0.04114583333333333 0.037037037037037035
1 0.52734375 0.08333333333333333 0.028645833333333332 0.03888888888888889