1 0.2109375 0.6444444444444445 0.128125 0.1685185185185185
1 0.5666666666666667 0.8717592592592592 0.159375 0.22870370370370371
1 0.7234375 0.7129629629629629 0.134375 0.18888888888888888
1 0.48671875 0.7393518518518518 0.14114583333333333 0.18796296296296297
1 0.5924479166666666 0.36666666666666664 0.07447916666666667 0.09444444444444444
1 0.37942708333333336 0.5300925925925926 0.1015625 0.13425925925925927
1 0.19609375 0.5083333333333333 0.09635416666666667 0.12407407407407407
1 0.9072916666666667 0.2833333333333333 0.058333333333333334 0.07407407407407407
1 0.5192708333333333 0.2912037037037037 0.06041666666666667 0.08055555555555556
1 0.6375 0.6217592592592592 0.11145833333333334 0.1527777777777778
1 0.3263020833333333 0.37222222222222223 0.0671875 0.0962962962962963
1 0.9083333333333333 0.6314814814814815 0.13854166666666667 0.17777777777777778
1 0.4453125 0.35555555555555557 0.057291666666666664 0.09074074074074075
1 0.9546875 0.5166666666666667 0.08958333333333333 0.13703703703703704
1 0.6611979166666667 0.3 0.0609375 0.09444444444444444
1 0.8427083333333333 0.5708333333333333 0.11354166666666667 0.14722222222222223
1 0.9783854166666667 0.7837962962962963 0.0421875 0.2064814814814815
1 0.3703125 0.43425925925925923 0.07708333333333334 0.10925925925925926
1 0.7052083333333333 0.44537037037037036 0.09583333333333334 0.15
1 0.47291666666666665 0.25833333333333336 0.052083333333333336 0.07037037037037037
1 0.49661458333333336 0.39166666666666666 0.07552083333333333 0.12222222222222222
1 0.796875 0.387037037037037 0.08645833333333333 0.12962962962962962
1 0.17734375 0.3402777777777778 0.059895833333333336 0.08425925925925926
1 0.45677083333333335 0.15787037037037038 0.035416666666666666 0.049074074074074076
1 0.42630208333333336 0.3194444444444444 0.05572916666666667 0.08518518518518518
1 0.39765625 0.2671296296296296 0.05260416666666667 0.08981481481481482
1 0.36276041666666664 0.24861111111111112 0.0390625 0.062037037037037036
1 0.40572916666666664 0.12175925925925926 0.035416666666666666 0.05648148148148148
1 0.3846354166666667 0.11342592592592593 0.018229166666666668 0.03611111111111111
1 0.73671875 0.20555555555555555 0.0453125 0.06296296296296296
1 0.31145833333333334 0.16712962962962963 0.0375 0.05092592592592592
1 0.3528645833333333 0.1375 0.0296875 0.049074074074074076
1 0.7893229166666667 0.2310185185185185 0.049479166666666664 0.06759259259259259
1 0.6161458333333333 0.18194444444444444 0.03958333333333333 0.03611111111111111
1 0.87109375 0.18055555555555555 0.0484375 0.06666666666666667
1 0.73125 0.17037037037037037 0.041666666666666664 0.05185185185185185
1 0.8205729166666667 0.2064814814814815 0.04114583333333333 0.06296296296296296
1 0.4549479166666667 0.2199074074074074 0.050520833333333334 0.07685185185185185
1 0.5588541666666667 0.14814814814814814 0.026041666666666668 0.03518518518518519
1 0.4231770833333333 0.19768518518518519 0.034895833333333334 0.049074074074074076
1 0.38333333333333336 0.1675925925925926 0.035416666666666666 0.04814814814814815
1 0.18880208333333334 0.29305555555555557 0.05364583333333333 0.07685185185185185
1 0.28984375 0.28055555555555556 0.06510416666666667 0.10740740740740741
1 0.6388020833333333 0.274537037037037 0.06302083333333333 0.10462962962962963
1 0.40651041666666665 0.18703703703703703 0.034895833333333334 0.05925925925925926
1 0.5950520833333334 0.1425925925925926 0.0328125 0.04259259259259259
1 0.23515625 0.15324074074074073 0.027604166666666666 0.04351851851851852
1 0.70625 0.14212962962962963 0.03229166666666667 0.04351851851851852
1 0.653125 0.17222222222222222 0.023958333333333335 0.05925925925925926
1 0.37083333333333335 0.09675925925925925 0.021875 0.03611111111111111
1 0.9044270833333333 0.23148148148148148 0.05364583333333333 0.07037037037037037
1 0.36432291666666666 0.1587962962962963 0.0265625 0.03981481481481482
1 0.4479166666666667 0.13472222222222222 0.030208333333333334 0.032407407407407406
1 0.18411458333333333 0.15648148148148147 0.043229166666666666 0.06481481481481481
1 0.60078125 0.12129629629629629 0.0359375 0.044444444444444446
1 0.94921875 0.1884259259259259 0.044270833333333336 0.06759259259259259
1 0.5997395833333333 0.5254629629629629 0.10885416666666667 0.1675925925925926
1 0.33880208333333334 0.2013888888888889 0.033854166666666664 0.06574074074074074
1 0.52890625 0.13518518518518519 0.016145833333333335 0.024074074074074074
1 0.6684895833333333 0.12129629629629629 0.030729166666666665 0.04259259259259259
1 0.35885416666666664 0.21944444444444444 0.04583333333333333 0.07592592592592592
1 0.2546875 0.18796296296296297 0.041666666666666664 0.07037037037037037
1 0.6979166666666666 0.11712962962962963 0.029166666666666667 0.03796296296296296
1 0.2630208333333333 0.09907407407407408 0.020833333333333332 0.037037037037037035
1 0.3346354166666667 0.11712962962962963 0.03177083333333333 0.04722222222222222
1 0.5830729166666667 0.15787037037037038 0.03697916666666667 0.04537037037037037
1 0.28177083333333336 0.11666666666666667 0.03333333333333333 0.05
1 0.46770833333333334 0.1050925925925926 0.023958333333333335 0.032407407407407406
1 0.3377604166666667 0.07175925925925926 0.0203125 0.025
1 0.5651041666666666 0.09675925925925925 0.025 0.028703703703703703
1 0.5638020833333334 0.12083333333333333 0.0265625 0.026851851851851852
1 0.7721354166666666 0.17453703703703705 0.04010416666666667 0.058333333333333334
1 0.6807291666666667 0.17777777777777778 0.04791666666666667 0.07407407407407407
1 0.15677083333333333 0.09212962962962963 0.025 0.041666666666666664
1 0.7971354166666667 0.17083333333333334 0.0234375 0.04537037037037037
1 0.50859375 0.08611111111111111 0.0265625 0.03888888888888889
1 0.2911458333333333 0.07731481481481481 0.022916666666666665 0.032407407407407406
1 0.17447916666666666 0.19675925925925927 0.04583333333333333 0.04537037037037037
1 0.23177083333333334 0.1310185185185185 0.03229166666666667 0.03981481481481482
1 0.16302083333333334 0.13564814814814816 0.025 0.03981481481481482
1 0.45234375 0.0824074074074074 0.025520833333333333 0.02962962962962963
1 0.521875 0.12777777777777777 0.026041666666666668 0.02962962962962963
1 0.24661458333333333 0.075 0.0265625 0.027777777777777776
1 0.6434895833333333 0.09537037037037037 0.0234375 0.040740740740740744
1 0.6255208333333333 0.1087962962962963 0.026041666666666668 0.03611111111111111
1 0.28203125 0.1550925925925926 0.0296875 0.028703703703703703
1 0.26458333333333334 0.1865740740740741 0.040625 0.041666666666666664
1 0.5205729166666667 0.1037037037037037 0.0265625 0.025925925925925925
1 0.2791666666666667 0.23657407407407408 0.06354166666666666 0.07685185185185185
1 0.5013020833333334 0.1175925925925926 0.0203125 0.02962962962962963
1 0.8359375 0.1476851851851852 0.04375 0.062037037037037036
1 0.21380208333333334 0.08657407407407407 0.0265625 0.03796296296296296
1 0.2526041666666667 0.22453703703703703 0.025 0.062037037037037036
1 0.7401041666666667 0.3398148148148148 0.07395833333333333 0.10925925925925926
1 0.17578125 0.25833333333333336 0.04635416666666667 0.08703703703703704
1 0.17552083333333332 0.10740740740740741 0.029166666666666667 0.03148148148148148
1 0.17239583333333333 0.23657407407407408 0.04895833333333333 0.062037037037037036