3 0.9166666666666666 0.26435185185185184 0.06770833333333333 0.10092592592592593
2 0.89296875 0.17777777777777778 0.0859375 0.17592592592592593
2 0.9234375 0.1375 0.08020833333333334 0.15833333333333333
1 0.22447916666666667 0.7462962962962963 0.13541666666666666 0.17777777777777778
1 0.4861979166666667 0.7791666666666667 0.1453125 0.19537037037037036
1 0.7059895833333333 0.47129629629629627 0.09427083333333333 0.12222222222222222
1 0.91875 0.9319444444444445 0.16145833333333334 0.13425925925925927
1 0.09348958333333333 0.42453703703703705 0.07552083333333333 0.10277777777777777
1 0.3697916666666667 0.48518518518518516 0.0875 0.12222222222222222
1 0.29348958333333336 0.9606481481481481 0.16614583333333333 0.07685185185185185
1 0.43203125 0.5930555555555556 0.10885416666666667 0.14722222222222223
1 0.5221354166666666 0.4537037037037037 0.08489583333333334 0.11666666666666667
1 0.5317708333333333 0.31342592592592594 0.06354166666666666 0.08055555555555556
1 0.68984375 0.1884259259259259 0.04114583333333333 0.05648148148148148
1 0.8002604166666667 0.3921296296296296 0.08177083333333333 0.11944444444444445
1 0.9846354166666667 0.2064814814814815 0.0296875 0.06111111111111111
1 0.59921875 0.5236111111111111 0.10052083333333334 0.16018518518518518
1 0.18828125 0.36157407407407405 0.0640625 0.08981481481481482
1 0.41328125 0.1300925925925926 0.022395833333333334 0.03981481481481482
1 0.484375 0.399537037037037 0.07291666666666667 0.10462962962962963
1 0.5953125 0.36157407407407405 0.071875 0.09907407407407408
1 0.5036458333333333 0.18981481481481483 0.03958333333333333 0.05740740740740741
1 0.31328125 0.3388888888888889 0.07760416666666667 0.12777777777777777
1 0.4088541666666667 0.2962962962962963 0.04583333333333333 0.07592592592592592
1 0.92265625 0.6393518518518518 0.13697916666666668 0.21203703703703702
1 0.6447916666666667 0.16620370370370371 0.036458333333333336 0.05648148148148148
1 0.9369791666666667 0.4648148148148148 0.11354166666666667 0.15555555555555556
1 0.33151041666666664 0.19583333333333333 0.04635416666666667 0.058333333333333334
1 0.44140625 0.3199074074074074 0.06302083333333333 0.10277777777777777
1 0.4393229166666667 0.1425925925925926 0.04010416666666667 0.06296296296296296
1 0.47942708333333334 0.1699074074074074 0.0359375 0.05648148148148148
1 0.39505208333333336 0.18425925925925926 0.033854166666666664 0.046296296296296294
1 0.39348958333333334 0.10925925925925926 0.0265625 0.037037037037037035
1 0.4583333333333333 0.23703703703703705 0.03854166666666667 0.06296296296296296
1 0.17578125 0.17685185185185184 0.04114583333333333 0.05740740740740741
1 0.4200520833333333 0.19814814814814816 0.03802083333333333 0.05925925925925926
1 0.68046875 0.15092592592592594 0.03697916666666667 0.053703703703703705
1 0.7138020833333333 0.13842592592592592 0.030729166666666665 0.041666666666666664
1 0.38671875 0.25925925925925924 0.05364583333333333 0.08518518518518518
1 0.7752604166666667 0.225 0.04739583333333333 0.06111111111111111
1 0.55546875 0.15046296296296297 0.030729166666666665 0.032407407407407406
1 0.378125 0.15694444444444444 0.03333333333333333 0.05277777777777778
1 0.44479166666666664 0.21851851851851853 0.041666666666666664 0.06851851851851852
1 0.184375 0.30185185185185187 0.059375 0.08703703703703704
1 0.15546875 0.09861111111111111 0.025520833333333333 0.03981481481481482
1 0.6557291666666667 0.13287037037037036 0.03229166666666667 0.032407407407407406
1 0.6080729166666666 0.14629629629629629 0.04114583333333333 0.06296296296296296
1 0.22552083333333334 0.17685185185185184 0.04583333333333333 0.07222222222222222
1 0.35833333333333334 0.13564814814814816 0.03229166666666667 0.05462962962962963
1 0.7619791666666667 0.35185185185185186 0.07916666666666666 0.12962962962962962
1 0.7401041666666667 0.175 0.041666666666666664 0.05555555555555555
1 0.35 0.08425925925925926 0.021875 0.03333333333333333
1 0.16536458333333334 0.2759259259259259 0.049479166666666664 0.07037037037037037
1 0.5611979166666666 0.1050925925925926 0.030729166666666665 0.03796296296296296
1 0.2671875 0.1675925925925926 0.03958333333333333 0.046296296296296294
1 0.2716145833333333 0.11157407407407408 0.0265625 0.041666666666666664
1 0.49244791666666665 0.11435185185185186 0.0234375 0.028703703703703703
1 0.365625 0.23333333333333334 0.03854166666666667 0.07962962962962963
1 0.6440104166666667 0.10185185185185185 0.018229166666666668 0.03148148148148148
1 0.26119791666666664 0.21851851851851853 0.044270833333333336 0.07777777777777778
1 0.23697916666666666 0.14027777777777778 0.03333333333333333 0.03981481481481482
1 0.8182291666666667 0.7930555555555555 0.16145833333333334 0.25092592592592594
1 0.43697916666666664 0.09074074074074075 0.023958333333333335 0.027777777777777776
1 0.5825520833333333 0.09537037037037037 0.0234375 0.03333333333333333
1 0.5098958333333333 0.26342592592592595 0.057291666666666664 0.08981481481481482
1 0.17630208333333333 0.11990740740740741 0.0296875 0.03425925925925926
1 0.48723958333333334 0.09027777777777778 0.0203125 0.019444444444444445
1 0.47890625 0.07453703703703704 0.021354166666666667 0.03425925925925926
1 0.23020833333333332 0.11435185185185186 0.030208333333333334 0.049074074074074076
1 0.5518229166666667 0.1175925925925926 0.015104166666666667 0.03333333333333333
1 0.275 0.22453703703703703 0.05 0.06574074074074074
1 0.31276041666666665 0.2800925925925926 0.06510416666666667 0.0787037037037037
1 0.17161458333333332 0.08194444444444444 0.0234375 0.023148148148148147
1 0.175 0.2361111111111111 0.04895833333333333 0.046296296296296294
1 0.7609375 0.1111111111111111 0.035416666666666666 0.025925925925925925
1 0.478125 0.10833333333333334 0.020833333333333332 0.024074074074074074
1 0.45651041666666664 0.08287037037037037 0.0234375 0.03796296296296296
1 0.78046875 0.18611111111111112 0.044270833333333336 0.06296296296296296
1 0.40546875 0.06712962962962964 0.0203125 0.023148148148148147
1 0.4903645833333333 0.25277777777777777 0.04114583333333333 0.07592592592592592
1 0.296875 0.13796296296296295 0.03229166666666667 0.06666666666666667
1 0.5841145833333333 0.1425925925925926 0.018229166666666668 0.053703703703703705
1 0.52265625 0.1287037037037037 0.027604166666666666 0.03518518518518519
1 0.99140625 0.55 0.016145833333333335 0.14814814814814814
1 0.28802083333333334 0.27361111111111114 0.04895833333333333 0.09166666666666666
1 0.79375 0.1875 0.017708333333333333 0.058333333333333334
1 0.15651041666666668 0.23935185185185184 0.0421875 0.07314814814814814