3 0.9622395833333334 0.2814814814814815 0.07135416666666666 0.10555555555555556
2 0.9278645833333333 0.18564814814814815 0.09010416666666667 0.18425925925925926
2 0.9502604166666667 0.12638888888888888 0.0859375 0.14722222222222223
1 0.2559895833333333 0.8953703703703704 0.1765625 0.2074074074074074
1 0.12734375 0.3972222222222222 0.06822916666666666 0.09444444444444444
1 0.44296875 0.6930555555555555 0.12864583333333332 0.175
1 0.81953125 0.8541666666666666 0.15572916666666667 0.21388888888888888
1 0.4119791666666667 0.5402777777777777 0.1 0.13796296296296295
1 0.2109375 0.6638888888888889 0.121875 0.15925925925925927
1 0.49921875 0.42083333333333334 0.0796875 0.10833333333333334
1 0.7125 0.1962962962962963 0.042708333333333334 0.05925925925925926
1 0.8078125 0.23472222222222222 0.04791666666666667 0.06574074074074074
1 0.35494791666666664 0.44722222222222224 0.08072916666666667 0.11666666666666667
1 0.5143229166666666 0.2962962962962963 0.0609375 0.07777777777777778
1 0.6572916666666667 0.9712962962962963 0.15 0.05555555555555555
1 0.5638020833333334 0.4791666666666667 0.09322916666666667 0.14722222222222223
1 0.9606770833333333 0.9453703703703704 0.07760416666666667 0.10740740740740741
1 0.5731770833333333 0.3384259259259259 0.06822916666666666 0.09537037037037037
1 0.46588541666666666 0.3731481481481482 0.0703125 0.0962962962962963
1 0.18828125 0.33935185185185185 0.0609375 0.08611111111111111
1 0.75625 0.36203703703703705 0.07604166666666666 0.11296296296296296
1 0.40572916666666664 0.12222222222222222 0.021875 0.03888888888888889
1 0.8473958333333333 0.5717592592592593 0.12395833333333334 0.1935185185185185
1 0.953125 0.4898148148148148 0.09270833333333334 0.16296296296296298
1 0.490625 0.1787037037037037 0.03854166666666667 0.05555555555555555
1 0.5692708333333333 0.1550925925925926 0.0375 0.03425925925925926
1 0.6638020833333333 0.17222222222222222 0.0390625 0.05925925925925926
1 0.43020833333333336 0.13518518518518519 0.03854166666666667 0.05925925925925926
1 0.8088541666666667 0.19212962962962962 0.041666666666666664 0.05462962962962963
1 0.3966145833333333 0.2810185185185185 0.044270833333333336 0.06944444444444445
1 0.30546875 0.32037037037037036 0.0734375 0.12037037037037036
1 0.37109375 0.14953703703703702 0.0328125 0.05092592592592592
1 0.44869791666666664 0.22453703703703703 0.03697916666666667 0.06018518518518518
1 0.5229166666666667 0.12777777777777777 0.022916666666666665 0.03148148148148148
1 0.43046875 0.30324074074074076 0.058854166666666666 0.09722222222222222
1 0.3888020833333333 0.1763888888888889 0.033854166666666664 0.04537037037037037
1 0.7263020833333333 0.3263888888888889 0.07552083333333333 0.12314814814814815
1 0.3255208333333333 0.18611111111111112 0.04479166666666667 0.05555555555555555
1 0.38645833333333335 0.10324074074074074 0.025 0.03611111111111111
1 0.41067708333333336 0.18888888888888888 0.03697916666666667 0.05555555555555555
1 0.17369791666666667 0.16712962962962963 0.03802083333333333 0.05092592592592592
1 0.5708333333333333 0.10833333333333334 0.03229166666666667 0.040740740740740744
1 0.46901041666666665 0.16064814814814815 0.034895833333333334 0.05462962962962963
1 0.16354166666666667 0.2625 0.04375 0.06759259259259259
1 0.29765625 0.1486111111111111 0.025520833333333333 0.030555555555555555
1 0.21458333333333332 0.16898148148148148 0.04791666666666667 0.06944444444444445
1 0.15598958333333332 0.09490740740740741 0.0265625 0.03981481481481482
1 0.7317708333333334 0.14166666666666666 0.03125 0.04259259259259259
1 0.5583333333333333 0.12129629629629629 0.025 0.037037037037037035
1 0.4354166666666667 0.20787037037037037 0.03854166666666667 0.06759259259259259
1 0.37890625 0.24583333333333332 0.0515625 0.0824074074074074
1 0.7005208333333334 0.1550925925925926 0.0375 0.05648148148148148
1 0.7786458333333334 0.1175925925925926 0.03958333333333333 0.03148148148148148
1 0.35859375 0.22453703703703703 0.03802083333333333 0.0712962962962963
1 0.8765625 0.16712962962962963 0.022916666666666665 0.06018518518518518
1 0.6234375 0.15185185185185185 0.041666666666666664 0.06481481481481481
1 0.6278645833333333 0.10416666666666667 0.025520833333333333 0.032407407407407406
1 0.5971354166666667 0.14444444444444443 0.0234375 0.05
1 0.6666666666666666 0.10740740740740741 0.026041666666666668 0.03518518518518519
1 0.6544270833333333 0.10185185185185185 0.021354166666666667 0.03333333333333333
1 0.29270833333333335 0.11851851851851852 0.030208333333333334 0.03888888888888889
1 0.5924479166666666 0.09583333333333334 0.0234375 0.032407407407407406
1 0.5174479166666667 0.08194444444444444 0.0203125 0.019444444444444445
1 0.15989583333333332 0.21574074074074073 0.03958333333333333 0.04814814814814815
1 0.17369791666666667 0.1087962962962963 0.0265625 0.023148148148148147
1 0.5018229166666667 0.11712962962962963 0.025520833333333333 0.028703703703703703
1 0.44296875 0.09305555555555556 0.024479166666666666 0.028703703703703703
1 0.35078125 0.1361111111111111 0.0296875 0.03888888888888889
1 0.75546875 0.18009259259259258 0.034895833333333334 0.05648148148148148
1 0.6166666666666667 0.0837962962962963 0.025 0.03425925925925926
1 0.27057291666666666 0.15555555555555556 0.033854166666666664 0.05555555555555555
1 0.67578125 0.12083333333333333 0.030729166666666665 0.03425925925925926
1 0.6690104166666667 0.4388888888888889 0.08802083333333334 0.11481481481481481
1 0.8015625 0.15138888888888888 0.035416666666666666 0.04351851851851852
1 0.87109375 0.42407407407407405 0.09739583333333333 0.1388888888888889
1 0.18359375 0.28935185185185186 0.05677083333333333 0.09351851851851851
1 0.4895833333333333 0.24722222222222223 0.0625 0.08518518518518518
1 0.4861979166666667 0.11018518518518519 0.019270833333333334 0.024074074074074074
1 0.17083333333333334 0.08333333333333333 0.023958333333333335 0.02962962962962963
1 0.17734375 0.2222222222222222 0.0453125 0.044444444444444446
1 0.23697916666666666 0.13518518518518519 0.03333333333333333 0.03148148148148148
1 0.49661458333333336 0.09074074074074075 0.021354166666666667 0.022222222222222223
1 0.9796875 0.2152777777777778 0.021875 0.03425925925925926
1 0.6098958333333333 0.1111111111111111 0.022916666666666665 0.020370370370370372
1 0.24140625 0.1699074074074074 0.0296875 0.06018518518518518
1 0.27239583333333334 0.21157407407407408 0.04791666666666667 0.058333333333333334
1 0.32473958333333336 0.16018518518518518 0.030729166666666665 0.024074074074074074
1 0.49114583333333334 0.26481481481481484 0.051041666666666666 0.05555555555555555
1 0.16510416666666666 0.1412037037037037 0.026041666666666668 0.03981481481481482
1 0.3177083333333333 0.1087962962962963 0.014583333333333334 0.030555555555555555
1 0.26901041666666664 0.10648148148148148 0.0234375 0.040740740740740744
1 0.7421875 0.700462962962963 0.14479166666666668 0.22685185185185186
1 0.34713541666666664 0.07824074074074074 0.021354166666666667 0.030555555555555555
1 0.34765625 0.12175925925925926 0.03697916666666667 0.04351851851851852
1 0.3067708333333333 0.2657407407407407 0.06666666666666667 0.07592592592592592
1 0.4354166666666667 0.07592592592592592 0.01875 0.025925925925925925
1 0.25859375 0.20787037037037037 0.043229166666666666 0.07685185185185185
1 0.23177083333333334 0.11898148148148148 0.036458333333333336 0.030555555555555555
1 0.6768229166666667 0.1388888888888889 0.0296875 0.037037037037037035
1 0.27421875 0.24722222222222223 0.050520833333333334 0.06851851851851852