1 0.46979166666666666 0.7305555555555555 0.128125 0.16666666666666666
1 0.26666666666666666 0.8416666666666667 0.15416666666666667 0.21296296296296297
1 0.20416666666666666 0.4597222222222222 0.08854166666666667 0.12129629629629629
1 0.6833333333333333 0.6481481481481481 0.11770833333333333 0.16296296296296298
1 0.96171875 0.7087962962962963 0.07552083333333333 0.23981481481481481
1 0.40234375 0.5703703703703704 0.1046875 0.1388888888888889
1 0.5127604166666667 0.29444444444444445 0.0609375 0.07777777777777778
1 0.3377604166666667 0.3972222222222222 0.0734375 0.0962962962962963
1 0.7895833333333333 0.524537037037037 0.09895833333333333 0.14722222222222223
1 0.5080729166666667 0.44814814814814813 0.07239583333333334 0.10925925925925926
1 0.5625 0.49212962962962964 0.090625 0.13425925925925927
1 0.296875 0.3 0.05520833333333333 0.08148148148148149
1 0.5880208333333333 0.3416666666666667 0.07604166666666666 0.11481481481481481
1 0.9223958333333333 0.9546296296296296 0.15416666666666667 0.08888888888888889
1 0.7 0.45092592592592595 0.09479166666666666 0.1259259259259259
1 0.39609375 0.2875 0.0453125 0.0787037037037037
1 0.6638020833333333 0.29583333333333334 0.06510416666666667 0.10092592592592593
1 0.7611979166666667 0.37592592592592594 0.07760416666666667 0.1037037037037037
1 0.17395833333333333 0.2810185185185185 0.05 0.07314814814814814
1 0.18489583333333334 0.38657407407407407 0.075 0.09722222222222222
1 0.4203125 0.13240740740740742 0.03125 0.044444444444444446
1 0.6200520833333333 0.2652777777777778 0.05677083333333333 0.08796296296296297
1 0.42942708333333335 0.21574074074074073 0.0453125 0.06296296296296296
1 0.32421875 0.3398148148148148 0.0609375 0.08703703703703704
1 0.43333333333333335 0.3111111111111111 0.06145833333333333 0.09814814814814815
1 0.8825520833333333 0.44212962962962965 0.09322916666666667 0.13796296296296295
1 0.33671875 0.20879629629629629 0.03697916666666667 0.058333333333333334
1 0.5677083333333334 0.2388888888888889 0.04895833333333333 0.07592592592592592
1 0.4830729166666667 0.38935185185185184 0.07760416666666667 0.12314814814814815
1 0.49895833333333334 0.12129629629629629 0.030208333333333334 0.03518518518518519
1 0.6567708333333333 0.1925925925925926 0.04583333333333333 0.05555555555555555
1 0.75078125 0.1310185185185185 0.024479166666666666 0.03611111111111111
1 0.08125 0.4217592592592593 0.08020833333333334 0.12314814814814815
1 0.7161458333333334 0.1685185185185185 0.0375 0.05185185185185185
1 0.2989583333333333 0.1425925925925926 0.030208333333333334 0.046296296296296294
1 0.3841145833333333 0.2625 0.04635416666666667 0.0712962962962963
1 0.8638020833333333 0.25416666666666665 0.0546875 0.0824074074074074
1 0.8309895833333333 0.2050925925925926 0.03177083333333333 0.06388888888888888
1 0.4122395833333333 0.12314814814814815 0.027604166666666666 0.04814814814814815
1 0.6268229166666667 0.17962962962962964 0.03177083333333333 0.040740740740740744
1 0.36328125 0.22592592592592592 0.0453125 0.07592592592592592
1 0.9122395833333333 0.2111111111111111 0.04114583333333333 0.06296296296296296
1 0.94140625 0.24722222222222223 0.06302083333333333 0.07407407407407407
1 0.55078125 0.22083333333333333 0.050520833333333334 0.0824074074074074
1 0.5916666666666667 0.16574074074074074 0.034375 0.03333333333333333
1 0.37916666666666665 0.10231481481481482 0.03125 0.04722222222222222
1 0.9315104166666667 0.16296296296296298 0.0515625 0.04259259259259259
1 0.7098958333333333 0.23148148148148148 0.04791666666666667 0.05740740740740741
1 0.23333333333333334 0.13518518518518519 0.028125 0.037037037037037035
1 0.26875 0.2361111111111111 0.057291666666666664 0.09074074074074075
1 0.8575520833333333 0.1875 0.0328125 0.05092592592592592
1 0.8838541666666667 0.20046296296296295 0.036458333333333336 0.05462962962962963
1 0.6614583333333334 0.16111111111111112 0.034375 0.027777777777777776
1 0.3377604166666667 0.17685185185185184 0.0390625 0.044444444444444446
1 0.6065104166666667 0.11481481481481481 0.027604166666666666 0.037037037037037035
1 0.39036458333333335 0.17037037037037037 0.030729166666666665 0.044444444444444446
1 0.2703125 0.1037037037037037 0.034375 0.04259259259259259
1 0.9463541666666667 0.2949074074074074 0.0625 0.0824074074074074
1 0.6580729166666667 0.1388888888888889 0.033854166666666664 0.037037037037037035
1 0.4625 0.24074074074074073 0.05 0.06666666666666667
1 0.5716145833333334 0.15185185185185185 0.0296875 0.03518518518518519
1 0.6638020833333333 0.41898148148148145 0.07239583333333334 0.10833333333333334
1 0.4786458333333333 0.09675925925925925 0.025 0.030555555555555555
1 0.16302083333333334 0.07731481481481481 0.022916666666666665 0.021296296296296296
1 0.17760416666666667 0.11435185185185186 0.025 0.026851851851851852
1 0.17994791666666668 0.24814814814814815 0.0484375 0.06481481481481481
1 0.7333333333333333 0.14629629629629629 0.03333333333333333 0.04814814814814815
1 0.4192708333333333 0.18888888888888888 0.042708333333333334 0.06851851851851852
1 0.22369791666666666 0.11898148148148148 0.030729166666666665 0.03796296296296296
1 0.6739583333333333 0.12824074074074074 0.029166666666666667 0.04351851851851852
1 0.2833333333333333 0.12083333333333333 0.034375 0.03425925925925926
1 0.24869791666666666 0.16574074074074074 0.04114583333333333 0.05185185185185185
1 0.171875 0.1425925925925926 0.036458333333333336 0.03148148148148148
1 0.5703125 0.09027777777777778 0.026041666666666668 0.028703703703703703
1 0.44192708333333336 0.0824074074074074 0.0234375 0.037037037037037035
1 0.6276041666666666 0.1537037037037037 0.03333333333333333 0.03518518518518519
1 0.38255208333333335 0.5069444444444444 0.09947916666666666 0.1287037037037037
1 0.16901041666666666 0.12268518518518519 0.03697916666666667 0.028703703703703703
1 0.51875 0.10694444444444444 0.026041666666666668 0.04537037037037037
1 0.35130208333333335 0.0837962962962963 0.0203125 0.032407407407407406
1 0.3572916666666667 0.1425925925925926 0.029166666666666667 0.03888888888888889
1 0.72890625 0.1162037037037037 0.022395833333333334 0.01574074074074074
1 0.31744791666666666 0.1726851851851852 0.030729166666666665 0.058333333333333334
1 0.5776041666666667 0.10648148148148148 0.023958333333333335 0.027777777777777776
1 0.1796875 0.19768518518518519 0.040625 0.04351851851851852
1 0.503125 0.0837962962962963 0.022916666666666665 0.041666666666666664
1 0.6455729166666667 0.12731481481481483 0.0265625 0.026851851851851852
1 0.6815104166666667 0.10740740740740741 0.028645833333333332 0.046296296296296294
1 0.47734375 0.06527777777777778 0.022395833333333334 0.025
1 0.7591145833333334 0.1638888888888889 0.0234375 0.027777777777777776
1 0.9473958333333333 0.22037037037037038 0.051041666666666666 0.06851851851851852
1 0.56171875 0.11944444444444445 0.025520833333333333 0.025925925925925925
1 0.5268229166666667 0.062037037037037036 0.0203125 0.024074074074074074
1 0.3390625 0.11990740740740741 0.028125 0.041666666666666664
1 0.1703125 0.2222222222222222 0.041666666666666664 0.07592592592592592
1 0.3609375 0.09814814814814815 0.013541666666666667 0.03333333333333333
1 0.37994791666666666 0.1587962962962963 0.030729166666666665 0.05462962962962963
1 0.190625 0.07731481481481481 0.017708333333333333 0.023148148148148147
1 0.4158854166666667 0.08194444444444444 0.025520833333333333 0.025
1 0.21145833333333333 0.0824074074074074 0.026041666666666668 0.03518518518518519
1 0.6015625 0.13842592592592592 0.030208333333333334 0.041666666666666664
1 0.16640625 0.16574074074074074 0.028645833333333332 0.037037037037037035
1 0.6552083333333333 0.09583333333333334 0.027083333333333334 0.03611111111111111
1 0.26328125 0.19722222222222222 0.059895833333333336 0.05925925925925926
1 0.21901041666666668 0.10324074074074074 0.028645833333333332 0.03425925925925926
1 0.79765625 0.22037037037037038 0.0578125 0.09074074074074075
1 0.75234375 0.21203703703703702 0.03802083333333333 0.07037037037037037
1 0.24505208333333334 0.1425925925925926 0.033854166666666664 0.025925925925925925
1 0.7278645833333334 0.12453703703703704 0.025520833333333333 0.030555555555555555
1 0.9911458333333333 0.2101851851851852 0.016666666666666666 0.07407407407407407