2 0.8856770833333333 0.15648148148148147 0.08489583333333334 0.14814814814814814
2 0.6065104166666667 0.3148148148148148 0.09114583333333333 0.1814814814814815
2 0.81015625 0.09768518518518518 0.06302083333333333 0.09351851851851851
1 0.77734375 0.7685185185185185 0.14739583333333334 0.19444444444444445
1 0.6166666666666667 0.5912037037037037 0.10416666666666667 0.14537037037037037
1 0.9385416666666667 0.9300925925925926 0.121875 0.13796296296296295
1 0.9015625 0.649537037037037 0.12708333333333333 0.1638888888888889
1 0.8380208333333333 0.28425925925925927 0.06041666666666667 0.06851851851851852
1 0.2015625 0.48703703703703705 0.08125 0.10740740740740741
1 0.5278645833333333 0.30185185185185187 0.0609375 0.07777777777777778
1 0.3971354166666667 0.5504629629629629 0.10260416666666666 0.1638888888888889
1 0.9591145833333333 0.5291666666666667 0.08072916666666667 0.1361111111111111
1 0.4549479166666667 0.35185185185185186 0.0671875 0.09444444444444444
1 0.7255208333333333 0.23472222222222222 0.053125 0.049074074074074076
1 0.3333333333333333 0.36157407407407405 0.06875 0.09351851851851851
1 0.684375 0.4203703703703704 0.09583333333333334 0.1574074074074074
1 0.4309895833333333 0.31805555555555554 0.05260416666666667 0.08425925925925926
1 0.478125 0.2537037037037037 0.046875 0.07037037037037037
1 0.6591145833333333 0.1787037037037037 0.04010416666666667 0.053703703703703705
1 0.36770833333333336 0.5041666666666667 0.078125 0.12314814814814815
1 0.3145833333333333 0.32037037037037036 0.07291666666666667 0.11666666666666667
1 0.53203125 0.21342592592592594 0.04635416666666667 0.0712962962962963
1 0.975 0.30787037037037035 0.04895833333333333 0.10648148148148148
1 0.56484375 0.2361111111111111 0.0453125 0.06666666666666667
1 0.54765625 0.33194444444444443 0.03697916666666667 0.08425925925925926
1 0.8716145833333333 0.25416666666666665 0.05572916666666667 0.06944444444444445
1 0.2703125 0.25787037037037036 0.051041666666666666 0.06759259259259259
1 0.19244791666666666 0.4361111111111111 0.07864583333333333 0.1
1 0.5776041666666667 0.5194444444444445 0.09166666666666666 0.12037037037037036
1 0.5924479166666666 0.14583333333333334 0.033854166666666664 0.049074074074074076
1 0.25625 0.19166666666666668 0.036458333333333336 0.05
1 0.33515625 0.21342592592592594 0.044270833333333336 0.049074074074074076
1 0.559375 0.1337962962962963 0.029166666666666667 0.03796296296296296
1 0.6447916666666667 0.16527777777777777 0.035416666666666666 0.05462962962962963
1 0.178125 0.3699074074074074 0.0625 0.10277777777777777
1 0.1875 0.23472222222222222 0.042708333333333334 0.06759259259259259
1 0.9796875 0.19768518518518519 0.03958333333333333 0.06759259259259259
1 0.35130208333333335 0.13055555555555556 0.0328125 0.046296296296296294
1 0.43671875 0.0763888888888889 0.022395833333333334 0.03425925925925926
1 0.18541666666666667 0.19444444444444445 0.03854166666666667 0.05185185185185185
1 0.4005208333333333 0.16666666666666666 0.0375 0.05
1 0.9203125 0.23564814814814813 0.052083333333333336 0.0824074074074074
1 0.38203125 0.10416666666666667 0.03177083333333333 0.04351851851851852
1 0.4796875 0.09305555555555556 0.022916666666666665 0.03796296296296296
1 0.21666666666666667 0.11481481481481481 0.03125 0.05185185185185185
1 0.25859375 0.09212962962962963 0.0234375 0.03425925925925926
1 0.36875 0.25833333333333336 0.03125 0.07037037037037037
1 0.33203125 0.12268518518518519 0.018229166666666668 0.03425925925925926
1 0.40390625 0.26805555555555555 0.058854166666666666 0.10092592592592593
1 0.42994791666666665 0.19537037037037036 0.03177083333333333 0.037037037037037035
1 0.246875 0.17083333333333334 0.041666666666666664 0.04722222222222222
1 0.5197916666666667 0.11203703703703703 0.03229166666666667 0.05
1 0.17552083333333332 0.1824074074074074 0.03229166666666667 0.05185185185185185
1 0.7247395833333333 0.14583333333333334 0.0203125 0.04351851851851852
1 0.79140625 0.2175925925925926 0.0671875 0.08333333333333333
1 0.19036458333333334 0.3199074074074074 0.05572916666666667 0.10462962962962963
1 0.30364583333333334 0.1486111111111111 0.03125 0.05277777777777778
1 0.6268229166666667 0.10324074074074074 0.0234375 0.019444444444444445
1 0.6236979166666666 0.15324074074074073 0.034895833333333334 0.06018518518518518
1 0.37447916666666664 0.15046296296296297 0.034375 0.049074074074074076
1 0.3190104166666667 0.10648148148148148 0.033854166666666664 0.03518518518518519
1 0.46197916666666666 0.08425925925925926 0.019791666666666666 0.03518518518518519
1 0.2713541666666667 0.10462962962962963 0.029166666666666667 0.040740740740740744
1 0.9591145833333333 0.16527777777777777 0.0390625 0.028703703703703703
1 0.49166666666666664 0.10046296296296296 0.022916666666666665 0.03796296296296296
1 0.3768229166666667 0.16712962962962963 0.021354166666666667 0.04722222222222222
1 0.40338541666666666 0.19953703703703704 0.0390625 0.03425925925925926
1 0.3609375 0.08796296296296297 0.023958333333333335 0.040740740740740744
1 0.16848958333333333 0.08148148148148149 0.028645833333333332 0.025925925925925925
1 0.9403645833333333 0.21944444444444444 0.05364583333333333 0.08518518518518518
1 0.32135416666666666 0.1824074074074074 0.034375 0.05
1 0.6518229166666667 0.1259259259259259 0.030729166666666665 0.03888888888888889
1 0.2872395833333333 0.12777777777777777 0.0296875 0.046296296296296294
1 0.5244791666666667 0.0787037037037037 0.029166666666666667 0.03333333333333333
1 0.4510416666666667 0.2273148148148148 0.04895833333333333 0.06388888888888888
1 0.4127604166666667 0.06851851851851852 0.018229166666666668 0.024074074074074074
1 0.23203125 0.12962962962962962 0.03177083333333333 0.03888888888888889
1 0.671875 0.10833333333333334 0.027083333333333334 0.024074074074074074
1 0.7765625 0.1625 0.035416666666666666 0.062037037037037036
1 0.4125 0.13055555555555556 0.04375 0.053703703703703705
1 0.31692708333333336 0.16342592592592592 0.043229166666666666 0.04537037037037037
1 0.6104166666666667 0.08564814814814815 0.03125 0.026851851851851852
1 0.8052083333333333 0.23564814814814813 0.046875 0.06759259259259259
1 0.8229166666666666 0.17407407407407408 0.042708333333333334 0.06851851851851852
1 0.3619791666666667 0.23287037037037037 0.05625 0.06759259259259259
1 0.1703125 0.1597222222222222 0.042708333333333334 0.05462962962962963
1 0.30572916666666666 0.0875 0.034375 0.032407407407407406
1 0.16848958333333333 0.12824074074074074 0.034895833333333334 0.03796296296296296