2 0.9541666666666667 0.17731481481481481 0.090625 0.1638888888888889
2 0.5440104166666667 0.27037037037037037 0.08385416666666666 0.15925925925925927
1 0.73828125 0.5027777777777778 0.0984375 0.12962962962962962
1 0.6174479166666667 0.5722222222222222 0.1109375 0.1425925925925926
1 0.30755208333333334 0.3148148148148148 0.058854166666666666 0.07962962962962963
1 0.48723958333333334 0.425462962962963 0.0796875 0.09722222222222222
1 0.9197916666666667 0.6319444444444444 0.13854166666666667 0.2101851851851852
1 0.5322916666666667 0.46944444444444444 0.08229166666666667 0.11481481481481481
1 0.95703125 0.3347222222222222 0.07239583333333334 0.062037037037037036
1 0.035416666666666666 0.487962962962963 0.07083333333333333 0.11666666666666667
1 0.19791666666666666 0.4148148148148148 0.06979166666666667 0.09444444444444444
1 0.4197916666666667 0.30694444444444446 0.06041666666666667 0.0824074074074074
1 0.89765625 0.27361111111111114 0.0578125 0.08055555555555556
1 0.80703125 0.4148148148148148 0.08697916666666666 0.1111111111111111
1 0.71015625 0.2013888888888889 0.043229166666666666 0.058333333333333334
1 0.484375 0.2657407407407407 0.04791666666666667 0.06851851851851852
1 0.5981770833333333 0.35509259259259257 0.08177083333333333 0.13055555555555556
1 0.3611979166666667 0.4449074074074074 0.08072916666666667 0.13425925925925927
1 0.39010416666666664 0.2763888888888889 0.04583333333333333 0.07685185185185185
1 0.8223958333333333 0.2796296296296296 0.06354166666666666 0.06111111111111111
1 0.42083333333333334 0.2050925925925926 0.041666666666666664 0.05648148148148148
1 0.3341145833333333 0.41759259259259257 0.06510416666666667 0.1037037037037037
1 0.4596354166666667 0.8532407407407407 0.15885416666666666 0.28425925925925927
1 0.6317708333333333 0.1625 0.035416666666666666 0.05462962962962963
1 0.2703125 0.22962962962962963 0.051041666666666666 0.06111111111111111
1 0.25078125 0.17592592592592593 0.034895833333333334 0.046296296296296294
1 0.5971354166666667 0.15 0.0359375 0.040740740740740744
1 0.37552083333333336 0.2375 0.05416666666666667 0.09166666666666666
1 0.396875 0.11898148148148148 0.03958333333333333 0.049074074074074076
1 0.4953125 0.287962962962963 0.030208333333333334 0.07407407407407407
1 0.20078125 0.1388888888888889 0.030729166666666665 0.03888888888888889
1 0.19375 0.37037037037037035 0.06770833333333333 0.08148148148148149
1 0.45208333333333334 0.0837962962962963 0.026041666666666668 0.032407407407407406
1 0.17395833333333333 0.32037037037037036 0.053125 0.08518518518518518
1 0.44973958333333336 0.22592592592592592 0.043229166666666666 0.06296296296296296
1 0.696875 0.18703703703703703 0.042708333333333334 0.05740740740740741
1 0.25390625 0.08657407407407407 0.022395833333333334 0.03796296296296296
1 0.6653645833333334 0.1712962962962963 0.0390625 0.06481481481481481
1 0.3223958333333333 0.11481481481481481 0.020833333333333332 0.03333333333333333
1 0.74765625 0.1712962962962963 0.0453125 0.07222222222222222
1 0.29609375 0.2800925925925926 0.06302083333333333 0.10092592592592593
1 0.18567708333333333 0.21157407407407408 0.04010416666666667 0.058333333333333334
1 0.6596354166666667 0.11481481481481481 0.025520833333333333 0.024074074074074074
1 0.18333333333333332 0.2800925925925926 0.04895833333333333 0.09351851851851851
1 0.8739583333333333 0.2439814814814815 0.07291666666666667 0.08425925925925926
1 0.16692708333333334 0.12037037037037036 0.0296875 0.03518518518518519
1 0.3216145833333333 0.19490740740740742 0.0390625 0.04351851851851852
1 0.26796875 0.09768518518518518 0.0296875 0.03981481481481482
1 0.3411458333333333 0.12268518518518519 0.029166666666666667 0.04722222222222222
1 0.2950520833333333 0.13703703703703704 0.0296875 0.05
1 0.2796875 0.11851851851851852 0.03333333333333333 0.04259259259259259
1 0.3625 0.14074074074074075 0.034375 0.05
1 0.23828125 0.16157407407407406 0.0421875 0.04537037037037037
1 0.40182291666666664 0.18194444444444444 0.0390625 0.04722222222222222
1 0.35 0.07962962962962963 0.022916666666666665 0.03518518518518519
1 0.21510416666666668 0.10046296296296296 0.030208333333333334 0.03796296296296296
1 0.34401041666666665 0.2337962962962963 0.025520833333333333 0.06388888888888888
1 0.30572916666666666 0.15138888888888888 0.03229166666666667 0.04537037037037037
1 0.5091145833333334 0.19953703703703704 0.058854166666666666 0.04537037037037037
1 0.36796875 0.09537037037037037 0.030729166666666665 0.040740740740740744
1 0.49765625 0.09398148148148149 0.025520833333333333 0.041666666666666664
1 0.5098958333333333 0.11018518518518519 0.022916666666666665 0.04259259259259259
1 0.18125 0.17731481481481481 0.035416666666666666 0.04722222222222222
1 0.1671875 0.08888888888888889 0.030208333333333334 0.03148148148148148
1 0.5434895833333333 0.12129629629629629 0.058854166666666666 0.053703703703703705
1 0.8356770833333333 0.1787037037037037 0.0390625 0.06666666666666667
1 0.68828125 0.1398148148148148 0.04114583333333333 0.040740740740740744
1 0.8924479166666667 0.17916666666666667 0.043229166666666666 0.058333333333333334
1 0.6338541666666667 0.09722222222222222 0.034375 0.03888888888888889
1 0.3190104166666667 0.17037037037037037 0.043229166666666666 0.03888888888888889
1 0.7088541666666667 0.12361111111111112 0.029166666666666667 0.030555555555555555
1 0.6598958333333333 0.1388888888888889 0.026041666666666668 0.037037037037037035
1 0.39114583333333336 0.15416666666666667 0.03229166666666667 0.058333333333333334
1 0.6955729166666667 0.6888888888888889 0.1328125 0.21666666666666667
1 0.22682291666666668 0.11851851851851852 0.030729166666666665 0.02962962962962963
1 0.34765625 0.21064814814814814 0.04635416666666667 0.06388888888888888
1 0.49609375 0.18981481481481483 0.0421875 0.06481481481481481
1 0.8505208333333333 0.19027777777777777 0.042708333333333334 0.05648148148148148
1 0.9330729166666667 0.47314814814814815 0.1328125 0.17407407407407408
1 0.9901041666666667 0.3013888888888889 0.01875 0.075