1 0.21588541666666666 0.7069444444444445 0.1390625 0.1824074074074074
1 0.525 0.8199074074074074 0.15520833333333334 0.20462962962962963
1 0.6299479166666667 0.9324074074074075 0.17760416666666667 0.13333333333333333
1 0.6122395833333333 0.3861111111111111 0.07760416666666667 0.1
1 0.7395833333333334 0.4787037037037037 0.10208333333333333 0.15925925925925927
1 0.19713541666666667 0.5486111111111112 0.10260416666666666 0.13240740740740742
1 0.67890625 0.6759259259259259 0.12135416666666667 0.16296296296296298
1 0.8932291666666666 0.6194444444444445 0.115625 0.15555555555555556
1 0.875 0.26805555555555555 0.05520833333333333 0.0712962962962963
1 0.9520833333333333 0.6907407407407408 0.09479166666666666 0.1925925925925926
1 0.48463541666666665 0.26944444444444443 0.0546875 0.07222222222222222
1 0.37864583333333335 0.46435185185185185 0.08645833333333333 0.1175925925925926
1 0.8369791666666667 0.4148148148148148 0.09166666666666666 0.1388888888888889
1 0.3341145833333333 0.39351851851851855 0.0703125 0.10185185185185185
1 0.46145833333333336 0.37453703703703706 0.065625 0.09722222222222222
1 0.5119791666666667 0.4152777777777778 0.08020833333333334 0.13055555555555556
1 0.43645833333333334 0.33425925925925926 0.058333333333333334 0.08703703703703704
1 0.6859375 0.31805555555555554 0.065625 0.09722222222222222
1 0.16927083333333334 0.3574074074074074 0.06041666666666667 0.08518518518518518
1 0.5354166666666667 0.3060185185185185 0.0625 0.08425925925925926
1 0.7736979166666667 0.3578703703703704 0.08072916666666667 0.11018518518518519
1 0.46770833333333334 0.1648148148148148 0.0375 0.05185185185185185
1 0.390625 0.11666666666666667 0.01875 0.03888888888888889
1 0.18776041666666668 0.3060185185185185 0.05572916666666667 0.08055555555555556
1 0.6026041666666667 0.17453703703703705 0.0375 0.03425925925925926
1 0.39348958333333334 0.5712962962962963 0.1078125 0.1425925925925926
1 0.371875 0.2587962962962963 0.040625 0.06574074074074074
1 0.29453125 0.2916666666666667 0.06614583333333333 0.11296296296296296
1 0.315625 0.17314814814814813 0.03854166666666667 0.05555555555555555
1 0.7864583333333334 0.7833333333333333 0.14895833333333333 0.2111111111111111
1 0.8041666666666667 0.20185185185185187 0.03333333333333333 0.05740740740740741
1 0.43125 0.2064814814814815 0.035416666666666666 0.05185185185185185
1 0.7140625 0.15787037037037038 0.0375 0.03796296296296296
1 0.46380208333333334 0.22916666666666666 0.05364583333333333 0.08055555555555556
1 0.41380208333333335 0.125 0.0359375 0.05555555555555555
1 0.6630208333333333 0.2898148148148148 0.06354166666666666 0.10740740740740741
1 0.40729166666666666 0.27824074074074073 0.05416666666666667 0.09166666666666666
1 0.8723958333333334 0.2212962962962963 0.051041666666666666 0.06851851851851852
1 0.35703125 0.1425925925925926 0.03177083333333333 0.04814814814814815
1 0.7111979166666667 0.19675925925925927 0.043229166666666666 0.062037037037037036
1 0.18854166666666666 0.16064814814814815 0.042708333333333334 0.06388888888888888
1 0.6979166666666666 0.1375 0.03125 0.041666666666666664
1 0.7494791666666667 0.1726851851851852 0.0375 0.05648148148148148
1 0.6315104166666666 0.5675925925925925 0.11197916666666667 0.17962962962962964
1 0.93046875 0.18333333333333332 0.043229166666666666 0.06666666666666667
1 0.8473958333333333 0.175 0.04583333333333333 0.06481481481481481
1 0.7645833333333333 0.2212962962962963 0.04791666666666667 0.06481481481481481
1 0.23723958333333334 0.15694444444444444 0.028645833333333332 0.04722222222222222
1 0.58359375 0.13657407407407407 0.0296875 0.03981481481481482
1 0.6893229166666667 0.11435185185185186 0.027604166666666666 0.03611111111111111
1 0.5252604166666667 0.13425925925925927 0.025520833333333333 0.03148148148148148
1 0.9768229166666667 0.5421296296296296 0.0453125 0.11203703703703703
1 0.5921875 0.11851851851851852 0.03333333333333333 0.044444444444444446
1 0.3645833333333333 0.22870370370370371 0.04791666666666667 0.07592592592592592
1 0.5484375 0.14305555555555555 0.023958333333333335 0.03425925925925926
1 0.39140625 0.17453703703703705 0.034895833333333334 0.049074074074074076
1 0.33880208333333334 0.12268518518518519 0.03177083333333333 0.05092592592592592
1 0.34427083333333336 0.20879629629629629 0.035416666666666666 0.06759259259259259
1 0.2830729166666667 0.11574074074074074 0.03697916666666667 0.03888888888888889
1 0.615625 0.1050925925925926 0.025 0.03425925925925926
1 0.5705729166666667 0.15185185185185185 0.03697916666666667 0.04259259259259259
1 0.25494791666666666 0.19444444444444445 0.0390625 0.07222222222222222
1 0.8184895833333333 0.14027777777777778 0.0421875 0.05092592592592592
1 0.26484375 0.10324074074074074 0.0203125 0.03611111111111111
1 0.37552083333333336 0.09861111111111111 0.022916666666666665 0.03611111111111111
1 0.415625 0.19490740740740742 0.036458333333333336 0.062037037037037036
1 0.37265625 0.16574074074074074 0.028645833333333332 0.04259259259259259
1 0.6622395833333333 0.17175925925925925 0.04635416666666667 0.0712962962962963
1 0.453125 0.15 0.03333333333333333 0.05555555555555555
1 0.22317708333333333 0.10833333333333334 0.0265625 0.04814814814814815
1 0.6572916666666667 0.11712962962962963 0.028125 0.03796296296296296
1 0.67421875 0.10787037037037037 0.018229166666666668 0.032407407407407406
1 0.34140625 0.0763888888888889 0.021354166666666667 0.030555555555555555
1 0.46041666666666664 0.10185185185185185 0.022916666666666665 0.027777777777777776
1 0.49270833333333336 0.1175925925925926 0.01875 0.025925925925925925
1 0.5015625 0.0837962962962963 0.026041666666666668 0.03981481481481482
1 0.234375 0.1337962962962963 0.03333333333333333 0.03981481481481482
1 0.5138020833333333 0.10185185185185185 0.024479166666666666 0.024074074074074074
1 0.2796875 0.16342592592592592 0.03229166666666667 0.03611111111111111
1 0.25546875 0.2324074074074074 0.0265625 0.06296296296296296
1 0.6385416666666667 0.16574074074074074 0.021875 0.05925925925925926
1 0.6354166666666666 0.09305555555555556 0.021875 0.03796296296296296
1 0.215625 0.08703703703703704 0.030208333333333334 0.040740740740740744
1 0.16276041666666666 0.1375 0.025520833333333333 0.04351851851851852
1 0.17578125 0.20879629629629629 0.0484375 0.05092592592592592
1 0.2674479166666667 0.19305555555555556 0.043229166666666666 0.04537037037037037
1 0.17109375 0.24583333333333332 0.05364583333333333 0.06388888888888888
1 0.31145833333333334 0.1087962962962963 0.013541666666666667 0.026851851851851852
1 0.16796875 0.19675925925925927 0.0359375 0.03796296296296296
1 0.15651041666666668 0.09583333333333334 0.024479166666666666 0.041666666666666664
1 0.26953125 0.24444444444444444 0.0390625 0.08148148148148149
1 0.7645833333333333 0.15324074074074073 0.026041666666666668 0.03981481481481482