2 0.7169270833333333 0.10324074074074074 0.05572916666666667 0.12129629629629629
2 0.6536458333333334 0.09166666666666666 0.05 0.09814814814814815
1 0.33515625 0.6393518518518518 0.12239583333333333 0.16203703703703703
1 0.6893229166666667 0.6662037037037037 0.1328125 0.175
1 0.4453125 0.700925925925926 0.13333333333333333 0.17037037037037037
1 0.6911458333333333 0.4388888888888889 0.090625 0.11851851851851852
1 0.8455729166666667 0.575925925925926 0.1171875 0.15
1 0.5026041666666666 0.4356481481481482 0.096875 0.14537037037037037
1 0.6236979166666666 0.5662037037037037 0.11510416666666666 0.1787037037037037
1 0.20729166666666668 0.4 0.06770833333333333 0.1037037037037037
1 0.5098958333333333 0.27685185185185185 0.059375 0.07962962962962963
1 0.4518229166666667 0.3523148148148148 0.06822916666666666 0.09166666666666666
1 0.85078125 0.8643518518518518 0.20677083333333332 0.26944444444444443
1 0.33489583333333334 0.38101851851851853 0.065625 0.08611111111111111
1 0.75 0.5018518518518519 0.10104166666666667 0.1425925925925926
1 0.42916666666666664 0.2101851851851852 0.03958333333333333 0.05740740740740741
1 0.5486979166666667 0.31203703703703706 0.058854166666666666 0.08888888888888889
1 0.31744791666666666 0.3287037037037037 0.0609375 0.08333333333333333
1 0.51015625 0.19583333333333333 0.044270833333333336 0.06759259259259259
1 0.39739583333333334 0.1763888888888889 0.03854166666666667 0.05092592592592592
1 0.6721354166666667 0.18101851851851852 0.0390625 0.05648148148148148
1 0.40989583333333335 0.29953703703703705 0.059375 0.08425925925925926
1 0.9161458333333333 0.18564814814814815 0.041666666666666664 0.05277777777777778
1 0.8354166666666667 0.18472222222222223 0.040625 0.058333333333333334
1 0.56171875 0.23333333333333334 0.04739583333333333 0.06666666666666667
1 0.884375 0.1763888888888889 0.036458333333333336 0.05092592592592592
1 0.6067708333333334 0.2569444444444444 0.053125 0.08611111111111111
1 0.9559895833333333 0.2523148148148148 0.05572916666666667 0.06574074074074074
1 0.6268229166666667 0.3597222222222222 0.07864583333333333 0.12129629629629629
1 0.2950520833333333 0.30416666666666664 0.050520833333333334 0.07685185185185185
1 0.7833333333333333 0.25833333333333336 0.051041666666666666 0.053703703703703705
1 0.8518229166666667 0.2884259259259259 0.0609375 0.06574074074074074
1 0.2625 0.21388888888888888 0.03958333333333333 0.05925925925925926
1 0.72890625 0.2351851851851852 0.0484375 0.05740740740740741
1 0.6158854166666666 0.17962962962962964 0.03802083333333333 0.040740740740740744
1 0.4869791666666667 0.2638888888888889 0.042708333333333334 0.07037037037037037
1 0.3703125 0.15787037037037038 0.036458333333333336 0.04351851851851852
1 0.46328125 0.23148148148148148 0.0484375 0.07962962962962963
1 0.33567708333333335 0.20324074074074075 0.033854166666666664 0.06018518518518518
1 0.17421875 0.20555555555555555 0.0390625 0.053703703703703705
1 0.19479166666666667 0.1375 0.026041666666666668 0.04537037037037037
1 0.35859375 0.21666666666666667 0.04114583333333333 0.07222222222222222
1 0.6848958333333334 0.1476851851851852 0.03333333333333333 0.03796296296296296
1 0.4942708333333333 0.1 0.023958333333333335 0.03333333333333333
1 0.17135416666666667 0.3472222222222222 0.06458333333333334 0.10925925925925926
1 0.46510416666666665 0.16296296296296298 0.03229166666666667 0.05
1 0.8971354166666666 0.2611111111111111 0.05364583333333333 0.044444444444444446
1 0.6080729166666666 0.14953703703703702 0.0359375 0.06018518518518518
1 0.7 0.21712962962962962 0.03958333333333333 0.04537037037037037
1 0.38177083333333334 0.2537037037037037 0.04895833333333333 0.08148148148148149
1 0.29635416666666664 0.14027777777777778 0.03229166666666667 0.05277777777777778
1 0.7049479166666667 0.1865740740740741 0.043229166666666666 0.03981481481481482
1 0.82421875 0.19537037037037036 0.04114583333333333 0.03888888888888889
1 0.17552083333333332 0.2490740740740741 0.05625 0.044444444444444446
1 0.4075520833333333 0.06759259259259259 0.022395833333333334 0.022222222222222223
1 0.48489583333333336 0.175 0.0375 0.05185185185185185
1 0.45234375 0.15092592592592594 0.03697916666666667 0.05925925925925926
1 0.7973958333333333 0.17777777777777778 0.022916666666666665 0.025925925925925925
1 0.7375 0.16527777777777777 0.036458333333333336 0.04351851851851852
1 0.33828125 0.11342592592592593 0.03697916666666667 0.03981481481481482
1 0.8283854166666667 0.24583333333333332 0.050520833333333334 0.06759259259259259
1 0.9450520833333333 0.33796296296296297 0.08072916666666667 0.11296296296296296
1 0.4505208333333333 0.08055555555555556 0.019791666666666666 0.02962962962962963
1 0.2552083333333333 0.08425925925925926 0.025 0.03518518518518519
1 0.2833333333333333 0.26064814814814813 0.052083333333333336 0.07314814814814814
1 0.33984375 0.0763888888888889 0.0265625 0.03425925925925926
1 0.27734375 0.22175925925925927 0.04010416666666667 0.041666666666666664
1 0.3692708333333333 0.09722222222222222 0.025 0.03333333333333333
1 0.7739583333333333 0.1375 0.036458333333333336 0.05648148148148148
1 0.5578125 0.10972222222222222 0.023958333333333335 0.03981481481481482
1 0.47213541666666664 0.1111111111111111 0.025520833333333333 0.03148148148148148
1 0.7427083333333333 0.20925925925925926 0.0375 0.05185185185185185
1 0.17083333333333334 0.08518518518518518 0.03958333333333333 0.03333333333333333
1 0.90234375 0.3087962962962963 0.04010416666666667 0.05462962962962963
1 0.17578125 0.29259259259259257 0.0609375 0.07407407407407407
1 0.3065104166666667 0.09305555555555556 0.0234375 0.030555555555555555
1 0.3190104166666667 0.16574074074074074 0.03802083333333333 0.06111111111111111
1 0.20208333333333334 0.08333333333333333 0.022916666666666665 0.027777777777777776
1 0.675 0.11944444444444445 0.030208333333333334 0.04259259259259259
1 0.6114583333333333 0.11388888888888889 0.029166666666666667 0.037037037037037035
1 0.3927083333333333 0.2833333333333333 0.041666666666666664 0.07037037037037037
1 0.5807291666666666 0.11296296296296296 0.03229166666666667 0.05185185185185185
1 0.434375 0.0712962962962963 0.019791666666666666 0.03148148148148148
1 0.24765625 0.17546296296296296 0.0453125 0.0712962962962963
1 0.5130208333333334 0.12638888888888888 0.03125 0.032407407407407406
1 0.80625 0.21435185185185185 0.03854166666666667 0.05277777777777778
1 0.478125 0.06435185185185185 0.01875 0.019444444444444445
1 0.7528645833333333 0.12129629629629629 0.021354166666666667 0.044444444444444446
1 0.5276041666666667 0.08564814814814815 0.028125 0.03611111111111111
1 0.16875 0.16574074074074074 0.040625 0.06111111111111111
1 0.5536458333333333 0.125 0.017708333333333333 0.03888888888888889
1 0.15677083333333333 0.11574074074074074 0.03333333333333333 0.05
1 0.31484375 0.10787037037037037 0.022395833333333334 0.032407407407407406
1 0.4622395833333333 0.08888888888888889 0.016145833333333335 0.037037037037037035
1 0.9885416666666667 0.27824074074074073 0.021875 0.0824074074074074
1 0.29140625 0.13148148148148148 0.025520833333333333 0.04259259259259259