2 0.9369791666666667 0.16296296296296298 0.08854166666666667 0.17407407407407408
2 0.79765625 0.13148148148148148 0.06614583333333333 0.1259259259259259
2 0.7713541666666667 0.45 0.13125 0.2537037037037037
1 0.17526041666666667 0.6212962962962963 0.11197916666666667 0.13333333333333333
1 0.65078125 0.4023148148148148 0.08072916666666667 0.10092592592592593
1 0.22135416666666666 0.7069444444444445 0.11666666666666667 0.15648148148148147
1 0.9002604166666667 0.9027777777777778 0.17239583333333333 0.1925925925925926
1 0.6200520833333333 0.9078703703703703 0.1828125 0.1824074074074074
1 0.56015625 0.33055555555555555 0.06302083333333333 0.08703703703703704
1 0.9380208333333333 0.29074074074074074 0.06145833333333333 0.08518518518518518
1 0.3880208333333333 0.5060185185185185 0.09479166666666666 0.12685185185185185
1 0.5106770833333333 0.8226851851851852 0.14739583333333334 0.20277777777777778
1 0.55390625 0.4935185185185185 0.0953125 0.12777777777777777
1 0.51484375 0.2875 0.058854166666666666 0.0787037037037037
1 0.640625 0.3101851851851852 0.06041666666666667 0.08518518518518518
1 0.3026041666666667 0.3282407407407407 0.0625 0.08055555555555556
1 0.19348958333333333 0.2916666666666667 0.0546875 0.07962962962962963
1 0.53203125 0.43703703703703706 0.0765625 0.11296296296296296
1 0.6872395833333333 0.4634259259259259 0.04739583333333333 0.11574074074074074
1 0.6104166666666667 0.17962962962962964 0.040625 0.04259259259259259
1 0.6106770833333334 0.2726851851851852 0.0609375 0.08611111111111111
1 0.26953125 0.23194444444444445 0.04114583333333333 0.05648148148148148
1 0.97421875 0.3402777777777778 0.050520833333333334 0.09907407407407408
1 0.36640625 0.2912037037037037 0.0484375 0.07685185185185185
1 0.44192708333333336 0.35138888888888886 0.07447916666666667 0.12685185185185185
1 0.5846354166666666 0.14351851851851852 0.034895833333333334 0.04814814814814815
1 0.921875 0.6513888888888889 0.14895833333333333 0.24166666666666667
1 0.8111979166666666 0.2351851851851852 0.0546875 0.08703703703703704
1 0.3611979166666667 0.4388888888888889 0.0984375 0.1574074074074074
1 0.7153645833333333 0.19583333333333333 0.0390625 0.05648148148148148
1 0.4119791666666667 0.12731481481481483 0.030208333333333334 0.04351851851851852
1 0.18958333333333333 0.4222222222222222 0.08125 0.11296296296296296
1 0.44296875 0.2125 0.044270833333333336 0.07685185185185185
1 0.25364583333333335 0.17962962962962964 0.04479166666666667 0.05185185185185185
1 0.19479166666666667 0.5106481481481482 0.0875 0.13240740740740742
1 0.6794270833333333 0.20879629629629629 0.0421875 0.04537037037037037
1 0.40338541666666666 0.18055555555555555 0.0421875 0.05925925925925926
1 0.8802083333333334 0.17037037037037037 0.034375 0.06296296296296296
1 0.40078125 0.12083333333333333 0.0296875 0.049074074074074076
1 0.4552083333333333 0.16111111111111112 0.0375 0.05925925925925926
1 0.41848958333333336 0.20092592592592592 0.034895833333333334 0.06111111111111111
1 0.77734375 0.18472222222222223 0.0484375 0.0712962962962963
1 0.34921875 0.21944444444444444 0.034895833333333334 0.05740740740740741
1 0.3731770833333333 0.24166666666666667 0.0546875 0.07777777777777778
1 0.51015625 0.11064814814814815 0.0265625 0.03425925925925926
1 0.5684895833333333 0.13287037037037036 0.03177083333333333 0.049074074074074076
1 0.29973958333333334 0.14675925925925926 0.0328125 0.062037037037037036
1 0.2677083333333333 0.10601851851851851 0.026041666666666668 0.041666666666666664
1 0.4622395833333333 0.08842592592592592 0.025520833333333333 0.03611111111111111
1 0.3424479166666667 0.12361111111111112 0.027604166666666666 0.03611111111111111
1 0.4109375 0.29814814814814816 0.06145833333333333 0.09444444444444444
1 0.2825520833333333 0.11851851851851852 0.028645833333333332 0.046296296296296294
1 0.32526041666666666 0.1736111111111111 0.034895833333333334 0.06018518518518518
1 0.41041666666666665 0.06851851851851852 0.020833333333333332 0.024074074074074074
1 0.59453125 0.11342592592592593 0.030729166666666665 0.049074074074074076
1 0.21119791666666668 0.1050925925925926 0.0234375 0.04537037037037037
1 0.4479166666666667 0.08009259259259259 0.021875 0.032407407407407406
1 0.3263020833333333 0.1162037037037037 0.021354166666666667 0.032407407407407406
1 0.7 0.15416666666666667 0.029166666666666667 0.03425925925925926
1 0.4356770833333333 0.14629629629629629 0.025520833333333333 0.04259259259259259
1 0.8627604166666667 0.16018518518518518 0.03697916666666667 0.06481481481481481
1 0.4895833333333333 0.2662037037037037 0.04791666666666667 0.0787037037037037
1 0.3848958333333333 0.10462962962962963 0.027083333333333334 0.046296296296296294
1 0.6911458333333333 0.12268518518518519 0.028125 0.032407407407407406
1 0.3307291666666667 0.07175925925925926 0.020833333333333332 0.025
1 0.1890625 0.23981481481481481 0.04375 0.06666666666666667
1 0.16640625 0.0875 0.028645833333333332 0.030555555555555555
1 0.7442708333333333 0.16805555555555557 0.0375 0.062037037037037036
1 0.92265625 0.24212962962962964 0.05572916666666667 0.0712962962962963
1 0.70234375 0.13055555555555556 0.024479166666666666 0.024074074074074074
1 0.46875 0.2537037037037037 0.042708333333333334 0.07037037037037037
1 0.3458333333333333 0.19675925925925927 0.041666666666666664 0.062037037037037036
1 0.6682291666666667 0.17083333333333334 0.0375 0.06944444444444445
1 0.6182291666666667 0.10092592592592593 0.021875 0.03518518518518519
1 0.23072916666666668 0.1300925925925926 0.036458333333333336 0.058333333333333334
1 0.7291666666666666 0.1388888888888889 0.035416666666666666 0.05555555555555555
1 0.23854166666666668 0.14953703703703702 0.030208333333333334 0.049074074074074076
1 0.8919270833333334 0.18101851851851852 0.011979166666666667 0.06018518518518518
1 0.66171875 0.11990740740740741 0.0140625 0.032407407407407406
1 0.16875 0.1865740740740741 0.034375 0.062037037037037036
1 0.6830729166666667 0.1736111111111111 0.03697916666666667 0.03796296296296296
1 0.3653645833333333 0.1527777777777778 0.04635416666666667 0.05555555555555555
1 0.1796875 0.19444444444444445 0.04479166666666667 0.05
1 0.26458333333333334 0.20555555555555555 0.041666666666666664 0.046296296296296294
1 0.18046875 0.22083333333333333 0.043229166666666666 0.05648148148148148
1 0.32109375 0.10185185185185185 0.0296875 0.037037037037037035
1 0.4875 0.09537037037037037 0.03125 0.044444444444444446
1 0.16875 0.15046296296296297 0.034375 0.041666666666666664
1 0.4348958333333333 0.07037037037037037 0.015625 0.02962962962962963
1 0.646875 0.12083333333333333 0.016666666666666666 0.04722222222222222
1 0.8096354166666667 0.16666666666666666 0.04114583333333333 0.053703703703703705
1 0.62734375 0.1259259259259259 0.0359375 0.05740740740740741