2 0.94140625 0.16435185185185186 0.08489583333333334 0.17314814814814813
2 0.7669270833333334 0.4444444444444444 0.13072916666666667 0.2537037037037037
2 0.7997395833333333 0.13148148148148148 0.06510416666666667 0.12407407407407407
1 0.61015625 0.9018518518518519 0.1796875 0.19444444444444445
1 0.17708333333333334 0.6138888888888889 0.10833333333333334 0.12962962962962962
1 0.22057291666666667 0.6981481481481482 0.11510416666666666 0.1537037037037037
1 0.88359375 0.8953703703703704 0.1640625 0.2074074074074074
1 0.50390625 0.8092592592592592 0.14322916666666666 0.19444444444444445
1 0.5505208333333333 0.487962962962963 0.09375 0.12962962962962962
1 0.38697916666666665 0.5018518518518519 0.09270833333333334 0.1259259259259259
1 0.3015625 0.32592592592592595 0.0625 0.08148148148148149
1 0.94296875 0.29212962962962963 0.06197916666666667 0.08611111111111111
1 0.5135416666666667 0.2861111111111111 0.059375 0.07777777777777778
1 0.6380208333333334 0.30787037037037035 0.06041666666666667 0.08425925925925926
1 0.5575520833333333 0.3277777777777778 0.0609375 0.08703703703703704
1 0.52890625 0.43333333333333335 0.07447916666666667 0.11296296296296296
1 0.6130208333333333 0.17962962962962964 0.041666666666666664 0.040740740740740744
1 0.6833333333333333 0.4583333333333333 0.04895833333333333 0.11481481481481481
1 0.19296875 0.28935185185185186 0.05364583333333333 0.08055555555555556
1 0.8145833333333333 0.2375 0.05416666666666667 0.08611111111111111
1 0.6091145833333333 0.2712962962962963 0.0609375 0.08518518518518518
1 0.5864583333333333 0.14444444444444443 0.034375 0.046296296296296294
1 0.9791666666666666 0.34305555555555556 0.040625 0.09907407407407408
1 0.7177083333333333 0.19768518518518519 0.040625 0.05462962962962963
1 0.36770833333333336 0.28935185185185186 0.04583333333333333 0.0787037037037037
1 0.44088541666666664 0.3486111111111111 0.07447916666666667 0.125
1 0.18880208333333334 0.4125 0.0796875 0.09907407407407408
1 0.92734375 0.24305555555555555 0.05677083333333333 0.07314814814814814
1 0.26901041666666664 0.23055555555555557 0.0421875 0.05740740740740741
1 0.3609375 0.4351851851851852 0.09791666666666667 0.15185185185185185
1 0.253125 0.17916666666666667 0.04375 0.05092592592592592
1 0.4674479166666667 0.2518518518518518 0.0421875 0.07222222222222222
1 0.7799479166666666 0.1865740740740741 0.0484375 0.07314814814814814
1 0.4544270833333333 0.16064814814814815 0.03802083333333333 0.058333333333333334
1 0.19348958333333333 0.5046296296296297 0.08697916666666666 0.13148148148148148
1 0.91328125 0.6425925925925926 0.14635416666666667 0.2388888888888889
1 0.6325520833333333 0.1259259259259259 0.044270833333333336 0.05740740740740741
1 0.403125 0.17962962962962964 0.041666666666666664 0.05925925925925926
1 0.4421875 0.2125 0.04479166666666667 0.07685185185185185
1 0.51171875 0.11064814814814815 0.0265625 0.03611111111111111
1 0.46458333333333335 0.08888888888888889 0.027083333333333334 0.037037037037037035
1 0.2671875 0.1050925925925926 0.027083333333333334 0.04351851851851852
1 0.6473958333333333 0.399537037037037 0.07916666666666666 0.10092592592592593
1 0.8825520833333333 0.17083333333333334 0.034895833333333334 0.062037037037037036
1 0.6822916666666666 0.21157407407407408 0.041666666666666664 0.05092592592592592
1 0.39921875 0.11990740740740741 0.0328125 0.049074074074074076
1 0.2994791666666667 0.14675925925925926 0.03333333333333333 0.06018518518518518
1 0.2640625 0.20462962962962963 0.041666666666666664 0.046296296296296294
1 0.32447916666666665 0.1736111111111111 0.035416666666666666 0.06018518518518518
1 0.18958333333333333 0.2375 0.04479166666666667 0.06759259259259259
1 0.2109375 0.1050925925925926 0.022916666666666665 0.04351851851851852
1 0.6927083333333334 0.12361111111111112 0.028125 0.032407407407407406
1 0.7026041666666667 0.15648148148148147 0.029166666666666667 0.03518518518518519
1 0.57109375 0.1337962962962963 0.030729166666666665 0.04722222222222222
1 0.41119791666666666 0.06851851851851852 0.0203125 0.025925925925925925
1 0.4890625 0.0962962962962963 0.03125 0.044444444444444446
1 0.41770833333333335 0.2 0.034375 0.05925925925925926
1 0.3263020833333333 0.11481481481481481 0.0234375 0.03518518518518519
1 0.4484375 0.07916666666666666 0.021875 0.03425925925925926
1 0.22942708333333334 0.1300925925925926 0.033854166666666664 0.058333333333333334
1 0.8950520833333333 0.17824074074074073 0.0140625 0.06759259259259259
1 0.3419270833333333 0.12314814814814815 0.0265625 0.03518518518518519
1 0.3848958333333333 0.10416666666666667 0.027083333333333334 0.04722222222222222
1 0.4348958333333333 0.14583333333333334 0.026041666666666668 0.041666666666666664
1 0.2825520833333333 0.11898148148148148 0.028645833333333332 0.04722222222222222
1 0.67109375 0.17222222222222222 0.03802083333333333 0.06851851851851852
1 0.74609375 0.1685185185185185 0.03802083333333333 0.06296296296296296
1 0.3489583333333333 0.21898148148148147 0.035416666666666666 0.05648148148148148
1 0.8643229166666667 0.16018518518518518 0.03697916666666667 0.06296296296296296
1 0.6625 0.12037037037037036 0.015625 0.03333333333333333
1 0.4119791666666667 0.12685185185185185 0.03125 0.04259259259259259
1 0.5744791666666667 0.07777777777777778 0.027083333333333334 0.03148148148148148
1 0.23854166666666668 0.14907407407407408 0.030208333333333334 0.046296296296296294
1 0.3307291666666667 0.07222222222222222 0.019791666666666666 0.024074074074074074
1 0.41041666666666665 0.29583333333333334 0.058333333333333334 0.09351851851851851
1 0.5963541666666666 0.11435185185185186 0.03229166666666667 0.05092592592592592
1 0.73125 0.13842592592592592 0.035416666666666666 0.05277777777777778
1 0.16666666666666666 0.08935185185185185 0.028125 0.032407407407407406
1 0.18151041666666667 0.21944444444444444 0.043229166666666666 0.05925925925925926
1 0.41354166666666664 0.3226851851851852 0.05416666666666667 0.08796296296296297
1 0.7049479166666667 0.13194444444444445 0.0234375 0.025
1 0.3455729166666667 0.19768518518518519 0.04114583333333333 0.06018518518518518
1 0.1703125 0.18518518518518517 0.036458333333333336 0.06296296296296296
1 0.61953125 0.09907407407407408 0.022395833333333334 0.03148148148148148
1 0.48723958333333334 0.26481481481481484 0.049479166666666664 0.07777777777777778
1 0.16901041666666666 0.14907407407407408 0.034895833333333334 0.040740740740740744
1 0.4354166666666667 0.06944444444444445 0.016666666666666666 0.03148148148148148
1 0.3658854166666667 0.15324074074074073 0.044270833333333336 0.05462962962962963
1 0.371875 0.24166666666666667 0.05520833333333333 0.07962962962962963
1 0.31979166666666664 0.10185185185185185 0.030208333333333334 0.037037037037037035