2 0.7213541666666666 0.10462962962962963 0.058333333333333334 0.12222222222222222
2 0.6565104166666667 0.09212962962962963 0.049479166666666664 0.09907407407407408
1 0.34453125 0.6125 0.11927083333333334 0.15462962962962962
1 0.4947916666666667 0.4236111111111111 0.09479166666666666 0.14166666666666666
1 0.8236979166666667 0.5592592592592592 0.11302083333333333 0.14629629629629629
1 0.43515625 0.674074074074074 0.12864583333333332 0.1648148148148148
1 0.33177083333333335 0.37222222222222223 0.065625 0.08518518518518518
1 0.6778645833333333 0.4287037037037037 0.0890625 0.11851851851851852
1 0.20625 0.3907407407407407 0.06770833333333333 0.10185185185185185
1 0.8096354166666667 0.8425925925925926 0.19427083333333334 0.29814814814814816
1 0.6700520833333333 0.6449074074074074 0.1296875 0.1675925925925926
1 0.7325520833333333 0.48703703703703705 0.0984375 0.13703703703703704
1 0.6083333333333333 0.5476851851851852 0.10729166666666666 0.1712962962962963
1 0.44505208333333335 0.34444444444444444 0.0640625 0.08888888888888889
1 0.5052083333333334 0.27175925925925926 0.058333333333333334 0.0787037037037037
1 0.42526041666666664 0.2064814814814815 0.0390625 0.05925925925925926
1 0.5997395833333333 0.2518518518518518 0.05260416666666667 0.08518518518518518
1 0.3143229166666667 0.32314814814814813 0.059895833333333336 0.08333333333333333
1 0.98828125 0.7685185185185185 0.022395833333333334 0.17777777777777778
1 0.9239583333333333 0.1884259259259259 0.042708333333333334 0.05277777777777778
1 0.5559895833333334 0.22916666666666666 0.044270833333333336 0.06388888888888888
1 0.50546875 0.19212962962962962 0.043229166666666666 0.06574074074074074
1 0.5434895833333333 0.30648148148148147 0.0578125 0.08888888888888889
1 0.6221354166666667 0.1824074074074074 0.03802083333333333 0.044444444444444446
1 0.8666666666666667 0.29583333333333334 0.06145833333333333 0.06944444444444445
1 0.6184895833333334 0.35324074074074074 0.07447916666666667 0.1175925925925926
1 0.7950520833333333 0.26435185185185184 0.0515625 0.05462962962962963
1 0.678125 0.18194444444444444 0.040625 0.05648148148148148
1 0.39479166666666665 0.1726851851851852 0.036458333333333336 0.05092592592592592
1 0.0125 0.5231481481481481 0.025 0.12407407407407407
1 0.4596354166666667 0.2273148148148148 0.050520833333333334 0.0787037037037037
1 0.40546875 0.29444444444444445 0.0578125 0.08333333333333333
1 0.8908854166666667 0.17824074074074073 0.03697916666666667 0.05092592592592592
1 0.9697916666666667 0.25925925925925924 0.058333333333333334 0.06666666666666667
1 0.8432291666666667 0.1875 0.041666666666666664 0.05648148148148148
1 0.29244791666666664 0.29814814814814816 0.050520833333333334 0.07962962962962963
1 0.7393229166666667 0.23657407407407408 0.0484375 0.05277777777777778
1 0.178125 0.3384259259259259 0.06458333333333334 0.11018518518518519
1 0.19583333333333333 0.13564814814814816 0.027083333333333334 0.04537037037037037
1 0.35572916666666665 0.21203703703703702 0.040625 0.07037037037037037
1 0.2625 0.21064814814814814 0.03958333333333333 0.058333333333333334
1 0.8322916666666667 0.19907407407407407 0.041666666666666664 0.03888888888888889
1 0.5166666666666667 0.1287037037037037 0.030208333333333334 0.03333333333333333
1 0.3338541666666667 0.1986111111111111 0.035416666666666666 0.062037037037037036
1 0.55625 0.12685185185185185 0.021875 0.03888888888888889
1 0.33880208333333334 0.07453703703703704 0.0265625 0.032407407407407406
1 0.709375 0.19583333333333333 0.04583333333333333 0.05462962962962963
1 0.48151041666666666 0.25833333333333336 0.0421875 0.07037037037037037
1 0.6895833333333333 0.15046296296296297 0.034375 0.03981481481481482
1 0.9111979166666667 0.2810185185185185 0.0546875 0.07314814814814814
1 0.45078125 0.14814814814814814 0.034895833333333334 0.05925925925925926
1 0.36822916666666666 0.15555555555555556 0.035416666666666666 0.04259259259259259
1 0.48151041666666666 0.16898148148148148 0.03697916666666667 0.04537037037037037
1 0.8018229166666667 0.17916666666666667 0.030729166666666665 0.025
1 0.17421875 0.25092592592592594 0.05677083333333333 0.05740740740740741
1 0.4625 0.16111111111111112 0.03125 0.053703703703703705
1 0.496875 0.10046296296296296 0.025 0.03425925925925926
1 0.7791666666666667 0.1375 0.036458333333333336 0.05648148148148148
1 0.29609375 0.1375 0.03177083333333333 0.05092592592592592
1 0.31588541666666664 0.16342592592592592 0.04010416666666667 0.06018518518518518
1 0.17317708333333334 0.20416666666666666 0.0390625 0.05462962962962963
1 0.37838541666666664 0.24953703703703703 0.0484375 0.0824074074074074
1 0.9205729166666666 0.31666666666666665 0.04010416666666667 0.053703703703703705
1 0.36822916666666666 0.09583333333333334 0.025 0.03425925925925926
1 0.709375 0.21944444444444444 0.03958333333333333 0.046296296296296294
1 0.8411458333333334 0.24953703703703703 0.051041666666666666 0.06759259259259259
1 0.40729166666666666 0.06712962962962964 0.019791666666666666 0.021296296296296296
1 0.96171875 0.34629629629629627 0.07552083333333333 0.1111111111111111
1 0.246875 0.17453703703703705 0.04583333333333333 0.0712962962962963
1 0.3380208333333333 0.11203703703703703 0.03854166666666667 0.040740740740740744
1 0.4734375 0.11018518518518519 0.026041666666666668 0.027777777777777776
1 0.17708333333333334 0.2810185185185185 0.05625 0.058333333333333334
1 0.5846354166666666 0.11342592592592593 0.03177083333333333 0.05277777777777778
1 0.7450520833333333 0.1648148148148148 0.0359375 0.040740740740740744
1 0.23072916666666668 0.12638888888888888 0.03229166666666667 0.049074074074074076
1 0.35963541666666665 0.08194444444444444 0.0203125 0.023148148148148147
1 0.61328125 0.15138888888888888 0.03697916666666667 0.06018518518518518
1 0.7486979166666666 0.20185185185185187 0.04010416666666667 0.06666666666666667
1 0.38984375 0.27685185185185185 0.0421875 0.07037037037037037
1 0.27708333333333335 0.11157407407407408 0.029166666666666667 0.03796296296296296
1 0.25416666666666665 0.0824074074074074 0.026041666666666668 0.03518518518518519
1 0.30546875 0.09351851851851851 0.022395833333333334 0.03148148148148148
1 0.28177083333333336 0.25601851851851853 0.053125 0.07314814814814814
1 0.5622395833333333 0.10833333333333334 0.0203125 0.03148148148148148
1 0.43125 0.07037037037037037 0.029166666666666667 0.03333333333333333
1 0.6122395833333333 0.11990740740740741 0.0359375 0.04351851851851852
1 0.19921875 0.08333333333333333 0.022395833333333334 0.025925925925925925
1 0.80546875 0.21851851851851853 0.0390625 0.05740740740740741
1 0.15546875 0.11574074074074074 0.0328125 0.05185185185185185
1 0.35833333333333334 0.13287037037037036 0.041666666666666664 0.04537037037037037
1 0.16953125 0.17314814814814813 0.03697916666666667 0.04259259259259259
1 0.27682291666666664 0.22037037037037038 0.044270833333333336 0.046296296296296294