1 0.48385416666666664 0.7425925925925926 0.13958333333333334 0.18703703703703703
1 0.20807291666666666 0.5685185185185185 0.11197916666666667 0.14814814814814814
1 0.6447916666666667 0.9490740740740741 0.17604166666666668 0.1
1 0.19166666666666668 0.4601851851851852 0.0875 0.11296296296296296
1 0.4473958333333333 0.6421296296296296 0.12395833333333334 0.16018518518518518
1 0.3609375 0.4791666666666667 0.08854166666666667 0.11944444444444445
1 0.97265625 0.31157407407407406 0.05364583333333333 0.0824074074074074
1 0.42682291666666666 0.33055555555555555 0.05364583333333333 0.08703703703703704
1 0.5627604166666667 0.3398148148148148 0.06927083333333334 0.08888888888888889
1 0.7677083333333333 0.5106481481481482 0.08958333333333333 0.13055555555555556
1 0.49921875 0.2726851851851852 0.05572916666666667 0.07314814814814814
1 0.7458333333333333 0.3523148148148148 0.078125 0.11944444444444445
1 0.6604166666666667 0.4041666666666667 0.08854166666666667 0.1398148148148148
1 0.3171875 0.3458333333333333 0.06354166666666666 0.08981481481481482
1 0.8190104166666666 0.5564814814814815 0.11927083333333334 0.15925925925925927
1 0.58671875 0.5504629629629629 0.09947916666666666 0.13055555555555556
1 0.8940104166666667 0.8921296296296296 0.16822916666666668 0.21388888888888888
1 0.2830729166666667 0.26435185185185184 0.06197916666666667 0.10092592592592593
1 0.8838541666666667 0.462037037037037 0.09479166666666666 0.1259259259259259
1 0.6955729166666667 0.3106481481481482 0.06822916666666666 0.10092592592592593
1 0.3541666666666667 0.3990740740740741 0.071875 0.10185185185185185
1 0.45755208333333336 0.24444444444444444 0.049479166666666664 0.06481481481481481
1 0.83515625 0.2490740740740741 0.05364583333333333 0.07222222222222222
1 0.85703125 0.22037037037037038 0.0453125 0.06481481481481481
1 0.62578125 0.2777777777777778 0.0578125 0.08888888888888889
1 0.4114583333333333 0.29814814814814816 0.051041666666666666 0.07962962962962963
1 0.44244791666666666 0.14953703703703702 0.034895833333333334 0.04722222222222222
1 0.3846354166666667 0.25324074074074077 0.049479166666666664 0.08425925925925926
1 0.4747395833333333 0.3611111111111111 0.0703125 0.11296296296296296
1 0.23932291666666666 0.1476851851851852 0.033854166666666664 0.04351851851851852
1 0.3953125 0.11527777777777778 0.034375 0.05462962962962963
1 0.9174479166666667 0.6731481481481482 0.13177083333333334 0.18888888888888888
1 0.6471354166666666 0.19444444444444445 0.043229166666666666 0.03888888888888889
1 0.18645833333333334 0.31805555555555554 0.05520833333333333 0.0787037037037037
1 0.3515625 0.23657407407407408 0.036458333333333336 0.06018518518518518
1 0.9807291666666667 0.19768518518518519 0.0375 0.06574074074074074
1 0.6684895833333333 0.15 0.0359375 0.04814814814814815
1 0.915625 0.19074074074074074 0.051041666666666666 0.07037037037037037
1 0.375 0.10833333333333334 0.015625 0.03518518518518519
1 0.77421875 0.22037037037037038 0.04635416666666667 0.06851851851851852
1 0.30625 0.16064814814814815 0.034375 0.049074074074074076
1 0.41067708333333336 0.18888888888888888 0.0328125 0.05
1 0.43385416666666665 0.13657407407407407 0.03229166666666667 0.05277777777777778
1 0.47760416666666666 0.11018518518518519 0.027083333333333334 0.03148148148148148
1 0.44088541666666664 0.2101851851851852 0.044270833333333336 0.07407407407407407
1 0.6041666666666666 0.16944444444444445 0.03958333333333333 0.046296296296296294
1 0.17786458333333333 0.15138888888888888 0.043229166666666666 0.06018518518518518
1 0.6169270833333333 0.1537037037037037 0.03177083333333333 0.05
1 0.3953125 0.1787037037037037 0.034375 0.05740740740740741
1 0.6893229166666667 0.1287037037037037 0.0296875 0.04259259259259259
1 0.28151041666666665 0.11435185185185186 0.04010416666666667 0.04722222222222222
1 0.34817708333333336 0.13333333333333333 0.028645833333333332 0.04814814814814815
1 0.3734375 0.1597222222222222 0.03229166666666667 0.04537037037037037
1 0.60703125 0.25462962962962965 0.0578125 0.09814814814814815
1 0.7565104166666666 0.1814814814814815 0.03177083333333333 0.053703703703703705
1 0.18776041666666668 0.27546296296296297 0.0546875 0.06944444444444445
1 0.57890625 0.1587962962962963 0.028645833333333332 0.03611111111111111
1 0.5544270833333333 0.4689814814814815 0.09739583333333333 0.15462962962962962
1 0.6502604166666667 0.6222222222222222 0.11510416666666666 0.16666666666666666
1 0.6846354166666667 0.18472222222222223 0.030729166666666665 0.06388888888888888
1 0.55546875 0.14629629629629629 0.025520833333333333 0.02962962962962963
1 0.3497395833333333 0.20833333333333334 0.043229166666666666 0.07222222222222222
1 0.36484375 0.09305555555555556 0.0203125 0.03425925925925926
1 0.15807291666666667 0.09027777777777778 0.024479166666666666 0.03981481481481482
1 0.8020833333333334 0.1699074074074074 0.030208333333333334 0.04722222222222222
1 0.17421875 0.2490740740740741 0.043229166666666666 0.07777777777777778
1 0.7151041666666667 0.12222222222222222 0.026041666666666668 0.03518518518518519
1 0.3296875 0.1162037037037037 0.030208333333333334 0.04722222222222222
1 0.16901041666666666 0.13055555555555556 0.034895833333333334 0.040740740740740744
1 0.32786458333333335 0.07361111111111111 0.028645833333333332 0.025
1 0.9604166666666667 0.24861111111111112 0.057291666666666664 0.07314814814814814
1 0.175 0.10462962962962963 0.026041666666666668 0.027777777777777776
1 0.65703125 0.10092592592592593 0.024479166666666666 0.044444444444444446
1 0.33125 0.1912037037037037 0.03333333333333333 0.06388888888888888
1 0.6208333333333333 0.12962962962962962 0.03333333333333333 0.044444444444444446
1 0.7255208333333333 0.14583333333333334 0.03125 0.030555555555555555
1 0.5786458333333333 0.1037037037037037 0.025 0.03148148148148148
1 0.2591145833333333 0.18472222222222223 0.0453125 0.058333333333333334
1 0.49661458333333336 0.09675925925925925 0.024479166666666666 0.03981481481481482
1 0.8166666666666667 0.19583333333333333 0.046875 0.06574074074074074
1 0.5848958333333333 0.13194444444444445 0.030208333333333334 0.026851851851851852
1 0.6677083333333333 0.1763888888888889 0.026041666666666668 0.05277777777777778
1 0.7169270833333333 0.19166666666666668 0.05260416666666667 0.07777777777777778
1 0.2643229166666667 0.09722222222222222 0.0265625 0.03518518518518519
1 0.27395833333333336 0.22361111111111112 0.057291666666666664 0.0712962962962963
1 0.8518229166666667 0.17685185185185184 0.034895833333333334 0.02962962962962963
1 0.6984375 0.10694444444444444 0.01875 0.017592592592592594
1 0.46041666666666664 0.08703703703703704 0.022916666666666665 0.02962962962962963
1 0.5255208333333333 0.08981481481481482 0.025 0.03888888888888889
1 0.3536458333333333 0.15138888888888888 0.019791666666666666 0.03796296296296296
1 0.5177083333333333 0.13055555555555556 0.025 0.02962962962962963
1 0.39869791666666665 0.07268518518518519 0.019270833333333334 0.025
1 0.2140625 0.08657407407407407 0.028125 0.03796296296296296
1 0.6302083333333334 0.08842592592592592 0.026041666666666668 0.032407407407407406
1 0.8666666666666667 0.16018518518518518 0.04479166666666667 0.06851851851851852
1 0.17421875 0.20046296296296295 0.050520833333333334 0.07314814814814814