2 0.7096354166666666 0.10046296296296296 0.0546875 0.1175925925925926
2 0.6473958333333333 0.09074074074074075 0.05 0.09444444444444444
1 0.31953125 0.6814814814814815 0.1296875 0.16666666666666666
1 0.46640625 0.7430555555555556 0.1390625 0.18055555555555555
1 0.8807291666666667 0.6069444444444444 0.12291666666666666 0.15648148148148147
1 0.71875 0.7069444444444445 0.14166666666666666 0.1824074074074074
1 0.340625 0.39305555555555555 0.06979166666666667 0.08981481481481482
1 0.9041666666666667 0.8930555555555556 0.190625 0.21203703703703702
1 0.51328125 0.4537037037037037 0.10052083333333334 0.15
1 0.64453125 0.5925925925925926 0.1203125 0.18703703703703703
1 0.20729166666666668 0.4134259259259259 0.06979166666666667 0.10648148148148148
1 0.7765625 0.5263888888888889 0.10520833333333333 0.14907407407407408
1 0.71171875 0.45555555555555555 0.09322916666666667 0.12037037037037036
1 0.4596354166666667 0.362962962962963 0.0671875 0.09259259259259259
1 0.43411458333333336 0.21388888888888888 0.04010416666666667 0.05925925925925926
1 0.61640625 0.26435185185185184 0.05572916666666667 0.08796296296296297
1 0.5177083333333333 0.2833333333333333 0.059375 0.08148148148148149
1 0.3221354166666667 0.33796296296296297 0.06302083333333333 0.08518518518518518
1 0.9765625 0.2671296296296296 0.04583333333333333 0.08796296296296297
1 0.4005208333333333 0.17916666666666667 0.0375 0.05092592592592592
1 0.64140625 0.37175925925925923 0.07760416666666667 0.125
1 0.5565104166666667 0.32083333333333336 0.0609375 0.09166666666666666
1 0.60546875 0.17453703703703705 0.03697916666666667 0.041666666666666664
1 0.415625 0.3074074074074074 0.059375 0.08518518518518518
1 0.5174479166666667 0.20046296296296295 0.0453125 0.06944444444444445
1 0.5703125 0.24074074074074073 0.046875 0.06851851851851852
1 0.90390625 0.18101851851851852 0.04114583333333333 0.05277777777777778
1 0.2994791666666667 0.3143518518518518 0.053125 0.0787037037037037
1 0.4942708333333333 0.26990740740740743 0.04375 0.0712962962962963
1 0.8734375 0.1712962962962963 0.034375 0.05
1 0.8221354166666667 0.18009259259259258 0.04010416666666667 0.05648148148148148
1 0.26145833333333335 0.21805555555555556 0.035416666666666666 0.058333333333333334
1 0.9338541666666667 0.24537037037037038 0.05520833333333333 0.06481481481481481
1 0.16119791666666666 0.35462962962962963 0.0703125 0.10925925925925926
1 0.6760416666666667 0.1449074074074074 0.03333333333333333 0.03981481481481482
1 0.49140625 0.1837962962962963 0.0390625 0.062037037037037036
1 0.6619791666666667 0.1763888888888889 0.03854166666666667 0.05648148148148148
1 0.7153645833333333 0.23194444444444445 0.04635416666666667 0.06018518518518518
1 0.8755208333333333 0.25277777777777777 0.052083333333333336 0.044444444444444446
1 0.33880208333333334 0.2064814814814815 0.0359375 0.05925925925925926
1 0.37265625 0.1597222222222222 0.03697916666666667 0.04537037037037037
1 0.8104166666666667 0.2388888888888889 0.04791666666666667 0.07037037037037037
1 0.46848958333333335 0.16620370370370371 0.0328125 0.05277777777777778
1 0.6856770833333333 0.20925925925925926 0.0421875 0.044444444444444446
1 0.4669270833333333 0.23564814814814813 0.0484375 0.08055555555555556
1 0.19375 0.1398148148148148 0.025 0.046296296296296294
1 0.17317708333333334 0.21064814814814814 0.03802083333333333 0.05462962962962963
1 0.9171875 0.3162037037037037 0.07604166666666666 0.08981481481481482
1 0.25 0.17962962962962964 0.04375 0.07222222222222222
1 0.39765625 0.2898148148148148 0.043229166666666666 0.07222222222222222
1 0.3859375 0.2587962962962963 0.051041666666666666 0.08611111111111111
1 0.28515625 0.2657407407407407 0.05364583333333333 0.07407407407407407
1 0.7666666666666667 0.1337962962962963 0.036458333333333336 0.05462962962962963
1 0.4674479166666667 0.10694444444444444 0.0265625 0.030555555555555555
1 0.45598958333333334 0.1537037037037037 0.03802083333333333 0.05925925925925926
1 0.3625 0.2199074074074074 0.041666666666666664 0.07314814814814814
1 0.3 0.14351851851851852 0.03333333333333333 0.053703703703703705
1 0.4901041666666667 0.09861111111111111 0.025 0.03425925925925926
1 0.7653645833333333 0.25 0.04739583333333333 0.04814814814814815
1 0.7770833333333333 0.19027777777777777 0.0375 0.058333333333333334
1 0.8752604166666667 0.29814814814814816 0.04114583333333333 0.05185185185185185
1 0.83203125 0.27685185185185185 0.058854166666666666 0.05925925925925926
1 0.5075520833333333 0.12407407407407407 0.0296875 0.03333333333333333
1 0.2794270833333333 0.11527777777777778 0.028645833333333332 0.03796296296296296
1 0.8075520833333333 0.19675925925925927 0.04114583333333333 0.03796296296296296
1 0.7270833333333333 0.15925925925925927 0.035416666666666666 0.04259259259259259
1 0.175 0.29953703703703705 0.06145833333333333 0.07314814814814814
1 0.3223958333333333 0.1787037037037037 0.035416666666666666 0.04259259259259259
1 0.6963541666666667 0.18009259259259258 0.040625 0.03796296296296296
1 0.6002604166666666 0.1439814814814815 0.0359375 0.058333333333333334
1 0.33697916666666666 0.11527777777777778 0.03125 0.03981481481481482
1 0.7455729166666667 0.11944444444444445 0.021354166666666667 0.044444444444444446
1 0.31927083333333334 0.16064814814814815 0.042708333333333334 0.04537037037037037
1 0.5544270833333333 0.10324074074074074 0.018229166666666668 0.030555555555555555
1 0.3416666666666667 0.07824074074074074 0.028125 0.03425925925925926
1 0.371875 0.1 0.026041666666666668 0.03333333333333333
1 0.7302083333333333 0.19907407407407407 0.03854166666666667 0.05925925925925926
1 0.2557291666666667 0.08518518518518518 0.023958333333333335 0.03518518518518519
1 0.16875 0.16944444444444445 0.040625 0.06111111111111111
1 0.3502604166666667 0.13055555555555556 0.027604166666666666 0.03888888888888889
1 0.30755208333333334 0.09583333333333334 0.024479166666666666 0.03425925925925926
1 0.2786458333333333 0.2175925925925926 0.034375 0.025925925925925925
1 0.3645833333333333 0.1398148148148148 0.0375 0.05185185185185185
1 0.17552083333333332 0.2574074074074074 0.05625 0.05555555555555555
1 0.47421875 0.06296296296296296 0.018229166666666668 0.018518518518518517
1 0.4479166666666667 0.07916666666666666 0.021875 0.03425925925925926
1 0.17630208333333333 0.19074074074074074 0.03697916666666667 0.05185185185185185
1 0.6052083333333333 0.1087962962962963 0.027083333333333334 0.028703703703703703
1 0.5752604166666667 0.1087962962962963 0.0328125 0.05092592592592592
1 0.40677083333333336 0.06805555555555555 0.020833333333333332 0.021296296296296296
1 0.2942708333333333 0.13333333333333333 0.028125 0.04814814814814815
1 0.27708333333333335 0.22870370370370371 0.03854166666666667 0.04814814814814815