2 0.71484375 0.4027777777777778 0.11822916666666666 0.22777777777777777
2 0.9703125 0.175 0.058333333333333334 0.1814814814814815
2 0.8208333333333333 0.1388888888888889 0.06875 0.13333333333333333
2 0.7604166666666666 0.08611111111111111 0.05625 0.08518518518518518
1 0.7598958333333333 0.7449074074074075 0.134375 0.175
1 0.8565104166666667 0.8976851851851851 0.16510416666666666 0.20277777777777778
1 0.2125 0.6226851851851852 0.10208333333333333 0.13796296296296295
1 0.37057291666666664 0.4550925925925926 0.0859375 0.11574074074074074
1 0.5140625 0.4412037037037037 0.08229166666666667 0.11574074074074074
1 0.18515625 0.5546296296296296 0.1015625 0.11851851851851852
1 0.8325520833333333 0.5615740740740741 0.12760416666666666 0.20833333333333334
1 0.63984375 0.1925925925925926 0.04114583333333333 0.03888888888888889
1 0.5174479166666667 0.7935185185185185 0.15052083333333333 0.24444444444444444
1 0.2890625 0.3060185185185185 0.059375 0.07685185185185185
1 0.63828125 0.41574074074074074 0.04635416666666667 0.10555555555555556
1 0.5296875 0.30462962962962964 0.05625 0.07777777777777778
1 0.49505208333333334 0.2675925925925926 0.05572916666666667 0.07222222222222222
1 0.1921875 0.27361111111111114 0.05 0.075
1 0.9807291666666667 0.31712962962962965 0.0375 0.09166666666666666
1 0.45338541666666665 0.6949074074074074 0.13177083333333334 0.16944444444444445
1 0.615625 0.28425925925925927 0.05520833333333333 0.07592592592592592
1 0.6046875 0.15324074074074073 0.035416666666666666 0.049074074074074076
1 0.50078125 0.39444444444444443 0.06927083333333334 0.1037037037037037
1 0.6104166666666667 0.3675925925925926 0.07291666666666667 0.09444444444444444
1 0.721875 0.2310185185185185 0.04375 0.058333333333333334
1 0.36822916666666666 0.27361111111111114 0.03333333333333333 0.06759259259259259
1 0.2669270833333333 0.21898148148148147 0.04010416666666667 0.05462962962962963
1 0.7533854166666667 0.2111111111111111 0.0390625 0.05925925925925926
1 0.18776041666666668 0.38657407407407407 0.0796875 0.10833333333333334
1 0.4309895833333333 0.32222222222222224 0.06927083333333334 0.11666666666666667
1 0.58515625 0.2537037037037037 0.05677083333333333 0.08148148148148149
1 0.6484375 0.13333333333333333 0.03854166666666667 0.06111111111111111
1 0.18880208333333334 0.45925925925925926 0.07760416666666667 0.1111111111111111
1 0.46067708333333335 0.24305555555555555 0.0515625 0.0712962962962963
1 0.39479166666666665 0.17222222222222222 0.03958333333333333 0.05740740740740741
1 0.8552083333333333 0.25416666666666665 0.058333333333333334 0.09166666666666666
1 0.9065104166666667 0.17916666666666667 0.03802083333333333 0.06388888888888888
1 0.24895833333333334 0.17222222222222222 0.03854166666666667 0.05185185185185185
1 0.3494791666666667 0.3958333333333333 0.08854166666666667 0.14166666666666666
1 0.5893229166666667 0.14351851851851852 0.0328125 0.05
1 0.18776041666666668 0.225 0.04114583333333333 0.05925925925925926
1 0.4986979166666667 0.10138888888888889 0.0296875 0.04537037037037037
1 0.5229166666666667 0.11851851851851852 0.026041666666666668 0.03333333333333333
1 0.7106770833333333 0.13148148148148148 0.030729166666666665 0.03518518518518519
1 0.43359375 0.2013888888888889 0.043229166666666666 0.0712962962962963
1 0.81171875 0.19953703703703704 0.0453125 0.07314814814814814
1 0.33984375 0.20833333333333334 0.033854166666666664 0.05555555555555555
1 0.5583333333333333 0.12685185185185185 0.027083333333333334 0.040740740740740744
1 0.40651041666666665 0.19166666666666668 0.0296875 0.05740740740740741
1 0.228125 0.12638888888888888 0.034375 0.05277777777777778
1 0.29583333333333334 0.1425925925925926 0.03333333333333333 0.053703703703703705
1 0.2643229166666667 0.1037037037037037 0.025520833333333333 0.03888888888888889
1 0.45546875 0.08564814814814815 0.0171875 0.028703703703703703
1 0.4049479166666667 0.12129629629629629 0.030729166666666665 0.040740740740740744
1 0.41692708333333334 0.06944444444444445 0.019270833333333334 0.025925925925925925
1 0.35833333333333334 0.14722222222222223 0.04375 0.05555555555555555
1 0.93046875 0.18425925925925926 0.0296875 0.07407407407407407
1 0.4744791666666667 0.09768518518518518 0.023958333333333335 0.028703703703703703
1 0.6763020833333333 0.1287037037037037 0.021354166666666667 0.040740740740740744
1 0.24010416666666667 0.1449074074074074 0.035416666666666666 0.04351851851851852
1 0.16484375 0.11388888888888889 0.0265625 0.03333333333333333
1 0.16796875 0.08518518518518518 0.027604166666666666 0.025925925925925925
1 0.6096354166666667 0.12037037037037036 0.0328125 0.05185185185185185
1 0.2630208333333333 0.19537037037037036 0.046875 0.046296296296296294
1 0.88828125 0.1675925925925926 0.03802083333333333 0.06481481481481481
1 0.16692708333333334 0.14814814814814814 0.0328125 0.04259259259259259
1 0.75390625 0.14814814814814814 0.03697916666666667 0.05555555555555555
1 0.7260416666666667 0.13935185185185187 0.026041666666666668 0.028703703703703703
1 0.54296875 0.06666666666666667 0.024479166666666666 0.03333333333333333
1 0.40260416666666665 0.28935185185185186 0.052083333333333336 0.11018518518518519
1 0.7143229166666667 0.2 0.0421875 0.05740740740740741
1 0.18125 0.20879629629629629 0.040625 0.05648148148148148
1 0.33697916666666666 0.11898148148148148 0.028125 0.03425925925925926
1 0.6341145833333334 0.10648148148148148 0.0234375 0.03888888888888889
1 0.3609375 0.2324074074074074 0.051041666666666666 0.08148148148148149
1 0.32083333333333336 0.16574074074074074 0.03333333333333333 0.05740740740740741
1 0.32734375 0.07083333333333333 0.019270833333333334 0.019444444444444445
1 0.9731770833333333 0.26157407407407407 0.05260416666666667 0.07685185185185185
1 0.58203125 0.1310185185185185 0.0296875 0.05648148148148148
1 0.7283854166666667 0.16666666666666666 0.0265625 0.03518518518518519
1 0.39869791666666665 0.06944444444444445 0.018229166666666668 0.024074074074074074
1 0.44192708333333336 0.07546296296296297 0.018229166666666668 0.032407407407407406
1 0.49947916666666664 0.06898148148148148 0.020833333333333332 0.026851851851851852
1 0.5854166666666667 0.07731481481481481 0.029166666666666667 0.023148148148148147
1 0.16666666666666666 0.18055555555555555 0.030208333333333334 0.05740740740740741
1 0.33828125 0.1865740740740741 0.03802083333333333 0.05277777777777778
1 0.4453125 0.15231481481481482 0.03229166666666667 0.05462962962962963
1 0.42630208333333336 0.14027777777777778 0.025520833333333333 0.041666666666666664
1 0.55546875 0.09444444444444444 0.016145833333333335 0.025925925925925925
1 0.5721354166666667 0.1 0.0234375 0.03518518518518519
1 0.3963541666666667 0.11481481481481481 0.027083333333333334 0.04814814814814815
1 0.6979166666666666 0.1824074074074074 0.03958333333333333 0.06851851851851852