2 0.91796875 0.7069444444444445 0.16302083333333334 0.5824074074074074
2 0.9713541666666666 0.18333333333333332 0.05625 0.17037037037037037
2 0.8713541666666667 0.12546296296296297 0.07083333333333333 0.13240740740740742
2 0.6283854166666667 0.7976851851851852 0.3421875 0.4027777777777778
1 0.5106770833333333 0.4337962962962963 0.07760416666666667 0.10833333333333334
1 0.46067708333333335 0.39814814814814814 0.06510416666666667 0.09259259259259259
1 0.58203125 0.5236111111111111 0.10052083333333334 0.13425925925925927
1 0.8125 0.5671296296296297 0.0625 0.18796296296296297
1 0.6966145833333334 0.46435185185185185 0.09010416666666667 0.11574074074074074
1 0.19921875 0.39166666666666666 0.06614583333333333 0.08888888888888889
1 0.8638020833333333 0.29814814814814816 0.06614583333333333 0.05740740740740741
1 0.9375 0.28935185185185186 0.06145833333333333 0.08425925925925926
1 0.30078125 0.29814814814814816 0.05572916666666667 0.07777777777777778
1 0.7322916666666667 0.2101851851851852 0.04479166666666667 0.06111111111111111
1 0.07552083333333333 0.45555555555555555 0.08229166666666667 0.10925925925925926
1 0.6395833333333333 0.600925925925926 0.11875 0.1685185185185185
1 0.40729166666666666 0.2912037037037037 0.05520833333333333 0.0787037037037037
1 0.4578125 0.7472222222222222 0.13958333333333334 0.25
1 0.43854166666666666 0.2162037037037037 0.03958333333333333 0.06018518518518518
1 0.4109375 0.1962962962962963 0.040625 0.05740740740740741
1 0.5716145833333334 0.33240740740740743 0.07760416666666667 0.1259259259259259
1 0.18723958333333332 0.20185185185185187 0.0390625 0.05925925925925926
1 0.24947916666666667 0.16944444444444445 0.036458333333333336 0.044444444444444446
1 0.7622395833333333 0.3819444444444444 0.0796875 0.10277777777777777
1 0.3515625 0.41435185185185186 0.07708333333333334 0.125
1 0.4591145833333333 0.08518518518518518 0.025520833333333333 0.03518518518518519
1 0.4713541666666667 0.2523148148148148 0.04479166666666667 0.06759259259259259
1 0.61171875 0.1550925925925926 0.034895833333333334 0.041666666666666664
1 0.48072916666666665 0.274537037037037 0.030208333333333334 0.06944444444444445
1 0.27005208333333336 0.21944444444444444 0.04739583333333333 0.05925925925925926
1 0.359375 0.13842592592592592 0.036458333333333336 0.05277777777777778
1 0.3255208333333333 0.39166666666666666 0.059375 0.0962962962962963
1 0.7158854166666667 0.19490740740740742 0.04114583333333333 0.06018518518518518
1 0.6486979166666667 0.16712962962962963 0.04010416666666667 0.05648148148148148
1 0.21067708333333332 0.13518518518518519 0.0296875 0.037037037037037035
1 0.37786458333333334 0.2625 0.043229166666666666 0.07314814814814814
1 0.9864583333333333 0.37222222222222223 0.026041666666666668 0.08518518518518518
1 0.1921875 0.35138888888888886 0.065625 0.0787037037037037
1 0.6817708333333333 0.17916666666666667 0.041666666666666664 0.06944444444444445
1 0.39114583333333336 0.14583333333333334 0.035416666666666666 0.05277777777777778
1 0.7046875 0.1449074074074074 0.04479166666666667 0.04351851851851852
1 0.31692708333333336 0.17592592592592593 0.03697916666666667 0.06296296296296296
1 0.2677083333333333 0.09675925925925925 0.028125 0.041666666666666664
1 0.27890625 0.11666666666666667 0.0296875 0.044444444444444446
1 0.9307291666666667 0.2310185185185185 0.03958333333333333 0.03981481481481482
1 0.3640625 0.09074074074074075 0.030208333333333334 0.03888888888888889
1 0.5640625 0.12638888888888888 0.0375 0.05648148148148148
1 0.73984375 0.15648148148148147 0.0296875 0.02962962962962963
1 0.23619791666666667 0.15694444444444444 0.0390625 0.04351851851851852
1 0.39791666666666664 0.07083333333333333 0.017708333333333333 0.025
1 0.3026041666666667 0.14814814814814814 0.035416666666666666 0.04814814814814815
1 0.17239583333333333 0.3023148148148148 0.052083333333333336 0.08425925925925926
1 0.18177083333333333 0.26481481481481484 0.04791666666666667 0.08703703703703704
1 0.29244791666666664 0.2662037037037037 0.05677083333333333 0.09537037037037037
1 0.25364583333333335 0.08287037037037037 0.021875 0.03611111111111111
1 0.4747395833333333 0.07037037037037037 0.019270833333333334 0.03148148148148148
1 0.18255208333333334 0.17037037037037037 0.0359375 0.046296296296296294
1 0.67265625 0.11944444444444445 0.027604166666666666 0.02962962962962963
1 0.8716145833333333 0.4134259259259259 0.12552083333333333 0.1175925925925926
1 0.9091145833333333 0.18055555555555555 0.0296875 0.05185185185185185
1 0.3463541666666667 0.075 0.022916666666666665 0.03333333333333333
1 0.4 0.11481481481481481 0.026041666666666668 0.046296296296296294
1 0.36796875 0.22824074074074074 0.0546875 0.08981481481481482
1 0.4315104166666667 0.07546296296296297 0.022395833333333334 0.030555555555555555
1 0.29296875 0.13425925925925927 0.028645833333333332 0.05
1 0.87421875 0.1962962962962963 0.04635416666666667 0.05925925925925926
1 0.48489583333333336 0.09490740740740741 0.022916666666666665 0.03981481481481482
1 0.49296875 0.1814814814814815 0.058854166666666666 0.06111111111111111
1 0.6736979166666667 0.13935185185185187 0.0265625 0.028703703703703703
1 0.3424479166666667 0.20046296296296295 0.04010416666666667 0.06759259259259259
1 0.022395833333333334 0.4962962962962963 0.04479166666666667 0.11851851851851852
1 0.58359375 0.12222222222222222 0.022395833333333334 0.05185185185185185
1 0.8578125 0.18518518518518517 0.03854166666666667 0.06666666666666667
1 0.64296875 0.09722222222222222 0.0359375 0.037037037037037035
1 0.16875 0.11574074074074074 0.028125 0.03333333333333333
1 0.5067708333333333 0.09768518518518518 0.027083333333333334 0.04722222222222222
1 0.92890625 0.18611111111111112 0.0328125 0.053703703703703705
1 0.7255208333333333 0.12777777777777777 0.029166666666666667 0.03333333333333333
1 0.32005208333333335 0.11157407407407408 0.018229166666666668 0.03611111111111111
1 0.23645833333333333 0.13194444444444445 0.03125 0.026851851851851852
1 0.90390625 0.2587962962962963 0.06197916666666667 0.0824074074074074
1 0.38359375 0.10462962962962963 0.022395833333333334 0.03333333333333333
1 0.3390625 0.22361111111111112 0.025 0.06388888888888888
1 0.33697916666666666 0.11805555555555555 0.028125 0.04722222222222222
1 0.5494791666666666 0.08194444444444444 0.023958333333333335 0.030555555555555555
1 0.7713541666666667 0.1736111111111111 0.057291666666666664 0.06574074074074074
1 0.3026041666666667 0.09675925925925925 0.025 0.03796296296296296
1 0.5205729166666667 0.1125 0.0265625 0.04537037037037037