3 0.96953125 0.28703703703703703 0.059895833333333336 0.10925925925925926
2 0.9377604166666667 0.18888888888888888 0.09114583333333333 0.18518518518518517
1 0.24713541666666666 0.874537037037037 0.1703125 0.22314814814814815
1 0.43333333333333335 0.6726851851851852 0.12604166666666666 0.1675925925925926
1 0.9403645833333333 0.9268518518518518 0.11822916666666666 0.14444444444444443
1 0.6598958333333333 0.4300925925925926 0.0875 0.11203703703703703
1 0.7942708333333334 0.8268518518518518 0.15 0.20555555555555555
1 0.13515625 0.3925925925925926 0.06822916666666666 0.09259259259259259
1 0.20755208333333333 0.6458333333333334 0.11822916666666666 0.15462962962962962
1 0.49296875 0.4148148148148148 0.07760416666666667 0.10555555555555556
1 0.3515625 0.4388888888888889 0.07916666666666666 0.11296296296296296
1 0.509375 0.29259259259259257 0.059375 0.07777777777777778
1 0.8286458333333333 0.5560185185185185 0.11979166666666667 0.18796296296296297
1 0.5671875 0.3337962962962963 0.06666666666666667 0.09351851851851851
1 0.40625 0.5291666666666667 0.09791666666666667 0.13240740740740742
1 0.5541666666666667 0.4685185185185185 0.090625 0.14444444444444443
1 0.8151041666666666 0.24027777777777778 0.04895833333333333 0.06574074074074074
1 0.18854166666666666 0.3347222222222222 0.06041666666666667 0.0824074074074074
1 0.9401041666666666 0.47685185185185186 0.10625 0.1574074074074074
1 0.46041666666666664 0.3680555555555556 0.06875 0.09537037037037037
1 0.9875 0.7513888888888889 0.023958333333333335 0.16574074074074074
1 0.74453125 0.35555555555555557 0.07447916666666667 0.10925925925925926
1 0.48802083333333335 0.17685185185185184 0.03854166666666667 0.053703703703703705
1 0.403125 0.12222222222222222 0.021875 0.037037037037037035
1 0.6385416666666667 0.9523148148148148 0.19583333333333333 0.09351851851851851
1 0.3924479166666667 0.2773148148148148 0.044270833333333336 0.0712962962962963
1 0.44583333333333336 0.22175925925925927 0.036458333333333336 0.05648148148148148
1 0.30416666666666664 0.31712962962962965 0.071875 0.12129629629629629
1 0.38645833333333335 0.175 0.03333333333333333 0.044444444444444446
1 0.4276041666666667 0.13425925925925927 0.03854166666666667 0.06111111111111111
1 0.32421875 0.18518518518518517 0.044270833333333336 0.05555555555555555
1 0.5598958333333334 0.12361111111111112 0.028125 0.03981481481481482
1 0.8557291666666667 0.4115740740740741 0.096875 0.1287037037037037
1 0.42630208333333336 0.3 0.058854166666666666 0.1
1 0.66953125 0.17685185185185184 0.0390625 0.06111111111111111
1 0.40703125 0.18611111111111112 0.03697916666666667 0.053703703703703705
1 0.36875 0.14907407407407408 0.03333333333333333 0.05
1 0.884375 0.1685185185185185 0.027083333333333334 0.06111111111111111
1 0.4661458333333333 0.16064814814814815 0.035416666666666666 0.05648148148148148
1 0.37604166666666666 0.24305555555555555 0.052083333333333336 0.08055555555555556
1 0.7346354166666667 0.1439814814814815 0.030729166666666665 0.041666666666666664
1 0.21041666666666667 0.16805555555555557 0.042708333333333334 0.06944444444444445
1 0.5729166666666666 0.10972222222222222 0.03229166666666667 0.03981481481481482
1 0.5736979166666667 0.1587962962962963 0.0359375 0.03425925925925926
1 0.5244791666666667 0.1300925925925926 0.020833333333333332 0.032407407407407406
1 0.3848958333333333 0.1037037037037037 0.025 0.037037037037037035
1 0.16328125 0.26064814814814813 0.0421875 0.06574074074074074
1 0.7057291666666666 0.15787037037037038 0.036458333333333336 0.05648148148148148
1 0.72109375 0.6763888888888889 0.13385416666666666 0.21574074074074073
1 0.8059895833333334 0.16111111111111112 0.04010416666666667 0.05925925925925926
1 0.27109375 0.1574074074074074 0.034895833333333334 0.05740740740740741
1 0.7177083333333333 0.32037037037037036 0.07083333333333333 0.12037037037037036
1 0.15625 0.09537037037037037 0.026041666666666668 0.040740740740740744
1 0.48515625 0.24444444444444444 0.059895833333333336 0.08518518518518518
1 0.6317708333333333 0.10555555555555556 0.027083333333333334 0.03148148148148148
1 0.7838541666666666 0.11990740740740741 0.03958333333333333 0.03425925925925926
1 0.66953125 0.1087962962962963 0.0265625 0.03425925925925926
1 0.5044270833333333 0.12083333333333333 0.025520833333333333 0.030555555555555555
1 0.6809895833333334 0.1425925925925926 0.03177083333333333 0.037037037037037035
1 0.3302083333333333 0.06898148148148148 0.016666666666666666 0.021296296296296296
1 0.43255208333333334 0.2050925925925926 0.03802083333333333 0.06574074074074074
1 0.7572916666666667 0.18194444444444444 0.030208333333333334 0.05648148148148148
1 0.5955729166666667 0.09675925925925925 0.025520833333333333 0.032407407407407406
1 0.7182291666666667 0.2 0.04375 0.06111111111111111
1 0.65703125 0.1037037037037037 0.021354166666666667 0.03333333333333333
1 0.26875 0.10416666666666667 0.022916666666666665 0.041666666666666664
1 0.9890625 0.21666666666666667 0.020833333333333332 0.03148148148148148
1 0.17421875 0.1648148148148148 0.0359375 0.05185185185185185
1 0.67890625 0.12407407407407407 0.0296875 0.037037037037037035
1 0.2916666666666667 0.1300925925925926 0.03333333333333333 0.06388888888888888
1 0.628125 0.15555555555555556 0.04375 0.06666666666666667
1 0.61953125 0.08564814814814815 0.024479166666666666 0.03611111111111111
1 0.4984375 0.09212962962962963 0.022916666666666665 0.023148148148148147
1 0.178125 0.22175925925925927 0.046875 0.04351851851851852
1 0.17447916666666666 0.1125 0.027083333333333334 0.028703703703703703
1 0.5192708333333333 0.0837962962962963 0.020833333333333332 0.021296296296296296
1 0.24140625 0.1648148148148148 0.028645833333333332 0.053703703703703705
1 0.48723958333333334 0.07777777777777778 0.024479166666666666 0.037037037037037035
1 0.6127604166666667 0.11388888888888889 0.024479166666666666 0.018518518518518517
1 0.8151041666666666 0.19722222222222222 0.04479166666666667 0.05925925925925926
1 0.16380208333333332 0.1412037037037037 0.025520833333333333 0.041666666666666664
1 0.2708333333333333 0.2111111111111111 0.04583333333333333 0.06111111111111111
1 0.4440104166666667 0.09537037037037037 0.024479166666666666 0.027777777777777776
1 0.34661458333333334 0.07824074074074074 0.0203125 0.032407407407407406
1 0.30364583333333334 0.26064814814814813 0.06041666666666667 0.06944444444444445
1 0.6013020833333333 0.14351851851851852 0.025520833333333333 0.04814814814814815
1 0.3567708333333333 0.2222222222222222 0.03958333333333333 0.07222222222222222
1 0.18333333333333332 0.28888888888888886 0.05625 0.0962962962962963
1 0.3484375 0.13796296296296295 0.029166666666666667 0.03888888888888889
1 0.34609375 0.12175925925925926 0.0359375 0.04351851851851852
1 0.2791666666666667 0.26157407407407407 0.046875 0.08425925925925926
1 0.25729166666666664 0.2074074074074074 0.041666666666666664 0.07777777777777778
1 0.26875 0.24583333333333332 0.041666666666666664 0.06759259259259259
1 0.7635416666666667 0.15416666666666667 0.040625 0.04351851851851852