2 0.6760416666666667 0.09212962962962963 0.051041666666666666 0.10277777777777777
1 0.8354166666666667 0.5550925925925926 0.11354166666666667 0.1527777777777778
1 0.665625 0.9564814814814815 0.184375 0.08518518518518518
1 0.36432291666666666 0.4648148148148148 0.0828125 0.10925925925925926
1 0.3098958333333333 0.9384259259259259 0.18541666666666667 0.12129629629629629
1 0.20703125 0.49675925925925923 0.09427083333333333 0.125
1 0.5078125 0.42314814814814816 0.07916666666666666 0.10740740740740741
1 0.4515625 0.350462962962963 0.06770833333333333 0.09537037037037037
1 0.7846354166666667 0.7796296296296297 0.15677083333333333 0.24444444444444444
1 0.5645833333333333 0.32314814814814813 0.06770833333333333 0.09259259259259259
1 0.07369791666666667 0.4300925925925926 0.08489583333333334 0.13796296296296295
1 0.3455729166666667 0.38981481481481484 0.07239583333333334 0.0962962962962963
1 0.8890625 0.3106481481481482 0.071875 0.058333333333333334
1 0.45416666666666666 0.23425925925925925 0.046875 0.06296296296296296
1 0.53515625 0.3055555555555556 0.050520833333333334 0.08148148148148149
1 0.5557291666666667 0.225 0.04895833333333333 0.07777777777777778
1 0.4166666666666667 0.1925925925925926 0.041666666666666664 0.05
1 0.4981770833333333 0.262037037037037 0.05677083333333333 0.08703703703703704
1 0.9369791666666667 0.6708333333333333 0.125 0.18796296296296297
1 0.8513020833333333 0.1638888888888889 0.03697916666666667 0.04814814814814815
1 0.8453125 0.2162037037037037 0.04791666666666667 0.06388888888888888
1 0.67578125 0.3037037037037037 0.06302083333333333 0.1
1 0.31927083333333334 0.3560185185185185 0.06666666666666667 0.08981481481481482
1 0.17057291666666666 0.22916666666666666 0.04114583333333333 0.06018518518518518
1 0.5635416666666667 0.15462962962962962 0.03229166666666667 0.037037037037037035
1 0.26536458333333335 0.23935185185185184 0.0390625 0.06574074074074074
1 0.68984375 0.21944444444444444 0.0421875 0.04814814814814815
1 0.296875 0.2986111111111111 0.05625 0.07685185185185185
1 0.8002604166666667 0.2611111111111111 0.06302083333333333 0.07222222222222222
1 0.7127604166666667 0.44074074074074077 0.09322916666666667 0.14444444444444443
1 0.35546875 0.22916666666666666 0.03802083333333333 0.062037037037037036
1 0.1796875 0.3384259259259259 0.06979166666666667 0.08611111111111111
1 0.6122395833333333 0.36944444444444446 0.0703125 0.1037037037037037
1 0.42682291666666666 0.3263888888888889 0.049479166666666664 0.08055555555555556
1 0.38645833333333335 0.17314814814814813 0.0375 0.05185185185185185
1 0.8861979166666667 0.2310185185185185 0.049479166666666664 0.075
1 0.8005208333333333 0.18935185185185185 0.030208333333333334 0.05648148148148148
1 0.65546875 0.19675925925925927 0.03802083333333333 0.04351851851851852
1 0.9002604166666667 0.2601851851851852 0.05260416666666667 0.05
1 0.8247395833333333 0.15324074074074073 0.0328125 0.04351851851851852
1 0.98359375 0.23287037037037037 0.03177083333333333 0.06574074074074074
1 0.18541666666666667 0.2851851851851852 0.052083333333333336 0.05925925925925926
1 0.7278645833333334 0.1699074074074074 0.03802083333333333 0.05462962962962963
1 0.49635416666666665 0.18425925925925926 0.036458333333333336 0.06111111111111111
1 0.5203125 0.11157407407407408 0.027083333333333334 0.03611111111111111
1 0.35104166666666664 0.08333333333333333 0.03125 0.037037037037037035
1 0.6145833333333334 0.27314814814814814 0.05625 0.07777777777777778
1 0.52265625 0.20601851851851852 0.0421875 0.06944444444444445
1 0.9872395833333333 0.30972222222222223 0.024479166666666666 0.1175925925925926
1 0.6776041666666667 0.17083333333333334 0.036458333333333336 0.049074074074074076
1 0.94609375 0.2912037037037037 0.058854166666666666 0.09351851851851851
1 0.34739583333333335 0.2111111111111111 0.0375 0.05925925925925926
1 0.18151041666666667 0.2064814814814815 0.0390625 0.05555555555555555
1 0.38515625 0.10833333333333334 0.027604166666666666 0.03888888888888889
1 0.5825520833333333 0.5615740740740741 0.1203125 0.18425925925925926
1 0.48385416666666664 0.1712962962962963 0.03854166666666667 0.06666666666666667
1 0.3609375 0.1412037037037037 0.028125 0.041666666666666664
1 0.6239583333333333 0.15787037037037038 0.03229166666666667 0.05092592592592592
1 0.3859375 0.24305555555555555 0.046875 0.08055555555555556
1 0.7375 0.12083333333333333 0.035416666666666666 0.04537037037037037
1 0.71171875 0.1111111111111111 0.0265625 0.044444444444444446
1 0.3390625 0.12083333333333333 0.026041666666666668 0.03981481481481482
1 0.40703125 0.2912037037037037 0.05677083333333333 0.09351851851851851
1 0.9255208333333333 0.9226851851851852 0.14791666666666667 0.1527777777777778
1 0.6802083333333333 0.14305555555555555 0.034375 0.041666666666666664
1 0.6325520833333333 0.18287037037037038 0.0359375 0.03425925925925926
1 0.2557291666666667 0.19398148148148148 0.05 0.0787037037037037
1 0.33541666666666664 0.1837962962962963 0.03854166666666667 0.06574074074074074
1 0.19583333333333333 0.10324074074074074 0.026041666666666668 0.030555555555555555
1 0.16640625 0.11944444444444445 0.0390625 0.05555555555555555
1 0.6364583333333333 0.13055555555555556 0.03333333333333333 0.037037037037037035
1 0.37734375 0.09490740740740741 0.024479166666666666 0.030555555555555555
1 0.6416666666666667 0.10740740740740741 0.025 0.03888888888888889
1 0.7963541666666667 0.2111111111111111 0.01875 0.02962962962962963
1 0.7494791666666667 0.2361111111111111 0.04895833333333333 0.05185185185185185
1 0.74140625 0.20694444444444443 0.0453125 0.06388888888888888
1 0.57109375 0.12916666666666668 0.03177083333333333 0.05462962962962963
1 0.25677083333333334 0.08981481481481482 0.026041666666666668 0.037037037037037035
1 0.3098958333333333 0.15555555555555556 0.036458333333333336 0.05555555555555555
1 0.47213541666666664 0.0912037037037037 0.025520833333333333 0.03611111111111111
1 0.590625 0.0912037037037037 0.01875 0.04537037037037037
1 0.28854166666666664 0.26296296296296295 0.051041666666666666 0.07222222222222222
1 0.14661458333333333 0.12361111111111112 0.011979166666666667 0.04722222222222222
1 0.44921875 0.09490740740740741 0.024479166666666666 0.026851851851851852
1 0.23125 0.12453703703703704 0.035416666666666666 0.026851851851851852
1 0.21796875 0.1037037037037037 0.03177083333333333 0.037037037037037035
1 0.4861979166666667 0.1111111111111111 0.027604166666666666 0.03148148148148148
1 0.16796875 0.08425925925925926 0.033854166666666664 0.03333333333333333
1 0.35833333333333334 0.1259259259259259 0.027083333333333334 0.037037037037037035
1 0.2989583333333333 0.14305555555555555 0.028125 0.049074074074074076
1 0.24895833333333334 0.07777777777777778 0.025 0.03148148148148148
1 0.7471354166666667 0.17916666666666667 0.0421875 0.05277777777777778
1 0.46197916666666666 0.0625 0.019791666666666666 0.019444444444444445
1 0.7859375 0.2111111111111111 0.03958333333333333 0.03148148148148148
1 0.2872395833333333 0.12175925925925926 0.024479166666666666 0.041666666666666664
1 0.765625 0.15462962962962962 0.03229166666666667 0.04259259259259259
1 0.27291666666666664 0.1037037037037037 0.03229166666666667 0.03333333333333333
1 0.17083333333333334 0.18055555555555555 0.03958333333333333 0.06481481481481481
1 0.21302083333333333 0.07777777777777778 0.025 0.025925925925925925
1 0.23541666666666666 0.15 0.035416666666666666 0.03888888888888889
1 0.303125 0.08564814814814815 0.028125 0.03611111111111111
1 0.57578125 0.10648148148148148 0.0265625 0.040740740740740744
1 0.32265625 0.11712962962962963 0.016145833333333335 0.032407407407407406
1 0.3151041666666667 0.17222222222222222 0.025 0.04814814814814815
1 0.3182291666666667 0.10231481481481482 0.022916666666666665 0.032407407407407406
1 0.1703125 0.29583333333333334 0.05 0.058333333333333334