2 0.6609375 0.36064814814814816 0.10729166666666666 0.20833333333333334
2 0.77890625 0.08981481481481482 0.0578125 0.09074074074074075
2 0.84609375 0.13703703703703704 0.07864583333333333 0.12037037037037036
1 0.72890625 0.7476851851851852 0.1328125 0.18611111111111112
1 0.5723958333333333 0.33564814814814814 0.065625 0.08611111111111111
1 0.6697916666666667 0.6310185185185185 0.11458333333333333 0.14537037037037037
1 0.3541666666666667 0.4115740740740741 0.078125 0.10462962962962963
1 0.44973958333333336 0.6699074074074074 0.12552083333333333 0.2064814814814815
1 0.6692708333333334 0.21064814814814814 0.04791666666666667 0.04351851851851852
1 0.4856770833333333 0.3990740740740741 0.07239583333333334 0.10555555555555556
1 0.20572916666666666 0.5560185185185185 0.09166666666666666 0.125
1 0.9611979166666667 0.9532407407407407 0.0765625 0.09166666666666666
1 0.50703125 0.2810185185185185 0.05364583333333333 0.07314814814814814
1 0.2794270833333333 0.2833333333333333 0.0546875 0.07222222222222222
1 0.5953125 0.2601851851851852 0.052083333333333336 0.06666666666666667
1 0.40625 0.5995370370370371 0.09583333333333334 0.14907407407407408
1 0.475 0.24953703703703703 0.053125 0.06944444444444445
1 0.9026041666666667 0.2722222222222222 0.06354166666666666 0.1
1 0.5950520833333334 0.37777777777777777 0.03697916666666667 0.09444444444444444
1 0.625 0.1625 0.036458333333333336 0.05092592592592592
1 0.19140625 0.5009259259259259 0.09114583333333333 0.10925925925925926
1 0.9333333333333333 0.1865740740740741 0.042708333333333334 0.06574074074074074
1 0.5609375 0.23657407407407408 0.05 0.07685185185185185
1 0.19010416666666666 0.2569444444444444 0.04791666666666667 0.06944444444444445
1 0.26328125 0.20787037037037037 0.03802083333333333 0.05092592592592592
1 0.76484375 0.4925925925925926 0.11302083333333333 0.18518518518518517
1 0.36171875 0.25324074074074077 0.0328125 0.06944444444444445
1 0.33619791666666665 0.3597222222222222 0.08177083333333333 0.12685185185185185
1 0.8510416666666667 0.2125 0.04895833333333333 0.07685185185185185
1 0.42213541666666665 0.29907407407407405 0.06510416666666667 0.10925925925925926
1 0.47109375 0.3592592592592593 0.06510416666666667 0.09444444444444444
1 0.44166666666666665 0.22268518518518518 0.04791666666666667 0.058333333333333334
1 0.6940104166666666 0.1337962962962963 0.021354166666666667 0.04351851851851852
1 0.3497395833333333 0.21898148148148147 0.049479166666666664 0.07685185185185185
1 0.6091145833333333 0.15138888888888888 0.033854166666666664 0.05092592592592592
1 0.8020833333333334 0.22777777777777777 0.030208333333333334 0.06111111111111111
1 0.76875 0.25046296296296294 0.04791666666666667 0.06388888888888888
1 0.38645833333333335 0.16296296296296298 0.036458333333333336 0.05555555555555555
1 0.26171875 0.09768518518518518 0.0234375 0.03981481481481482
1 0.16640625 0.17037037037037037 0.0328125 0.053703703703703705
1 0.18645833333333334 0.20416666666666666 0.040625 0.049074074074074076
1 0.7348958333333333 0.14027777777777778 0.03333333333333333 0.03796296296296296
1 0.4856770833333333 0.09953703703703703 0.021354166666666667 0.03425925925925926
1 0.74765625 0.21203703703703702 0.0453125 0.06296296296296296
1 0.5697916666666667 0.13472222222222222 0.03333333333333333 0.04722222222222222
1 0.18151041666666667 0.41944444444444445 0.06927083333333334 0.10925925925925926
1 0.33125 0.19722222222222222 0.03125 0.05
1 0.24583333333333332 0.1638888888888889 0.03854166666666667 0.05
1 0.32760416666666664 0.11342592592592593 0.03229166666666667 0.032407407407407406
1 0.6671875 0.14074074074074075 0.040625 0.06296296296296296
1 0.8333333333333334 0.19537037037037036 0.046875 0.07592592592592592
1 0.31354166666666666 0.15787037037037038 0.03229166666666667 0.05648148148148148
1 0.5075520833333333 0.10694444444444444 0.030729166666666665 0.04722222222222222
1 0.39348958333333334 0.11157407407407408 0.033854166666666664 0.04537037037037037
1 0.3697916666666667 0.09490740740740741 0.026041666666666668 0.04537037037037037
1 0.41901041666666666 0.18611111111111112 0.0390625 0.06296296296296296
1 0.9127604166666666 0.17453703703703705 0.0390625 0.06759259259259259
1 0.7802083333333333 0.16203703703703703 0.03854166666666667 0.06481481481481481
1 0.1859375 0.36203703703703705 0.07916666666666666 0.12037037037037036
1 0.2916666666666667 0.13194444444444445 0.03333333333333333 0.04537037037037037
1 0.23567708333333334 0.1388888888888889 0.0328125 0.040740740740740744
1 0.465625 0.08842592592592592 0.01875 0.03425925925925926
1 0.4236979166666667 0.07037037037037037 0.021354166666666667 0.02962962962962963
1 0.39166666666666666 0.25972222222222224 0.04791666666666667 0.08425925925925926
1 0.16953125 0.07916666666666666 0.024479166666666666 0.021296296296296296
1 0.5971354166666667 0.13703703703703704 0.0328125 0.06481481481481481
1 0.7497395833333333 0.1476851851851852 0.028645833333333332 0.030555555555555555
1 0.625 0.11805555555555555 0.03229166666666667 0.03981481481481482
1 0.22604166666666667 0.12083333333333333 0.0375 0.05462962962962963
1 0.31015625 0.09259259259259259 0.0359375 0.03518518518518519
1 0.97265625 0.19305555555555556 0.05364583333333333 0.07685185185185185
1 0.7580729166666667 0.1763888888888889 0.024479166666666666 0.03425925925925926
1 0.5950520833333334 0.08564814814814815 0.0265625 0.030555555555555555
1 0.6471354166666666 0.13287037037037036 0.0171875 0.04351851851851852
1 0.3528645833333333 0.1388888888888889 0.043229166666666666 0.05185185185185185
1 0.3307291666666667 0.17222222222222222 0.03333333333333333 0.04259259259259259
1 0.6489583333333333 0.10092592592592593 0.022916666666666665 0.022222222222222223
1 0.6065104166666667 0.0962962962962963 0.022395833333333334 0.016666666666666666
1 0.16744791666666667 0.14074074074074075 0.0328125 0.03518518518518519
1 0.7276041666666667 0.19490740740740742 0.041666666666666664 0.075
1 0.43333333333333335 0.1449074074074074 0.03229166666666667 0.05277777777777778
1 0.2591145833333333 0.18611111111111112 0.0484375 0.04259259259259259