2 0.8778645833333333 0.15046296296296297 0.0828125 0.13796296296296295
2 0.6096354166666667 0.32083333333333336 0.0859375 0.18425925925925926
2 0.8049479166666667 0.09212962962962963 0.0609375 0.09722222222222222
1 0.63046875 0.6106481481481482 0.10677083333333333 0.15092592592592594
1 0.9294270833333333 0.6754629629629629 0.13177083333333334 0.1675925925925926
1 0.5328125 0.3055555555555556 0.059375 0.07962962962962963
1 0.8078125 0.8032407407407407 0.15520833333333334 0.20092592592592592
1 0.5895833333333333 0.5347222222222222 0.09270833333333334 0.125
1 0.20130208333333333 0.4962962962962963 0.08177083333333333 0.10925925925925926
1 0.33567708333333335 0.3685185185185185 0.0703125 0.09444444444444444
1 0.40234375 0.5671296296296297 0.10364583333333334 0.16574074074074074
1 0.4583333333333333 0.3578703703703704 0.06666666666666667 0.09537037037037037
1 0.43776041666666665 0.32314814814814813 0.05677083333333333 0.08703703703703704
1 0.4817708333333333 0.2574074074074074 0.04895833333333333 0.07037037037037037
1 0.8255208333333334 0.27685185185185185 0.057291666666666664 0.06666666666666667
1 0.6526041666666667 0.17407407407407408 0.03958333333333333 0.053703703703703705
1 0.8557291666666667 0.24861111111111112 0.05416666666666667 0.06574074074074074
1 0.5549479166666667 0.33611111111111114 0.033854166666666664 0.08703703703703704
1 0.9713541666666666 0.5407407407407407 0.05625 0.13148148148148148
1 0.19166666666666668 0.44537037037037036 0.08125 0.1
1 0.7153645833333333 0.23333333333333334 0.050520833333333334 0.053703703703703705
1 0.27057291666666666 0.2611111111111111 0.0515625 0.06666666666666667
1 0.57109375 0.23842592592592593 0.04739583333333333 0.06574074074074074
1 0.4549479166666667 0.22962962962962963 0.0484375 0.06111111111111111
1 0.38046875 0.5171296296296296 0.0921875 0.1287037037037037
1 0.1875 0.23935185185185184 0.04375 0.06574074074074074
1 0.97109375 0.9601851851851851 0.05677083333333333 0.07777777777777778
1 0.5877604166666667 0.1439814814814815 0.034895833333333334 0.049074074074074076
1 0.6953125 0.4310185185185185 0.1 0.16018518518518518
1 0.33645833333333336 0.2152777777777778 0.04479166666666667 0.04722222222222222
1 0.25703125 0.19444444444444445 0.03697916666666667 0.05
1 0.9671875 0.30185185185185187 0.06458333333333334 0.1037037037037037
1 0.434375 0.19768518518518519 0.0375 0.03796296296296296
1 0.6372395833333333 0.1625 0.034895833333333334 0.05462962962962963
1 0.6229166666666667 0.10277777777777777 0.023958333333333335 0.022222222222222223
1 0.32109375 0.325 0.08072916666666667 0.11666666666666667
1 0.7192708333333333 0.14351851851851852 0.019791666666666666 0.04259259259259259
1 0.178125 0.3787037037037037 0.06354166666666666 0.10555555555555556
1 0.21744791666666666 0.11481481481481481 0.030729166666666665 0.05185185185185185
1 0.55703125 0.1300925925925926 0.025520833333333333 0.03611111111111111
1 0.5169270833333334 0.11064814814814815 0.034895833333333334 0.04722222222222222
1 0.184375 0.19537037037037036 0.03958333333333333 0.05185185185185185
1 0.37552083333333336 0.15231481481481482 0.035416666666666666 0.05092592592592592
1 0.4973958333333333 0.1050925925925926 0.014583333333333334 0.03611111111111111
1 0.7690104166666667 0.15694444444444444 0.0359375 0.058333333333333334
1 0.35078125 0.13148148148148148 0.0328125 0.046296296296296294
1 0.37135416666666665 0.2611111111111111 0.03333333333333333 0.06851851851851852
1 0.6078125 0.0837962962962963 0.030208333333333334 0.026851851851851852
1 0.40260416666666665 0.17222222222222222 0.03854166666666667 0.05740740740740741
1 0.19114583333333332 0.3263888888888889 0.057291666666666664 0.10648148148148148
1 0.31875 0.10601851851851851 0.03333333333333333 0.03425925925925926
1 0.38255208333333335 0.10416666666666667 0.0328125 0.04351851851851852
1 0.8 0.1884259259259259 0.026041666666666668 0.032407407407407406
1 0.646875 0.12314814814814815 0.03125 0.03888888888888889
1 0.2713541666666667 0.10462962962962963 0.030208333333333334 0.040740740740740744
1 0.6182291666666667 0.15 0.035416666666666666 0.06111111111111111
1 0.40598958333333335 0.2726851851851852 0.059895833333333336 0.09907407407407408
1 0.7822916666666667 0.21342592592592594 0.06875 0.08055555555555556
1 0.92109375 0.21481481481481482 0.05364583333333333 0.08518518518518518
1 0.434375 0.07361111111111111 0.021875 0.03425925925925926
1 0.2864583333333333 0.12685185185185185 0.03333333333333333 0.046296296296296294
1 0.97265625 0.21435185185185185 0.0484375 0.062037037037037036
1 0.79296875 0.22824074074074074 0.0484375 0.06018518518518518
1 0.4109375 0.06851851851851852 0.021875 0.025925925925925925
1 0.30442708333333335 0.14953703703703702 0.030729166666666665 0.05462962962962963
1 0.9729166666666667 0.17777777777777778 0.041666666666666664 0.03148148148148148
1 0.46015625 0.08333333333333333 0.0203125 0.03333333333333333
1 0.23020833333333332 0.1287037037037037 0.028125 0.03888888888888889
1 0.66796875 0.10648148148148148 0.024479166666666666 0.024074074074074074
1 0.57734375 0.11064814814814815 0.0203125 0.04351851851851852
1 0.33203125 0.1875 0.049479166666666664 0.041666666666666664
1 0.596875 0.10833333333333334 0.027083333333333334 0.037037037037037035
1 0.24244791666666668 0.15555555555555556 0.03802083333333333 0.04814814814814815
1 0.31744791666666666 0.1638888888888889 0.043229166666666666 0.046296296296296294
1 0.40911458333333334 0.2050925925925926 0.04010416666666667 0.03981481481481482
1 0.1671875 0.1300925925925926 0.035416666666666666 0.03796296296296296
1 0.3614583333333333 0.08703703703703704 0.023958333333333335 0.03888888888888889
1 0.34739583333333335 0.23703703703703705 0.026041666666666668 0.05925925925925926
1 0.3729166666666667 0.06527777777777778 0.026041666666666668 0.019444444444444445
1 0.9067708333333333 0.23055555555555557 0.053125 0.08148148148148149
1 0.5369791666666667 0.21574074074074073 0.04791666666666667 0.07037037037037037
1 0.36276041666666664 0.23425925925925925 0.05677083333333333 0.06481481481481481
1 0.2513020833333333 0.17685185185185184 0.0484375 0.044444444444444446