2 0.8763020833333334 0.14722222222222223 0.0734375 0.16111111111111112
2 0.7604166666666666 0.12222222222222222 0.06458333333333334 0.12222222222222222
2 0.8841145833333334 0.5481481481481482 0.16197916666666667 0.30925925925925923
1 0.18645833333333334 0.7574074074074074 0.13541666666666666 0.16296296296296298
1 0.26067708333333334 0.8763888888888889 0.14427083333333332 0.1935185185185185
1 0.725 0.475 0.09375 0.11666666666666667
1 0.6302083333333334 0.5953703703703703 0.11354166666666667 0.15555555555555556
1 0.7080729166666667 0.35462962962962963 0.0703125 0.0962962962962963
1 0.7854166666666667 0.5527777777777778 0.052083333333333336 0.1388888888888889
1 0.42890625 0.6097222222222223 0.1109375 0.1527777777777778
1 0.61796875 0.3763888888888889 0.07135416666666666 0.10092592592592593
1 0.5942708333333333 0.5185185185185185 0.08958333333333333 0.13333333333333333
1 0.91328125 0.2884259259259259 0.06510416666666667 0.07685185185185185
1 0.5479166666666667 0.3226851851851852 0.065625 0.08611111111111111
1 0.3885416666666667 0.5208333333333334 0.12604166666666666 0.1824074074074074
1 0.32317708333333334 0.36898148148148147 0.07135416666666666 0.09537037037037037
1 0.19192708333333333 0.325 0.059895833333333336 0.08333333333333333
1 0.8401041666666667 0.28564814814814815 0.06354166666666666 0.06759259259259259
1 0.39557291666666666 0.2722222222222222 0.0609375 0.09074074074074075
1 0.9794270833333333 0.37453703703703706 0.04010416666666667 0.09166666666666666
1 0.6276041666666666 0.1865740740740741 0.03958333333333333 0.03981481481481482
1 0.34375 0.3296296296296296 0.06458333333333334 0.08333333333333333
1 0.6677083333333333 0.3055555555555556 0.06458333333333334 0.09259259259259259
1 0.47213541666666664 0.4041666666666667 0.09114583333333333 0.14537037037037037
1 0.48098958333333336 0.17731481481481481 0.03802083333333333 0.06018518518518518
1 0.67109375 0.17916666666666667 0.0390625 0.05092592592592592
1 0.56015625 0.13055555555555556 0.030729166666666665 0.04259259259259259
1 0.57734375 0.16157407407407406 0.0328125 0.03981481481481482
1 0.49609375 0.28055555555555556 0.04635416666666667 0.07777777777777778
1 0.41770833333333335 0.19444444444444445 0.04583333333333333 0.06296296296296296
1 0.4270833333333333 0.3296296296296296 0.059375 0.10555555555555556
1 0.21197916666666666 0.6064814814814815 0.10208333333333333 0.15555555555555556
1 0.44557291666666665 0.36342592592592593 0.0609375 0.09907407407407408
1 0.5205729166666667 0.2972222222222222 0.0546875 0.08703703703703704
1 0.2786458333333333 0.2523148148148148 0.04479166666666667 0.06388888888888888
1 0.42604166666666665 0.13703703703703704 0.03333333333333333 0.05
1 0.43828125 0.21712962962962962 0.03802083333333333 0.06388888888888888
1 0.46067708333333335 0.23425925925925925 0.049479166666666664 0.08148148148148149
1 0.7296875 0.1699074074074074 0.03854166666666667 0.062037037037037036
1 0.38567708333333334 0.1675925925925926 0.0390625 0.05740740740740741
1 0.45416666666666666 0.16064814814814815 0.029166666666666667 0.04537037037037037
1 0.19270833333333334 0.25972222222222224 0.046875 0.07314814814814814
1 0.6020833333333333 0.1162037037037037 0.036458333333333336 0.05462962962962963
1 0.196875 0.5138888888888888 0.09583333333333334 0.1685185185185185
1 0.24583333333333332 0.16111111111111112 0.035416666666666666 0.04814814814814815
1 0.2721354166666667 0.22870370370370371 0.04739583333333333 0.05925925925925926
1 0.52109375 0.11203703703703703 0.0265625 0.04259259259259259
1 0.91953125 0.17777777777777778 0.022395833333333334 0.06666666666666667
1 0.2578125 0.19398148148148148 0.046875 0.05462962962962963
1 0.27369791666666665 0.11342592592592593 0.0265625 0.04351851851851852
1 0.35182291666666665 0.13287037037037036 0.028645833333333332 0.03981481481481482
1 0.36640625 0.15601851851851853 0.030729166666666665 0.04351851851851852
1 0.35442708333333334 0.21296296296296297 0.04114583333333333 0.06481481481481481
1 0.7559895833333333 0.21203703703703702 0.049479166666666664 0.07962962962962963
1 0.8700520833333333 0.2550925925925926 0.049479166666666664 0.06759259259259259
1 0.3072916666666667 0.16018518518518518 0.03958333333333333 0.05925925925925926
1 0.4947916666666667 0.10416666666666667 0.026041666666666668 0.032407407407407406
1 0.4752604166666667 0.09166666666666666 0.030729166666666665 0.044444444444444446
1 0.6627604166666666 0.14074074074074075 0.0296875 0.027777777777777776
1 0.41380208333333335 0.12962962962962962 0.030729166666666665 0.05185185185185185
1 0.3377604166666667 0.075 0.0234375 0.03148148148148148
1 0.9778645833333334 0.2569444444444444 0.043229166666666666 0.09166666666666666
1 0.6486979166666667 0.10833333333333334 0.025520833333333333 0.03518518518518519
1 0.3328125 0.1875 0.03854166666666667 0.06574074074074074
1 0.70234375 0.15185185185185185 0.034895833333333334 0.05740740740740741
1 0.39765625 0.11296296296296296 0.0296875 0.05185185185185185
1 0.16692708333333334 0.09074074074074075 0.0296875 0.03148148148148148
1 0.3341145833333333 0.12268518518518519 0.024479166666666666 0.03611111111111111
1 0.6643229166666667 0.11481481481481481 0.024479166666666666 0.02962962962962963
1 0.16979166666666667 0.13796296296296295 0.03229166666666667 0.03148148148148148
1 0.18203125 0.2388888888888889 0.04635416666666667 0.06666666666666667
1 0.8270833333333333 0.14907407407407408 0.03229166666666667 0.06111111111111111
1 0.2911458333333333 0.12685185185185185 0.030208333333333334 0.04814814814814815
1 0.6484375 0.16342592592592592 0.03229166666666667 0.04537037037037037
1 0.23307291666666666 0.1412037037037037 0.0359375 0.05277777777777778
1 0.8520833333333333 0.21898148148148147 0.04895833333333333 0.06574074074074074
1 0.575 0.10462962962962963 0.028125 0.04259259259259259
1 0.5541666666666667 0.09444444444444444 0.020833333333333332 0.03888888888888889
1 0.17161458333333332 0.1597222222222222 0.0359375 0.041666666666666664
1 0.44947916666666665 0.08148148148148149 0.025 0.03333333333333333
1 0.3375 0.20787037037037037 0.020833333333333332 0.05462962962962963
1 0.6307291666666667 0.14583333333333334 0.034375 0.04722222222222222
1 0.5309895833333333 0.08518518518518518 0.024479166666666666 0.024074074074074074
1 0.321875 0.10694444444444444 0.034375 0.03796296296296296
1 0.17838541666666666 0.18518518518518517 0.044270833333333336 0.03518518518518519
1 0.6984375 0.12731481481481483 0.034375 0.04351851851851852
1 0.8338541666666667 0.15833333333333333 0.019791666666666666 0.05740740740740741
1 0.4015625 0.06666666666666667 0.022916666666666665 0.020370370370370372
1 0.17682291666666666 0.20092592592592592 0.0484375 0.06666666666666667
1 0.36640625 0.23935185185185184 0.0390625 0.06574074074074074