3 0.8940104166666667 0.2564814814814815 0.06510416666666667 0.09814814814814815
2 0.875 0.17453703703703705 0.084375 0.1712962962962963
1 0.07005208333333333 0.44351851851851853 0.07864583333333333 0.10740740740740741
1 0.234375 0.8009259259259259 0.14479166666666668 0.19074074074074074
1 0.51640625 0.8351851851851851 0.1546875 0.20925925925925926
1 0.44479166666666664 0.6273148148148148 0.11458333333333333 0.15648148148148147
1 0.7291666666666666 0.4935185185185185 0.09895833333333333 0.12777777777777777
1 0.5434895833333333 0.32407407407407407 0.06614583333333333 0.08333333333333333
1 0.18828125 0.3736111111111111 0.0671875 0.09722222222222222
1 0.6192708333333333 0.549537037037037 0.10520833333333333 0.16944444444444445
1 0.3807291666666667 0.5064814814814815 0.090625 0.12962962962962962
1 0.609375 0.37453703703703706 0.07395833333333333 0.10462962962962963
1 0.5125 0.19537037037037036 0.041666666666666664 0.05925925925925926
1 0.8283854166666667 0.4101851851851852 0.08697916666666666 0.1259259259259259
1 0.49661458333333336 0.4152777777777778 0.0765625 0.10833333333333334
1 0.678125 0.18888888888888888 0.040625 0.046296296296296294
1 0.41796875 0.13287037037037036 0.0234375 0.041666666666666664
1 0.7588541666666667 0.21805555555555556 0.04479166666666667 0.06018518518518518
1 0.465625 0.24444444444444444 0.040625 0.06666666666666667
1 0.5369791666666667 0.4722222222222222 0.08854166666666667 0.11851851851851852
1 0.44817708333333334 0.33240740740740743 0.0640625 0.10925925925925926
1 0.31692708333333336 0.34953703703703703 0.07760416666666667 0.13055555555555556
1 0.41692708333333334 0.3060185185185185 0.0484375 0.07685185185185185
1 0.38203125 0.16064814814814815 0.034895833333333334 0.05462962962962963
1 0.8763020833333334 0.8555555555555555 0.17447916666666666 0.27037037037037037
1 0.33567708333333335 0.20046296296296295 0.04739583333333333 0.06018518518518518
1 0.4440104166666667 0.14814814814814814 0.04010416666666667 0.06481481481481481
1 0.7515625 0.1125 0.036458333333333336 0.030555555555555555
1 0.9502604166666667 0.6731481481481482 0.0984375 0.2222222222222222
1 0.9583333333333334 0.49027777777777776 0.08229166666666667 0.1638888888888889
1 0.63515625 0.16157407407407406 0.0359375 0.05648148148148148
1 0.9877604166666667 0.32083333333333336 0.0234375 0.10277777777777777
1 0.39114583333333336 0.26666666666666666 0.05625 0.08703703703703704
1 0.70703125 0.13796296296296295 0.030729166666666665 0.044444444444444446
1 0.39739583333333334 0.1125 0.026041666666666668 0.03611111111111111
1 0.48541666666666666 0.17777777777777778 0.03854166666666667 0.06111111111111111
1 0.6705729166666666 0.14583333333333334 0.0359375 0.05462962962962963
1 0.1765625 0.1814814814814815 0.040625 0.05740740740740741
1 0.39895833333333336 0.1912037037037037 0.035416666666666666 0.04722222222222222
1 0.7299479166666667 0.17083333333333334 0.04010416666666667 0.05277777777777778
1 0.42604166666666665 0.20324074074074075 0.03958333333333333 0.06018518518518518
1 0.5453125 0.14583333333333334 0.03229166666666667 0.03425925925925926
1 0.9768229166666667 0.20277777777777778 0.0453125 0.06111111111111111
1 0.44817708333333334 0.225 0.04010416666666667 0.06851851851851852
1 0.55859375 0.10555555555555556 0.025520833333333333 0.03518518518518519
1 0.3625 0.13935185185185187 0.035416666666666666 0.05648148148148148
1 0.37057291666666664 0.24212962962962964 0.04010416666666667 0.07685185185185185
1 0.76015625 0.17314814814814813 0.024479166666666666 0.03518518518518519
1 0.26927083333333335 0.16712962962962963 0.035416666666666666 0.041666666666666664
1 0.30026041666666664 0.15787037037037038 0.033854166666666664 0.041666666666666664
1 0.23151041666666666 0.18101851851851852 0.04739583333333333 0.075
1 0.15520833333333334 0.10046296296296296 0.026041666666666668 0.041666666666666664
1 0.7643229166666666 0.1486111111111111 0.03697916666666667 0.04537037037037037
1 0.4890625 0.1125 0.022916666666666665 0.030555555555555555
1 0.96171875 0.9708333333333333 0.07552083333333333 0.05648148148148148
1 0.6078125 0.10462962962962963 0.025 0.03888888888888889
1 0.35130208333333335 0.08472222222222223 0.021354166666666667 0.030555555555555555
1 0.7841145833333333 0.36527777777777776 0.08385416666666666 0.13425925925925927
1 0.51328125 0.2652777777777778 0.0703125 0.0824074074074074
1 0.2989583333333333 0.13148148148148148 0.03333333333333333 0.046296296296296294
1 0.484375 0.08842592592592592 0.019791666666666666 0.017592592592592594
1 0.22994791666666667 0.11805555555555555 0.030729166666666665 0.05092592592592592
1 0.334375 0.07361111111111111 0.019791666666666666 0.025
1 0.17447916666666666 0.12222222222222222 0.03333333333333333 0.037037037037037035
1 0.63828125 0.10092592592592593 0.018229166666666668 0.03148148148148148
1 0.2643229166666667 0.22546296296296298 0.044270833333333336 0.08055555555555556
1 0.575 0.13564814814814816 0.022916666666666665 0.05092592592592592
1 0.40651041666666665 0.07083333333333333 0.0234375 0.028703703703703703
1 0.34296875 0.11481481481481481 0.03177083333333333 0.053703703703703705
1 0.3333333333333333 0.1699074074074074 0.03125 0.021296296296296296
1 0.17291666666666666 0.16018518518518518 0.03854166666666667 0.053703703703703705
1 0.3223958333333333 0.11666666666666667 0.014583333333333334 0.03148148148148148
1 0.16744791666666667 0.2833333333333333 0.0515625 0.07222222222222222
1 0.5182291666666666 0.12824074074074074 0.03125 0.03796296296296296
1 0.5768229166666666 0.09305555555555556 0.021354166666666667 0.030555555555555555
1 0.64609375 0.12962962962962962 0.0296875 0.027777777777777776
1 0.23802083333333332 0.13055555555555556 0.03229166666666667 0.03333333333333333
1 0.5997395833333333 0.14212962962962963 0.04010416666666667 0.062037037037037036
1 0.28046875 0.11898148148148148 0.019270833333333334 0.03981481481481482
1 0.4317708333333333 0.08842592592592592 0.023958333333333335 0.028703703703703703
1 0.171875 0.23935185185185184 0.046875 0.041666666666666664
1 0.6046875 0.07731481481481481 0.021875 0.021296296296296296
1 0.18307291666666667 0.3148148148148148 0.0609375 0.09814814814814815
1 0.21953125 0.09305555555555556 0.0296875 0.04537037037037037
1 0.7356770833333334 0.13796296296296295 0.027604166666666666 0.022222222222222223
1 0.27734375 0.23194444444444445 0.0484375 0.06759259259259259
1 0.29192708333333334 0.28194444444444444 0.050520833333333334 0.09351851851851851
1 0.15807291666666667 0.24537037037037038 0.04739583333333333 0.07592592592592592