2 0.7127604166666667 0.10092592592592593 0.0546875 0.12037037037037036
2 0.6510416666666666 0.09166666666666666 0.051041666666666666 0.0962962962962963
1 0.45651041666666664 0.7236111111111111 0.1359375 0.175
1 0.32578125 0.6620370370370371 0.1265625 0.16296296296296298
1 0.8643229166666667 0.5935185185185186 0.1203125 0.15555555555555556
1 0.7046875 0.6884259259259259 0.1375 0.1787037037037037
1 0.50859375 0.44675925925925924 0.09947916666666666 0.15092592592592594
1 0.63515625 0.5787037037037037 0.1171875 0.17962962962962964
1 0.20651041666666667 0.4078703703703704 0.0703125 0.10648148148148148
1 0.33697916666666666 0.38842592592592595 0.06666666666666667 0.08796296296296297
1 0.7020833333333333 0.4486111111111111 0.09166666666666666 0.12129629629629629
1 0.32005208333333335 0.3337962962962963 0.06197916666666667 0.08425925925925926
1 0.4557291666666667 0.3574074074074074 0.06666666666666667 0.09074074074074075
1 0.5143229166666666 0.2810185185185185 0.059895833333333336 0.08055555555555556
1 0.41302083333333334 0.3037037037037037 0.059375 0.08518518518518518
1 0.6104166666666667 0.17824074074074073 0.036458333333333336 0.04351851851851852
1 0.43125 0.21296296296296297 0.03958333333333333 0.05925925925925926
1 0.98203125 0.2722222222222222 0.034895833333333334 0.08518518518518518
1 0.553125 0.31712962962962965 0.059375 0.08981481481481482
1 0.9091145833333333 0.18287037037037038 0.04114583333333333 0.05277777777777778
1 0.7643229166666666 0.5143518518518518 0.10364583333333334 0.14537037037037037
1 0.39921875 0.17731481481481481 0.03802083333333333 0.049074074074074076
1 0.5143229166666666 0.1986111111111111 0.0453125 0.06759259259259259
1 0.6119791666666666 0.26064814814814813 0.053125 0.08611111111111111
1 0.5653645833333333 0.23842592592592593 0.04739583333333333 0.06759259259259259
1 0.29713541666666665 0.3087962962962963 0.05260416666666667 0.0824074074074074
1 0.8880208333333334 0.8796296296296297 0.215625 0.2388888888888889
1 0.66640625 0.17824074074074073 0.0390625 0.05648148148148148
1 0.7731770833333333 0.2550925925925926 0.049479166666666664 0.049074074074074076
1 0.878125 0.17407407407407408 0.035416666666666666 0.05185185185185185
1 0.828125 0.18287037037037038 0.03958333333333333 0.05648148148148148
1 0.37135416666666665 0.15925925925925927 0.036458333333333336 0.044444444444444446
1 0.6794270833333333 0.14629629629629629 0.033854166666666664 0.03888888888888889
1 0.6354166666666666 0.36666666666666664 0.07604166666666666 0.12222222222222222
1 0.4908854166666667 0.26666666666666666 0.044270833333333336 0.07222222222222222
1 0.9432291666666667 0.24814814814814815 0.05520833333333333 0.06296296296296296
1 0.16432291666666668 0.35138888888888886 0.06822916666666666 0.11203703703703703
1 0.4661458333333333 0.23333333333333334 0.05 0.07962962962962963
1 0.3611979166666667 0.21805555555555556 0.0421875 0.07314814814814814
1 0.2630208333333333 0.2162037037037037 0.0375 0.058333333333333334
1 0.9294270833333333 0.33287037037037037 0.07760416666666667 0.11388888888888889
1 0.48828125 0.17731481481481481 0.03802083333333333 0.05648148148148148
1 0.7697916666666667 0.13564814814814816 0.0375 0.05648148148148148
1 0.19401041666666666 0.1388888888888889 0.025520833333333333 0.046296296296296294
1 0.17395833333333333 0.20833333333333334 0.03854166666666667 0.05555555555555555
1 0.39505208333333336 0.28703703703703703 0.0421875 0.07037037037037037
1 0.8859375 0.30324074074074076 0.041666666666666664 0.05277777777777778
1 0.46640625 0.16527777777777777 0.03177083333333333 0.05277777777777778
1 0.37057291666666664 0.10046296296296296 0.025520833333333333 0.03611111111111111
1 0.8848958333333333 0.2662037037037037 0.052083333333333336 0.06388888888888888
1 0.69921875 0.1837962962962963 0.04114583333333333 0.03981481481481482
1 0.8138020833333334 0.19305555555555556 0.04114583333333333 0.03796296296296296
1 0.38359375 0.25601851851851853 0.049479166666666664 0.08425925925925926
1 0.60390625 0.14629629629629629 0.034895833333333334 0.05925925925925926
1 0.690625 0.21296296296296297 0.040625 0.04259259259259259
1 0.4546875 0.1527777777777778 0.03854166666666667 0.05925925925925926
1 0.28411458333333334 0.26296296296296295 0.05260416666666667 0.07222222222222222
1 0.49192708333333335 0.09907407407407408 0.024479166666666666 0.03518518518518519
1 0.3177083333333333 0.16018518518518518 0.041666666666666664 0.046296296296296294
1 0.17473958333333334 0.2962962962962963 0.0609375 0.07407407407407407
1 0.7309895833333333 0.16342592592592592 0.0359375 0.04537037037037037
1 0.340625 0.07731481481481481 0.028125 0.03611111111111111
1 0.46848958333333335 0.11574074074074074 0.027604166666666666 0.04259259259259259
1 0.55234375 0.12407407407407407 0.015104166666666667 0.03888888888888889
1 0.29270833333333335 0.13287037037037036 0.027083333333333334 0.04722222222222222
1 0.5559895833333334 0.10555555555555556 0.0203125 0.03333333333333333
1 0.7223958333333333 0.23287037037037037 0.04583333333333333 0.058333333333333334
1 0.29921875 0.1425925925925926 0.0328125 0.05185185185185185
1 0.3333333333333333 0.11481481481481481 0.026041666666666668 0.03888888888888889
1 0.17604166666666668 0.25416666666666665 0.057291666666666664 0.05277777777777778
1 0.23255208333333333 0.1300925925925926 0.03177083333333333 0.049074074074074076
1 0.25546875 0.08472222222222223 0.024479166666666666 0.03611111111111111
1 0.7942708333333334 0.1763888888888889 0.015625 0.026851851851851852
1 0.3078125 0.09583333333333334 0.021875 0.03425925925925926
1 0.16927083333333334 0.16898148148148148 0.03958333333333333 0.06018518518518518
1 0.5091145833333334 0.12685185185185185 0.030729166666666665 0.03518518518518519
1 0.40703125 0.06759259259259259 0.021354166666666667 0.022222222222222223
1 0.8184895833333333 0.2513888888888889 0.0484375 0.05277777777777778
1 0.7354166666666667 0.2074074074074074 0.036458333333333336 0.05
1 0.27760416666666665 0.22361111111111112 0.041666666666666664 0.03981481481481482
1 0.3359375 0.19212962962962962 0.035416666666666666 0.05648148148148148
1 0.5776041666666667 0.11064814814814815 0.03125 0.04722222222222222
1 0.27578125 0.11342592592592593 0.03177083333333333 0.03796296296296296
1 0.47604166666666664 0.06435185185185185 0.019791666666666666 0.019444444444444445
1 0.36354166666666665 0.14027777777777778 0.036458333333333336 0.05092592592592592
1 0.8059895833333334 0.21203703703703702 0.03802083333333333 0.05185185185185185
1 0.6072916666666667 0.11018518518518519 0.027083333333333334 0.02962962962962963
1 0.8408854166666667 0.28055555555555556 0.058854166666666666 0.06111111111111111
1 0.43463541666666666 0.06944444444444445 0.016145833333333335 0.027777777777777776
1 0.7484375 0.12037037037037036 0.020833333333333332 0.04259259259259259
1 0.24869791666666666 0.17824074074074073 0.044270833333333336 0.0712962962962963
1 0.15859375 0.11712962962962963 0.034895833333333334 0.05277777777777778
1 0.17083333333333334 0.15185185185185185 0.0375 0.03148148148148148
1 0.175 0.1884259259259259 0.03854166666666667 0.05092592592592592