1 0.596875 0.9152777777777777 0.16458333333333333 0.1675925925925926
1 0.46171875 0.7023148148148148 0.12552083333333333 0.16574074074074074
1 0.20625 0.5402777777777777 0.109375 0.14351851851851852
1 0.35520833333333335 0.4597222222222222 0.08541666666666667 0.11574074074074074
1 0.6299479166666667 0.5893518518518519 0.10885416666666667 0.15833333333333333
1 0.5515625 0.32916666666666666 0.06666666666666667 0.08611111111111111
1 0.74375 0.4888888888888889 0.08645833333333333 0.12407407407407407
1 0.8369791666666667 0.8319444444444445 0.15416666666666667 0.21203703703703702
1 0.18958333333333333 0.44212962962962965 0.084375 0.10833333333333334
1 0.64453125 0.3888888888888889 0.08385416666666666 0.13148148148148148
1 0.4192708333333333 0.32083333333333336 0.05 0.08425925925925926
1 0.49192708333333335 0.2652777777777778 0.0546875 0.07314814814814814
1 0.7908854166666667 0.5310185185185186 0.11197916666666667 0.14907407407407408
1 0.5677083333333334 0.5259259259259259 0.09479166666666666 0.12962962962962962
1 0.7268229166666667 0.3398148148148148 0.07552083333333333 0.11296296296296296
1 0.43515625 0.6083333333333333 0.1203125 0.1537037037037037
1 0.8536458333333333 0.44212962962962965 0.0875 0.1175925925925926
1 0.315625 0.3347222222222222 0.06458333333333334 0.08796296296296297
1 0.6122395833333333 0.26851851851851855 0.05572916666666667 0.08333333333333333
1 0.4515625 0.23842592592592593 0.04791666666666667 0.06574074074074074
1 0.40572916666666664 0.2898148148148148 0.051041666666666666 0.07777777777777778
1 0.18645833333333334 0.30694444444444446 0.05625 0.0824074074074074
1 0.4661458333333333 0.34953703703703703 0.06875 0.10833333333333334
1 0.8817708333333333 0.6342592592592593 0.12291666666666666 0.17777777777777778
1 0.9809895833333333 0.5398148148148149 0.03697916666666667 0.16666666666666666
1 0.85625 0.25833333333333336 0.05625 0.07407407407407407
1 0.43776041666666665 0.1449074074074074 0.034895833333333334 0.049074074074074076
1 0.6786458333333333 0.300462962962963 0.06354166666666666 0.09722222222222222
1 0.39114583333333336 0.11342592592592593 0.03333333333333333 0.05277777777777778
1 0.34713541666666664 0.3837962962962963 0.06822916666666666 0.09537037037037037
1 0.34739583333333335 0.22824074074074074 0.036458333333333336 0.06018518518518518
1 0.4825520833333333 0.11157407407407408 0.027604166666666666 0.03425925925925926
1 0.9890625 0.324537037037037 0.020833333333333332 0.0824074074074074
1 0.6973958333333333 0.13148148148148148 0.03125 0.044444444444444446
1 0.2794270833333333 0.25787037037037036 0.0609375 0.09907407407407408
1 0.42734375 0.13425925925925927 0.0296875 0.05
1 0.40572916666666664 0.18518518518518517 0.03229166666666667 0.046296296296296294
1 0.5372395833333333 0.45231481481481484 0.09427083333333333 0.14537037037037037
1 0.23854166666666668 0.14537037037037037 0.03229166666666667 0.04259259259259259
1 0.6260416666666667 0.15648148148148147 0.03229166666666667 0.05
1 0.37942708333333336 0.2449074074074074 0.049479166666666664 0.08425925925925926
1 0.30416666666666664 0.15648148148148147 0.03333333333333333 0.046296296296296294
1 0.37109375 0.10648148148148148 0.0140625 0.03333333333333333
1 0.22942708333333334 0.125 0.03177083333333333 0.03888888888888889
1 0.8716145833333333 0.225 0.0484375 0.06666666666666667
1 0.34765625 0.1300925925925926 0.0296875 0.04722222222222222
1 0.6145833333333334 0.17222222222222222 0.040625 0.046296296296296294
1 0.6778645833333333 0.1537037037037037 0.034895833333333334 0.046296296296296294
1 0.6484375 0.11712962962962963 0.027083333333333334 0.041666666666666664
1 0.6591145833333333 0.19953703703703704 0.04114583333333333 0.03981481481481482
1 0.3268229166666667 0.11157407407407408 0.028645833333333332 0.04537037037037037
1 0.721875 0.12175925925925926 0.025 0.03425925925925926
1 0.32916666666666666 0.1875 0.03333333333333333 0.06018518518518518
1 0.8109375 0.1726851851851852 0.035416666666666666 0.04722222222222222
1 0.5953125 0.2462962962962963 0.05416666666666667 0.09444444444444444
1 0.37005208333333334 0.15462962962962962 0.03177083333333333 0.04259259259259259
1 0.9346354166666667 0.19444444444444445 0.0515625 0.07037037037037037
1 0.7333333333333333 0.14722222222222223 0.03125 0.022222222222222223
1 0.18359375 0.26157407407407407 0.049479166666666664 0.05092592592592592
1 0.3497395833333333 0.14907407407407408 0.0234375 0.037037037037037035
1 0.25807291666666665 0.17962962962962964 0.044270833333333336 0.053703703703703705
1 0.5880208333333333 0.1625 0.027083333333333334 0.03796296296296296
1 0.9770833333333333 0.25787037037037036 0.04479166666666667 0.075
1 0.7911458333333333 0.22777777777777777 0.046875 0.07037037037037037
1 0.5575520833333333 0.10046296296296296 0.0234375 0.026851851851851852
1 0.6625 0.10231481481481482 0.025 0.04351851851851852
1 0.27630208333333334 0.1111111111111111 0.03177083333333333 0.046296296296296294
1 0.17421875 0.10277777777777777 0.028645833333333332 0.027777777777777776
1 0.17682291666666666 0.15694444444444444 0.04010416666666667 0.04351851851851852
1 0.16015625 0.08842592592592592 0.024479166666666666 0.03796296296296296
1 0.8497395833333333 0.20046296296296295 0.06510416666666667 0.07314814814814814
1 0.584375 0.1037037037037037 0.026041666666666668 0.027777777777777776
1 0.52421875 0.1337962962962963 0.025520833333333333 0.030555555555555555
1 0.8794270833333333 0.1638888888888889 0.04739583333333333 0.06851851851851852
1 0.6986979166666667 0.18935185185185185 0.0359375 0.06574074074074074
1 0.36276041666666664 0.09166666666666666 0.021354166666666667 0.03148148148148148
1 0.22291666666666668 0.10833333333333334 0.03333333333333333 0.03333333333333333
1 0.62890625 0.13333333333333333 0.0328125 0.04259259259259259
1 0.39166666666666666 0.175 0.034375 0.05555555555555555
1 0.7330729166666666 0.19675925925925927 0.05260416666666667 0.08055555555555556
1 0.34661458333333334 0.2023148148148148 0.04114583333333333 0.06759259259259259
1 0.50078125 0.10138888888888889 0.025520833333333333 0.041666666666666664
1 0.59375 0.1361111111111111 0.03229166666666667 0.027777777777777776
1 0.53359375 0.09212962962962963 0.025520833333333333 0.03981481481481482
1 0.6184895833333334 0.12222222222222222 0.022395833333333334 0.03148148148148148
1 0.46432291666666664 0.08796296296296297 0.024479166666666666 0.03148148148148148
1 0.7046875 0.10694444444444444 0.019791666666666666 0.01574074074074074
1 0.3997395833333333 0.07361111111111111 0.0203125 0.023148148148148147
1 0.56171875 0.15092592592592594 0.028645833333333332 0.03333333333333333
1 0.634375 0.09074074074074075 0.028125 0.03518518518518519
1 0.5770833333333333 0.12407407407407407 0.0375 0.037037037037037035
1 0.17317708333333334 0.24583333333333332 0.04114583333333333 0.06944444444444445
1 0.43671875 0.2050925925925926 0.0453125 0.07314814814814814
1 0.775 0.18611111111111112 0.03854166666666667 0.053703703703703705
1 0.27578125 0.21898148148148147 0.06510416666666667 0.07314814814814814
1 0.17552083333333332 0.21296296296296297 0.04583333333333333 0.04814814814814815
1 0.007552083333333333 0.5 0.015104166666666667 0.11851851851851852