2 0.9747395833333333 0.2101851851851852 0.049479166666666664 0.2
1 0.2171875 0.7175925925925926 0.140625 0.18333333333333332
1 0.19713541666666667 0.5546296296296296 0.10260416666666666 0.13518518518518519
1 0.61484375 0.38842592592592595 0.07864583333333333 0.10277777777777777
1 0.39557291666666666 0.5768518518518518 0.10885416666666667 0.1425925925925926
1 0.79296875 0.7972222222222223 0.15885416666666666 0.20925925925925926
1 0.74453125 0.4824074074074074 0.10364583333333334 0.16111111111111112
1 0.68515625 0.6856481481481481 0.1234375 0.16944444444444445
1 0.5369791666666667 0.3074074074074074 0.06145833333333333 0.08333333333333333
1 0.8708333333333333 0.2662037037037037 0.05416666666666667 0.0712962962962963
1 0.4859375 0.2712962962962963 0.05625 0.07222222222222222
1 0.778125 0.3611111111111111 0.08125 0.11296296296296296
1 0.46171875 0.3773148148148148 0.06302083333333333 0.09722222222222222
1 0.9567708333333333 0.6995370370370371 0.08541666666666667 0.1935185185185185
1 0.38046875 0.4689814814814815 0.0859375 0.1175925925925926
1 0.84296875 0.41898148148148145 0.0921875 0.1398148148148148
1 0.6395833333333333 0.9393518518518519 0.17916666666666667 0.11944444444444445
1 0.5140625 0.4166666666666667 0.08125 0.13333333333333333
1 0.16744791666666667 0.3592592592592593 0.0609375 0.08703703703703704
1 0.43828125 0.337037037037037 0.058854166666666666 0.08888888888888889
1 0.46901041666666665 0.16574074074074074 0.0359375 0.05
1 0.39166666666666666 0.11712962962962963 0.019791666666666666 0.03611111111111111
1 0.8684895833333334 0.2199074074074074 0.0515625 0.06944444444444445
1 0.7606770833333333 0.2199074074074074 0.0453125 0.06388888888888888
1 0.37265625 0.2601851851851852 0.04114583333333333 0.06481481481481481
1 0.41432291666666665 0.12731481481481483 0.0359375 0.05648148148148148
1 0.4317708333333333 0.2074074074074074 0.035416666666666666 0.05185185185185185
1 0.29583333333333334 0.29398148148148145 0.06770833333333333 0.11203703703703703
1 0.6893229166666667 0.3199074074074074 0.06614583333333333 0.09907407407407408
1 0.23776041666666667 0.15787037037037038 0.028645833333333332 0.049074074074074076
1 0.4088541666666667 0.2791666666666667 0.05416666666666667 0.09166666666666666
1 0.18776041666666668 0.3087962962962963 0.0546875 0.08055555555555556
1 0.60078125 0.17453703703703705 0.03802083333333333 0.03425925925925926
1 0.31640625 0.17407407407407408 0.04010416666666667 0.053703703703703705
1 0.74609375 0.17314814814814813 0.03802083333333333 0.06111111111111111
1 0.3578125 0.14305555555555555 0.03229166666666667 0.049074074074074076
1 0.803125 0.1986111111111111 0.030208333333333334 0.06018518518518518
1 0.46510416666666665 0.2300925925925926 0.053125 0.08055555555555556
1 0.365625 0.22962962962962963 0.046875 0.07592592592592592
1 0.590625 0.11805555555555555 0.03333333333333333 0.04351851851851852
1 0.6963541666666667 0.13842592592592592 0.03125 0.04537037037037037
1 0.39296875 0.175 0.034895833333333334 0.04814814814814815
1 0.70859375 0.19537037037037036 0.0421875 0.06111111111111111
1 0.5825520833333333 0.1361111111111111 0.028645833333333332 0.03888888888888889
1 0.9794270833333333 0.5476851851851852 0.04010416666666667 0.11203703703703703
1 0.33541666666666664 0.39490740740740743 0.071875 0.10092592592592593
1 0.71171875 0.15555555555555556 0.03697916666666667 0.03518518518518519
1 0.6364583333333333 0.5731481481481482 0.11354166666666667 0.1814814814814815
1 0.19036458333333334 0.16157407407407406 0.043229166666666666 0.06574074074074074
1 0.41640625 0.19583333333333333 0.0359375 0.062037037037037036
1 0.6888020833333334 0.11435185185185186 0.027604166666666666 0.03611111111111111
1 0.37604166666666666 0.1 0.022916666666666665 0.03518518518518519
1 0.84453125 0.17407407407407408 0.0453125 0.06481481481481481
1 0.5317708333333333 0.8291666666666667 0.15729166666666666 0.20462962962962963
1 0.66640625 0.29074074074074074 0.0640625 0.10740740740740741
1 0.6145833333333334 0.10555555555555556 0.023958333333333335 0.03518518518518519
1 0.28359375 0.11527777777777778 0.034895833333333334 0.03981481481481482
1 0.5234375 0.1337962962962963 0.026041666666666668 0.030555555555555555
1 0.45416666666666666 0.15185185185185185 0.034375 0.05555555555555555
1 0.9270833333333334 0.1824074074074074 0.041666666666666664 0.06481481481481481
1 0.33984375 0.12268518518518519 0.0328125 0.05277777777777778
1 0.6734375 0.10787037037037037 0.019791666666666666 0.032407407407407406
1 0.5692708333333333 0.15185185185185185 0.036458333333333336 0.04259259259259259
1 0.371875 0.16712962962962963 0.026041666666666668 0.041666666666666664
1 0.26484375 0.10231481481481482 0.021354166666666667 0.03611111111111111
1 0.6557291666666667 0.1162037037037037 0.027083333333333334 0.03796296296296296
1 0.16302083333333334 0.1398148148148148 0.023958333333333335 0.040740740740740744
1 0.3419270833333333 0.075 0.021354166666666667 0.027777777777777776
1 0.17109375 0.2462962962962963 0.0546875 0.06296296296296296
1 0.22447916666666667 0.10787037037037037 0.029166666666666667 0.049074074074074076
1 0.6346354166666667 0.12453703703703704 0.0265625 0.025
1 0.23411458333333332 0.13425925925925927 0.0328125 0.040740740740740744
1 0.25755208333333335 0.09166666666666666 0.024479166666666666 0.03888888888888889
1 0.4596354166666667 0.10324074074074074 0.0234375 0.030555555555555555
1 0.5466145833333333 0.14212962962962963 0.024479166666666666 0.03425925925925926
1 0.25703125 0.23333333333333334 0.028645833333333332 0.06481481481481481
1 0.634375 0.09259259259259259 0.021875 0.037037037037037035
1 0.5005208333333333 0.0837962962962963 0.023958333333333335 0.03981481481481482
1 0.21536458333333333 0.08842592592592592 0.028645833333333332 0.03981481481481482
1 0.446875 0.08333333333333333 0.022916666666666665 0.025925925925925925
1 0.81640625 0.14074074074074075 0.04114583333333333 0.053703703703703705
1 0.62890625 0.15833333333333333 0.0296875 0.05
1 0.9005208333333333 0.6263888888888889 0.11458333333333333 0.15648148148148147
1 0.5119791666666667 0.10138888888888889 0.022916666666666665 0.023148148148148147
1 0.6361979166666667 0.1648148148148148 0.0203125 0.05925925925925926
1 0.278125 0.16342592592592592 0.03229166666666667 0.03611111111111111
1 0.15703125 0.09537037037037037 0.024479166666666666 0.04259259259259259
1 0.25442708333333336 0.19537037037037036 0.04010416666666667 0.07222222222222222
1 0.17630208333333333 0.20925925925925926 0.04739583333333333 0.04814814814814815
1 0.2682291666666667 0.19537037037037036 0.04479166666666667 0.04814814814814815
1 0.3453125 0.2101851851851852 0.035416666666666666 0.06851851851851852
1 0.28411458333333334 0.24722222222222223 0.06614583333333333 0.07592592592592592
1 0.6596354166666667 0.17037037037037037 0.0453125 0.07037037037037037
1 0.49114583333333334 0.11574074074074074 0.019791666666666666 0.025925925925925925
1 0.31197916666666664 0.10787037037037037 0.013541666666666667 0.028703703703703703
1 0.7622395833333333 0.15416666666666667 0.0234375 0.04351851851851852
1 0.16796875 0.19675925925925927 0.0359375 0.03611111111111111
1 0.17838541666666666 0.26944444444444443 0.04739583333333333 0.09074074074074075