2 0.7015625 0.09722222222222222 0.053125 0.11481481481481481
2 0.64140625 0.08981481481481482 0.049479166666666664 0.09259259259259259
1 0.30442708333333335 0.7421296296296296 0.14114583333333333 0.1824074074074074
1 0.7609375 0.7592592592592593 0.15208333333333332 0.19814814814814816
1 0.7390625 0.47685185185185186 0.09791666666666667 0.12962962962962962
1 0.49921875 0.799074074074074 0.1484375 0.2
1 0.928125 0.6481481481481481 0.13229166666666667 0.1685185185185185
1 0.5294270833333333 0.475 0.10572916666666667 0.1574074074074074
1 0.34609375 0.40879629629629627 0.07239583333333334 0.09351851851851851
1 0.2078125 0.43287037037037035 0.075 0.11018518518518519
1 0.8125 0.5541666666666667 0.11145833333333334 0.15833333333333333
1 0.4705729166666667 0.3768518518518518 0.0703125 0.0962962962962963
1 0.95234375 0.937037037037037 0.09427083333333333 0.12407407407407407
1 0.528125 0.29259259259259257 0.0625 0.08333333333333333
1 0.4395833333333333 0.2175925925925926 0.041666666666666664 0.06111111111111111
1 0.56875 0.33240740740740743 0.0625 0.09259259259259259
1 0.32734375 0.35 0.0640625 0.08888888888888889
1 0.6294270833333333 0.27361111111111114 0.05677083333333333 0.08981481481481482
1 0.4046875 0.18194444444444444 0.03854166666666667 0.049074074074074076
1 0.4239583333333333 0.31712962962962965 0.06041666666666667 0.08796296296296297
1 0.5260416666666666 0.20601851851851852 0.04583333333333333 0.0712962962962963
1 0.1453125 0.375 0.07291666666666667 0.12037037037037036
1 0.95546875 0.2574074074074074 0.05677083333333333 0.08333333333333333
1 0.5932291666666667 0.16944444444444445 0.03854166666666667 0.04259259259259259
1 0.8619791666666666 0.1685185185185185 0.03333333333333333 0.05
1 0.8901041666666667 0.1763888888888889 0.03958333333333333 0.05092592592592592
1 0.85 0.24212962962962964 0.04791666666666667 0.04351851851851852
1 0.8096354166666667 0.2652777777777778 0.05572916666666667 0.058333333333333334
1 0.17604166666666668 0.30694444444444446 0.0625 0.0787037037037037
1 0.2625 0.22314814814814815 0.036458333333333336 0.06111111111111111
1 0.6513020833333333 0.17083333333333334 0.03802083333333333 0.05462962962962963
1 0.7432291666666667 0.24351851851851852 0.05 0.05555555555555555
1 0.3671875 0.22453703703703703 0.04375 0.075
1 0.9822916666666667 0.300462962962963 0.034375 0.06018518518518518
1 0.17291666666666666 0.21435185185185185 0.03958333333333333 0.05462962962962963
1 0.7578125 0.18518518518518517 0.027083333333333334 0.053703703703703705
1 0.5807291666666666 0.2490740740740741 0.04895833333333333 0.07222222222222222
1 0.30494791666666665 0.32175925925925924 0.05677083333333333 0.08425925925925926
1 0.5036458333333333 0.27870370370370373 0.04583333333333333 0.07407407407407407
1 0.4747395833333333 0.24166666666666667 0.049479166666666664 0.08333333333333333
1 0.37578125 0.16435185185185186 0.0359375 0.04351851851851852
1 0.9098958333333333 0.23703703703703705 0.053125 0.06111111111111111
1 0.17630208333333333 0.26296296296296295 0.05677083333333333 0.05185185185185185
1 0.6989583333333333 0.21898148148148147 0.04583333333333333 0.049074074074074076
1 0.4981770833333333 0.1875 0.04010416666666667 0.06574074074074074
1 0.5924479166666666 0.14074074074074075 0.0359375 0.05740740740740741
1 0.8088541666666667 0.17083333333333334 0.03854166666666667 0.049074074074074076
1 0.34401041666666665 0.07777777777777778 0.028645833333333332 0.037037037037037035
1 0.390625 0.26666666666666666 0.052083333333333336 0.08703703703703704
1 0.46197916666666666 0.15787037037037038 0.0375 0.06018518518518518
1 0.6651041666666667 0.1412037037037037 0.03333333333333333 0.03796296296296296
1 0.30182291666666666 0.14583333333333334 0.0328125 0.05277777777777778
1 0.65703125 0.38657407407407407 0.08072916666666667 0.13055555555555556
1 0.2872395833333333 0.27314814814814814 0.0546875 0.07592592592592592
1 0.9783854166666667 0.3726851851851852 0.0421875 0.08796296296296297
1 0.4747395833333333 0.17083333333333334 0.033854166666666664 0.05648148148148148
1 0.46197916666666666 0.10462962962962963 0.026041666666666668 0.02962962962962963
1 0.759375 0.1310185185185185 0.035416666666666666 0.05462962962962963
1 0.88359375 0.29814814814814816 0.0734375 0.08148148148148149
1 0.37526041666666665 0.10231481481481482 0.024479166666666666 0.03611111111111111
1 0.1765625 0.19444444444444445 0.03958333333333333 0.05555555555555555
1 0.80703125 0.20694444444444443 0.04010416666666667 0.062037037037037036
1 0.4041666666666667 0.29768518518518516 0.04479166666666667 0.075
1 0.28072916666666664 0.11574074074074074 0.025 0.03888888888888889
1 0.71484375 0.15416666666666667 0.033854166666666664 0.03981481481481482
1 0.325 0.17222222222222222 0.0375 0.06296296296296296
1 0.3411458333333333 0.19814814814814816 0.03958333333333333 0.05555555555555555
1 0.4856770833333333 0.09768518518518518 0.024479166666666666 0.03611111111111111
1 0.6731770833333334 0.2023148148148148 0.0390625 0.041666666666666664
1 0.7890625 0.21851851851851853 0.05 0.046296296296296294
1 0.19166666666666668 0.1425925925925926 0.023958333333333335 0.05
1 0.6822916666666666 0.17546296296296296 0.03958333333333333 0.03796296296296296
1 0.25546875 0.08564814814814815 0.024479166666666666 0.03611111111111111
1 0.16901041666666666 0.17222222222222222 0.04010416666666667 0.06296296296296296
1 0.16041666666666668 0.11805555555555555 0.03854166666666667 0.05092592592592592
1 0.31015625 0.09814814814814815 0.0234375 0.03333333333333333
1 0.35234375 0.13425925925925927 0.025520833333333333 0.04259259259259259
1 0.7369791666666666 0.11712962962962963 0.022916666666666665 0.04351851851851852
1 0.5981770833333333 0.10694444444444444 0.025520833333333333 0.026851851851851852
1 0.5205729166666667 0.08101851851851852 0.028645833333333332 0.03796296296296296
1 0.84765625 0.2828703703703704 0.033854166666666664 0.05092592592592592
1 0.446875 0.07453703703703704 0.023958333333333335 0.03611111111111111
1 0.3338541666666667 0.1162037037037037 0.023958333333333335 0.03981481481481482
1 0.2799479166666667 0.2263888888888889 0.0390625 0.03425925925925926
1 0.5684895833333333 0.10648148148148148 0.0328125 0.05
1 0.7166666666666667 0.1884259259259259 0.036458333333333336 0.058333333333333334
1 0.2520833333333333 0.1837962962962963 0.046875 0.075
1 0.4708333333333333 0.06342592592592593 0.01875 0.019444444444444445
1 0.5026041666666666 0.11944444444444445 0.030208333333333334 0.03518518518518519
1 0.36822916666666666 0.14537037037037037 0.036458333333333336 0.053703703703703705
1 0.66640625 0.10648148148148148 0.021354166666666667 0.025925925925925925
1 0.5380208333333333 0.11574074074074074 0.03333333333333333 0.044444444444444446
1 0.6734375 0.6287037037037037 0.128125 0.1962962962962963