2 0.87265625 0.14629629629629629 0.07239583333333334 0.15925925925925927
2 0.8958333333333334 0.5569444444444445 0.16666666666666666 0.31203703703703706
1 0.19010416666666666 0.7703703703703704 0.13645833333333332 0.1648148148148148
1 0.7325520833333333 0.48194444444444445 0.0953125 0.1175925925925926
1 0.6372395833333333 0.6055555555555555 0.11614583333333334 0.15925925925925927
1 0.71484375 0.35833333333333334 0.07135416666666666 0.0962962962962963
1 0.43333333333333335 0.6194444444444445 0.11354166666666667 0.15555555555555556
1 0.7947916666666667 0.5615740740740741 0.053125 0.14351851851851852
1 0.5994791666666667 0.5277777777777778 0.08854166666666667 0.13333333333333333
1 0.5513020833333333 0.325 0.06614583333333333 0.08703703703703704
1 0.6231770833333333 0.18472222222222223 0.04114583333333333 0.041666666666666664
1 0.19114583333333332 0.32731481481481484 0.06041666666666667 0.08796296296296297
1 0.90703125 0.2851851851851852 0.0640625 0.07592592592592592
1 0.6221354166666667 0.3819444444444444 0.07135416666666666 0.10092592592592593
1 0.8315104166666667 0.28379629629629627 0.06197916666666667 0.06574074074074074
1 0.9744791666666667 0.3699074074074074 0.05 0.09537037037037037
1 0.32473958333333336 0.37407407407407406 0.0703125 0.09444444444444444
1 0.6755208333333333 0.30972222222222223 0.06875 0.09537037037037037
1 0.3421875 0.33287037037037037 0.065625 0.08425925925925926
1 0.4981770833333333 0.2828703703703704 0.04739583333333333 0.0787037037037037
1 0.48411458333333335 0.17731481481481481 0.03802083333333333 0.062037037037037036
1 0.3885416666666667 0.5300925925925926 0.115625 0.18425925925925926
1 0.2794270833333333 0.25555555555555554 0.0453125 0.06111111111111111
1 0.39765625 0.2740740740740741 0.0609375 0.09259259259259259
1 0.43359375 0.33194444444444443 0.06822916666666666 0.10648148148148148
1 0.47604166666666664 0.40925925925925927 0.09270833333333334 0.14629629629629629
1 0.5229166666666667 0.300462962962963 0.053125 0.08796296296296297
1 0.66796875 0.17731481481481481 0.0390625 0.049074074074074076
1 0.4484375 0.3675925925925926 0.0625 0.1
1 0.7518229166666667 0.2111111111111111 0.0484375 0.07777777777777778
1 0.36822916666666666 0.24027777777777778 0.040625 0.06574074074074074
1 0.41953125 0.1962962962962963 0.0453125 0.06296296296296296
1 0.21458333333333332 0.6157407407407407 0.10416666666666667 0.1574074074074074
1 0.20208333333333334 0.5199074074074074 0.10520833333333333 0.1675925925925926
1 0.42682291666666666 0.13935185185185187 0.033854166666666664 0.049074074074074076
1 0.6002604166666666 0.11527777777777778 0.03697916666666667 0.05462962962962963
1 0.4625 0.23703703703703705 0.05 0.08333333333333333
1 0.559375 0.1287037037037037 0.029166666666666667 0.040740740740740744
1 0.4395833333333333 0.2175925925925926 0.03854166666666667 0.06296296296296296
1 0.19296875 0.26157407407407407 0.04739583333333333 0.07314814814814814
1 0.38828125 0.16898148148148148 0.0421875 0.058333333333333334
1 0.7260416666666667 0.16898148148148148 0.03854166666666667 0.062037037037037036
1 0.36744791666666665 0.15555555555555556 0.030729166666666665 0.044444444444444446
1 0.25729166666666664 0.19444444444444445 0.04583333333333333 0.05555555555555555
1 0.915625 0.1763888888888889 0.022916666666666665 0.06759259259259259
1 0.3528645833333333 0.13287037037037036 0.030729166666666665 0.03796296296296296
1 0.27447916666666666 0.11296296296296296 0.029166666666666667 0.044444444444444446
1 0.3390625 0.07592592592592592 0.022916666666666665 0.03148148148148148
1 0.49375 0.10324074074074074 0.027083333333333334 0.03425925925925926
1 0.26588541666666665 0.8930555555555556 0.14739583333333334 0.19722222222222222
1 0.5208333333333334 0.11157407407407408 0.027083333333333334 0.04537037037037037
1 0.9736979166666667 0.25555555555555554 0.0515625 0.08888888888888889
1 0.8302083333333333 0.1587962962962963 0.017708333333333333 0.05648148148148148
1 0.30859375 0.16064814814814815 0.0390625 0.058333333333333334
1 0.35494791666666664 0.21481481481481482 0.04114583333333333 0.06481481481481481
1 0.44765625 0.07916666666666666 0.025520833333333333 0.03796296296296296
1 0.3359375 0.12175925925925926 0.025 0.03425925925925926
1 0.27317708333333335 0.2310185185185185 0.0484375 0.06018518518518518
1 0.2921875 0.12685185185185185 0.03229166666666667 0.046296296296296294
1 0.65 0.10972222222222222 0.025 0.03796296296296296
1 0.4739583333333333 0.08981481481481482 0.030208333333333334 0.04259259259259259
1 0.5731770833333333 0.10416666666666667 0.028645833333333332 0.04351851851851852
1 0.846875 0.2175925925925926 0.05 0.06666666666666667
1 0.4552083333333333 0.16296296296296298 0.030208333333333334 0.046296296296296294
1 0.39921875 0.11342592592592593 0.0296875 0.05092592592592592
1 0.33359375 0.18796296296296297 0.03697916666666667 0.06666666666666667
1 0.33984375 0.20787037037037037 0.024479166666666666 0.05648148148148148
1 0.16666666666666666 0.09027777777777778 0.029166666666666667 0.030555555555555555
1 0.17213541666666668 0.1587962962962963 0.033854166666666664 0.03981481481481482
1 0.82421875 0.14722222222222223 0.0296875 0.06111111111111111
1 0.6463541666666667 0.16157407407407406 0.03125 0.04351851851851852
1 0.5578125 0.0712962962962963 0.026041666666666668 0.024074074074074074
1 0.234375 0.14675925925925926 0.03854166666666667 0.04537037037037037
1 0.66171875 0.11388888888888889 0.025520833333333333 0.02962962962962963
1 0.6286458333333333 0.14351851851851852 0.03229166666666667 0.044444444444444446
1 0.5302083333333333 0.08472222222222223 0.025 0.025
1 0.16901041666666666 0.13935185185185187 0.03177083333333333 0.030555555555555555
1 0.5953125 0.08657407407407407 0.020833333333333332 0.019444444444444445
1 0.17682291666666666 0.2023148148148148 0.0484375 0.06759259259259259
1 0.69921875 0.15 0.034895833333333334 0.05740740740740741
1 0.5739583333333333 0.16018518518518518 0.03333333333333333 0.040740740740740744
1 0.4010416666666667 0.06574074074074074 0.020833333333333332 0.020370370370370372
1 0.41458333333333336 0.1300925925925926 0.03125 0.049074074074074076
1 0.32395833333333335 0.10925925925925926 0.035416666666666666 0.03888888888888889
1 0.8614583333333333 0.2513888888888889 0.05416666666666667 0.06759259259259259
1 0.18255208333333334 0.23472222222222222 0.04739583333333333 0.0824074074074074
1 0.246875 0.16296296296296298 0.03854166666666667 0.04814814814814815
1 0.6604166666666667 0.1398148148148148 0.028125 0.027777777777777776
1 0.98984375 0.29768518518518516 0.019270833333333334 0.05277777777777778