2 0.6885416666666667 0.38287037037037036 0.11458333333333333 0.2175925925925926
2 0.8330729166666667 0.1425925925925926 0.0734375 0.1388888888888889
2 0.98203125 0.18009259259259258 0.034895833333333334 0.18611111111111112
2 0.7684895833333333 0.09074074074074075 0.05572916666666667 0.09074074074074075
1 0.715625 0.6907407407407408 0.125 0.16111111111111112
1 0.5932291666666667 0.35324074074074074 0.06979166666666667 0.08981481481481482
1 0.7953125 0.8324074074074074 0.14791666666666667 0.20925925925925926
1 0.20911458333333333 0.5916666666666667 0.09739583333333333 0.13148148148148148
1 0.65078125 0.19953703703703704 0.04739583333333333 0.04351851851851852
1 0.5015625 0.4217592592592593 0.08125 0.11203703703703703
1 0.484375 0.7328703703703704 0.1375 0.22870370370370371
1 0.36354166666666665 0.43425925925925923 0.08229166666666667 0.10925925925925926
1 0.5184895833333333 0.29305555555555557 0.0546875 0.0787037037037037
1 0.7416666666666667 0.2375 0.046875 0.058333333333333334
1 0.19114583333333332 0.2662037037037037 0.04791666666666667 0.07314814814814814
1 0.190625 0.5277777777777778 0.09375 0.11481481481481481
1 0.4244791666666667 0.6504629629629629 0.103125 0.16018518518518518
1 0.6067708333333334 0.27361111111111114 0.05416666666666667 0.07314814814814814
1 0.2838541666666667 0.29583333333333334 0.057291666666666664 0.075
1 0.6182291666666667 0.39861111111111114 0.041666666666666664 0.10092592592592593
1 0.48489583333333336 0.2601851851851852 0.05625 0.07037037037037037
1 0.61328125 0.15787037037037038 0.0359375 0.049074074074074076
1 0.5752604166666667 0.24675925925925926 0.05572916666666667 0.0787037037037037
1 0.26484375 0.21296296296296297 0.0390625 0.053703703703703705
1 0.8010416666666667 0.5296296296296297 0.11875 0.1962962962962963
1 0.42682291666666666 0.31157407407407406 0.0671875 0.11388888888888889
1 0.8752604166666667 0.2625 0.059895833333333336 0.09351851851851851
1 0.365625 0.2657407407407407 0.034375 0.06666666666666667
1 0.59765625 0.14675925925925926 0.033854166666666664 0.049074074074074076
1 0.8283854166666667 0.20694444444444443 0.04739583333333333 0.075
1 0.34401041666666665 0.3800925925925926 0.0859375 0.1361111111111111
1 0.3567708333333333 0.1439814814814815 0.041666666666666664 0.049074074074074076
1 0.5614583333333333 0.1310185185185185 0.03229166666666667 0.04722222222222222
1 0.3567708333333333 0.22685185185185186 0.052083333333333336 0.07777777777777778
1 0.39088541666666665 0.16805555555555557 0.03802083333333333 0.05462962962962963
1 0.18463541666666666 0.4398148148148148 0.07135416666666666 0.11481481481481481
1 0.91875 0.18194444444444444 0.040625 0.06574074074074074
1 0.4869791666666667 0.37777777777777777 0.06458333333333334 0.09814814814814815
1 0.16953125 0.08287037037037037 0.0265625 0.026851851851851852
1 0.2635416666666667 0.10092592592592593 0.026041666666666668 0.03888888888888889
1 0.24765625 0.1685185185185185 0.03802083333333333 0.05
1 0.23411458333333332 0.1425925925925926 0.0265625 0.040740740740740744
1 0.6846354166666667 0.1310185185185185 0.0203125 0.03981481481481482
1 0.525 0.11944444444444445 0.020833333333333332 0.03333333333333333
1 0.45286458333333335 0.2310185185185185 0.04635416666666667 0.062037037037037036
1 0.1875 0.22268518518518518 0.040625 0.06574074074074074
1 0.71953125 0.13518518518518519 0.030729166666666665 0.03518518518518519
1 0.5020833333333333 0.1037037037037037 0.030208333333333334 0.04814814814814815
1 0.33619791666666665 0.20277777777777778 0.033854166666666664 0.05555555555555555
1 0.8986979166666667 0.17037037037037037 0.0390625 0.06666666666666667
1 0.6552083333333333 0.13564814814814816 0.042708333333333334 0.062037037037037036
1 0.32760416666666664 0.11527777777777778 0.035416666666666666 0.03425925925925926
1 0.9489583333333333 0.1875 0.040625 0.075
1 0.43984375 0.14814814814814814 0.0328125 0.053703703703703705
1 0.4010416666666667 0.18611111111111112 0.028125 0.05740740740740741
1 0.25755208333333335 0.1912037037037037 0.0421875 0.04537037037037037
1 0.8049479166666667 0.18472222222222223 0.03697916666666667 0.06574074074074074
1 0.4265625 0.19398148148148148 0.040625 0.06759259259259259
1 0.3338541666666667 0.18194444444444444 0.0375 0.05277777777777778
1 0.47942708333333334 0.09768518518518518 0.0234375 0.032407407407407406
1 0.27708333333333335 0.11342592592592593 0.027083333333333334 0.04351851851851852
1 0.22786458333333334 0.13055555555555556 0.0359375 0.03888888888888889
1 0.98515625 0.26990740740740743 0.028645833333333332 0.0787037037037037
1 0.16770833333333332 0.1449074074074074 0.03333333333333333 0.03981481481481482
1 0.5888020833333333 0.1337962962962963 0.030729166666666665 0.062037037037037036
1 0.31744791666666666 0.16203703703703703 0.033854166666666664 0.05740740740740741
1 0.15963541666666667 0.18425925925925926 0.018229166666666668 0.040740740740740744
1 0.4192708333333333 0.0699074074074074 0.019791666666666666 0.026851851851851852
1 0.29296875 0.13518518518518519 0.033854166666666664 0.04814814814814815
1 0.6174479166666667 0.1175925925925926 0.03177083333333333 0.04259259259259259
1 0.18046875 0.2064814814814815 0.0390625 0.05
1 0.38958333333333334 0.29398148148148145 0.03125 0.07685185185185185
1 0.7651041666666667 0.15138888888888888 0.0375 0.05462962962962963
1 0.5885416666666666 0.08148148148148149 0.028125 0.027777777777777776
1 0.18671875 0.38101851851851853 0.07864583333333333 0.125
1 0.6395833333333333 0.10138888888888889 0.022916666666666665 0.026851851851851852
1 0.46041666666666664 0.08657407407407407 0.01875 0.03425925925925926
1 0.5994791666666667 0.09537037037037037 0.021875 0.018518518518518517
1 0.73671875 0.1425925925925926 0.0265625 0.027777777777777776
1 0.7291666666666666 0.20416666666666666 0.04583333333333333 0.06018518518518518
1 0.3971354166666667 0.2796296296296296 0.05260416666666667 0.10555555555555556
1 0.709375 0.1875 0.041666666666666664 0.0712962962962963
1 0.2078125 0.10925925925925926 0.016666666666666666 0.027777777777777776
1 0.740625 0.17314814814814813 0.027083333333333334 0.03888888888888889
1 0.546875 0.06666666666666667 0.026041666666666668 0.03333333333333333
1 0.42109375 0.13518518518518519 0.0265625 0.037037037037037035
1 0.31276041666666665 0.09583333333333334 0.033854166666666664 0.03425925925925926
1 0.325 0.06898148148148148 0.020833333333333332 0.019444444444444445
1 0.44427083333333334 0.07777777777777778 0.017708333333333333 0.03148148148148148
1 0.7713541666666667 0.21851851851851853 0.040625 0.05740740740740741
1 0.3966145833333333 0.11527777777777778 0.0359375 0.04722222222222222