2 0.696875 0.09675925925925925 0.052083333333333336 0.11203703703703703
2 0.6385416666666667 0.08935185185185185 0.05 0.08981481481481482
1 0.83359375 0.5722222222222222 0.11510416666666666 0.16111111111111112
1 0.7875 0.7921296296296296 0.15729166666666666 0.20462962962962963
1 0.5231770833333333 0.8361111111111111 0.15677083333333333 0.20555555555555555
1 0.3497395833333333 0.41759259259259257 0.0734375 0.0962962962962963
1 0.20859375 0.44351851851851853 0.07864583333333333 0.1111111111111111
1 0.9442708333333333 0.674074074074074 0.11041666666666666 0.17222222222222222
1 0.7559895833333333 0.487962962962963 0.10052083333333334 0.13148148148148148
1 0.6911458333333333 0.6504629629629629 0.13333333333333333 0.20462962962962963
1 0.5385416666666667 0.4898148148148148 0.10833333333333334 0.16296296296296298
1 0.47734375 0.38564814814814813 0.07239583333333334 0.09907407407407408
1 0.534375 0.29953703703703705 0.06354166666666666 0.08611111111111111
1 0.44296875 0.22175925925925927 0.04114583333333333 0.06018518518518518
1 0.33177083333333335 0.35694444444444445 0.06666666666666667 0.08796296296296297
1 0.6658854166666667 0.3962962962962963 0.0828125 0.13148148148148148
1 0.13541666666666666 0.3837962962962963 0.075 0.12314814814814815
1 0.4075520833333333 0.18333333333333332 0.0390625 0.05
1 0.5869791666666667 0.16666666666666666 0.03854166666666667 0.040740740740740744
1 0.5317708333333333 0.20972222222222223 0.04583333333333333 0.0712962962962963
1 0.42994791666666665 0.3226851851851852 0.0640625 0.08981481481481482
1 0.6369791666666667 0.27870370370370373 0.058333333333333334 0.09259259259259259
1 0.30625 0.32916666666666666 0.05416666666666667 0.08425925925925926
1 0.57578125 0.3388888888888889 0.0640625 0.0962962962962963
1 0.30052083333333335 0.7805555555555556 0.14791666666666667 0.1925925925925926
1 0.47942708333333334 0.24675925925925926 0.0515625 0.08055555555555556
1 0.9419270833333333 0.2518518518518518 0.05572916666666667 0.08148148148148149
1 0.7546875 0.18287037037037038 0.034375 0.05648148148148148
1 0.8666666666666667 0.2935185185185185 0.07395833333333333 0.08148148148148149
1 0.50234375 0.19074074074074074 0.04114583333333333 0.06296296296296296
1 0.17786458333333333 0.3138888888888889 0.0640625 0.07777777777777778
1 0.2640625 0.2263888888888889 0.0375 0.06018518518518518
1 0.8828125 0.17453703703703705 0.040625 0.05092592592592592
1 0.4666666666666667 0.16064814814814815 0.03958333333333333 0.062037037037037036
1 0.9723958333333333 0.29583333333333334 0.05416666666666667 0.06388888888888888
1 0.37135416666666665 0.22870370370370371 0.04479166666666667 0.07592592592592592
1 0.17291666666666666 0.2175925925925926 0.03958333333333333 0.05555555555555555
1 0.6591145833333333 0.13796296296296295 0.0328125 0.03518518518518519
1 0.8369791666666667 0.23796296296296296 0.046875 0.046296296296296294
1 0.58828125 0.2523148148148148 0.049479166666666664 0.0712962962962963
1 0.85625 0.16620370370370371 0.03333333333333333 0.049074074074074076
1 0.6458333333333334 0.1699074074074074 0.036458333333333336 0.05462962962962963
1 0.47942708333333334 0.17453703703703705 0.033854166666666664 0.06018518518518518
1 0.4088541666666667 0.3037037037037037 0.04583333333333333 0.07592592592592592
1 0.5885416666666666 0.1388888888888889 0.036458333333333336 0.05555555555555555
1 0.7986979166666667 0.2601851851851852 0.0546875 0.05740740740740741
1 0.28619791666666666 0.25972222222222224 0.05260416666666667 0.04722222222222222
1 0.1765625 0.2671296296296296 0.057291666666666664 0.05462962962962963
1 0.16119791666666666 0.11712962962962963 0.0390625 0.049074074074074076
1 0.32838541666666665 0.17546296296296296 0.03802083333333333 0.06388888888888888
1 0.19296875 0.1449074074074074 0.0203125 0.04722222222222222
1 0.48411458333333335 0.09722222222222222 0.024479166666666666 0.03518518518518519
1 0.69296875 0.21435185185185185 0.0421875 0.04537037037037037
1 0.46015625 0.10231481481481482 0.0265625 0.028703703703703703
1 0.39348958333333334 0.2712962962962963 0.05260416666666667 0.08703703703703704
1 0.7559895833333333 0.13055555555555556 0.0359375 0.053703703703703705
1 0.33541666666666664 0.1175925925925926 0.023958333333333335 0.037037037037037035
1 0.28984375 0.28935185185185186 0.05260416666666667 0.05277777777777778
1 0.34348958333333335 0.20092592592592592 0.0390625 0.05740740740740741
1 0.7330729166666666 0.2439814814814815 0.049479166666666664 0.062037037037037036
1 0.37734375 0.10324074074074074 0.025520833333333333 0.03425925925925926
1 0.8028645833333333 0.1625 0.033854166666666664 0.03425925925925926
1 0.49947916666666664 0.11944444444444445 0.029166666666666667 0.03148148148148148
1 0.3046875 0.1486111111111111 0.034375 0.05462962962962963
1 0.5098958333333333 0.2833333333333333 0.046875 0.07592592592592592
1 0.7075520833333333 0.15231481481481482 0.034895833333333334 0.03981481481481482
1 0.1875 0.10324074074074074 0.021875 0.032407407407407406
1 0.27708333333333335 0.11388888888888889 0.03125 0.03518518518518519
1 0.9669270833333333 0.36342592592592593 0.06510416666666667 0.08981481481481482
1 0.2552083333333333 0.08703703703703704 0.022916666666666665 0.03518518518518519
1 0.5645833333333333 0.10555555555555556 0.03125 0.04814814814814815
1 0.25234375 0.18564814814814815 0.04635416666666667 0.075
1 0.34609375 0.08101851851851852 0.030729166666666665 0.03796296296296296
1 0.7325520833333333 0.11666666666666667 0.0234375 0.04259259259259259
1 0.17708333333333334 0.19583333333333333 0.03958333333333333 0.05648148148148148
1 0.5942708333333333 0.10787037037037037 0.026041666666666668 0.028703703703703703
1 0.3125 0.09907407407407408 0.022916666666666665 0.03333333333333333
1 0.709375 0.18425925925925926 0.036458333333333336 0.05740740740740741
1 0.20885416666666667 0.08287037037037037 0.023958333333333335 0.03425925925925926
1 0.5192708333333333 0.08009259259259259 0.029166666666666667 0.03796296296296296
1 0.17083333333333334 0.17453703703703705 0.03958333333333333 0.062037037037037036
1 0.8981770833333333 0.23194444444444445 0.050520833333333334 0.06018518518518518
1 0.23307291666666666 0.13472222222222222 0.033854166666666664 0.04722222222222222
1 0.6611979166666667 0.10648148148148148 0.022395833333333334 0.025925925925925925
1 0.4700520833333333 0.06388888888888888 0.019270833333333334 0.018518518518518517
1 0.58359375 0.07777777777777778 0.0203125 0.025925925925925925
1 0.528125 0.11805555555555555 0.016666666666666666 0.03611111111111111
1 0.6760416666666667 0.1736111111111111 0.03854166666666667 0.03796296296296296
1 0.80625 0.20185185185185187 0.0375 0.05555555555555555
1 0.6669270833333333 0.19675925925925927 0.0421875 0.04351851851851852
1 0.378125 0.16666666666666666 0.036458333333333336 0.046296296296296294
1 0.78046875 0.22546296296296298 0.04739583333333333 0.06574074074074074