1 0.20546875 0.5111111111111111 0.10364583333333334 0.13518518518518519
1 0.4375 0.6541666666666667 0.11666666666666667 0.15648148148148147
1 0.759375 0.5018518518518519 0.10729166666666666 0.1388888888888889
1 0.3502604166666667 0.43796296296296294 0.0796875 0.10925925925925926
1 0.5380208333333333 0.31712962962962965 0.06458333333333334 0.0824074074074074
1 0.6072916666666667 0.5546296296296296 0.10208333333333333 0.15185185185185185
1 0.18723958333333332 0.42314814814814816 0.08072916666666667 0.1037037037037037
1 0.7778645833333333 0.7643518518518518 0.14114583333333333 0.1935185185185185
1 0.41744791666666664 0.5708333333333333 0.1109375 0.14537037037037037
1 0.8494791666666667 0.5935185185185186 0.115625 0.1685185185185185
1 0.5450520833333333 0.49722222222222223 0.08697916666666666 0.12222222222222222
1 0.7153645833333333 0.4648148148148148 0.08072916666666667 0.11666666666666667
1 0.8841145833333334 0.26944444444444443 0.058854166666666666 0.07592592592592592
1 0.62578125 0.37175925925925923 0.08072916666666667 0.125
1 0.3098958333333333 0.3226851851851852 0.059375 0.08611111111111111
1 0.8223958333333333 0.41805555555555557 0.08541666666666667 0.11388888888888889
1 0.18229166666666666 0.29814814814814816 0.053125 0.07962962962962963
1 0.9583333333333334 0.5050925925925925 0.08229166666666667 0.16018518518518518
1 0.4822916666666667 0.2564814814814815 0.05416666666666667 0.07037037037037037
1 0.4119791666666667 0.30972222222222223 0.04791666666666667 0.08055555555555556
1 0.39895833333333336 0.2796296296296296 0.04895833333333333 0.07592592592592592
1 0.675 0.20879629629629629 0.04583333333333333 0.04537037037037037
1 0.4552083333333333 0.33564814814814814 0.06666666666666667 0.10648148148148148
1 0.025520833333333333 0.46620370370370373 0.051041666666666666 0.13055555555555556
1 0.65859375 0.28888888888888886 0.0609375 0.09444444444444444
1 0.4315104166666667 0.14074074074074075 0.03177083333333333 0.046296296296296294
1 0.3390625 0.3712962962962963 0.065625 0.08703703703703704
1 0.7057291666666666 0.3236111111111111 0.071875 0.10833333333333334
1 0.8119791666666667 0.23425925925925925 0.05 0.07592592592592592
1 0.3736979166666667 0.23842592592592593 0.04739583333333333 0.0824074074074074
1 0.4440104166666667 0.22962962962962963 0.04635416666666667 0.06481481481481481
1 0.4875 0.11435185185185186 0.027083333333333334 0.032407407407407406
1 0.9583333333333334 0.19953703703703704 0.053125 0.0712962962962963
1 0.7078125 0.1361111111111111 0.03229166666666667 0.044444444444444446
1 0.6270833333333333 0.17824074074074073 0.042708333333333334 0.049074074074074076
1 0.3072916666666667 0.9532407407407407 0.18645833333333334 0.09166666666666666
1 0.40078125 0.1787037037037037 0.03177083333333333 0.046296296296296294
1 0.38697916666666665 0.1087962962962963 0.03229166666666667 0.05092592592592592
1 0.5479166666666667 0.8601851851851852 0.15104166666666666 0.2037037037037037
1 0.43125 0.19953703703703704 0.04479166666666667 0.06944444444444445
1 0.5161458333333333 0.42916666666666664 0.08645833333333333 0.13796296296296295
1 0.34479166666666666 0.18888888888888888 0.041666666666666664 0.05
1 0.63671875 0.1625 0.0328125 0.05092592592592592
1 0.3026041666666667 0.1537037037037037 0.03125 0.040740740740740744
1 0.6888020833333334 0.15787037037037038 0.034895833333333334 0.049074074074074076
1 0.278125 0.25046296296296294 0.058333333333333334 0.09722222222222222
1 0.36744791666666665 0.10231481481481482 0.0140625 0.032407407407407406
1 0.34322916666666664 0.2222222222222222 0.03854166666666667 0.06111111111111111
1 0.2375 0.14166666666666666 0.03125 0.040740740740740744
1 0.18385416666666668 0.25972222222222224 0.052083333333333336 0.06018518518518518
1 0.7432291666666667 0.15324074074074073 0.03333333333333333 0.028703703703703703
1 0.6692708333333334 0.10416666666666667 0.025 0.04537037037037037
1 0.8723958333333334 0.20879629629629629 0.051041666666666666 0.07314814814814814
1 0.3880208333333333 0.16898148148148148 0.03333333333333333 0.05462962962962963
1 0.57109375 0.15462962962962962 0.03177083333333333 0.03148148148148148
1 0.6 0.1675925925925926 0.028125 0.03888888888888889
1 0.22760416666666666 0.12314814814814815 0.03125 0.03888888888888889
1 0.73046875 0.12546296296296297 0.024479166666666666 0.03611111111111111
1 0.85234375 0.1912037037037037 0.0359375 0.05277777777777778
1 0.6557291666666667 0.12083333333333333 0.029166666666666667 0.041666666666666664
1 0.27630208333333334 0.10694444444444444 0.0328125 0.041666666666666664
1 0.28671875 0.12546296296296297 0.03697916666666667 0.03425925925925926
1 0.17447916666666666 0.14027777777777778 0.03854166666666667 0.049074074074074076
1 0.3658854166666667 0.15092592592592594 0.03177083333333333 0.04259259259259259
1 0.42239583333333336 0.12962962962962962 0.029166666666666667 0.05
1 0.8244791666666667 0.17824074074074073 0.03229166666666667 0.05092592592592592
1 0.34869791666666666 0.14351851851851852 0.0234375 0.037037037037037035
1 0.18333333333333332 0.07962962962962963 0.020833333333333332 0.025925925925925925
1 0.5799479166666667 0.2375 0.05260416666666667 0.08796296296296297
1 0.5908854166666667 0.10833333333333334 0.024479166666666666 0.03333333333333333
1 0.6046875 0.14027777777777778 0.03125 0.028703703703703703
1 0.35963541666666665 0.08796296296296297 0.021354166666666667 0.03148148148148148
1 0.46822916666666664 0.09027777777777778 0.021875 0.030555555555555555
1 0.3453125 0.12638888888888888 0.028125 0.04722222222222222
1 0.50625 0.1050925925925926 0.026041666666666668 0.041666666666666664
1 0.5559895833333334 0.14305555555555555 0.025520833333333333 0.03425925925925926
1 0.8953125 0.1685185185185185 0.04895833333333333 0.07037037037037037
1 0.325 0.10787037037037037 0.028125 0.04351851851851852
1 0.6375 0.13287037037037036 0.03229166666666667 0.03796296296296296
1 0.5270833333333333 0.13657407407407407 0.01875 0.025
1 0.171875 0.23194444444444445 0.041666666666666664 0.08611111111111111
1 0.18098958333333334 0.19768518518518519 0.04010416666666667 0.06574074074074074
1 0.5643229166666667 0.10092592592592593 0.022395833333333334 0.024074074074074074
1 0.71484375 0.19490740740740742 0.03697916666666667 0.06759259259259259
1 0.7971354166666667 0.18287037037037038 0.0234375 0.03611111111111111
1 0.5955729166666667 0.2587962962962963 0.0546875 0.0824074074074074
1 0.43411458333333336 0.07916666666666666 0.021354166666666667 0.03611111111111111
1 0.6408854166666667 0.09305555555555556 0.0296875 0.03796296296296296
1 0.7513020833333334 0.2050925925925926 0.0515625 0.0824074074074074
1 0.8903645833333333 0.23287037037037037 0.05260416666666667 0.06944444444444445
1 0.26927083333333335 0.21296296296296297 0.05520833333333333 0.06851851851851852
1 0.16796875 0.17453703703703705 0.0296875 0.03611111111111111
1 0.5828125 0.1300925925925926 0.028125 0.03796296296296296
1 0.2565104166666667 0.17407407407407408 0.04114583333333333 0.05185185185185185
1 0.16197916666666667 0.12731481481481483 0.023958333333333335 0.041666666666666664
1 0.28098958333333335 0.19166666666666668 0.03177083333333333 0.025925925925925925
1 0.32526041666666666 0.18287037037037038 0.03177083333333333 0.062037037037037036
1 0.6260416666666667 0.12453703703703704 0.022916666666666665 0.030555555555555555
1 0.9916666666666667 0.27037037037037037 0.015625 0.07777777777777778