3 0.8986979166666667 0.2587962962962963 0.06614583333333333 0.09722222222222222
1 0.07473958333333333 0.44027777777777777 0.07760416666666667 0.10462962962962963
1 0.23177083333333334 0.7893518518518519 0.14375 0.18981481481481483
1 0.7244791666666667 0.48935185185185187 0.09791666666666667 0.12314814814814815
1 0.18802083333333333 0.37083333333333335 0.06666666666666667 0.09537037037037037
1 0.5424479166666667 0.32222222222222224 0.0671875 0.08333333333333333
1 0.44244791666666666 0.6189814814814815 0.11302083333333333 0.15648148148148147
1 0.9783854166666667 0.20416666666666666 0.0421875 0.06018518518518518
1 0.6067708333333334 0.37222222222222223 0.07395833333333333 0.10185185185185185
1 0.37838541666666664 0.5018518518518519 0.0890625 0.12777777777777777
1 0.68046875 0.18518518518518517 0.04114583333333333 0.05555555555555555
1 0.5104166666666666 0.19398148148148148 0.042708333333333334 0.05648148148148148
1 0.8223958333333333 0.40555555555555556 0.08645833333333333 0.12777777777777777
1 0.4640625 0.24212962962962964 0.040625 0.06574074074074074
1 0.6166666666666667 0.5439814814814815 0.10416666666666667 0.1675925925925926
1 0.9513020833333333 0.9643518518518519 0.09635416666666667 0.06944444444444445
1 0.41458333333333336 0.30416666666666664 0.04791666666666667 0.07685185185185185
1 0.41744791666666664 0.13287037037037036 0.0234375 0.041666666666666664
1 0.5341145833333333 0.46944444444444444 0.08697916666666666 0.12037037037037036
1 0.31614583333333335 0.34814814814814815 0.07916666666666666 0.12962962962962962
1 0.4466145833333333 0.3300925925925926 0.06510416666666667 0.10833333333333334
1 0.9544270833333334 0.4847222222222222 0.09010416666666667 0.1638888888888889
1 0.5104166666666666 0.8236111111111111 0.153125 0.20462962962962963
1 0.6369791666666667 0.16203703703703703 0.036458333333333336 0.05925925925925926
1 0.49375 0.41203703703703703 0.075 0.10740740740740741
1 0.9455729166666667 0.6666666666666666 0.1078125 0.21851851851851853
1 0.38125 0.16018518518518518 0.034375 0.05555555555555555
1 0.4427083333333333 0.14722222222222223 0.03958333333333333 0.06111111111111111
1 0.39010416666666664 0.2652777777777778 0.053125 0.08611111111111111
1 0.48515625 0.17407407407407408 0.04010416666666667 0.05555555555555555
1 0.17630208333333333 0.18009259259259258 0.04114583333333333 0.05648148148148148
1 0.39817708333333335 0.18981481481481483 0.034895833333333334 0.046296296296296294
1 0.7536458333333333 0.11296296296296296 0.034375 0.02962962962962963
1 0.4479166666666667 0.22314814814814815 0.03958333333333333 0.06851851851851852
1 0.5481770833333334 0.14722222222222223 0.0328125 0.03518518518518519
1 0.33515625 0.1986111111111111 0.04635416666666667 0.062037037037037036
1 0.7075520833333333 0.13796296296296295 0.0328125 0.044444444444444446
1 0.3963541666666667 0.11203703703703703 0.025 0.037037037037037035
1 0.425 0.2023148148148148 0.03958333333333333 0.06018518518518518
1 0.76328125 0.21898148148148147 0.04739583333333333 0.062037037037037036
1 0.6723958333333333 0.14722222222222223 0.035416666666666666 0.053703703703703705
1 0.73203125 0.17222222222222222 0.04010416666666667 0.053703703703703705
1 0.15546875 0.10138888888888889 0.025520833333333333 0.041666666666666664
1 0.77109375 0.18518518518518517 0.044270833333333336 0.06111111111111111
1 0.26901041666666664 0.16898148148148148 0.0359375 0.04351851851851852
1 0.5591145833333333 0.10555555555555556 0.025520833333333333 0.03518518518518519
1 0.7796875 0.3625 0.08229166666666667 0.13240740740740742
1 0.27239583333333334 0.1162037037037037 0.030208333333333334 0.04351851851851852
1 0.23020833333333332 0.18009259259259258 0.046875 0.07314814814814814
1 0.2984375 0.1310185185185185 0.03333333333333333 0.04722222222222222
1 0.35104166666666664 0.08518518518518518 0.022916666666666665 0.03333333333333333
1 0.63984375 0.10092592592592593 0.0171875 0.03148148148148148
1 0.16666666666666666 0.2828703703703704 0.04895833333333333 0.0712962962962963
1 0.17552083333333332 0.12361111111111112 0.03125 0.03796296296296296
1 0.6484375 0.13194444444444445 0.029166666666666667 0.028703703703703703
1 0.2643229166666667 0.22407407407407406 0.044270833333333336 0.07962962962962963
1 0.5203125 0.12824074074074074 0.03333333333333333 0.03796296296296296
1 0.30078125 0.15694444444444444 0.034895833333333334 0.041666666666666664
1 0.5776041666666667 0.09444444444444444 0.021875 0.03148148148148148
1 0.6091145833333333 0.10277777777777777 0.025520833333333333 0.037037037037037035
1 0.48932291666666666 0.11296296296296296 0.024479166666666666 0.02962962962962963
1 0.6013020833333333 0.1425925925925926 0.04114583333333333 0.06296296296296296
1 0.17317708333333334 0.24074074074074073 0.049479166666666664 0.044444444444444446
1 0.23046875 0.1175925925925926 0.03177083333333333 0.05
1 0.15729166666666666 0.2449074074074074 0.04479166666666667 0.07685185185185185
1 0.57421875 0.13703703703703704 0.0171875 0.05
1 0.18359375 0.3101851851851852 0.0609375 0.09074074074074075
1 0.8643229166666667 0.8439814814814814 0.1734375 0.2657407407407407
1 0.4041666666666667 0.06944444444444445 0.01875 0.024074074074074074
1 0.27708333333333335 0.2300925925925926 0.04895833333333333 0.06759259259259259
1 0.6065104166666667 0.07685185185185185 0.022395833333333334 0.020370370370370372
1 0.4348958333333333 0.09027777777777778 0.020833333333333332 0.030555555555555555
1 0.7671875 0.15 0.0375 0.04814814814814815
1 0.3424479166666667 0.11342592592592593 0.0328125 0.05277777777777778
1 0.5158854166666667 0.2884259259259259 0.05260416666666667 0.05277777777777778
1 0.503125 0.12175925925925926 0.015625 0.030555555555555555
1 0.36953125 0.24027777777777778 0.0390625 0.07685185185185185
1 0.2375 0.13055555555555556 0.03333333333333333 0.03518518518518519
1 0.51171875 0.26064814814814813 0.07135416666666666 0.07685185185185185
1 0.7372395833333333 0.13842592592592592 0.030729166666666665 0.023148148148148147
1 0.29140625 0.2791666666666667 0.050520833333333334 0.09351851851851851
1 0.3145833333333333 0.28425925925925927 0.06354166666666666 0.07592592592592592
1 0.3609375 0.13935185185185187 0.034375 0.05648148148148148
1 0.9908854166666666 0.32592592592592595 0.0171875 0.1