2 0.7473958333333334 0.11342592592592593 0.06145833333333333 0.13055555555555556
2 0.6723958333333333 0.09583333333333334 0.052083333333333336 0.10648148148148148
1 0.6638020833333333 0.9277777777777778 0.24322916666666666 0.1425925925925926
1 0.8984375 0.6263888888888889 0.11979166666666667 0.16944444444444445
1 0.7393229166666667 0.48564814814814816 0.0984375 0.125
1 0.3703125 0.5166666666666667 0.10104166666666667 0.12962962962962962
1 0.06536458333333334 0.46064814814814814 0.08385416666666666 0.13240740740740742
1 0.9809895833333333 0.3101851851851852 0.03697916666666667 0.07407407407407407
1 0.46588541666666666 0.37916666666666665 0.08489583333333334 0.12685185185185185
1 0.31536458333333334 0.33935185185185185 0.058854166666666666 0.0787037037037037
1 0.6869791666666667 0.6875 0.15416666666666667 0.24166666666666667
1 0.603125 0.5537037037037037 0.109375 0.1425925925925926
1 0.20859375 0.35324074074074074 0.0609375 0.09166666666666666
1 0.39921875 0.575 0.10572916666666667 0.14074074074074075
1 0.42291666666666666 0.31574074074074077 0.058333333333333334 0.08148148148148149
1 0.6546875 0.19722222222222222 0.041666666666666664 0.044444444444444446
1 0.9669270833333333 0.19907407407407407 0.044270833333333336 0.05555555555555555
1 0.5221354166666666 0.2810185185185185 0.05364583333333333 0.0824074074074074
1 0.24192708333333332 0.9004629629629629 0.16614583333333333 0.19722222222222222
1 0.4825520833333333 0.25092592592592594 0.05364583333333333 0.07407407407407407
1 0.4088541666666667 0.19305555555555556 0.03854166666666667 0.05277777777777778
1 0.9419270833333333 0.47453703703703703 0.0984375 0.14537037037037037
1 0.940625 0.3384259259259259 0.06979166666666667 0.09537037037037037
1 0.5559895833333334 0.48009259259259257 0.0984375 0.15092592592592594
1 0.38567708333333334 0.2712962962962963 0.05677083333333333 0.07777777777777778
1 0.5309895833333333 0.2125 0.0421875 0.06018518518518518
1 0.30234375 0.2972222222222222 0.05677083333333333 0.07592592592592592
1 0.48515625 0.1787037037037037 0.04114583333333333 0.06481481481481481
1 0.7919270833333333 0.262037037037037 0.05364583333333333 0.06481481481481481
1 0.6677083333333333 0.4310185185185185 0.08645833333333333 0.12314814814814815
1 0.6255208333333333 0.38472222222222224 0.078125 0.10462962962962963
1 0.38359375 0.1625 0.0359375 0.049074074074074076
1 0.9283854166666666 0.18935185185185185 0.04010416666666667 0.05277777777777778
1 0.7104166666666667 0.19444444444444445 0.041666666666666664 0.06111111111111111
1 0.5734375 0.3189814814814815 0.06875 0.11203703703703703
1 0.9049479166666666 0.275 0.05572916666666667 0.07222222222222222
1 0.5708333333333333 0.2310185185185185 0.04895833333333333 0.07685185185185185
1 0.7153645833333333 0.1597222222222222 0.03697916666666667 0.03796296296296296
1 0.6388020833333333 0.16157407407407406 0.0390625 0.062037037037037036
1 0.7450520833333333 0.20925925925925926 0.04739583333333333 0.06111111111111111
1 0.57109375 0.1361111111111111 0.0328125 0.040740740740740744
1 0.45729166666666665 0.2412037037037037 0.034375 0.06574074074074074
1 0.35963541666666665 0.14629629629629629 0.033854166666666664 0.040740740740740744
1 0.36276041666666664 0.08981481481481482 0.024479166666666666 0.02962962962962963
1 0.8786458333333333 0.225 0.04479166666666667 0.06296296296296296
1 0.28151041666666665 0.2763888888888889 0.04635416666666667 0.0712962962962963
1 0.3697916666666667 0.2324074074074074 0.04583333333333333 0.07962962962962963
1 0.46458333333333335 0.15787037037037038 0.035416666666666666 0.04722222222222222
1 0.8557291666666667 0.2916666666666667 0.057291666666666664 0.05925925925925926
1 0.4890625 0.11574074074074074 0.027083333333333334 0.03148148148148148
1 0.19869791666666667 0.1300925925925926 0.027604166666666666 0.04722222222222222
1 0.34375 0.19953703703703704 0.03854166666666667 0.06759259259259259
1 0.4434895833333333 0.21388888888888888 0.044270833333333336 0.07407407407407407
1 0.25729166666666664 0.19814814814814816 0.03229166666666667 0.053703703703703705
1 0.8401041666666667 0.19814814814814816 0.04375 0.03518518518518519
1 0.75390625 0.24074074074074073 0.043229166666666666 0.04814814814814815
1 0.19140625 0.3074074074074074 0.058854166666666666 0.10185185185185185
1 0.509375 0.10555555555555556 0.025 0.03888888888888889
1 0.8348958333333333 0.2388888888888889 0.051041666666666666 0.06481481481481481
1 0.275 0.2388888888888889 0.051041666666666666 0.06851851851851852
1 0.24401041666666667 0.16435185185185186 0.044270833333333336 0.06944444444444445
1 0.7838541666666666 0.1912037037037037 0.040625 0.0712962962962963
1 0.17682291666666666 0.26851851851851855 0.050520833333333334 0.07037037037037037
1 0.8869791666666667 0.20092592592592592 0.042708333333333334 0.06111111111111111
1 0.43984375 0.07361111111111111 0.024479166666666666 0.03611111111111111
1 0.30963541666666666 0.15416666666666667 0.03697916666666667 0.058333333333333334
1 0.43802083333333336 0.14166666666666666 0.03333333333333333 0.06296296296296296
1 0.8015625 0.14305555555555555 0.0375 0.058333333333333334
1 0.175 0.23657407407407408 0.053125 0.05648148148148148
1 0.5796875 0.11203703703703703 0.021875 0.03148148148148148
1 0.325 0.18425925925925926 0.03333333333333333 0.06481481481481481
1 0.16822916666666668 0.1550925925925926 0.03958333333333333 0.058333333333333334
1 0.30234375 0.08981481481481482 0.021354166666666667 0.02962962962962963
1 0.16770833333333332 0.0787037037037037 0.03333333333333333 0.024074074074074074
1 0.39817708333333335 0.06620370370370371 0.015104166666666667 0.025
1 0.29192708333333334 0.13287037037037036 0.028645833333333332 0.05092592592592592
1 0.6317708333333333 0.1287037037037037 0.03229166666666667 0.05185185185185185
1 0.353125 0.08194444444444444 0.020833333333333332 0.030555555555555555
1 0.35208333333333336 0.12731481481481483 0.0375 0.049074074074074076
1 0.5994791666666667 0.09027777777777778 0.020833333333333332 0.019444444444444445
1 0.703125 0.10787037037037037 0.026041666666666668 0.04351851851851852
1 0.6028645833333334 0.11851851851851852 0.03177083333333333 0.053703703703703705
1 0.5416666666666666 0.09351851851851851 0.030208333333333334 0.04814814814814815
1 0.19427083333333334 0.08194444444444444 0.020833333333333332 0.026851851851851852
1 0.41354166666666664 0.06759259259259259 0.021875 0.025925925925925925
1 0.17135416666666667 0.1925925925925926 0.035416666666666666 0.05185185185185185
1 0.25286458333333334 0.07824074074074074 0.021354166666666667 0.032407407407407406
1 0.6203125 0.08611111111111111 0.020833333333333332 0.02962962962962963
1 0.6385416666666667 0.09490740740740741 0.019791666666666666 0.028703703703703703
1 0.45 0.14953703703703702 0.029166666666666667 0.05092592592592592
1 0.5739583333333333 0.09212962962962963 0.022916666666666665 0.026851851851851852
1 0.5265625 0.13425925925925927 0.019791666666666666 0.027777777777777776
1 0.253125 0.13425925925925927 0.025 0.037037037037037035
1 0.33307291666666666 0.07685185185185185 0.0234375 0.022222222222222223
1 0.3109375 0.10185185185185185 0.01875 0.03333333333333333
1 0.15651041666666668 0.11203703703703703 0.0328125 0.05185185185185185
1 0.22734375 0.11944444444444445 0.030729166666666665 0.05
1 0.5330729166666667 0.13842592592592592 0.0328125 0.03611111111111111