3 0.83359375 0.23148148148148148 0.0609375 0.09074074074074075
2 0.8830729166666667 0.12268518518518519 0.07135416666666666 0.15092592592592594
2 0.83125 0.1587962962962963 0.078125 0.16018518518518518
1 0.8041666666666667 0.5527777777777778 0.11458333333333333 0.14444444444444443
1 0.49270833333333336 0.7273148148148149 0.13125 0.18055555555555555
1 0.41302083333333334 0.5703703703703704 0.103125 0.14629629629629629
1 0.6502604166666667 0.40925925925925927 0.08177083333333333 0.11296296296296296
1 0.2677083333333333 0.9291666666666667 0.175 0.1398148148148148
1 0.5825520833333333 0.5273148148148148 0.09947916666666666 0.13425925925925927
1 0.5765625 0.350462962962963 0.071875 0.09166666666666666
1 0.6213541666666667 0.9425925925925925 0.18645833333333334 0.11296296296296296
1 0.9385416666666667 0.1884259259259259 0.04583333333333333 0.058333333333333334
1 0.6466145833333333 0.1675925925925926 0.03802083333333333 0.053703703703703705
1 0.0203125 0.48518518518518516 0.040625 0.11481481481481481
1 0.71875 0.19953703703703704 0.042708333333333334 0.05462962962962963
1 0.9375 0.2814814814814815 0.06979166666666667 0.10185185185185185
1 0.9067708333333333 0.4615740740740741 0.09791666666666667 0.1398148148148148
1 0.18776041666666668 0.40555555555555556 0.07239583333333334 0.10740740740740741
1 0.6947916666666667 0.6277777777777778 0.11875 0.19444444444444445
1 0.534375 0.45740740740740743 0.084375 0.12037037037037036
1 0.48463541666666665 0.25833333333333336 0.044270833333333336 0.07037037037037037
1 0.43333333333333335 0.32546296296296295 0.053125 0.0824074074074074
1 0.7395833333333334 0.16944444444444445 0.03958333333333333 0.053703703703703705
1 0.46927083333333336 0.36064814814814816 0.07083333333333333 0.11944444444444445
1 0.5359375 0.20972222222222223 0.04479166666666667 0.06388888888888888
1 0.43020833333333336 0.13842592592592592 0.027083333333333334 0.04351851851851852
1 0.45859375 0.1550925925925926 0.0421875 0.06759259259259259
1 0.3458333333333333 0.20879629629629629 0.046875 0.062037037037037036
1 0.32890625 0.3763888888888889 0.0890625 0.14166666666666666
1 0.68671875 0.12731481481481483 0.030729166666666665 0.04537037037037037
1 0.4083333333333333 0.19953703703703704 0.036458333333333336 0.05092592592592592
1 0.39140625 0.1675925925925926 0.034895833333333334 0.05555555555555555
1 0.5033854166666667 0.18425925925925926 0.04010416666666667 0.06111111111111111
1 0.40677083333333336 0.11574074074074074 0.027083333333333334 0.040740740740740744
1 0.7268229166666667 0.10231481481481482 0.0359375 0.028703703703703703
1 0.309375 0.1638888888888889 0.034375 0.040740740740740744
1 0.30416666666666664 0.1361111111111111 0.036458333333333336 0.05185185185185185
1 0.17682291666666666 0.18888888888888888 0.04114583333333333 0.06111111111111111
1 0.7033854166666667 0.1587962962962963 0.03802083333333333 0.05092592592592592
1 0.4393229166666667 0.2111111111111111 0.04114583333333333 0.05925925925925926
1 0.46328125 0.2351851851851852 0.043229166666666666 0.07407407407407407
1 0.17630208333333333 0.12638888888888888 0.0359375 0.03981481481481482
1 0.6455729166666667 0.1300925925925926 0.0328125 0.04537037037037037
1 0.4075520833333333 0.28425925925925927 0.058854166666666666 0.09259259259259259
1 0.15546875 0.10092592592592593 0.027604166666666666 0.04259259259259259
1 0.3528645833333333 0.08518518518518518 0.028645833333333332 0.03333333333333333
1 0.27239583333333334 0.28703703703703703 0.027083333333333334 0.06666666666666667
1 0.8489583333333334 0.40185185185185185 0.09479166666666666 0.1388888888888889
1 0.546875 0.29074074074074074 0.0625 0.0962962962962963
1 0.2546875 0.07222222222222222 0.03125 0.027777777777777776
1 0.6114583333333333 0.14675925925925926 0.036458333333333336 0.05277777777777778
1 0.27786458333333336 0.11527777777777778 0.0296875 0.041666666666666664
1 0.17682291666666666 0.3398148148148148 0.06302083333333333 0.10925925925925926
1 0.28489583333333335 0.12407407407407407 0.020833333333333332 0.03888888888888889
1 0.17317708333333334 0.29305555555555557 0.0609375 0.058333333333333334
1 0.23359375 0.11898148148148148 0.0328125 0.05462962962962963
1 0.5252604166666667 0.1037037037037037 0.022395833333333334 0.027777777777777776
1 0.6276041666666666 0.09166666666666666 0.020833333333333332 0.025925925925925925
1 0.4661458333333333 0.06666666666666667 0.021875 0.03148148148148148
1 0.5265625 0.13240740740740742 0.029166666666666667 0.03518518518518519
1 0.28411458333333334 0.23981481481481481 0.0515625 0.06481481481481481
1 0.5002604166666667 0.11944444444444445 0.034895833333333334 0.03888888888888889
1 0.2484375 0.19768518518518519 0.04479166666666667 0.05277777777777778
1 0.5567708333333333 0.12638888888888888 0.017708333333333333 0.05092592592592592
1 0.38307291666666665 0.25601851851851853 0.044270833333333336 0.08425925925925926
1 0.5213541666666667 0.27824074074074073 0.04583333333333333 0.0824074074074074
1 0.2786458333333333 0.17546296296296296 0.023958333333333335 0.04351851851851852
1 0.303125 0.08796296296296297 0.026041666666666668 0.03888888888888889
1 0.3489583333333333 0.11851851851851852 0.03229166666666667 0.05555555555555555
1 0.6401041666666667 0.09583333333333334 0.023958333333333335 0.026851851851851852
1 0.24010416666666667 0.15185185185185185 0.036458333333333336 0.040740740740740744
1 0.5942708333333333 0.07731481481481481 0.021875 0.03425925925925926
1 0.17109375 0.07962962962962963 0.024479166666666666 0.022222222222222223
1 0.475 0.0837962962962963 0.020833333333333332 0.021296296296296296
1 0.57890625 0.1287037037037037 0.03697916666666667 0.06111111111111111
1 0.5919270833333333 0.09861111111111111 0.0234375 0.03796296296296296
1 0.2703125 0.23657407407407408 0.04583333333333333 0.08425925925925926
1 0.40078125 0.06388888888888888 0.0203125 0.024074074074074074
1 0.4453125 0.0787037037037037 0.021875 0.037037037037037035
1 0.37005208333333334 0.15092592592592594 0.033854166666666664 0.046296296296296294
1 0.321875 0.30694444444444446 0.07083333333333333 0.0824074074074074
1 0.47682291666666665 0.1162037037037037 0.021354166666666667 0.04722222222222222
1 0.6223958333333334 0.12361111111111112 0.028125 0.03611111111111111
1 0.5622395833333333 0.08564814814814815 0.024479166666666666 0.032407407407407406
1 0.73125 0.13194444444444445 0.03333333333333333 0.03425925925925926
1 0.17395833333333333 0.16620370370370371 0.04375 0.05092592592592592
1 0.30364583333333334 0.29953703703703705 0.05416666666666667 0.09907407407407408
1 0.36302083333333335 0.13333333333333333 0.040625 0.040740740740740744
1 0.99140625 0.23935185185185184 0.016145833333333335 0.06388888888888888
1 0.9893229166666667 0.9527777777777777 0.0203125 0.09259259259259259