2 0.9619791666666667 0.2013888888888889 0.07395833333333333 0.1935185185185185
1 0.22682291666666668 0.7828703703703703 0.15260416666666668 0.20277777777777778
1 0.6341145833333334 0.40694444444444444 0.08177083333333333 0.10648148148148148
1 0.2 0.5921296296296297 0.11041666666666666 0.14351851851851852
1 0.72734375 0.7444444444444445 0.13489583333333333 0.1814814814814815
1 0.40989583333333335 0.6185185185185185 0.115625 0.15555555555555556
1 0.5739583333333333 0.899537037037037 0.171875 0.19907407407407407
1 0.8692708333333333 0.8726851851851852 0.17291666666666666 0.2324074074074074
1 0.49609375 0.2810185185185185 0.05677083333333333 0.07314814814814814
1 0.4778645833333333 0.39351851851851855 0.0734375 0.1
1 0.3421875 0.41388888888888886 0.07395833333333333 0.10555555555555556
1 0.15520833333333334 0.37222222222222223 0.06458333333333334 0.08888888888888889
1 0.77890625 0.5143518518518518 0.10989583333333333 0.1712962962962963
1 0.8841145833333334 0.4449074074074074 0.0984375 0.14722222222222223
1 0.8450520833333334 0.25324074074074077 0.05260416666666667 0.06944444444444445
1 0.3921875 0.49398148148148147 0.09270833333333334 0.12314814814814815
1 0.5510416666666667 0.31851851851851853 0.06354166666666666 0.08888888888888889
1 0.5299479166666666 0.44074074074074077 0.08489583333333334 0.13703703703703704
1 0.3971354166666667 0.12083333333333333 0.021354166666666667 0.03796296296296296
1 0.7127604166666667 0.33611111111111114 0.0703125 0.1037037037037037
1 0.18854166666666666 0.3199074074074074 0.05520833333333333 0.08425925925925926
1 0.8125 0.3814814814814815 0.09166666666666666 0.11851851851851852
1 0.47682291666666665 0.1712962962962963 0.03802083333333333 0.053703703703703705
1 0.2994791666666667 0.3037037037037037 0.06875 0.11666666666666667
1 0.74140625 0.21157407407407408 0.0453125 0.062037037037037036
1 0.43828125 0.21435185185185185 0.034895833333333334 0.05277777777777778
1 0.5893229166666667 0.16805555555555557 0.03697916666666667 0.03611111111111111
1 0.3184895833333333 0.17777777777777778 0.04114583333333333 0.05925925925925926
1 0.37942708333333336 0.17175925925925925 0.03177083333333333 0.04537037037037037
1 0.19869791666666667 0.16574074074074074 0.043229166666666666 0.06666666666666667
1 0.4734375 0.23703703703703705 0.05625 0.08333333333333333
1 0.8427083333333333 0.21203703703703702 0.04895833333333333 0.06481481481481481
1 0.45859375 0.1550925925925926 0.033854166666666664 0.05277777777777778
1 0.38046875 0.10231481481481482 0.0234375 0.03611111111111111
1 0.6447916666666667 0.11157407407407408 0.027083333333333334 0.03611111111111111
1 0.91015625 0.17685185185185184 0.04010416666666667 0.06481481481481481
1 0.41640625 0.287962962962963 0.05572916666666667 0.0962962962962963
1 0.3424479166666667 0.12453703703703704 0.033854166666666664 0.05092592592592592
1 0.8013020833333333 0.12824074074074074 0.0421875 0.03611111111111111
1 0.42421875 0.20046296296296295 0.03802083333333333 0.06388888888888888
1 0.5833333333333334 0.11527777777777778 0.03229166666666667 0.041666666666666664
1 0.3625 0.1476851851851852 0.03333333333333333 0.05092592592592592
1 0.39895833333333336 0.18009259259259258 0.036458333333333336 0.049074074074074076
1 0.16432291666666668 0.2523148148148148 0.0421875 0.06388888888888888
1 0.68828125 0.1337962962962963 0.030729166666666665 0.04722222222222222
1 0.23958333333333334 0.16157407407407406 0.029166666666666667 0.049074074074074076
1 0.4203125 0.13148148148148148 0.0375 0.05925925925925926
1 0.6661458333333333 0.10601851851851851 0.019791666666666666 0.030555555555555555
1 0.45260416666666664 0.09814814814814815 0.023958333333333335 0.027777777777777776
1 0.94765625 0.674537037037037 0.10364583333333334 0.17314814814814813
1 0.57265625 0.1310185185185185 0.027604166666666666 0.03981481481481482
1 0.52578125 0.0875 0.019270833333333334 0.021296296296296296
1 0.26666666666666666 0.10555555555555556 0.025 0.03888888888888889
1 0.6802083333333333 0.11342592592592593 0.027083333333333334 0.03611111111111111
1 0.6877604166666667 0.3037037037037037 0.06927083333333334 0.11481481481481481
1 0.78125 0.18333333333333332 0.04479166666666667 0.07777777777777778
1 0.6901041666666666 0.18518518518518517 0.041666666666666664 0.06666666666666667
1 0.671875 0.6157407407407407 0.121875 0.1962962962962963
1 0.27447916666666666 0.16018518518518518 0.034375 0.053703703703703705
1 0.28854166666666664 0.11805555555555555 0.030208333333333334 0.03981481481481482
1 0.17526041666666667 0.11342592592592593 0.028645833333333332 0.030555555555555555
1 0.82578125 0.16898148148148148 0.044270833333333336 0.062037037037037036
1 0.75390625 0.15231481481481482 0.0328125 0.04722222222222222
1 0.15703125 0.09675925925925925 0.025520833333333333 0.041666666666666664
1 0.38203125 0.2675925925925926 0.0421875 0.06851851851851852
1 0.6442708333333333 0.16435185185185186 0.04583333333333333 0.06944444444444445
1 0.4947916666666667 0.08101851851851852 0.025 0.03796296296296296
1 0.62578125 0.12129629629629629 0.0265625 0.025925925925925925
1 0.23489583333333333 0.13703703703703704 0.03333333333333333 0.040740740740740744
1 0.34427083333333336 0.07824074074074074 0.020833333333333332 0.032407407407407406
1 0.6979166666666666 0.1449074074074074 0.03333333333333333 0.028703703703703703
1 0.4484375 0.34953703703703703 0.0625 0.09166666666666666
1 0.5315104166666667 0.13518518518518519 0.011979166666666667 0.025925925925925925
1 0.56015625 0.14629629629629629 0.03177083333333333 0.040740740740740744
1 0.5145833333333333 0.12962962962962962 0.026041666666666668 0.03148148148148148
1 0.25885416666666666 0.2412037037037037 0.028125 0.06388888888888888
1 0.25677083333333334 0.09212962962962963 0.025 0.041666666666666664
1 0.26979166666666665 0.2037037037037037 0.04583333333333333 0.053703703703703705
1 0.55234375 0.09537037037037037 0.021354166666666667 0.03148148148148148
1 0.37057291666666664 0.2361111111111111 0.0484375 0.07777777777777778
1 0.35052083333333334 0.21435185185185185 0.0375 0.07314814814814814
1 0.16692708333333334 0.2013888888888889 0.03177083333333333 0.030555555555555555
1 0.21588541666666666 0.08935185185185185 0.0296875 0.04351851851851852
1 0.6052083333333333 0.10185185185185185 0.023958333333333335 0.03148148148148148
1 0.16822916666666668 0.1425925925925926 0.03333333333333333 0.040740740740740744
1 0.47291666666666665 0.08703703703703704 0.020833333333333332 0.037037037037037035
1 0.28828125 0.25462962962962965 0.06927083333333334 0.07777777777777778
1 0.48489583333333336 0.1125 0.019791666666666666 0.026851851851851852
1 0.17994791666666668 0.27824074074074073 0.0484375 0.09166666666666666
1 0.22526041666666666 0.09814814814814815 0.024479166666666666 0.024074074074074074
1 0.41380208333333335 0.0699074074074074 0.018229166666666668 0.028703703703703703
1 0.5057291666666667 0.0962962962962963 0.020833333333333332 0.022222222222222223
1 0.7265625 0.1648148148148148 0.036458333333333336 0.05555555555555555
1 0.62890625 0.0875 0.0203125 0.032407407407407406
1 0.6153645833333333 0.15231481481481482 0.025520833333333333 0.04722222222222222
1 0.2557291666666667 0.20092592592592592 0.03958333333333333 0.07222222222222222
1 0.99296875 0.30833333333333335 0.013020833333333334 0.1111111111111111
1 0.9908854166666666 0.7708333333333334 0.0171875 0.16574074074074074
1 0.17916666666666667 0.21712962962962962 0.041666666666666664 0.041666666666666664