2 0.9557291666666666 0.19675925925925927 0.0875 0.19166666666666668
1 0.23307291666666666 0.8162037037037037 0.15885416666666666 0.2064814814814815
1 0.75078125 0.774074074074074 0.14010416666666667 0.18888888888888888
1 0.9028645833333333 0.8958333333333334 0.1734375 0.2064814814814815
1 0.20208333333333334 0.611574074074074 0.1125 0.14907407407407408
1 0.9614583333333333 0.6990740740740741 0.07604166666666666 0.17407407407407408
1 0.41796875 0.6370370370370371 0.11927083333333334 0.16111111111111112
1 0.6424479166666667 0.41574074074074074 0.0828125 0.10740740740740741
1 0.5963541666666666 0.9157407407407407 0.18020833333333333 0.16666666666666666
1 0.396875 0.5064814814814815 0.09375 0.1259259259259259
1 0.5567708333333333 0.325 0.06458333333333334 0.09074074074074075
1 0.3455729166666667 0.42314814814814816 0.0765625 0.10925925925925926
1 0.14817708333333332 0.37777777777777777 0.06614583333333333 0.09444444444444444
1 0.5010416666666667 0.2847222222222222 0.058333333333333334 0.075
1 0.48333333333333334 0.4009259259259259 0.075 0.1037037037037037
1 0.7252604166666666 0.3435185185185185 0.07239583333333334 0.10555555555555556
1 0.8330729166666667 0.24861111111111112 0.0515625 0.06759259259259259
1 0.90390625 0.45601851851851855 0.10260416666666666 0.15092592592592594
1 0.48072916666666665 0.1736111111111111 0.03958333333333333 0.05277777777777778
1 0.7963541666666667 0.5300925925925926 0.1125 0.17685185185185184
1 0.18880208333333334 0.32592592592592595 0.0578125 0.08148148148148149
1 0.39921875 0.12129629629629629 0.021354166666666667 0.03888888888888889
1 0.8315104166666667 0.20601851851851852 0.04739583333333333 0.06018518518518518
1 0.45208333333333334 0.3574074074074074 0.06354166666666666 0.09259259259259259
1 0.8255208333333334 0.3912037037037037 0.08854166666666667 0.11944444444444445
1 0.5833333333333334 0.1648148148148148 0.036458333333333336 0.03518518518518519
1 0.9002604166666667 0.17453703703703705 0.034895833333333334 0.06388888888888888
1 0.3203125 0.18101851851851852 0.042708333333333334 0.058333333333333334
1 0.3020833333333333 0.30972222222222223 0.07083333333333333 0.11388888888888889
1 0.41953125 0.29305555555555557 0.0578125 0.09722222222222222
1 0.44114583333333335 0.21666666666666667 0.036458333333333336 0.05555555555555555
1 0.56796875 0.12731481481481483 0.027604166666666666 0.03796296296296296
1 0.7325520833333333 0.21296296296296297 0.044270833333333336 0.05
1 0.53828125 0.45185185185185184 0.08697916666666666 0.14074074074074075
1 0.42291666666666666 0.13287037037037036 0.0375 0.06018518518518518
1 0.38203125 0.17407407407407408 0.03177083333333333 0.04814814814814815
1 0.36432291666666666 0.1476851851851852 0.0328125 0.05092592592592592
1 0.6815104166666667 0.1837962962962963 0.04010416666666667 0.06018518518518518
1 0.34322916666666664 0.12731481481481483 0.03333333333333333 0.05092592592592592
1 0.6395833333333333 0.11018518518518519 0.027083333333333334 0.03518518518518519
1 0.46067708333333335 0.15787037037037038 0.033854166666666664 0.05462962962962963
1 0.40182291666666664 0.18333333333333332 0.03697916666666667 0.05185185185185185
1 0.38125 0.10324074074074074 0.023958333333333335 0.03611111111111111
1 0.203125 0.16620370370370371 0.042708333333333334 0.06759259259259259
1 0.27265625 0.16111111111111112 0.0359375 0.05925925925925926
1 0.6895833333333333 0.6370370370370371 0.12604166666666666 0.20185185185185187
1 0.478125 0.24074074074074073 0.058333333333333334 0.08518518518518518
1 0.44921875 0.0962962962962963 0.0234375 0.025925925925925925
1 0.79453125 0.12453703703703704 0.0390625 0.032407407407407406
1 0.24010416666666667 0.1638888888888889 0.030208333333333334 0.05
1 0.5796875 0.1125 0.03125 0.03981481481481482
1 0.69921875 0.30972222222222223 0.06927083333333334 0.11388888888888889
1 0.6901041666666666 0.14537037037037037 0.03333333333333333 0.03333333333333333
1 0.5104166666666666 0.12453703703703704 0.027083333333333334 0.030555555555555555
1 0.37135416666666665 0.2388888888888889 0.04791666666666667 0.07962962962962963
1 0.8182291666666667 0.16666666666666666 0.041666666666666664 0.06296296296296296
1 0.6755208333333333 0.11157407407407408 0.027083333333333334 0.03425925925925926
1 0.15651041666666668 0.0962962962962963 0.025520833333333333 0.040740740740740744
1 0.684375 0.1300925925925926 0.029166666666666667 0.04351851851851852
1 0.62109375 0.11805555555555555 0.0265625 0.021296296296296296
1 0.2671875 0.10648148148148148 0.023958333333333335 0.03888888888888889
1 0.16354166666666667 0.2550925925925926 0.041666666666666664 0.06388888888888888
1 0.2559895833333333 0.20416666666666666 0.04010416666666667 0.07314814814814814
1 0.6244791666666667 0.08935185185185185 0.023958333333333335 0.03425925925925926
1 0.71796875 0.1638888888888889 0.03802083333333333 0.06111111111111111
1 0.38567708333333334 0.27175925925925926 0.043229166666666666 0.06944444444444445
1 0.5294270833333333 0.13425925925925927 0.015104166666666667 0.03148148148148148
1 0.4265625 0.20277777777777778 0.036458333333333336 0.06296296296296296
1 0.26015625 0.24259259259259258 0.0296875 0.06481481481481481
1 0.35208333333333336 0.21898148148148147 0.0375 0.06759259259259259
1 0.6627604166666666 0.10648148148148148 0.021354166666666667 0.03333333333333333
1 0.2877604166666667 0.11805555555555555 0.03177083333333333 0.03796296296296296
1 0.6010416666666667 0.10138888888888889 0.023958333333333335 0.032407407407407406
1 0.6098958333333333 0.14953703703703702 0.025 0.04537037037037037
1 0.23515625 0.13935185185185187 0.03177083333333333 0.041666666666666664
1 0.34427083333333336 0.08055555555555556 0.022916666666666665 0.03333333333333333
1 0.7450520833333333 0.14722222222222223 0.0265625 0.04259259259259259
1 0.32838541666666665 0.07037037037037037 0.016145833333333335 0.022222222222222223
1 0.17916666666666667 0.28194444444444444 0.04895833333333333 0.09351851851851851
1 0.98359375 0.29953703703703705 0.03177083333333333 0.11203703703703703
1 0.29635416666666664 0.1439814814814815 0.021875 0.03425925925925926
1 0.4822916666666667 0.11018518518518519 0.017708333333333333 0.024074074074074074
1 0.17786458333333333 0.21944444444444444 0.04114583333333333 0.040740740740740744
1 0.17161458333333332 0.16018518518518518 0.028645833333333332 0.05185185185185185
1 0.5234375 0.08564814814814815 0.019791666666666666 0.021296296296296296
1 0.1734375 0.11064814814814815 0.025 0.025
1 0.503125 0.09490740740740741 0.021875 0.021296296296296296
1 0.46953125 0.08657407407407407 0.022395833333333334 0.03611111111111111
1 0.6385416666666667 0.16111111111111112 0.04375 0.06851851851851852
1 0.1671875 0.2050925925925926 0.0375 0.03425925925925926
1 0.2703125 0.20416666666666666 0.04583333333333333 0.04722222222222222
1 0.7755208333333333 0.19074074074074074 0.041666666666666664 0.05925925925925926
1 0.43854166666666666 0.07962962962962963 0.021875 0.02962962962962963
1 0.5552083333333333 0.14212962962962963 0.030208333333333334 0.03981481481481482
1 0.7359375 0.1962962962962963 0.0375 0.03888888888888889
1 0.4921875 0.08009259259259259 0.025 0.03611111111111111