1 0.9708333333333333 0.7175925925925926 0.057291666666666664 0.19444444444444445
1 0.40390625 0.5657407407407408 0.10364583333333334 0.12962962962962962
1 0.21614583333333334 0.6185185185185185 0.11041666666666666 0.15925925925925927
1 0.6997395833333333 0.7379629629629629 0.15989583333333332 0.24259259259259258
1 0.8197916666666667 0.5388888888888889 0.11041666666666666 0.17962962962962964
1 0.57578125 0.5083333333333333 0.0921875 0.12777777777777777
1 0.4984375 0.4078703703703704 0.07708333333333334 0.11203703703703703
1 0.3658854166666667 0.4615740740740741 0.0796875 0.11388888888888889
1 0.6223958333333334 0.37546296296296294 0.08020833333333334 0.10462962962962963
1 0.19140625 0.3875 0.0765625 0.10092592592592593
1 0.43385416666666665 0.2162037037037037 0.04479166666666667 0.06018518518518518
1 0.478125 0.2601851851851852 0.05416666666666667 0.06666666666666667
1 0.6026041666666667 0.25462962962962965 0.05520833333333333 0.08888888888888889
1 0.46119791666666665 0.375 0.058854166666666666 0.09444444444444444
1 0.34401041666666665 0.4162037037037037 0.07552083333333333 0.10833333333333334
1 0.6888020833333334 0.43148148148148147 0.0828125 0.12037037037037036
1 0.6705729166666666 0.31712962962962965 0.06510416666666667 0.08611111111111111
1 0.37083333333333335 0.25416666666666665 0.040625 0.06759259259259259
1 0.76015625 0.3587962962962963 0.07447916666666667 0.11574074074074074
1 0.4080729166666667 0.27175925925925926 0.05260416666666667 0.08796296296296297
1 0.17057291666666666 0.2518518518518518 0.044270833333333336 0.06481481481481481
1 0.3151041666666667 0.3388888888888889 0.06458333333333334 0.08888888888888889
1 0.534375 0.29814814814814816 0.06354166666666666 0.09444444444444444
1 0.36171875 0.23333333333333334 0.04114583333333333 0.06481481481481481
1 0.5268229166666667 0.20925925925925926 0.0421875 0.06666666666666667
1 0.18828125 0.31666666666666665 0.0546875 0.05
1 0.7908854166666667 0.26342592592592595 0.05260416666666667 0.04722222222222222
1 0.5895833333333333 0.3537037037037037 0.058333333333333334 0.09074074074074075
1 0.40651041666666665 0.19537037037037036 0.04114583333333333 0.05740740740740741
1 0.7200520833333334 0.22407407407407406 0.0515625 0.06481481481481481
1 0.40234375 0.11851851851851852 0.028645833333333332 0.04259259259259259
1 0.1828125 0.22592592592592592 0.040625 0.05925925925925926
1 0.5638020833333334 0.2300925925925926 0.04739583333333333 0.075
1 0.15807291666666667 0.35509259259259257 0.058854166666666666 0.10462962962962963
1 0.6846354166666667 0.2064814814814815 0.03802083333333333 0.044444444444444446
1 0.71953125 0.18564814814814815 0.03697916666666667 0.032407407407407406
1 0.39114583333333336 0.10787037037037037 0.029166666666666667 0.03981481481481482
1 0.9549479166666667 0.2263888888888889 0.0421875 0.06018518518518518
1 0.37395833333333334 0.15416666666666667 0.029166666666666667 0.04351851851851852
1 0.8015625 0.1486111111111111 0.028125 0.041666666666666664
1 0.25625 0.21388888888888888 0.052083333333333336 0.08333333333333333
1 0.6359375 0.19166666666666668 0.03958333333333333 0.04259259259259259
1 0.7721354166666666 0.14212962962962963 0.0296875 0.04351851851851852
1 0.9828125 0.22916666666666666 0.03333333333333333 0.05277777777777778
1 0.7161458333333334 0.14444444444444443 0.029166666666666667 0.046296296296296294
1 0.51328125 0.19398148148148148 0.044270833333333336 0.07685185185185185
1 0.43984375 0.33101851851851855 0.0703125 0.10462962962962963
1 0.60703125 0.17407407407407408 0.03177083333333333 0.03888888888888889
1 0.36432291666666666 0.09166666666666666 0.033854166666666664 0.04259259259259259
1 0.434375 0.08796296296296297 0.020833333333333332 0.027777777777777776
1 0.28046875 0.12222222222222222 0.025520833333333333 0.03888888888888889
1 0.34713541666666664 0.2023148148148148 0.04114583333333333 0.0712962962962963
1 0.32369791666666664 0.18981481481481483 0.0296875 0.05
1 0.5934895833333333 0.1337962962962963 0.0296875 0.028703703703703703
1 0.63671875 0.15787037037037038 0.0328125 0.049074074074074076
1 0.68125 0.18194444444444444 0.041666666666666664 0.05092592592592592
1 0.6419270833333334 0.1310185185185185 0.03177083333333333 0.04537037037037037
1 0.7080729166666667 0.11157407407407408 0.0328125 0.041666666666666664
1 0.840625 0.24768518518518517 0.051041666666666666 0.0824074074074074
1 0.49973958333333335 0.1037037037037037 0.0265625 0.03333333333333333
1 0.89296875 0.26342592592592595 0.06822916666666666 0.10092592592592593
1 0.6059895833333333 0.1162037037037037 0.028645833333333332 0.030555555555555555
1 0.16953125 0.12222222222222222 0.0390625 0.04259259259259259
1 0.2635416666666667 0.0962962962962963 0.03125 0.03888888888888889
1 0.70078125 0.1550925925925926 0.033854166666666664 0.03796296296296296
1 0.21848958333333332 0.08194444444444444 0.027604166666666666 0.028703703703703703
1 0.68203125 0.1037037037037037 0.028645833333333332 0.04259259259259259
1 0.58515625 0.16296296296296298 0.0328125 0.03333333333333333
1 0.8166666666666667 0.18888888888888888 0.040625 0.037037037037037035
1 0.30546875 0.15555555555555556 0.0265625 0.053703703703703705
1 0.27708333333333335 0.11157407407407408 0.03229166666666667 0.03425925925925926
1 0.346875 0.12962962962962962 0.026041666666666668 0.037037037037037035
1 0.328125 0.11342592592592593 0.026041666666666668 0.041666666666666664
1 0.34088541666666666 0.07731481481481481 0.0203125 0.030555555555555555
1 0.23515625 0.12962962962962962 0.034895833333333334 0.03518518518518519
1 0.9721354166666667 0.3013888888888889 0.0546875 0.09351851851851851
1 0.21692708333333333 0.10925925925925926 0.03802083333333333 0.03888888888888889
1 0.92109375 0.2037037037037037 0.04010416666666667 0.04259259259259259
1 0.6114583333333333 0.1037037037037037 0.026041666666666668 0.040740740740740744
1 0.45729166666666665 0.08842592592592592 0.025 0.03796296296296296
1 0.2760416666666667 0.2662037037037037 0.04479166666666667 0.0712962962962963
1 0.5682291666666667 0.08518518518518518 0.017708333333333333 0.044444444444444446
1 0.3059895833333333 0.2949074074074074 0.0546875 0.07685185185185185
1 0.5270833333333333 0.09259259259259259 0.025 0.04259259259259259
1 0.8078125 0.23055555555555557 0.03854166666666667 0.05740740740740741
1 0.40182291666666664 0.16944444444444445 0.0390625 0.06296296296296296
1 0.3072916666666667 0.09259259259259259 0.027083333333333334 0.037037037037037035
1 0.6856770833333333 0.14444444444444443 0.024479166666666666 0.027777777777777776
1 0.5533854166666666 0.10138888888888889 0.018229166666666668 0.041666666666666664
1 0.36796875 0.14305555555555555 0.027604166666666666 0.04537037037037037
1 0.24036458333333333 0.1537037037037037 0.03802083333333333 0.05925925925925926
1 0.5263020833333333 0.13425925925925927 0.019270833333333334 0.027777777777777776
1 0.16848958333333333 0.18101851851851852 0.034895833333333334 0.028703703703703703
1 0.29453125 0.13055555555555556 0.028645833333333332 0.044444444444444446
1 0.6145833333333334 0.14444444444444443 0.022916666666666665 0.025925925925925925
1 0.77578125 0.19907407407407407 0.04010416666666667 0.044444444444444446
1 0.9018229166666667 0.23842592592592593 0.06510416666666667 0.06944444444444445
1 0.16822916666666668 0.20046296296296295 0.0375 0.06944444444444445
1 0.26015625 0.17685185185185184 0.0515625 0.05
1 0.9916666666666667 0.1837962962962963 0.015625 0.041666666666666664
1 0.17734375 0.16898148148148148 0.044270833333333336 0.062037037037037036