2 0.7549479166666667 0.11342592592592593 0.06510416666666667 0.13055555555555556
2 0.6763020833333333 0.09537037037037037 0.0515625 0.10185185185185185
1 0.86484375 0.5986111111111111 0.1140625 0.15833333333333333
1 0.6190104166666667 0.899074074074074 0.2265625 0.2
1 0.953125 0.9333333333333333 0.09270833333333334 0.13148148148148148
1 0.9794270833333333 0.5527777777777778 0.04010416666666667 0.14629629629629629
1 0.08515625 0.44351851851851853 0.08177083333333333 0.12777777777777777
1 0.4583333333333333 0.3680555555555556 0.08333333333333333 0.12314814814814815
1 0.36822916666666666 0.49675925925925923 0.096875 0.12314814814814815
1 0.7174479166666666 0.4675925925925926 0.0953125 0.12037037037037036
1 0.20703125 0.3435185185185185 0.058854166666666666 0.09074074074074075
1 0.39427083333333335 0.5541666666666667 0.10625 0.13425925925925927
1 0.41770833333333335 0.30833333333333335 0.057291666666666664 0.08148148148148149
1 0.3109375 0.3300925925925926 0.057291666666666664 0.07685185185185185
1 0.65234375 0.4166666666666667 0.08385416666666666 0.12222222222222222
1 0.5861979166666667 0.5333333333333333 0.10572916666666667 0.13703703703703704
1 0.66171875 0.6518518518518519 0.14739583333333334 0.23148148148148148
1 0.6091145833333333 0.37453703703703706 0.06927083333333334 0.10462962962962963
1 0.4036458333333333 0.1884259259259259 0.03854166666666667 0.049074074074074076
1 0.9778645833333334 0.2023148148148148 0.043229166666666666 0.05648148148148148
1 0.9125 0.45555555555555555 0.096875 0.1388888888888889
1 0.5421875 0.4601851851851852 0.09583333333333334 0.15
1 0.48046875 0.1736111111111111 0.04010416666666667 0.062037037037037036
1 0.5630208333333333 0.22407407407407406 0.04791666666666667 0.07592592592592592
1 0.38125 0.2657407407407407 0.05625 0.07592592592592592
1 0.47578125 0.2462962962962963 0.05260416666666667 0.07222222222222222
1 0.6653645833333334 0.20324074074074075 0.043229166666666666 0.04722222222222222
1 0.5239583333333333 0.20694444444444443 0.03958333333333333 0.06018518518518518
1 0.8731770833333333 0.30185185185185187 0.06302083333333333 0.06296296296296296
1 0.57734375 0.1375 0.0328125 0.041666666666666664
1 0.7205729166666667 0.19768518518518519 0.0421875 0.062037037037037036
1 0.8934895833333333 0.22870370370370371 0.04739583333333333 0.06111111111111111
1 0.5143229166666666 0.274537037037037 0.050520833333333334 0.08055555555555556
1 0.38046875 0.1587962962962963 0.034895833333333334 0.049074074074074076
1 0.19921875 0.12777777777777777 0.028645833333333332 0.044444444444444446
1 0.9421875 0.19212962962962962 0.03958333333333333 0.05462962962962963
1 0.8518229166666667 0.20046296296296295 0.04635416666666667 0.03611111111111111
1 0.3411458333333333 0.19675925925925927 0.0375 0.06574074074074074
1 0.2994791666666667 0.29074074074074074 0.05520833333333333 0.07592592592592592
1 0.6471354166666666 0.1648148148148148 0.04010416666666667 0.06296296296296296
1 0.9247395833333333 0.28194444444444444 0.059895833333333336 0.0712962962962963
1 0.9643229166666667 0.3490740740740741 0.0703125 0.0962962962962963
1 0.23072916666666668 0.8791666666666667 0.15729166666666666 0.23981481481481481
1 0.5119791666666667 0.10648148148148148 0.026041666666666668 0.03888888888888889
1 0.19270833333333334 0.29953703703703705 0.057291666666666664 0.09907407407407408
1 0.85078125 0.24351851851851852 0.0515625 0.06481481481481481
1 0.3614583333333333 0.09027777777777778 0.023958333333333335 0.032407407407407406
1 0.4552083333333333 0.2361111111111111 0.040625 0.06481481481481481
1 0.35625 0.14351851851851852 0.034375 0.040740740740740744
1 0.434375 0.13842592592592592 0.03125 0.06018518518518518
1 0.5609375 0.3101851851851852 0.06666666666666667 0.10740740740740741
1 0.7231770833333333 0.16666666666666666 0.04114583333333333 0.04814814814814815
1 0.5388020833333333 0.14074074074074075 0.0328125 0.03518518518518519
1 0.4934895833333333 0.11944444444444445 0.027604166666666666 0.03148148148148148
1 0.4393229166666667 0.20879629629629629 0.043229166666666666 0.07314814814814814
1 0.25833333333333336 0.19490740740740742 0.035416666666666666 0.05462962962962963
1 0.46015625 0.15324074074074073 0.033854166666666664 0.04351851851851852
1 0.63828125 0.1310185185185185 0.0359375 0.05277777777777778
1 0.1703125 0.18981481481481483 0.035416666666666666 0.05185185185185185
1 0.2908854166666667 0.12962962962962962 0.028645833333333332 0.04814814814814815
1 0.36770833333333336 0.22870370370370371 0.04479166666666667 0.07592592592592592
1 0.8080729166666667 0.14444444444444443 0.03802083333333333 0.05925925925925926
1 0.9018229166666667 0.2037037037037037 0.043229166666666666 0.06296296296296296
1 0.8091145833333333 0.26851851851851855 0.0515625 0.06296296296296296
1 0.321875 0.18009259259259258 0.03229166666666667 0.062037037037037036
1 0.17604166666666668 0.26064814814814813 0.04895833333333333 0.0712962962962963
1 0.27890625 0.26851851851851855 0.04635416666666667 0.07592592592592592
1 0.27265625 0.23425925925925925 0.050520833333333334 0.06851851851851852
1 0.24375 0.16157407407407406 0.042708333333333334 0.06759259259259259
1 0.4421875 0.07546296296296297 0.025 0.03796296296296296
1 0.4473958333333333 0.14537037037037037 0.030208333333333334 0.05
1 0.5239583333333333 0.06342592592592593 0.03125 0.026851851851851852
1 0.17083333333333334 0.14212962962962963 0.03958333333333333 0.03611111111111111
1 0.30755208333333334 0.15046296296296297 0.03802083333333333 0.05648148148148148
1 0.7986979166666667 0.17731481481481481 0.025520833333333333 0.03425925925925926
1 0.5622395833333333 0.12546296296296297 0.0234375 0.03796296296296296
1 0.5854166666666667 0.11712962962962963 0.023958333333333335 0.041666666666666664
1 0.7625 0.24675925925925926 0.0375 0.05092592592592592
1 0.7104166666666667 0.11296296296296296 0.020833333333333332 0.05
1 0.46640625 0.07592592592592592 0.03177083333333333 0.04814814814814815
1 0.22760416666666666 0.11157407407407408 0.029166666666666667 0.03796296296296296
1 0.35182291666666665 0.08009259259259259 0.021354166666666667 0.030555555555555555
1 0.4153645833333333 0.06759259259259259 0.0203125 0.025925925925925925
1 0.33203125 0.075 0.024479166666666666 0.024074074074074074
1 0.6091145833333333 0.11898148148148148 0.030729166666666665 0.05462962962962963
1 0.19270833333333334 0.08101851851851852 0.019791666666666666 0.025
1 0.48385416666666664 0.09305555555555556 0.03229166666666667 0.03981481481481482
1 0.7526041666666666 0.21574074074074073 0.042708333333333334 0.05740740740740741
1 0.6028645833333334 0.09027777777777778 0.018229166666666668 0.019444444444444445
1 0.30833333333333335 0.10046296296296296 0.01875 0.030555555555555555
1 0.34791666666666665 0.12083333333333333 0.03854166666666667 0.041666666666666664
1 0.8044270833333333 0.20833333333333334 0.034895833333333334 0.05185185185185185
1 0.5471354166666667 0.08194444444444444 0.0265625 0.028703703703703703
1 0.253125 0.0787037037037037 0.021875 0.03148148148148148
1 0.6440104166666667 0.09351851851851851 0.018229166666666668 0.024074074074074074
1 0.6252604166666667 0.08888888888888889 0.0203125 0.03333333333333333
1 0.49375 0.07222222222222222 0.020833333333333332 0.022222222222222223
1 0.5765625 0.09259259259259259 0.021875 0.027777777777777776
1 0.17473958333333334 0.2300925925925926 0.0515625 0.05277777777777778
1 0.16666666666666666 0.07731481481481481 0.03125 0.021296296296296296
1 0.2518229166666667 0.13287037037037036 0.024479166666666666 0.03425925925925926
1 0.16822916666666668 0.16111111111111112 0.036458333333333336 0.04259259259259259
1 0.15703125 0.11064814814814815 0.0328125 0.05092592592592592
1 0.5270833333333333 0.08703703703703704 0.019791666666666666 0.037037037037037035
1 0.2830729166666667 0.11944444444444445 0.024479166666666666 0.044444444444444446
1 0.9934895833333334 0.30833333333333335 0.011979166666666667 0.046296296296296294