2 0.8236979166666667 0.13472222222222222 0.06822916666666666 0.14722222222222223
2 0.98515625 0.6972222222222222 0.028645833333333332 0.3648148148148148
1 0.25026041666666665 0.9287037037037037 0.16822916666666668 0.14074074074074075
1 0.8302083333333333 0.5731481481481482 0.11458333333333333 0.14629629629629629
1 0.8013020833333333 0.4111111111111111 0.08177083333333333 0.1111111111111111
1 0.7510416666666667 0.7472222222222222 0.14270833333333333 0.19074074074074074
1 0.50078125 0.762962962962963 0.14114583333333333 0.19074074074074074
1 0.9330729166666667 0.6814814814814815 0.0953125 0.17407407407407408
1 0.6875 0.44212962962962965 0.084375 0.11574074074074074
1 0.8880208333333334 0.3087962962962963 0.06770833333333333 0.06388888888888888
1 0.59609375 0.36898148148148147 0.07552083333333333 0.09722222222222222
1 0.6854166666666667 0.6412037037037037 0.11041666666666666 0.1638888888888889
1 0.33645833333333336 0.3824074074074074 0.07708333333333334 0.09814814814814815
1 0.41744791666666664 0.3037037037037037 0.06822916666666666 0.10185185185185185
1 0.34921875 0.425 0.07552083333333333 0.10555555555555556
1 0.178125 0.36064814814814816 0.06666666666666667 0.10277777777777777
1 0.4348958333333333 0.637962962962963 0.153125 0.2222222222222222
1 0.46380208333333334 0.37222222222222223 0.06927083333333334 0.11851851851851852
1 0.959375 0.35324074074074074 0.06770833333333333 0.09907407407407408
1 0.528125 0.31157407407407406 0.053125 0.08611111111111111
1 0.5098958333333333 0.19444444444444445 0.041666666666666664 0.06666666666666667
1 0.8432291666666667 0.2550925925925926 0.05625 0.06944444444444445
1 0.7510416666666667 0.24583333333333332 0.05416666666666667 0.05092592592592592
1 0.7505208333333333 0.35324074074074074 0.07604166666666666 0.10833333333333334
1 0.38567708333333334 0.2625 0.04635416666666667 0.06944444444444445
1 0.19791666666666666 0.28564814814814815 0.05 0.0787037037037037
1 0.2359375 0.7486111111111111 0.12604166666666666 0.19166666666666668
1 0.56640625 0.3337962962962963 0.06614583333333333 0.09537037037037037
1 0.5296875 0.47453703703703703 0.10833333333333334 0.16944444444444445
1 0.7109375 0.1925925925925926 0.04479166666666667 0.07222222222222222
1 0.29140625 0.27824074074074073 0.0484375 0.06759259259259259
1 0.4869791666666667 0.2625 0.05520833333333333 0.08981481481481482
1 0.63203125 0.16111111111111112 0.03802083333333333 0.04814814814814815
1 0.43645833333333334 0.21296296296296297 0.04791666666666667 0.06481481481481481
1 0.47890625 0.17824074074074073 0.0328125 0.049074074074074076
1 0.44296875 0.15324074074074073 0.03697916666666667 0.05277777777777778
1 0.5901041666666667 0.1675925925925926 0.03854166666666667 0.03888888888888889
1 0.80078125 0.18564814814814815 0.0296875 0.03425925925925926
1 0.4875 0.4152777777777778 0.06979166666666667 0.11018518518518519
1 0.46145833333333336 0.2375 0.041666666666666664 0.06759259259259259
1 0.9203125 0.2712962962962963 0.059375 0.07222222222222222
1 0.37994791666666666 0.16805555555555557 0.0328125 0.04722222222222222
1 0.36432291666666666 0.2310185185185185 0.04635416666666667 0.06759259259259259
1 0.34296875 0.2023148148148148 0.0421875 0.06944444444444445
1 0.25104166666666666 0.17222222222222222 0.0375 0.05185185185185185
1 0.4630208333333333 0.08472222222222223 0.026041666666666668 0.03981481481481482
1 0.2328125 0.14675925925925926 0.036458333333333336 0.06388888888888888
1 0.6895833333333333 0.15462962962962962 0.0375 0.05740740740740741
1 0.48020833333333335 0.09768518518518518 0.025 0.032407407407407406
1 0.20703125 0.11851851851851852 0.0265625 0.040740740740740744
1 0.5776041666666667 0.10787037037037037 0.03333333333333333 0.05092592592592592
1 0.32317708333333334 0.17407407407407408 0.034895833333333334 0.06111111111111111
1 0.40989583333333335 0.18472222222222223 0.041666666666666664 0.06574074074074074
1 0.26197916666666665 0.20833333333333334 0.04791666666666667 0.05740740740740741
1 0.5411458333333333 0.1425925925925926 0.03229166666666667 0.037037037037037035
1 0.28203125 0.11851851851851852 0.027604166666666666 0.046296296296296294
1 0.17161458333333332 0.16805555555555557 0.034895833333333334 0.03981481481481482
1 0.36276041666666664 0.14444444444444443 0.03177083333333333 0.04259259259259259
1 0.66328125 0.1388888888888889 0.033854166666666664 0.05555555555555555
1 0.2981770833333333 0.1361111111111111 0.03177083333333333 0.05185185185185185
1 0.8971354166666666 0.23055555555555557 0.05572916666666667 0.07592592592592592
1 0.5966145833333333 0.1310185185185185 0.030729166666666665 0.03796296296296296
1 0.28203125 0.25092592592592594 0.050520833333333334 0.06481481481481481
1 0.4296875 0.13425925925925927 0.03125 0.03888888888888889
1 0.3450520833333333 0.13055555555555556 0.030729166666666665 0.03518518518518519
1 0.5390625 0.12175925925925926 0.030208333333333334 0.04537037037037037
1 0.5783854166666667 0.0787037037037037 0.022395833333333334 0.014814814814814815
1 0.80234375 0.23333333333333334 0.0484375 0.06851851851851852
1 0.4122395833333333 0.12962962962962962 0.030729166666666665 0.04259259259259259
1 0.42630208333333336 0.07037037037037037 0.030729166666666665 0.02962962962962963
1 0.6130208333333333 0.10416666666666667 0.025 0.030555555555555555
1 0.16953125 0.14583333333333334 0.030729166666666665 0.032407407407407406
1 0.20572916666666666 0.625462962962963 0.11145833333333334 0.2064814814814815
1 0.6296875 0.12777777777777777 0.027083333333333334 0.024074074074074074
1 0.41953125 0.2074074074074074 0.022395833333333334 0.053703703703703705
1 0.3302083333333333 0.1125 0.034375 0.03611111111111111
1 0.9674479166666666 0.2513888888888889 0.05364583333333333 0.06574074074074074
1 0.17552083333333332 0.21712962962962962 0.04895833333333333 0.0712962962962963
1 0.2609375 0.09722222222222222 0.034375 0.03518518518518519
1 0.43463541666666666 0.08009259259259259 0.024479166666666666 0.028703703703703703
1 0.3171875 0.09490740740740741 0.022916666666666665 0.028703703703703703
1 0.34817708333333336 0.08194444444444444 0.0234375 0.028703703703703703
1 0.6395833333333333 0.10555555555555556 0.020833333333333332 0.025925925925925925
1 0.9799479166666667 0.3037037037037037 0.0390625 0.07962962962962963
1 0.6846354166666667 0.1087962962962963 0.019270833333333334 0.030555555555555555
1 0.24010416666666667 0.11944444444444445 0.029166666666666667 0.03518518518518519
1 0.5447916666666667 0.06944444444444445 0.023958333333333335 0.025925925925925925
1 0.6596354166666667 0.09305555555555556 0.021354166666666667 0.019444444444444445
1 0.5559895833333334 0.09953703703703703 0.0234375 0.03981481481481482
1 0.32421875 0.0712962962962963 0.021354166666666667 0.020370370370370372
1 0.6130208333333333 0.14675925925925926 0.028125 0.04351851851851852
1 0.30911458333333336 0.16157407407407406 0.030729166666666665 0.058333333333333334
1 0.51875 0.11157407407407408 0.025 0.04351851851851852
1 0.4122395833333333 0.10648148148148148 0.028645833333333332 0.022222222222222223
1 0.7354166666666667 0.14814814814814814 0.034375 0.046296296296296294
1 0.8705729166666667 0.1638888888888889 0.033854166666666664 0.06296296296296296
1 0.2747395833333333 0.23703703703703705 0.04739583333333333 0.05925925925925926
1 0.18671875 0.2537037037037037 0.05364583333333333 0.08703703703703704