2 0.71875 0.4050925925925926 0.11979166666666667 0.225
2 0.9682291666666667 0.17546296296296296 0.0625 0.18055555555555555
2 0.81953125 0.1388888888888889 0.06822916666666666 0.13333333333333333
1 0.6138020833333333 0.37037037037037035 0.0734375 0.09259259259259259
1 0.76875 0.7569444444444444 0.1375 0.18055555555555555
1 0.21302083333333333 0.6291666666666667 0.10416666666666667 0.1398148148148148
1 0.8697916666666666 0.9101851851851852 0.16979166666666667 0.17777777777777778
1 0.9786458333333333 0.31666666666666665 0.041666666666666664 0.09074074074074075
1 0.6416666666666667 0.4199074074074074 0.04791666666666667 0.10648148148148148
1 0.29010416666666666 0.3074074074074074 0.059375 0.07592592592592592
1 0.18411458333333333 0.5601851851851852 0.1015625 0.12222222222222222
1 0.3723958333333333 0.45925925925925926 0.08645833333333333 0.11666666666666667
1 0.5322916666666667 0.3060185185185185 0.057291666666666664 0.08055555555555556
1 0.49713541666666666 0.26990740740740743 0.05572916666666667 0.0712962962962963
1 0.4552083333333333 0.7055555555555556 0.128125 0.17407407407407408
1 0.6169270833333333 0.2875 0.05572916666666667 0.07685185185185185
1 0.19270833333333334 0.2759259259259259 0.05 0.07407407407407407
1 0.5171875 0.44675925925925924 0.08125 0.11944444444444445
1 0.5247395833333334 0.8050925925925926 0.15260416666666668 0.24722222222222223
1 0.71796875 0.22962962962962963 0.0453125 0.05740740740740741
1 0.6369791666666667 0.1925925925925926 0.040625 0.040740740740740744
1 0.8380208333333333 0.5680555555555555 0.12916666666666668 0.20833333333333334
1 0.7513020833333334 0.21064814814814814 0.0390625 0.05648148148148148
1 0.6033854166666667 0.15185185185185185 0.034895833333333334 0.04814814814814815
1 0.2674479166666667 0.22083333333333333 0.04010416666666667 0.05462962962962963
1 0.43203125 0.325 0.0703125 0.11851851851851852
1 0.8518229166666667 0.25277777777777777 0.0578125 0.09074074074074075
1 0.5872395833333334 0.25555555555555554 0.05677083333333333 0.08148148148148149
1 0.809375 0.1986111111111111 0.041666666666666664 0.0712962962962963
1 0.45651041666666664 0.23564814814814813 0.04114583333333333 0.058333333333333334
1 0.18932291666666667 0.4634259259259259 0.0765625 0.11388888888888889
1 0.3953125 0.1736111111111111 0.03854166666666667 0.058333333333333334
1 0.6752604166666667 0.12824074074074074 0.021354166666666667 0.03981481481481482
1 0.4984375 0.10231481481481482 0.030208333333333334 0.04537037037037037
1 0.34088541666666666 0.2074074074074074 0.034895833333333334 0.05925925925925926
1 0.5223958333333333 0.11805555555555555 0.027083333333333334 0.03425925925925926
1 0.646875 0.13287037037037036 0.0375 0.06018518518518518
1 0.18802083333333333 0.38981481481481484 0.07916666666666666 0.10740740740740741
1 0.9708333333333333 0.26064814814814813 0.057291666666666664 0.07685185185185185
1 0.40520833333333334 0.12129629629629629 0.029166666666666667 0.040740740740740744
1 0.24921875 0.1726851851851852 0.0390625 0.05092592592592592
1 0.2953125 0.14351851851851852 0.03229166666666667 0.05555555555555555
1 0.36223958333333334 0.2351851851851852 0.0515625 0.08148148148148149
1 0.16848958333333333 0.08425925925925926 0.028645833333333332 0.027777777777777776
1 0.43411458333333336 0.2023148148148148 0.0421875 0.0712962962962963
1 0.35104166666666664 0.39861111111111114 0.08958333333333333 0.14166666666666666
1 0.5875 0.14305555555555555 0.03125 0.049074074074074076
1 0.45598958333333334 0.08333333333333333 0.019270833333333334 0.03333333333333333
1 0.36171875 0.14722222222222223 0.04010416666666667 0.053703703703703705
1 0.26510416666666664 0.10416666666666667 0.025 0.03796296296296296
1 0.3692708333333333 0.27546296296296297 0.035416666666666666 0.06944444444444445
1 0.5578125 0.12638888888888888 0.025 0.03981481481481482
1 0.24088541666666666 0.14675925925925926 0.0359375 0.041666666666666664
1 0.9041666666666667 0.1787037037037037 0.0375 0.06296296296296296
1 0.7088541666666667 0.1310185185185185 0.030208333333333334 0.03425925925925926
1 0.22838541666666667 0.12685185185185185 0.033854166666666664 0.05555555555555555
1 0.47421875 0.0962962962962963 0.024479166666666666 0.03518518518518519
1 0.6088541666666667 0.11990740740740741 0.03229166666666667 0.05277777777777778
1 0.5026041666666666 0.3976851851851852 0.06979166666666667 0.10462962962962963
1 0.2638020833333333 0.19675925925925927 0.04635416666666667 0.04537037037037037
1 0.16666666666666666 0.1486111111111111 0.03229166666666667 0.04351851851851852
1 0.7515625 0.1476851851851852 0.036458333333333336 0.05462962962962963
1 0.18828125 0.22870370370370371 0.04114583333333333 0.06481481481481481
1 0.16588541666666667 0.18101851851851852 0.028645833333333332 0.058333333333333334
1 0.40677083333333336 0.19212962962962962 0.028125 0.058333333333333334
1 0.8854166666666666 0.16712962962962963 0.0375 0.06574074074074074
1 0.71171875 0.19768518518518519 0.0421875 0.05462962962962963
1 0.33697916666666666 0.11898148148148148 0.027083333333333334 0.03425925925925926
1 0.38984375 0.27314814814814814 0.07552083333333333 0.07407407407407407
1 0.378125 0.10231481481481482 0.026041666666666668 0.04722222222222222
1 0.32760416666666664 0.07175925925925926 0.019791666666666666 0.019444444444444445
1 0.40234375 0.30462962962962964 0.04739583333333333 0.08148148148148149
1 0.41640625 0.07083333333333333 0.018229166666666668 0.023148148148148147
1 0.7236979166666667 0.1388888888888889 0.0265625 0.027777777777777776
1 0.5421875 0.06712962962962964 0.025 0.032407407407407406
1 0.18098958333333334 0.21064814814814814 0.04114583333333333 0.05648148148148148
1 0.6330729166666667 0.10648148148148148 0.0234375 0.037037037037037035
1 0.5809895833333333 0.1300925925925926 0.0328125 0.05648148148148148
1 0.5838541666666667 0.07731481481481481 0.028125 0.023148148148148147
1 0.32135416666666666 0.16620370370370371 0.034375 0.058333333333333334
1 0.46848958333333335 0.24861111111111112 0.0421875 0.06388888888888888
1 0.3385416666666667 0.18888888888888888 0.0375 0.05555555555555555
1 0.44453125 0.16018518518518518 0.03697916666666667 0.040740740740740744
1 0.9270833333333334 0.18472222222222223 0.029166666666666667 0.07314814814814814
1 0.3971354166666667 0.11481481481481481 0.0265625 0.046296296296296294
1 0.7265625 0.16620370370370371 0.026041666666666668 0.03425925925925926