2 0.8333333333333334 0.14027777777777778 0.06875 0.14351851851851852
2 0.69140625 0.38472222222222224 0.1140625 0.21944444444444444
2 0.98125 0.17824074074074073 0.036458333333333336 0.18611111111111112
2 0.7671875 0.08842592592592592 0.05520833333333333 0.08611111111111111
1 0.59453125 0.35462962962962963 0.0703125 0.09074074074074075
1 0.7192708333333333 0.6949074074074074 0.12604166666666666 0.16018518518518518
1 0.8005208333333333 0.836574074074074 0.14895833333333333 0.21574074074074073
1 0.20963541666666666 0.5939814814814814 0.09739583333333333 0.13240740740740742
1 0.36380208333333336 0.4356481481481482 0.08177083333333333 0.11018518518518519
1 0.5015625 0.42314814814814816 0.078125 0.1111111111111111
1 0.4265625 0.6537037037037037 0.10416666666666667 0.16111111111111112
1 0.4859375 0.7402777777777778 0.140625 0.22685185185185186
1 0.6192708333333333 0.4 0.04375 0.10185185185185185
1 0.19010416666666666 0.5310185185185186 0.09479166666666666 0.11574074074074074
1 0.51953125 0.29444444444444445 0.0546875 0.07777777777777778
1 0.28411458333333334 0.2967592592592593 0.0578125 0.075
1 0.6075520833333333 0.275 0.05364583333333333 0.07222222222222222
1 0.64921875 0.19814814814814816 0.04635416666666667 0.04259259259259259
1 0.7395833333333334 0.23703703703703705 0.046875 0.05925925925925926
1 0.19114583333333332 0.2657407407407407 0.04791666666666667 0.07222222222222222
1 0.6122395833333333 0.15694444444444444 0.0359375 0.049074074074074076
1 0.8731770833333333 0.26157407407407407 0.059895833333333336 0.09537037037037037
1 0.8036458333333333 0.5328703703703703 0.12083333333333333 0.19907407407407407
1 0.5760416666666667 0.24722222222222223 0.05520833333333333 0.07962962962962963
1 0.42682291666666666 0.3125 0.0671875 0.11388888888888889
1 0.26484375 0.21296296296296297 0.04010416666666667 0.053703703703703705
1 0.48880208333333336 0.38055555555555554 0.06614583333333333 0.1
1 0.48671875 0.2601851851851852 0.05572916666666667 0.06851851851851852
1 0.36692708333333335 0.2657407407407407 0.0359375 0.06666666666666667
1 0.35598958333333336 0.14305555555555555 0.04114583333333333 0.05092592592592592
1 0.5958333333333333 0.14675925925925926 0.03229166666666667 0.04722222222222222
1 0.4546875 0.23425925925925925 0.04895833333333333 0.06851851851851852
1 0.3572916666666667 0.22777777777777777 0.053125 0.07962962962962963
1 0.18541666666666667 0.4412037037037037 0.07291666666666667 0.11574074074074074
1 0.9838541666666667 0.2689814814814815 0.03125 0.0787037037037037
1 0.6841145833333333 0.13148148148148148 0.0203125 0.03888888888888889
1 0.8973958333333333 0.1699074074074074 0.03854166666666667 0.06574074074074074
1 0.5609375 0.1300925925925926 0.03125 0.04722222222222222
1 0.24791666666666667 0.16898148148148148 0.03958333333333333 0.05092592592592592
1 0.33619791666666665 0.20277777777777778 0.0328125 0.05740740740740741
1 0.5018229166666667 0.1037037037037037 0.030729166666666665 0.046296296296296294
1 0.23333333333333334 0.14212962962962963 0.027083333333333334 0.03981481481481482
1 0.5244791666666667 0.11990740740740741 0.020833333333333332 0.03425925925925926
1 0.9171875 0.1814814814814815 0.03958333333333333 0.06481481481481481
1 0.26328125 0.09953703703703703 0.025520833333333333 0.03796296296296296
1 0.33046875 0.18194444444444444 0.044270833333333336 0.05277777777777778
1 0.4791666666666667 0.09768518518518518 0.023958333333333335 0.03425925925925926
1 0.16744791666666667 0.14537037037037037 0.033854166666666664 0.040740740740740744
1 0.7184895833333333 0.13518518518518519 0.030729166666666665 0.03333333333333333
1 0.39114583333333336 0.16666666666666666 0.03854166666666667 0.05555555555555555
1 0.18723958333333332 0.22268518518518518 0.04010416666666667 0.06388888888888888
1 0.22786458333333334 0.1310185185185185 0.03697916666666667 0.03981481481481482
1 0.32760416666666664 0.1162037037037037 0.035416666666666666 0.03425925925925926
1 0.4270833333333333 0.19444444444444445 0.040625 0.06666666666666667
1 0.40234375 0.18611111111111112 0.030729166666666665 0.05740740740740741
1 0.39739583333333334 0.28055555555555556 0.051041666666666666 0.10555555555555556
1 0.803125 0.18518518518518517 0.03333333333333333 0.06666666666666667
1 0.25807291666666665 0.1912037037037037 0.043229166666666666 0.04537037037037037
1 0.29375 0.13703703703703704 0.034375 0.05
1 0.34401041666666665 0.38055555555555554 0.0859375 0.13703703703703704
1 0.728125 0.20324074074074075 0.04583333333333333 0.062037037037037036
1 0.5877604166666667 0.13240740740740742 0.03177083333333333 0.06111111111111111
1 0.31796875 0.1625 0.033854166666666664 0.058333333333333334
1 0.15963541666666667 0.1837962962962963 0.018229166666666668 0.03981481481481482
1 0.7083333333333334 0.1875 0.041666666666666664 0.0712962962962963
1 0.27682291666666664 0.1125 0.028645833333333332 0.04537037037037037
1 0.41901041666666666 0.0712962962962963 0.0203125 0.027777777777777776
1 0.946875 0.18611111111111112 0.03958333333333333 0.07592592592592592
1 0.16901041666666666 0.0824074074074074 0.027604166666666666 0.025925925925925925
1 0.61640625 0.11805555555555555 0.03177083333333333 0.04351851851851852
1 0.7640625 0.15138888888888888 0.0375 0.05462962962962963
1 0.5471354166666667 0.06620370370370371 0.025520833333333333 0.03425925925925926
1 0.44375 0.07777777777777778 0.01875 0.03148148148148148
1 0.3734375 0.09953703703703703 0.025 0.04537037037037037
1 0.5872395833333334 0.08009259259259259 0.028645833333333332 0.028703703703703703
1 0.42161458333333335 0.13472222222222222 0.025520833333333333 0.03611111111111111
1 0.43984375 0.14814814814814814 0.0328125 0.053703703703703705
1 0.32578125 0.07175925925925926 0.0203125 0.021296296296296296
1 0.7354166666666667 0.1412037037037037 0.027083333333333334 0.026851851851851852
1 0.4596354166666667 0.08657407407407407 0.018229166666666668 0.03425925925925926
1 0.39140625 0.1125 0.027604166666666666 0.04351851851851852
1 0.6390625 0.10324074074074074 0.023958333333333335 0.030555555555555555
1 0.5984375 0.09583333333333334 0.022916666666666665 0.019444444444444445
1 0.18671875 0.3814814814814815 0.07760416666666667 0.1259259259259259
1 0.17994791666666668 0.2064814814814815 0.0390625 0.05185185185185185
1 0.39010416666666664 0.2949074074074074 0.03125 0.0787037037037037
1 0.8268229166666666 0.20555555555555555 0.04739583333333333 0.07407407407407407
1 0.7390625 0.17037037037037037 0.027083333333333334 0.03518518518518519
1 0.4 0.11851851851851852 0.029166666666666667 0.03888888888888889
1 0.76953125 0.21666666666666667 0.0390625 0.05555555555555555