1 0.3619791666666667 0.4532407407407407 0.08229166666666667 0.10648148148148148
1 0.9067708333333333 0.9009259259259259 0.18541666666666667 0.1962962962962963
1 0.303125 0.912962962962963 0.17708333333333334 0.17222222222222222
1 0.6244791666666667 0.9342592592592592 0.18541666666666667 0.12962962962962962
1 0.5731770833333333 0.5430555555555555 0.11302083333333333 0.17685185185185184
1 0.20625 0.4847222222222222 0.090625 0.125
1 0.9153645833333334 0.6458333333333334 0.13072916666666667 0.18055555555555555
1 0.7611979166666667 0.7476851851851852 0.15052083333333333 0.23425925925925925
1 0.50078125 0.41388888888888886 0.0765625 0.10555555555555556
1 0.34140625 0.3824074074074074 0.06927083333333334 0.09444444444444444
1 0.08984375 0.41898148148148145 0.0828125 0.1361111111111111
1 0.8169270833333333 0.5398148148148149 0.1109375 0.14629629629629629
1 0.5580729166666667 0.3175925925925926 0.0671875 0.09074074074074075
1 0.41484375 0.1912037037037037 0.04114583333333333 0.049074074074074076
1 0.44609375 0.34305555555555556 0.06614583333333333 0.09351851851851851
1 0.18098958333333334 0.33194444444444443 0.06510416666666667 0.08611111111111111
1 0.7015625 0.4305555555555556 0.08958333333333333 0.14444444444444443
1 0.9046875 0.32037037037037036 0.075 0.05925925925925926
1 0.5502604166666667 0.2212962962962963 0.0484375 0.07592592592592592
1 0.5286458333333334 0.3013888888888889 0.04895833333333333 0.08055555555555556
1 0.6984375 0.22361111111111112 0.04375 0.049074074074074076
1 0.6661458333333333 0.29768518518518516 0.0625 0.09722222222222222
1 0.45208333333333334 0.2310185185185185 0.046875 0.06388888888888888
1 0.56796875 0.15787037037037038 0.0359375 0.03981481481481482
1 0.8145833333333333 0.26851851851851855 0.06354166666666666 0.07407407407407407
1 0.17161458333333332 0.22592592592592592 0.04010416666666667 0.05925925925925926
1 0.42291666666666666 0.3212962962962963 0.04791666666666667 0.07962962962962963
1 0.5171875 0.2 0.041666666666666664 0.06296296296296296
1 0.7567708333333333 0.23981481481481481 0.04895833333333333 0.05
1 0.8583333333333333 0.16574074074074074 0.03854166666666667 0.04814814814814815
1 0.31588541666666664 0.350462962962963 0.059895833333333336 0.08981481481481482
1 0.8973958333333333 0.23564814814814813 0.051041666666666666 0.07685185185185185
1 0.60390625 0.36342592592592593 0.06927083333333334 0.10092592592592593
1 0.8317708333333333 0.15648148148148147 0.03229166666666667 0.046296296296296294
1 0.49270833333333336 0.1837962962962963 0.036458333333333336 0.06018518518518518
1 0.26484375 0.2361111111111111 0.0390625 0.06481481481481481
1 0.49322916666666666 0.2587962962962963 0.05416666666666667 0.08611111111111111
1 0.9885416666666667 0.23564814814814813 0.021875 0.058333333333333334
1 0.9140625 0.2675925925925926 0.05416666666666667 0.053703703703703705
1 0.7330729166666666 0.17314814814814813 0.03802083333333333 0.053703703703703705
1 0.2953125 0.29444444444444445 0.05625 0.07777777777777778
1 0.3533854166666667 0.22592592592592592 0.0359375 0.06111111111111111
1 0.6083333333333333 0.26805555555555555 0.05520833333333333 0.075
1 0.38385416666666666 0.17222222222222222 0.0375 0.05
1 0.34791666666666665 0.2074074074074074 0.040625 0.05925925925925926
1 0.8567708333333334 0.2199074074074074 0.046875 0.062037037037037036
1 0.4786458333333333 0.16898148148148148 0.040625 0.06574074074074074
1 0.17838541666666666 0.20416666666666666 0.043229166666666666 0.05648148148148148
1 0.5221354166666666 0.11296296296296296 0.025520833333333333 0.03518518518518519
1 0.34921875 0.0837962962962963 0.030729166666666665 0.03611111111111111
1 0.4049479166666667 0.2861111111111111 0.0578125 0.09259259259259259
1 0.3380208333333333 0.11990740740740741 0.025 0.03981481481481482
1 0.7161458333333334 0.11203703703703703 0.026041666666666668 0.044444444444444446
1 0.6645833333333333 0.2 0.036458333333333336 0.04259259259259259
1 0.7489583333333333 0.2125 0.04583333333333333 0.06388888888888888
1 0.3611979166666667 0.13935185185185187 0.025520833333333333 0.041666666666666664
1 0.77421875 0.15185185185185185 0.034895833333333334 0.03148148148148148
1 0.28619791666666666 0.12083333333333333 0.024479166666666666 0.041666666666666664
1 0.17994791666666668 0.15185185185185185 0.0359375 0.053703703703703705
1 0.8015625 0.1912037037037037 0.03125 0.05277777777777778
1 0.6372395833333333 0.1884259259259259 0.03177083333333333 0.03425925925925926
1 0.19557291666666668 0.10277777777777777 0.0265625 0.03333333333333333
1 0.4518229166666667 0.09722222222222222 0.024479166666666666 0.025925925925925925
1 0.75234375 0.17546296296296296 0.03802083333333333 0.03981481481481482
1 0.9625 0.2986111111111111 0.0625 0.09722222222222222
1 0.309375 0.1537037037037037 0.036458333333333336 0.05740740740740741
1 0.31744791666666666 0.10138888888888889 0.024479166666666666 0.032407407407407406
1 0.628125 0.16157407407407406 0.035416666666666666 0.05277777777777778
1 0.30026041666666664 0.1398148148148148 0.030729166666666665 0.04814814814814815
1 0.7424479166666667 0.12361111111111112 0.034895833333333334 0.05092592592592592
1 0.6408854166666667 0.13194444444444445 0.0328125 0.03611111111111111
1 0.25677083333333334 0.08888888888888889 0.026041666666666668 0.03518518518518519
1 0.17838541666666666 0.28703703703703703 0.06302083333333333 0.06666666666666667
1 0.38177083333333334 0.14212962962962963 0.035416666666666666 0.03796296296296296
1 0.33359375 0.18194444444444444 0.03802083333333333 0.06574074074074074
1 0.16328125 0.11990740740740741 0.044270833333333336 0.05462962962962963
1 0.17109375 0.1625 0.0390625 0.03425925925925926
1 0.2838541666666667 0.25972222222222224 0.04479166666666667 0.0712962962962963
1 0.6846354166666667 0.17314814814814813 0.0359375 0.05185185185185185
1 0.47552083333333334 0.09490740740740741 0.025 0.03796296296296296
1 0.24921875 0.07777777777777778 0.025520833333333333 0.03148148148148148
1 0.57421875 0.13333333333333333 0.034895833333333334 0.05555555555555555
1 0.3221354166666667 0.1162037037037037 0.016145833333333335 0.032407407407407406
1 0.37578125 0.09166666666666666 0.0234375 0.025925925925925925
1 0.2557291666666667 0.19212962962962962 0.05 0.08055555555555556
1 0.8015625 0.2162037037037037 0.029166666666666667 0.03796296296296296
1 0.38229166666666664 0.23981481481481481 0.04583333333333333 0.07962962962962963
1 0.6546875 0.16342592592592592 0.03229166666666667 0.032407407407407406
1 0.6859375 0.14814814814814814 0.034375 0.04814814814814815
1 0.23489583333333333 0.14027777777777778 0.035416666666666666 0.05277777777777778
1 0.5799479166666667 0.10648148148148148 0.027604166666666666 0.03888888888888889
1 0.5934895833333333 0.09305555555555556 0.0203125 0.04537037037037037
1 0.30234375 0.08611111111111111 0.025520833333333333 0.037037037037037035
1 0.1703125 0.17962962962962964 0.040625 0.06481481481481481
1 0.6463541666666667 0.1087962962962963 0.023958333333333335 0.03611111111111111
1 0.23020833333333332 0.11990740740740741 0.034375 0.030555555555555555
1 0.48932291666666666 0.11203703703703703 0.027604166666666666 0.03148148148148148
1 0.38359375 0.10694444444444444 0.027604166666666666 0.03611111111111111