3 0.7065104166666667 0.1587962962962963 0.05677083333333333 0.06944444444444445
2 0.9065104166666667 0.16296296296296298 0.08802083333333334 0.15185185185185185
2 0.5872395833333334 0.29814814814814816 0.08802083333333334 0.17407407407407408
2 0.8255208333333334 0.09907407407407408 0.0625 0.09074074074074075
1 0.7119791666666667 0.6902777777777778 0.13229166666666667 0.175
1 0.83828125 0.5925925925925926 0.11510416666666666 0.14814814814814814
1 0.8729166666666667 0.300462962962963 0.06354166666666666 0.06759259259259259
1 0.58359375 0.5449074074074074 0.09427083333333333 0.1361111111111111
1 0.20026041666666666 0.4587962962962963 0.0765625 0.10092592592592593
1 0.5109375 0.2884259259259259 0.05520833333333333 0.07314814814814814
1 0.32447916666666665 0.3453703703703704 0.065625 0.08703703703703704
1 0.4421875 0.33564814814814814 0.0625 0.08981481481481482
1 0.85234375 0.8717592592592592 0.17239583333333333 0.25462962962962965
1 0.38333333333333336 0.5115740740740741 0.09479166666666666 0.14907407407407408
1 0.7541666666666667 0.24675925925925926 0.05625 0.04722222222222222
1 0.6744791666666666 0.18611111111111112 0.041666666666666664 0.05555555555555555
1 0.9140625 0.26805555555555555 0.058333333333333334 0.0712962962962963
1 0.47630208333333335 0.975462962962963 0.1546875 0.04722222222222222
1 0.65625 0.39490740740740743 0.090625 0.14907407407407408
1 0.4158854166666667 0.30416666666666664 0.050520833333333334 0.0824074074074074
1 0.5458333333333333 0.4828703703703704 0.08854166666666667 0.11203703703703703
1 0.46901041666666665 0.2439814814814815 0.044270833333333336 0.06574074074074074
1 0.35546875 0.47453703703703703 0.07239583333333334 0.1175925925925926
1 0.8330729166666667 0.2449074074074074 0.05260416666666667 0.07314814814814814
1 0.5309895833333333 0.31666666666666665 0.034895833333333334 0.07962962962962963
1 0.44140625 0.2199074074074074 0.0453125 0.06018518518518518
1 0.91328125 0.4847222222222222 0.10364583333333334 0.1287037037037037
1 0.26927083333333335 0.24768518518518517 0.05 0.06574074074074074
1 0.25442708333333336 0.18611111111111112 0.0359375 0.04814814814814815
1 0.5205729166666667 0.20694444444444443 0.044270833333333336 0.06759259259259259
1 0.19348958333333333 0.41203703703703703 0.07447916666666667 0.0962962962962963
1 0.3072916666666667 0.30648148148148147 0.06875 0.10925925925925926
1 0.5697916666666667 0.1388888888888889 0.03125 0.03888888888888889
1 0.6052083333333333 0.15138888888888888 0.034375 0.05092592592592592
1 0.44114583333333335 0.07824074074074074 0.025 0.032407407407407406
1 0.39348958333333334 0.2574074074074074 0.05572916666666667 0.09814814814814815
1 0.18697916666666667 0.2273148148148148 0.041666666666666664 0.062037037037037036
1 0.34869791666666666 0.1287037037037037 0.0296875 0.04814814814814815
1 0.3171875 0.17777777777777778 0.03125 0.046296296296296294
1 0.18255208333333334 0.18703703703703703 0.0421875 0.05
1 0.18854166666666666 0.3055555555555556 0.05416666666666667 0.1
1 0.18880208333333334 0.1476851851851852 0.025520833333333333 0.03981481481481482
1 0.28489583333333335 0.1259259259259259 0.030208333333333334 0.046296296296296294
1 0.6606770833333333 0.17222222222222222 0.03697916666666667 0.05555555555555555
1 0.40729166666666666 0.12546296296296297 0.041666666666666664 0.05092592592592592
1 0.9765625 0.17731481481481481 0.04583333333333333 0.04351851851851852
1 0.17552083333333332 0.3527777777777778 0.059375 0.09444444444444444
1 0.39401041666666664 0.15787037037037038 0.0359375 0.041666666666666664
1 0.9802083333333333 0.22453703703703703 0.03854166666666667 0.0787037037037037
1 0.9510416666666667 0.2449074074074074 0.05416666666666667 0.08611111111111111
1 0.21640625 0.1125 0.030729166666666665 0.049074074074074076
1 0.4203125 0.19490740740740742 0.036458333333333336 0.04537037037037037
1 0.23072916666666668 0.1287037037037037 0.03125 0.03888888888888889
1 0.37057291666666664 0.14814814814814814 0.0328125 0.04814814814814815
1 0.6359375 0.15925925925925927 0.036458333333333336 0.06296296296296296
1 0.25703125 0.09212962962962963 0.021354166666666667 0.03611111111111111
1 0.7395833333333334 0.15 0.017708333333333333 0.046296296296296294
1 0.3294270833333333 0.11944444444444445 0.019270833333333334 0.03333333333333333
1 0.3223958333333333 0.10648148148148148 0.03125 0.03148148148148148
1 0.33151041666666664 0.19583333333333333 0.044270833333333336 0.06759259259259259
1 0.36015625 0.24953703703703703 0.0328125 0.0712962962962963
1 0.30052083333333335 0.14444444444444443 0.030208333333333334 0.05185185185185185
1 0.3580729166666667 0.0837962962962963 0.0234375 0.03611111111111111
1 0.5494791666666666 0.22870370370370371 0.040625 0.06481481481481481
1 0.48359375 0.09583333333333334 0.019270833333333334 0.03611111111111111
1 0.3776041666666667 0.10092592592592593 0.03333333333333333 0.04259259259259259
1 0.8088541666666667 0.16712962962962963 0.030208333333333334 0.03796296296296296
1 0.3885416666666667 0.1935185185185185 0.034375 0.02962962962962963
1 0.5083333333333333 0.10833333333333334 0.016666666666666666 0.03888888888888889
1 0.1671875 0.12685185185185185 0.03125 0.03888888888888889
1 0.24427083333333333 0.16805555555555557 0.041666666666666664 0.04537037037037037
1 0.41796875 0.07083333333333333 0.021354166666666667 0.030555555555555555
1 0.4674479166666667 0.08472222222222223 0.021354166666666667 0.03981481481481482
1 0.30390625 0.08518518518518518 0.03177083333333333 0.03333333333333333
1 0.7989583333333333 0.16157407407407406 0.029166666666666667 0.05462962962962963
1 0.49713541666666666 0.1037037037037037 0.022395833333333334 0.040740740740740744
1 0.8440104166666667 0.17777777777777778 0.0453125 0.07037037037037037
1 0.2703125 0.10138888888888889 0.030208333333333334 0.03796296296296296
1 0.16953125 0.16157407407407406 0.0421875 0.04351851851851852
1 0.6627604166666666 0.12916666666666668 0.033854166666666664 0.03611111111111111
1 0.4578125 0.06527777777777778 0.019791666666666666 0.025
1 0.24088541666666666 0.14166666666666666 0.0359375 0.027777777777777776
1 0.3138020833333333 0.15925925925925927 0.04114583333333333 0.046296296296296294
1 0.35703125 0.22407407407407406 0.05260416666666667 0.06666666666666667
1 0.8143229166666667 0.22592592592592592 0.06302083333333333 0.08333333333333333