2 0.7986979166666667 0.12731481481481483 0.06510416666666667 0.14166666666666666
1 0.9041666666666667 0.6467592592592593 0.13020833333333334 0.15462962962962962
1 0.8489583333333334 0.8583333333333333 0.16354166666666667 0.2222222222222222
1 0.56171875 0.874537037037037 0.15885416666666666 0.21944444444444444
1 0.7359375 0.4842592592592593 0.09270833333333334 0.12777777777777777
1 0.75625 0.7296296296296296 0.12708333333333333 0.18333333333333332
1 0.8596354166666667 0.45 0.0890625 0.11851851851851852
1 0.34296875 0.4148148148148148 0.08385416666666666 0.10555555555555556
1 0.628125 0.39537037037037037 0.08020833333333334 0.1037037037037037
1 0.4752604166666667 0.7236111111111111 0.17135416666666667 0.25092592592592594
1 0.42994791666666665 0.32222222222222224 0.0703125 0.10925925925925926
1 0.71875 0.23287037037037037 0.051041666666666666 0.05648148148148148
1 0.159375 0.3851851851851852 0.07083333333333333 0.1111111111111111
1 0.5505208333333333 0.33101851851851855 0.058333333333333334 0.09351851851851851
1 0.796875 0.3814814814814815 0.07916666666666666 0.11666666666666667
1 0.5859375 0.3587962962962963 0.0625 0.10277777777777777
1 0.48541666666666666 0.3990740740740741 0.07395833333333333 0.12777777777777777
1 0.8994791666666667 0.3125 0.06458333333333334 0.06944444444444445
1 0.3625 0.462037037037037 0.08125 0.11481481481481481
1 0.39609375 0.2763888888888889 0.0515625 0.07314814814814814
1 0.5690104166666666 0.5231481481481481 0.11822916666666666 0.18518518518518517
1 0.51875 0.449537037037037 0.08958333333333333 0.1175925925925926
1 0.23828125 0.850925925925926 0.14427083333333332 0.21851851851851853
1 0.840625 0.2865740740740741 0.06354166666666666 0.06388888888888888
1 0.8122395833333333 0.24166666666666667 0.0546875 0.06481481481481481
1 0.19869791666666667 0.30462962962962964 0.05260416666666667 0.07962962962962963
1 0.4544270833333333 0.16018518518518518 0.0390625 0.05740740740740741
1 0.38671875 0.1736111111111111 0.034895833333333334 0.04537037037037037
1 0.525 0.2050925925925926 0.04479166666666667 0.06944444444444445
1 0.5078125 0.2773148148148148 0.059375 0.09537037037037037
1 0.6127604166666667 0.15416666666666667 0.03697916666666667 0.04537037037037037
1 0.9716145833333333 0.362962962962963 0.05572916666666667 0.08518518518518518
1 0.49140625 0.18703703703703703 0.034895833333333334 0.053703703703703705
1 0.2869791666666667 0.2638888888888889 0.051041666666666666 0.06851851851851852
1 0.36744791666666665 0.24212962962962964 0.049479166666666664 0.0712962962962963
1 0.9815104166666667 0.26296296296296295 0.0359375 0.07037037037037037
1 0.44817708333333334 0.22407407407407406 0.04739583333333333 0.06851851851851852
1 0.29713541666666665 0.2949074074074074 0.0515625 0.0712962962962963
1 0.5713541666666667 0.1597222222222222 0.035416666666666666 0.03981481481481482
1 0.978125 0.22407407407407406 0.042708333333333334 0.05925925925925926
1 0.4552083333333333 0.0824074074074074 0.026041666666666668 0.040740740740740744
1 0.3684895833333333 0.15046296296296297 0.0328125 0.04537037037037037
1 0.20859375 0.6972222222222222 0.12447916666666667 0.22037037037037038
1 0.20520833333333333 0.12268518518518519 0.029166666666666667 0.04351851851851852
1 0.6885416666666667 0.1837962962962963 0.042708333333333334 0.06759259259259259
1 0.990625 0.7722222222222223 0.017708333333333333 0.18333333333333332
1 0.47708333333333336 0.2490740740740741 0.04375 0.07222222222222222
1 0.2734375 0.24583333333333332 0.04479166666666667 0.06574074074074074
1 0.8770833333333333 0.2518518518518518 0.05520833333333333 0.06851851851851852
1 0.9390625 0.2865740740740741 0.0625 0.0824074074074074
1 0.3533854166666667 0.21064814814814814 0.0421875 0.0712962962962963
1 0.5231770833333333 0.13240740740740742 0.028645833333333332 0.03518518518518519
1 0.41875 0.19305555555555556 0.040625 0.06574074074074074
1 0.1703125 0.17685185185185184 0.035416666666666666 0.05
1 0.23671875 0.15185185185185185 0.0390625 0.06481481481481481
1 0.6697916666666667 0.14629629629629629 0.035416666666666666 0.05555555555555555
1 0.42916666666666664 0.2162037037037037 0.027083333333333334 0.058333333333333334
1 0.25442708333333336 0.1787037037037037 0.03697916666666667 0.05555555555555555
1 0.47369791666666666 0.09444444444444444 0.024479166666666666 0.03148148148148148
1 0.31302083333333336 0.16712962962962963 0.03229166666666667 0.06018518518518518
1 0.7747395833333334 0.2222222222222222 0.0453125 0.06481481481481481
1 0.17526041666666667 0.2263888888888889 0.049479166666666664 0.07685185185185185
1 0.30078125 0.1425925925925926 0.0328125 0.053703703703703705
1 0.32916666666666666 0.18194444444444444 0.035416666666666666 0.062037037037037036
1 0.8565104166666667 0.2162037037037037 0.0515625 0.06944444444444445
1 0.61484375 0.12361111111111112 0.024479166666666666 0.028703703703703703
1 0.58046875 0.12361111111111112 0.0296875 0.03611111111111111
1 0.7390625 0.12083333333333333 0.014583333333333334 0.05462962962962963
1 0.34739583333333335 0.1337962962962963 0.03333333333333333 0.03796296296296296
1 0.4375 0.14027777777777778 0.03333333333333333 0.041666666666666664
1 0.5653645833333333 0.10462962962962963 0.030729166666666665 0.05
1 0.5947916666666667 0.1388888888888889 0.028125 0.04259259259259259
1 0.2838541666666667 0.12175925925925926 0.029166666666666667 0.04722222222222222
1 0.33958333333333335 0.11898148148148148 0.03229166666666667 0.04537037037037037
1 0.4200520833333333 0.1111111111111111 0.0296875 0.025925925925925925
1 0.2643229166666667 0.2175925925925926 0.0484375 0.06111111111111111
1 0.18567708333333333 0.08009259259259259 0.0140625 0.025
1 0.64375 0.13333333333333333 0.03229166666666667 0.053703703703703705
1 0.59921875 0.10092592592592593 0.024479166666666666 0.02962962962962963
1 0.35260416666666666 0.08333333333333333 0.023958333333333335 0.03148148148148148
1 0.26640625 0.10046296296296296 0.027604166666666666 0.03425925925925926
1 0.4122395833333333 0.06851851851851852 0.015104166666666667 0.022222222222222223
1 0.8466145833333333 0.15601851851851853 0.0390625 0.06018518518518518
1 0.5674479166666667 0.07731481481481481 0.022395833333333334 0.017592592592592594
1 0.4200520833333333 0.13518518518518519 0.03177083333333333 0.04259259259259259
1 0.6536458333333334 0.09583333333333334 0.020833333333333332 0.030555555555555555
1 0.5385416666666667 0.06388888888888888 0.022916666666666665 0.024074074074074074
1 0.925 0.23657407407407408 0.05 0.06018518518518518
1 0.19192708333333333 0.2800925925925926 0.0484375 0.06759259259259259
1 0.7580729166666667 0.17083333333333334 0.027604166666666666 0.023148148148148147
1 0.25078125 0.0763888888888889 0.0203125 0.028703703703703703
1 0.16875 0.1361111111111111 0.03125 0.03518518518518519
1 0.18567708333333333 0.24768518518518517 0.0546875 0.05277777777777778
1 0.75859375 0.18796296296296297 0.027604166666666666 0.05740740740740741
1 0.5208333333333334 0.11388888888888889 0.030208333333333334 0.040740740740740744