1 0.20755208333333333 0.5703703703703704 0.11302083333333333 0.14629629629629629
1 0.6505208333333333 0.9532407407407407 0.17708333333333334 0.09166666666666666
1 0.19192708333333333 0.4625 0.08697916666666666 0.11388888888888889
1 0.65234375 0.624537037037037 0.1171875 0.16574074074074074
1 0.9713541666666666 0.30972222222222223 0.05625 0.0824074074074074
1 0.44947916666666665 0.6458333333333334 0.12604166666666666 0.1638888888888889
1 0.4270833333333333 0.3314814814814815 0.053125 0.08703703703703704
1 0.5643229166666667 0.34120370370370373 0.06927083333333334 0.08981481481481482
1 0.49947916666666664 0.27314814814814814 0.05520833333333333 0.07407407407407407
1 0.6278645833333333 0.27870370370370373 0.0578125 0.08888888888888889
1 0.7705729166666667 0.5138888888888888 0.09114583333333333 0.13148148148148148
1 0.36328125 0.48148148148148145 0.08697916666666666 0.11851851851851852
1 0.45807291666666666 0.24444444444444444 0.049479166666666664 0.06481481481481481
1 0.7471354166666667 0.3537037037037037 0.07864583333333333 0.12037037037037036
1 0.31744791666666666 0.34629629629629627 0.06302083333333333 0.09074074074074075
1 0.88671875 0.4638888888888889 0.09427083333333333 0.1259259259259259
1 0.3541666666666667 0.4 0.071875 0.10185185185185185
1 0.8328125 0.24861111111111112 0.05416666666666667 0.0712962962962963
1 0.6971354166666667 0.3106481481481482 0.06822916666666666 0.09907407407407408
1 0.2833333333333333 0.26481481481481484 0.06145833333333333 0.10185185185185185
1 0.82265625 0.5601851851851852 0.11927083333333334 0.15925925925925927
1 0.4432291666666667 0.14953703703703702 0.034375 0.04722222222222222
1 0.85546875 0.2199074074074074 0.044270833333333336 0.06574074074074074
1 0.5880208333333333 0.5555555555555556 0.10104166666666667 0.13518518518518519
1 0.4119791666666667 0.29907407407407405 0.052083333333333336 0.07962962962962963
1 0.3848958333333333 0.25324074074074077 0.05 0.08425925925925926
1 0.18671875 0.3189814814814815 0.05677083333333333 0.0787037037037037
1 0.47552083333333334 0.3625 0.07083333333333333 0.11388888888888889
1 0.48880208333333336 0.7509259259259259 0.13489583333333333 0.1814814814814815
1 0.9580729166666667 0.24768518518518517 0.05677083333333333 0.07314814814814814
1 0.6447916666666667 0.1935185185185185 0.04375 0.03888888888888889
1 0.23984375 0.14814814814814814 0.034895833333333334 0.04259259259259259
1 0.921875 0.6763888888888889 0.13333333333333333 0.18796296296296297
1 0.3953125 0.11527777777777778 0.034375 0.05277777777777778
1 0.30703125 0.15925925925925927 0.033854166666666664 0.05
1 0.18697916666666667 0.27546296296296297 0.053125 0.06574074074074074
1 0.9018229166666667 0.8949074074074074 0.17239583333333333 0.20833333333333334
1 0.37578125 0.10833333333333334 0.016145833333333335 0.03518518518518519
1 0.35182291666666665 0.23657407407407408 0.03697916666666667 0.058333333333333334
1 0.5559895833333334 0.47314814814814815 0.0984375 0.15
1 0.47734375 0.10787037037037037 0.0265625 0.030555555555555555
1 0.440625 0.2101851851851852 0.04375 0.07407407407407407
1 0.41119791666666666 0.18935185185185185 0.0328125 0.05092592592592592
1 0.34791666666666665 0.13333333333333333 0.029166666666666667 0.04814814814814815
1 0.603125 0.16805555555555557 0.040625 0.04722222222222222
1 0.37395833333333334 0.1597222222222222 0.03333333333333333 0.04537037037037037
1 0.6671875 0.15 0.035416666666666666 0.04814814814814815
1 0.77265625 0.21851851851851853 0.0453125 0.07037037037037037
1 0.28125 0.11481481481481481 0.03958333333333333 0.04814814814814815
1 0.5770833333333333 0.15787037037037038 0.029166666666666667 0.03611111111111111
1 0.6877604166666667 0.1287037037037037 0.0296875 0.04259259259259259
1 0.32734375 0.07268518518518519 0.027604166666666666 0.025
1 0.39505208333333336 0.17916666666666667 0.033854166666666664 0.058333333333333334
1 0.17786458333333333 0.15185185185185185 0.0421875 0.06111111111111111
1 0.9138020833333333 0.19027777777777777 0.050520833333333334 0.06944444444444445
1 0.6565104166666667 0.10092592592592593 0.0234375 0.04259259259259259
1 0.3497395833333333 0.20879629629629629 0.043229166666666666 0.0712962962962963
1 0.22942708333333334 0.12777777777777777 0.03177083333333333 0.040740740740740744
1 0.16953125 0.1300925925925926 0.0359375 0.041666666666666664
1 0.434375 0.13657407407407407 0.03229166666666667 0.05277777777777778
1 0.6080729166666666 0.25462962962962965 0.05677083333333333 0.09814814814814815
1 0.32864583333333336 0.11574074074074074 0.027083333333333334 0.044444444444444446
1 0.3651041666666667 0.09212962962962963 0.020833333333333332 0.032407407407407406
1 0.7552083333333334 0.18009259259259258 0.034375 0.05277777777777778
1 0.15833333333333333 0.0912037037037037 0.023958333333333335 0.041666666666666664
1 0.17395833333333333 0.25 0.042708333333333334 0.07777777777777778
1 0.7247395833333333 0.14629629629629629 0.03177083333333333 0.03333333333333333
1 0.9802083333333333 0.19583333333333333 0.03854166666666667 0.062037037037037036
1 0.7140625 0.12546296296296297 0.026041666666666668 0.041666666666666664
1 0.6205729166666667 0.12916666666666668 0.0328125 0.04351851851851852
1 0.26458333333333334 0.09814814814814815 0.026041666666666668 0.037037037037037035
1 0.5544270833333333 0.14629629629629629 0.024479166666666666 0.02962962962962963
1 0.6619791666666667 0.4050925925925926 0.0875 0.1398148148148148
1 0.17473958333333334 0.10231481481481482 0.025520833333333333 0.023148148148148147
1 0.5783854166666667 0.10416666666666667 0.025520833333333333 0.030555555555555555
1 0.86640625 0.16064814814814815 0.043229166666666666 0.06759259259259259
1 0.8153645833333333 0.19675925925925927 0.04739583333333333 0.06574074074074074
1 0.584375 0.13194444444444445 0.030208333333333334 0.026851851851851852
1 0.7153645833333333 0.19074074074074074 0.05260416666666667 0.07777777777777778
1 0.35390625 0.15185185185185185 0.019270833333333334 0.037037037037037035
1 0.45989583333333334 0.08703703703703704 0.023958333333333335 0.02962962962962963
1 0.6161458333333333 0.1527777777777778 0.03125 0.05
1 0.3234375 0.09537037037037037 0.030208333333333334 0.04259259259259259
1 0.5247395833333334 0.08935185185185185 0.0265625 0.03981481481481482
1 0.49557291666666664 0.0962962962962963 0.024479166666666666 0.04259259259259259
1 0.8013020833333333 0.1685185185185185 0.0296875 0.046296296296296294
1 0.6411458333333333 0.1162037037037037 0.026041666666666668 0.03796296296296296
1 0.8494791666666667 0.1763888888888889 0.036458333333333336 0.030555555555555555
1 0.6971354166666667 0.10740740740740741 0.019270833333333334 0.016666666666666666
1 0.5671875 0.12268518518518519 0.027083333333333334 0.03425925925925926
1 0.5166666666666667 0.1287037037037037 0.023958333333333335 0.03148148148148148
1 0.39895833333333336 0.07175925925925926 0.01875 0.023148148148148147
1 0.6653645833333334 0.17592592592592593 0.0265625 0.053703703703703705
1 0.33151041666666664 0.19166666666666668 0.033854166666666664 0.06481481481481481
1 0.6299479166666667 0.08935185185185185 0.0265625 0.03425925925925926
1 0.2591145833333333 0.18518518518518517 0.044270833333333336 0.05925925925925926
1 0.2864583333333333 0.2037037037037037 0.03333333333333333 0.027777777777777776
1 0.27395833333333336 0.22407407407407406 0.058333333333333334 0.07037037037037037
1 0.2838541666666667 0.16064814814814815 0.023958333333333335 0.05277777777777778
1 0.6833333333333333 0.18425925925925926 0.03125 0.06296296296296296
1 0.21276041666666667 0.0875 0.030729166666666665 0.03981481481481482
1 0.17369791666666667 0.20046296296296295 0.04739583333333333 0.0712962962962963