2 0.8106770833333333 0.13194444444444445 0.0703125 0.14537037037037037
2 0.7190104166666667 0.10925925925925926 0.06822916666666666 0.11666666666666667
1 0.2677083333333333 0.9555555555555556 0.17916666666666667 0.08703703703703704
1 0.52578125 0.8101851851851852 0.14739583333333334 0.2
1 0.9622395833333334 0.7208333333333333 0.07447916666666667 0.1824074074074074
1 0.8265625 0.4287037037037037 0.084375 0.11481481481481481
1 0.8609375 0.6060185185185185 0.11979166666666667 0.14537037037037037
1 0.79140625 0.7958333333333333 0.1515625 0.20462962962962963
1 0.7140625 0.6782407407407407 0.11666666666666667 0.17314814814814813
1 0.33828125 0.39537037037037037 0.07864583333333333 0.1
1 0.70859375 0.45925925925925926 0.08802083333333334 0.11851851851851852
1 0.35494791666666664 0.4398148148148148 0.07864583333333333 0.1111111111111111
1 0.7354166666666667 0.23796296296296296 0.051041666666666666 0.05
1 0.4510416666666667 0.674537037037037 0.16041666666666668 0.2324074074074074
1 0.5166666666666667 0.19907407407407407 0.042708333333333334 0.06666666666666667
1 0.6104166666666667 0.38101851851851853 0.07708333333333334 0.10092592592592593
1 0.24010416666666667 0.7912037037037037 0.128125 0.20277777777777778
1 0.42291666666666666 0.3101851851851852 0.06770833333333333 0.10555555555555556
1 0.47317708333333336 0.38333333333333336 0.07135416666666666 0.12037037037037036
1 0.171875 0.37083333333333335 0.06770833333333333 0.10648148148148148
1 0.5377604166666666 0.32037037037037036 0.05572916666666667 0.09074074074074075
1 0.4984375 0.4287037037037037 0.07395833333333333 0.11296296296296296
1 0.93203125 0.33796296296296297 0.06510416666666667 0.09814814814814815
1 0.8658854166666666 0.29953703703703705 0.06614583333333333 0.06574074074074074
1 0.8291666666666667 0.24814814814814815 0.05520833333333333 0.06666666666666667
1 0.5815104166666667 0.1648148148148148 0.03697916666666667 0.040740740740740744
1 0.7705729166666667 0.36527777777777776 0.0765625 0.11203703703703703
1 0.5776041666666667 0.3453703703703704 0.06875 0.1
1 0.39010416666666664 0.2689814814814815 0.04895833333333333 0.0712962962962963
1 0.1984375 0.29583333333333334 0.051041666666666666 0.07685185185185185
1 0.49609375 0.2689814814814815 0.0578125 0.09166666666666666
1 0.546875 0.49398148148148147 0.1125 0.175
1 0.38359375 0.17083333333333334 0.0328125 0.04537037037037037
1 0.48385416666666664 0.18055555555555555 0.03333333333333333 0.04814814814814815
1 0.6236979166666666 0.1587962962962963 0.03697916666666667 0.04537037037037037
1 0.7893229166666667 0.22777777777777777 0.04739583333333333 0.06666666666666667
1 0.365625 0.23564814814814813 0.046875 0.06944444444444445
1 0.9479166666666666 0.2439814814814815 0.051041666666666666 0.06574074074074074
1 0.46822916666666664 0.24212962962962964 0.042708333333333334 0.0712962962962963
1 0.44244791666666666 0.21805555555555556 0.0484375 0.06759259259259259
1 0.29401041666666666 0.2847222222222222 0.050520833333333334 0.06944444444444445
1 0.44895833333333335 0.15462962962962962 0.035416666666666666 0.053703703703703705
1 0.6799479166666667 0.15138888888888888 0.0359375 0.05648148148148148
1 0.9684895833333333 0.29953703703703705 0.06197916666666667 0.08611111111111111
1 0.28229166666666666 0.25601851851851853 0.046875 0.06574074074074074
1 0.3263020833333333 0.17731481481481481 0.0359375 0.06018518518518518
1 0.41458333333333336 0.18796296296296297 0.040625 0.06666666666666667
1 0.20625 0.12083333333333333 0.027083333333333334 0.041666666666666664
1 0.859375 0.1597222222222222 0.035416666666666666 0.058333333333333334
1 0.9010416666666666 0.262037037037037 0.05625 0.06851851851851852
1 0.5721354166666667 0.10648148148148148 0.03177083333333333 0.05
1 0.3109375 0.16435185185185186 0.03229166666666667 0.05648148148148148
1 0.34765625 0.20601851851851852 0.0421875 0.06944444444444445
1 0.3640625 0.14675925925925926 0.03125 0.04537037037037037
1 0.45989583333333334 0.08472222222222223 0.026041666666666668 0.03981481481481482
1 0.17135416666666667 0.17453703703703705 0.035416666666666666 0.049074074074074076
1 0.2833333333333333 0.12037037037037036 0.027083333333333334 0.044444444444444446
1 0.8786458333333333 0.22314814814814815 0.053125 0.07407407407407407
1 0.47760416666666666 0.09675925925925925 0.023958333333333335 0.032407407407407406
1 0.4231770833333333 0.21157407407407408 0.024479166666666666 0.058333333333333334
1 0.6544270833333333 0.13564814814814816 0.03177083333333333 0.05277777777777778
1 0.3455729166666667 0.13148148148148148 0.03177083333333333 0.037037037037037035
1 0.6231770833333333 0.1259259259259259 0.025520833333333333 0.027777777777777776
1 0.16640625 0.10277777777777777 0.0328125 0.044444444444444446
1 0.5533854166666666 0.09768518518518518 0.018229166666666668 0.03796296296296296
1 0.43411458333333336 0.13703703703703704 0.030729166666666665 0.040740740740740744
1 0.7005208333333334 0.18796296296296297 0.04375 0.07222222222222222
1 0.26276041666666666 0.21157407407407408 0.04739583333333333 0.058333333333333334
1 0.25286458333333334 0.1763888888888889 0.03697916666666667 0.05277777777777778
1 0.23359375 0.14907407407407408 0.03697916666666667 0.06296296296296296
1 0.29921875 0.13935185185185187 0.0328125 0.05462962962962963
1 0.35104166666666664 0.08333333333333333 0.022916666666666665 0.03148148148148148
1 0.18463541666666666 0.24166666666666667 0.050520833333333334 0.053703703703703705
1 0.5734375 0.07777777777777778 0.021875 0.014814814814814815
1 0.5338541666666666 0.13842592592592592 0.030208333333333334 0.03425925925925926
1 0.3341145833333333 0.11527777777777778 0.03697916666666667 0.04351851851851852
1 0.27265625 0.23981481481481481 0.0421875 0.06296296296296296
1 0.6057291666666667 0.1425925925925926 0.027083333333333334 0.04259259259259259
1 0.16953125 0.13518518518518519 0.0328125 0.03888888888888889
1 0.6067708333333334 0.10277777777777777 0.025 0.03148148148148148
1 0.6578125 0.09583333333333334 0.022916666666666665 0.026851851851851852
1 0.9885416666666667 0.3819444444444444 0.021875 0.08796296296296297
1 0.6778645833333333 0.10787037037037037 0.018229166666666668 0.032407407407407406
1 0.18411458333333333 0.08055555555555556 0.011979166666666667 0.024074074074074074
1 0.4153645833333333 0.13148148148148148 0.0296875 0.04259259259259259
1 0.78046875 0.19398148148148148 0.044270833333333336 0.058333333333333334
1 0.17526041666666667 0.22083333333333333 0.0484375 0.07314814814814814
1 0.19036458333333334 0.2712962962962963 0.04739583333333333 0.06851851851851852