2 0.9736979166666667 0.1875 0.0515625 0.24351851851851852
1 0.61640625 0.38935185185185184 0.07864583333333333 0.10277777777777777
1 0.5333333333333333 0.8375 0.15625 0.2101851851851852
1 0.19739583333333333 0.5574074074074075 0.10416666666666667 0.13518518518518519
1 0.3971354166666667 0.5800925925925926 0.10989583333333333 0.14537037037037037
1 0.6885416666666667 0.6884259259259259 0.125 0.1675925925925926
1 0.9591145833333333 0.7041666666666667 0.08072916666666667 0.19537037037037036
1 0.7471354166666667 0.4847222222222222 0.10364583333333334 0.1638888888888889
1 0.7971354166666667 0.8023148148148148 0.15885416666666666 0.21203703703703702
1 0.53828125 0.3087962962962963 0.06197916666666667 0.08611111111111111
1 0.86875 0.2657407407407407 0.05520833333333333 0.07037037037037037
1 0.4864583333333333 0.2722222222222222 0.05625 0.07222222222222222
1 0.9044270833333333 0.6300925925925925 0.11510416666666666 0.15833333333333333
1 0.6442708333333333 0.9425925925925925 0.18125 0.11296296296296296
1 0.46458333333333335 0.37916666666666665 0.06770833333333333 0.09722222222222222
1 0.8455729166666667 0.4217592592592593 0.09322916666666667 0.14166666666666666
1 0.3359375 0.3958333333333333 0.07083333333333333 0.10092592592592593
1 0.7802083333333333 0.36435185185185187 0.08125 0.11574074074074074
1 0.16640625 0.3592592592592593 0.0609375 0.08888888888888889
1 0.3815104166666667 0.47129629629629627 0.08697916666666666 0.11666666666666667
1 0.5153645833333333 0.41944444444444445 0.08072916666666667 0.13148148148148148
1 0.7591145833333334 0.2199074074074074 0.0453125 0.06388888888888888
1 0.46953125 0.16620370370370371 0.0359375 0.05092592592592592
1 0.4390625 0.33796296296296297 0.059375 0.08888888888888889
1 0.43203125 0.20833333333333334 0.034895833333333334 0.05185185185185185
1 0.3731770833333333 0.26064814814814813 0.04010416666666667 0.06388888888888888
1 0.6911458333333333 0.32083333333333336 0.06666666666666667 0.10092592592592593
1 0.46458333333333335 0.2310185185185185 0.051041666666666666 0.08055555555555556
1 0.6 0.17407407407407408 0.0375 0.03518518518518519
1 0.29661458333333335 0.29444444444444445 0.06614583333333333 0.1111111111111111
1 0.18723958333333332 0.3101851851851852 0.05572916666666667 0.07962962962962963
1 0.23802083333333332 0.15787037037037038 0.028125 0.049074074074074076
1 0.41484375 0.12731481481481483 0.0359375 0.05648148148148148
1 0.31640625 0.17314814814814813 0.0390625 0.05740740740740741
1 0.7447916666666666 0.17314814814814813 0.03958333333333333 0.06111111111111111
1 0.5817708333333333 0.13564814814814816 0.029166666666666667 0.03981481481481482
1 0.9260416666666667 0.1814814814814815 0.042708333333333334 0.06481481481481481
1 0.8661458333333333 0.21944444444444444 0.051041666666666666 0.06851851851851852
1 0.4166666666666667 0.19583333333333333 0.036458333333333336 0.062037037037037036
1 0.39296875 0.17546296296296296 0.034895833333333334 0.049074074074074076
1 0.98046875 0.5523148148148148 0.03802083333333333 0.11574074074074074
1 0.3575520833333333 0.1439814814814815 0.030729166666666665 0.049074074074074076
1 0.37578125 0.10046296296296296 0.0234375 0.03611111111111111
1 0.21770833333333334 0.7217592592592592 0.14166666666666666 0.18425925925925926
1 0.84296875 0.1736111111111111 0.0453125 0.06388888888888888
1 0.3651041666666667 0.22916666666666666 0.04583333333333333 0.07685185185185185
1 0.66796875 0.29212962962962963 0.06510416666666667 0.10833333333333334
1 0.6393229166666666 0.5763888888888888 0.11302083333333333 0.1824074074074074
1 0.37109375 0.1675925925925926 0.025520833333333333 0.04259259259259259
1 0.4088541666666667 0.2796296296296296 0.05520833333333333 0.09259259259259259
1 0.5903645833333333 0.11805555555555555 0.0328125 0.04351851851851852
1 0.6546875 0.11574074074074074 0.027083333333333334 0.037037037037037035
1 0.6875 0.11481481481481481 0.028125 0.03888888888888889
1 0.3390625 0.12361111111111112 0.030208333333333334 0.05277777777777778
1 0.26484375 0.10324074074074074 0.0203125 0.03796296296296296
1 0.190625 0.1625 0.042708333333333334 0.06574074074074074
1 0.7104166666666667 0.15555555555555556 0.036458333333333336 0.03518518518518519
1 0.7072916666666667 0.19444444444444445 0.042708333333333334 0.06296296296296296
1 0.6734375 0.1087962962962963 0.020833333333333332 0.03425925925925926
1 0.45390625 0.15138888888888888 0.033854166666666664 0.05648148148148148
1 0.52265625 0.13287037037037036 0.0265625 0.030555555555555555
1 0.815625 0.1398148148148148 0.040625 0.05185185185185185
1 0.39140625 0.11805555555555555 0.019270833333333334 0.03611111111111111
1 0.6140625 0.1050925925925926 0.025 0.03425925925925926
1 0.65859375 0.1699074074074074 0.04635416666666667 0.06944444444444445
1 0.28541666666666665 0.11527777777777778 0.03229166666666667 0.03981481481481482
1 0.278125 0.1550925925925926 0.03333333333333333 0.05462962962962963
1 0.6338541666666667 0.12453703703703704 0.028125 0.026851851851851852
1 0.8020833333333334 0.19814814814814816 0.029166666666666667 0.06111111111111111
1 0.17578125 0.1125 0.028645833333333332 0.032407407407407406
1 0.56796875 0.15092592592592594 0.0359375 0.04259259259259259
1 0.79375 0.18611111111111112 0.046875 0.08518518518518518
1 0.23463541666666668 0.13472222222222222 0.033854166666666664 0.03981481481481482
1 0.22369791666666666 0.10833333333333334 0.0265625 0.04814814814814815
1 0.459375 0.10277777777777777 0.022916666666666665 0.03148148148148148
1 0.16328125 0.13842592592592592 0.025520833333333333 0.04351851851851852
1 0.490625 0.11527777777777778 0.01875 0.026851851851851852
1 0.1796875 0.2537037037037037 0.051041666666666666 0.05555555555555555
1 0.5 0.08333333333333333 0.025 0.03888888888888889
1 0.6341145833333334 0.09212962962962963 0.021354166666666667 0.03611111111111111
1 0.3455729166666667 0.21064814814814814 0.034895833333333334 0.06759259259259259
1 0.16484375 0.24722222222222223 0.04010416666666667 0.06296296296296296
1 0.5458333333333333 0.14212962962962963 0.025 0.03425925925925926
1 0.2565104166666667 0.2337962962962963 0.027604166666666666 0.06574074074074074
1 0.26848958333333334 0.19583333333333333 0.0453125 0.04722222222222222
1 0.15729166666666666 0.09537037037037037 0.026041666666666668 0.04259259259259259
1 0.7614583333333333 0.15416666666666667 0.023958333333333335 0.04351851851851852
1 0.3125 0.10833333333333334 0.014583333333333334 0.02962962962962963
1 0.2921875 0.22824074074074074 0.051041666666666666 0.03425925925925926
1 0.215625 0.08796296296296297 0.029166666666666667 0.04259259259259259
1 0.16796875 0.19768518518518519 0.0359375 0.03425925925925926
1 0.2552083333333333 0.1962962962962963 0.03958333333333333 0.07222222222222222
1 0.34140625 0.07685185185185185 0.0203125 0.02962962962962963
1 0.26848958333333334 0.24351851851851852 0.0390625 0.08518518518518518
1 0.17552083333333332 0.2064814814814815 0.05 0.04814814814814815
1 0.6950520833333333 0.1398148148148148 0.03177083333333333 0.046296296296296294
1 0.62421875 0.1574074074074074 0.022395833333333334 0.046296296296296294
1 0.28463541666666664 0.24814814814814815 0.06614583333333333 0.07592592592592592