2 0.7721354166666666 0.11805555555555555 0.0671875 0.13240740740740742
2 0.6877604166666667 0.09861111111111111 0.05364583333333333 0.10462962962962963
1 0.9708333333333333 0.75 0.057291666666666664 0.17962962962962964
1 0.8036458333333333 0.5453703703703704 0.103125 0.1425925925925926
1 0.93984375 0.5037037037037037 0.1015625 0.13333333333333333
1 0.6744791666666666 0.4356481481481482 0.08854166666666667 0.11203703703703703
1 0.3575520833333333 0.45925925925925926 0.0921875 0.11851851851851852
1 0.6622395833333333 0.9546296296296296 0.19322916666666667 0.08888888888888889
1 0.5442708333333334 0.8435185185185186 0.2 0.29259259259259257
1 0.9591145833333333 0.9490740740740741 0.08072916666666667 0.1
1 0.8734375 0.8634259259259259 0.15520833333333334 0.2212962962962963
1 0.12265625 0.41805555555555557 0.0765625 0.1175925925925926
1 0.44557291666666665 0.3472222222222222 0.07864583333333333 0.11666666666666667
1 0.37786458333333334 0.5078703703703704 0.09322916666666667 0.125
1 0.20260416666666667 0.3263888888888889 0.05625 0.08611111111111111
1 0.8598958333333333 0.4212962962962963 0.09166666666666666 0.12962962962962962
1 0.3033854166666667 0.3143518518518518 0.0546875 0.075
1 0.5145833333333333 0.43333333333333335 0.08541666666666667 0.1388888888888889
1 0.4080729166666667 0.29444444444444445 0.0546875 0.07777777777777778
1 0.6888020833333334 0.21388888888888888 0.043229166666666666 0.04814814814814815
1 0.26666666666666666 0.9351851851851852 0.16666666666666666 0.12777777777777777
1 0.6177083333333333 0.5893518518518519 0.13333333333333333 0.20833333333333334
1 0.9690104166666667 0.30462962962962964 0.0609375 0.07962962962962963
1 0.5546875 0.4930555555555556 0.096875 0.13055555555555556
1 0.39557291666666666 0.18333333333333332 0.03802083333333333 0.05185185185185185
1 0.37473958333333335 0.25462962962962965 0.05260416666666667 0.07592592592592592
1 0.8791666666666667 0.2199074074074074 0.051041666666666666 0.05462962962962963
1 0.5817708333333333 0.3574074074074074 0.0625 0.1037037037037037
1 0.46901041666666665 0.1685185185185185 0.0390625 0.05925925925925926
1 0.625 0.38981481481481484 0.078125 0.11296296296296296
1 0.9184895833333333 0.32175925925925924 0.06927083333333334 0.06574074074074074
1 0.6643229166666667 0.17175925925925925 0.04114583333333333 0.06574074074074074
1 0.8434895833333333 0.2875 0.05677083333333333 0.06388888888888888
1 0.5091145833333334 0.19768518518518519 0.03697916666666667 0.05648148148148148
1 0.5916666666666667 0.14444444444444443 0.034375 0.044444444444444446
1 0.5359375 0.2962962962962963 0.06354166666666666 0.1
1 0.7981770833333334 0.26157407407407407 0.049479166666666664 0.058333333333333334
1 0.93046875 0.20787037037037037 0.0515625 0.05277777777777778
1 0.9731770833333333 0.19814814814814816 0.03697916666666667 0.05185185185185185
1 0.20130208333333333 0.125 0.028645833333333332 0.044444444444444446
1 0.49973958333333335 0.2625 0.04635416666666667 0.07685185185185185
1 0.37552083333333336 0.1550925925925926 0.03333333333333333 0.049074074074074076
1 0.17057291666666666 0.18333333333333332 0.034895833333333334 0.05185185185185185
1 0.7403645833333333 0.175 0.04114583333333333 0.05
1 0.5458333333333333 0.2152777777777778 0.04583333333333333 0.07314814814814814
1 0.33619791666666665 0.18935185185185185 0.0390625 0.06574074074074074
1 0.9859375 0.3731481481481482 0.027083333333333334 0.0962962962962963
1 0.7796875 0.22407407407407406 0.053125 0.06481481481481481
1 0.29401041666666666 0.27870370370370373 0.05260416666666667 0.07037037037037037
1 0.8877604166666667 0.2601851851851852 0.05260416666666667 0.06851851851851852
1 0.21744791666666666 0.8064814814814815 0.1421875 0.2611111111111111
1 0.24036458333333333 0.15694444444444444 0.0421875 0.06759259259259259
1 0.74296875 0.2074074074074074 0.0421875 0.06296296296296296
1 0.43020833333333336 0.20277777777777778 0.042708333333333334 0.06851851851851852
1 0.51953125 0.10972222222222222 0.0265625 0.03796296296296296
1 0.50546875 0.12453703703703704 0.028645833333333332 0.030555555555555555
1 0.5544270833333333 0.1476851851851852 0.0296875 0.03796296296296296
1 0.44192708333333336 0.22685185185185186 0.03177083333333333 0.06111111111111111
1 0.17057291666666666 0.1388888888888889 0.03802083333333333 0.037037037037037035
1 0.65078125 0.13842592592592592 0.034895833333333334 0.05648148148148148
1 0.28802083333333334 0.12546296296296297 0.028125 0.04722222222222222
1 0.93125 0.24444444444444444 0.04791666666666667 0.07037037037037037
1 0.36302083333333335 0.2199074074074074 0.04375 0.075
1 0.35208333333333336 0.1388888888888889 0.03229166666666667 0.03888888888888889
1 0.55625 0.07777777777777778 0.022916666666666665 0.025925925925925925
1 0.4630208333333333 0.2361111111111111 0.05 0.07037037037037037
1 0.1765625 0.25324074074074077 0.04479166666666667 0.06574074074074074
1 0.2682291666666667 0.2273148148148148 0.046875 0.06574074074074074
1 0.8231770833333333 0.15 0.04114583333333333 0.06111111111111111
1 0.4505208333333333 0.14629629629629629 0.03333333333333333 0.04259259259259259
1 0.8190104166666666 0.1935185185185185 0.04114583333333333 0.053703703703703705
1 0.4661458333333333 0.0875 0.022916666666666665 0.032407407407407406
1 0.2755208333333333 0.25972222222222224 0.04583333333333333 0.06759259259259259
1 0.15885416666666666 0.10833333333333334 0.03333333333333333 0.05
1 0.35885416666666664 0.08657407407407407 0.023958333333333335 0.032407407407407406
1 0.7221354166666667 0.11574074074074074 0.019270833333333334 0.05185185185185185
1 0.6231770833333333 0.12407407407407407 0.03177083333333333 0.05185185185185185
1 0.43697916666666664 0.14166666666666666 0.030208333333333334 0.046296296296296294
1 0.42890625 0.13287037037037036 0.0328125 0.05648148148148148
1 0.4479166666666667 0.07731481481481481 0.026041666666666668 0.03796296296296296
1 0.2518229166666667 0.07731481481481481 0.0203125 0.030555555555555555
1 0.59765625 0.1162037037037037 0.0234375 0.028703703703703703
1 0.32916666666666666 0.07361111111111111 0.022916666666666665 0.023148148148148147
1 0.82890625 0.22037037037037038 0.04010416666666667 0.040740740740740744
1 0.22578125 0.11296296296296296 0.028645833333333332 0.04259259259259259
1 0.5658854166666667 0.11388888888888889 0.027604166666666666 0.03333333333333333
1 0.30442708333333335 0.14027777777777778 0.0359375 0.04351851851851852
1 0.2591145833333333 0.1884259259259259 0.04114583333333333 0.05462962962962963
1 0.8369791666666667 0.23981481481481481 0.041666666666666664 0.03888888888888889
1 0.34791666666666665 0.07962962962962963 0.020833333333333332 0.03333333333333333
1 0.2799479166666667 0.11898148148148148 0.024479166666666666 0.041666666666666664
1 0.5760416666666667 0.1300925925925926 0.027083333333333334 0.03796296296296296
1 0.6377604166666667 0.0912037037037037 0.0203125 0.026851851851851852
1 0.19479166666666667 0.2851851851851852 0.05520833333333333 0.09814814814814815
1 0.6138020833333333 0.09675925925925925 0.0203125 0.025
1 0.653125 0.09768518518518518 0.01875 0.025
1 0.4197916666666667 0.06944444444444445 0.021875 0.03148148148148148
1 0.3184895833333333 0.17453703703703705 0.03177083333333333 0.06388888888888888
1 0.9921875 0.2125 0.014583333333333334 0.05648148148148148
1 0.34375 0.12222222222222222 0.03333333333333333 0.044444444444444446