2 0.85625 0.14305555555555555 0.07083333333333333 0.15648148148148147
2 0.7463541666666667 0.1162037037037037 0.065625 0.1175925925925926
2 0.9268229166666667 0.5939814814814814 0.1453125 0.33425925925925926
1 0.20494791666666667 0.8226851851851852 0.14635416666666667 0.17685185185185184
1 0.7591145833333334 0.5074074074074074 0.10052083333333334 0.12407407407407407
1 0.45078125 0.6587962962962963 0.12135416666666667 0.16203703703703703
1 0.7395833333333334 0.37407407407407406 0.07395833333333333 0.10185185185185185
1 0.66640625 0.6444444444444445 0.1234375 0.16666666666666666
1 0.2864583333333333 0.9282407407407407 0.15729166666666666 0.14166666666666666
1 0.8322916666666667 0.5944444444444444 0.0625 0.15
1 0.9546875 0.35555555555555557 0.075 0.0962962962962963
1 0.6403645833333333 0.39861111111111114 0.07552083333333333 0.10648148148148148
1 0.18880208333333334 0.3365740740740741 0.06302083333333333 0.09166666666666666
1 0.8854166666666666 0.275 0.06145833333333333 0.07407407407407407
1 0.3953125 0.5587962962962963 0.121875 0.19722222222222222
1 0.6231770833333333 0.5597222222222222 0.09427083333333333 0.14351851851851852
1 0.5627604166666667 0.33796296296296297 0.06822916666666666 0.09444444444444444
1 0.403125 0.2833333333333333 0.0625 0.09444444444444444
1 0.6111979166666667 0.17962962962962964 0.04010416666666667 0.03888888888888889
1 0.8018229166666667 0.2689814814814815 0.058854166666666666 0.058333333333333334
1 0.2828125 0.2611111111111111 0.046875 0.06481481481481481
1 0.33177083333333335 0.38842592592592595 0.07395833333333333 0.09722222222222222
1 0.3372395833333333 0.3453703703703704 0.06927083333333334 0.08518518518518518
1 0.50625 0.2898148148148148 0.04895833333333333 0.08148148148148149
1 0.65625 0.1726851851851852 0.03854166666666667 0.049074074074074076
1 0.6963541666666667 0.3226851851851852 0.06979166666666667 0.10092592592592593
1 0.48932291666666666 0.42824074074074076 0.09635416666666667 0.15092592592592594
1 0.19505208333333332 0.26851851851851855 0.04739583333333333 0.07222222222222222
1 0.44192708333333336 0.3425925925925926 0.0671875 0.1111111111111111
1 0.56328125 0.1550925925925926 0.0328125 0.041666666666666664
1 0.5338541666666666 0.30972222222222223 0.05625 0.08981481481481482
1 0.22317708333333333 0.6518518518518519 0.1109375 0.1685185185185185
1 0.3729166666666667 0.24722222222222223 0.040625 0.06666666666666667
1 0.46041666666666664 0.3814814814814815 0.06458333333333334 0.10185185185185185
1 0.8447916666666667 0.2439814814814815 0.046875 0.062037037037037036
1 0.3578125 0.21944444444444444 0.040625 0.06481481481481481
1 0.43072916666666666 0.14444444444444443 0.03333333333333333 0.04814814814814815
1 0.20182291666666666 0.5513888888888889 0.0984375 0.1787037037037037
1 0.37083333333333335 0.16064814814814815 0.030208333333333334 0.04351851851851852
1 0.25885416666666666 0.19953703703703704 0.04791666666666667 0.05648148148148148
1 0.42265625 0.20277777777777778 0.04635416666666667 0.06481481481481481
1 0.35546875 0.13796296296296295 0.030729166666666665 0.04259259259259259
1 0.7385416666666667 0.20601851851851852 0.046875 0.075
1 0.4627604166666667 0.16805555555555557 0.03177083333333333 0.04722222222222222
1 0.39375 0.17407407407407408 0.0375 0.05925925925925926
1 0.49140625 0.1824074074074074 0.0390625 0.06111111111111111
1 0.8294270833333334 0.2101851851851852 0.0484375 0.06111111111111111
1 0.7127604166666667 0.16527777777777777 0.03697916666666667 0.06018518518518518
1 0.9731770833333333 0.30185185185185187 0.05260416666666667 0.08888888888888889
1 0.8997395833333334 0.1726851851851852 0.027604166666666666 0.06574074074074074
1 0.27447916666666666 0.23657407407407408 0.04895833333333333 0.062037037037037036
1 0.27786458333333336 0.11481481481481481 0.028645833333333332 0.04259259259259259
1 0.24817708333333333 0.16527777777777777 0.03802083333333333 0.049074074074074076
1 0.55546875 0.12361111111111112 0.0234375 0.03611111111111111
1 0.3377604166666667 0.12407407407407407 0.0265625 0.03518518518518519
1 0.5166666666666667 0.10925925925925926 0.028125 0.04259259259259259
1 0.44583333333333336 0.22314814814814815 0.03958333333333333 0.06296296296296296
1 0.6505208333333333 0.13564814814814816 0.028125 0.028703703703703703
1 0.3359375 0.19305555555555556 0.03854166666666667 0.06574074074074074
1 0.4700520833333333 0.08981481481481482 0.028645833333333332 0.044444444444444446
1 0.4434895833333333 0.07731481481481481 0.027604166666666666 0.03796296296296296
1 0.46796875 0.2439814814814815 0.050520833333333334 0.08425925925925926
1 0.5927083333333333 0.11203703703703703 0.034375 0.05185185185185185
1 0.17213541666666668 0.16018518518518518 0.0328125 0.037037037037037035
1 0.48932291666666666 0.10138888888888889 0.024479166666666666 0.032407407407407406
1 0.6536458333333334 0.10601851851851851 0.027083333333333334 0.03425925925925926
1 0.31536458333333334 0.1648148148148148 0.034895833333333334 0.05925925925925926
1 0.8111979166666666 0.14537037037037037 0.024479166666666666 0.05925925925925926
1 0.29453125 0.1300925925925926 0.030729166666666665 0.04722222222222222
1 0.16640625 0.09212962962962963 0.028645833333333332 0.028703703703703703
1 0.5661458333333333 0.10138888888888889 0.026041666666666668 0.03981481481481482
1 0.34036458333333336 0.07685185185185185 0.025520833333333333 0.03333333333333333
1 0.6651041666666667 0.12407407407407407 0.017708333333333333 0.03888888888888889
1 0.5528645833333333 0.0712962962962963 0.025520833333333333 0.025925925925925925
1 0.16901041666666666 0.11805555555555555 0.030729166666666665 0.023148148148148147
1 0.41901041666666666 0.13472222222222222 0.030729166666666665 0.05462962962962963
1 0.6341145833333334 0.15787037037037038 0.03177083333333333 0.04537037037037037
1 0.5263020833333333 0.08333333333333333 0.0265625 0.022222222222222223
1 0.70625 0.11481481481481481 0.01875 0.03518518518518519
1 0.6872395833333333 0.14629629629629629 0.034895833333333334 0.05740740740740741
1 0.6856770833333333 0.1125 0.027604166666666666 0.025
1 0.5893229166666667 0.0837962962962963 0.022395833333333334 0.017592592592592594
1 0.21614583333333334 0.08055555555555556 0.03125 0.03148148148148148
1 0.62578125 0.1111111111111111 0.025520833333333333 0.03888888888888889
1 0.40260416666666665 0.11712962962962963 0.029166666666666667 0.05277777777777778
1 0.9515625 0.24583333333333332 0.059375 0.08611111111111111
1 0.61875 0.1300925925925926 0.030208333333333334 0.023148148148148147
1 0.18359375 0.2388888888888889 0.0484375 0.08518518518518518
1 0.17630208333333333 0.2064814814814815 0.0484375 0.06666666666666667
1 0.209375 0.11574074074074074 0.025 0.040740740740740744
1 0.81640625 0.15555555555555556 0.015104166666666667 0.05555555555555555
1 0.30442708333333335 0.15462962962962962 0.030729166666666665 0.05555555555555555
1 0.16901041666666666 0.13935185185185187 0.03177083333333333 0.032407407407407406
1 0.3255208333333333 0.11064814814814815 0.03125 0.03981481481481482
1 0.23255208333333333 0.14166666666666666 0.03697916666666667 0.05925925925925926
1 0.23854166666666668 0.1087962962962963 0.026041666666666668 0.028703703703703703
1 0.6130208333333333 0.1486111111111111 0.022916666666666665 0.026851851851851852