2 0.74140625 0.42407407407407405 0.12447916666666667 0.2388888888888889
2 0.9591145833333333 0.1712962962962963 0.08072916666666667 0.1814814814814815
2 0.8104166666666667 0.13333333333333333 0.065625 0.12962962962962962
1 0.6294270833333333 0.38287037037037036 0.0765625 0.09907407407407408
1 0.9671875 0.30462962962962964 0.06354166666666666 0.08888888888888889
1 0.5328125 0.4652777777777778 0.08541666666666667 0.12314814814814815
1 0.215625 0.6601851851851852 0.109375 0.14814814814814814
1 0.9229166666666667 0.9523148148148148 0.153125 0.09351851851851851
1 0.5614583333333333 0.8671296296296296 0.16458333333333333 0.2638888888888889
1 0.4752604166666667 0.7509259259259259 0.13385416666666666 0.18518518518518517
1 0.6609375 0.43842592592592594 0.05 0.11388888888888889
1 0.5044270833333333 0.2773148148148148 0.0578125 0.075
1 0.51484375 0.4111111111111111 0.0734375 0.11481481481481481
1 0.5434895833333333 0.31712962962962965 0.059895833333333336 0.08425925925925926
1 0.3776041666666667 0.48055555555555557 0.090625 0.12222222222222222
1 0.19322916666666667 0.28194444444444444 0.052083333333333336 0.0787037037037037
1 0.6239583333333333 0.18703703703703703 0.04375 0.040740740740740744
1 0.2953125 0.3175925925925926 0.06041666666666667 0.07962962962962963
1 0.2677083333333333 0.22592592592592592 0.041666666666666664 0.05740740740740741
1 0.6252604166666667 0.29814814814814816 0.0578125 0.08148148148148149
1 0.7348958333333333 0.20462962962962963 0.03958333333333333 0.05925925925925926
1 0.8177083333333334 0.8185185185185185 0.14895833333333333 0.19074074074074074
1 0.35546875 0.4162037037037037 0.0921875 0.14722222222222223
1 0.4359375 0.33611111111111114 0.07291666666666667 0.12222222222222222
1 0.5947916666666667 0.14814814814814814 0.034375 0.04814814814814815
1 0.8338541666666667 0.2449074074074074 0.05625 0.08981481481481482
1 0.5971354166666667 0.26342592592592595 0.058854166666666666 0.08425925925925926
1 0.6997395833333333 0.2263888888888889 0.044270833333333336 0.062037037037037036
1 0.8705729166666667 0.6018518518518519 0.13697916666666668 0.22037037037037038
1 0.63828125 0.12916666666666668 0.03802083333333333 0.06018518518518518
1 0.17994791666666668 0.5851851851851851 0.1046875 0.1259259259259259
1 0.18828125 0.40185185185185185 0.07864583333333333 0.10740740740740741
1 0.3690104166666667 0.28194444444444444 0.03697916666666667 0.07314814814814814
1 0.9510416666666667 0.2523148148148148 0.058333333333333334 0.07314814814814814
1 0.36666666666666664 0.23981481481481481 0.051041666666666666 0.08333333333333333
1 0.23932291666666666 0.14722222222222223 0.0328125 0.044444444444444446
1 0.8950520833333333 0.17453703703703705 0.03802083333333333 0.062037037037037036
1 0.46796875 0.09027777777777778 0.0265625 0.03611111111111111
1 0.66640625 0.12314814814814815 0.0234375 0.037037037037037035
1 0.19010416666666666 0.48518518518518516 0.08125 0.12407407407407407
1 0.39895833333333336 0.1763888888888889 0.040625 0.058333333333333334
1 0.6828125 0.17777777777777778 0.03958333333333333 0.06851851851851852
1 0.46145833333333336 0.24305555555555555 0.041666666666666664 0.06388888888888888
1 0.26666666666666666 0.10462962962962963 0.027083333333333334 0.040740740740740744
1 0.5778645833333333 0.1398148148148148 0.028645833333333332 0.04814814814814815
1 0.7002604166666667 0.1287037037037037 0.0296875 0.03333333333333333
1 0.9119791666666667 0.18101851851851852 0.020833333333333332 0.0712962962962963
1 0.29765625 0.1449074074074074 0.0328125 0.05648148148148148
1 0.8763020833333334 0.1638888888888889 0.03802083333333333 0.06296296296296296
1 0.4080729166666667 0.12731481481481483 0.0296875 0.03796296296296296
1 0.18854166666666666 0.2300925925925926 0.042708333333333334 0.062037037037037036
1 0.33984375 0.12129629629629629 0.028645833333333332 0.03333333333333333
1 0.7145833333333333 0.1625 0.028125 0.03425925925925926
1 0.5171875 0.11435185185185186 0.027083333333333334 0.03425925925925926
1 0.47760416666666666 0.25555555555555554 0.04583333333333333 0.07037037037037037
1 0.3809895833333333 0.10462962962962963 0.025520833333333333 0.04814814814814815
1 0.7140625 0.13657407407407407 0.027083333333333334 0.030555555555555555
1 0.24947916666666667 0.17592592592592593 0.0375 0.05
1 0.4544270833333333 0.08055555555555556 0.0265625 0.03518518518518519
1 0.28020833333333334 0.11851851851851852 0.028125 0.044444444444444446
1 0.4940104166666667 0.1 0.03177083333333333 0.046296296296296294
1 0.34479166666666666 0.21296296296296297 0.035416666666666666 0.05925925925925926
1 0.2643229166666667 0.19907407407407407 0.044270833333333336 0.05
1 0.41354166666666664 0.19490740740740742 0.03333333333333333 0.06018518518518518
1 0.6028645833333334 0.11805555555555555 0.030729166666666665 0.05092592592592592
1 0.16822916666666668 0.08703703703703704 0.027083333333333334 0.02962962962962963
1 0.33828125 0.1925925925925926 0.0421875 0.05925925925925926
1 0.3223958333333333 0.11527777777777778 0.021875 0.03425925925925926
1 0.36302083333333335 0.15046296296296297 0.041666666666666664 0.05277777777777778
1 0.41354166666666664 0.07083333333333333 0.019791666666666666 0.021296296296296296
1 0.7416666666666667 0.14351851851851852 0.036458333333333336 0.053703703703703705
1 0.32317708333333334 0.1712962962962963 0.033854166666666664 0.05925925925925926
1 0.8013020833333333 0.19305555555555556 0.028645833333333332 0.06944444444444445
1 0.43828125 0.22037037037037038 0.0421875 0.04814814814814815
1 0.6260416666666667 0.1050925925925926 0.022916666666666665 0.03796296296296296
1 0.4505208333333333 0.15694444444444444 0.034375 0.05648148148148148
1 0.228125 0.12824074074074074 0.03229166666666667 0.05648148148148148
1 0.16901041666666666 0.1486111111111111 0.033854166666666664 0.041666666666666664
1 0.35260416666666666 0.14027777777777778 0.029166666666666667 0.03981481481481482
1 0.40520833333333334 0.27685185185185185 0.051041666666666666 0.07222222222222222
1 0.39817708333333335 0.1175925925925926 0.0296875 0.046296296296296294
1 0.5395833333333333 0.06574074074074074 0.022916666666666665 0.03148148148148148
1 0.17734375 0.19074074074074074 0.04635416666666667 0.05
1 0.6973958333333333 0.1884259259259259 0.040625 0.04722222222222222
1 0.18098958333333334 0.21712962962962962 0.04114583333333333 0.05462962962962963
1 0.4309895833333333 0.14351851851851852 0.027604166666666666 0.040740740740740744
1 0.7575520833333333 0.175 0.030729166666666665 0.06296296296296296
1 0.76796875 0.13333333333333333 0.019270833333333334 0.024074074074074074
1 0.4375 0.07361111111111111 0.017708333333333333 0.030555555555555555
1 0.40598958333333335 0.31296296296296294 0.050520833333333334 0.08518518518518518