2 0.7739583333333333 0.12083333333333333 0.06770833333333333 0.1361111111111111
2 0.6890625 0.09722222222222222 0.053125 0.1037037037037037
1 0.8005208333333333 0.5425925925925926 0.10208333333333333 0.1425925925925926
1 0.9364583333333333 0.5009259259259259 0.1 0.13518518518518519
1 0.9682291666666667 0.7453703703703703 0.0625 0.17407407407407408
1 0.67265625 0.43287037037037035 0.08802083333333334 0.11018518518518519
1 0.8669270833333333 0.8555555555555555 0.15364583333333334 0.21666666666666667
1 0.6580729166666667 0.950462962962963 0.1890625 0.09722222222222222
1 0.12473958333333333 0.4162037037037037 0.0765625 0.1175925925925926
1 0.3572916666666667 0.4564814814814815 0.09166666666666666 0.11481481481481481
1 0.5403645833333334 0.8393518518518519 0.1984375 0.287962962962963
1 0.20208333333333334 0.32546296296296295 0.05625 0.08611111111111111
1 0.44557291666666665 0.3453703703703704 0.0765625 0.11666666666666667
1 0.8557291666666667 0.41805555555555557 0.08854166666666667 0.125
1 0.3033854166666667 0.31342592592592594 0.0546875 0.075
1 0.5802083333333333 0.3541666666666667 0.0625 0.09907407407407408
1 0.615625 0.5856481481481481 0.13333333333333333 0.20833333333333334
1 0.9549479166666667 0.9444444444444444 0.0890625 0.10925925925925926
1 0.4075520833333333 0.29398148148148145 0.0546875 0.07685185185185185
1 0.37734375 0.5064814814814815 0.09322916666666667 0.12407407407407407
1 0.5143229166666666 0.43194444444444446 0.08697916666666666 0.13796296296296295
1 0.26510416666666664 0.9328703703703703 0.165625 0.13240740740740742
1 0.553125 0.4912037037037037 0.09791666666666667 0.1287037037037037
1 0.37421875 0.25416666666666665 0.05260416666666667 0.07314814814814814
1 0.7447916666666666 0.20833333333333334 0.042708333333333334 0.06111111111111111
1 0.6234375 0.3875 0.07916666666666666 0.11203703703703703
1 0.39505208333333336 0.1824074074074074 0.03802083333333333 0.05185185185185185
1 0.92265625 0.3236111111111111 0.0640625 0.06574074074074074
1 0.46848958333333335 0.16805555555555557 0.0390625 0.06018518518518518
1 0.9705729166666667 0.30694444444444446 0.0578125 0.08055555555555556
1 0.8471354166666667 0.2884259259259259 0.05572916666666667 0.06388888888888888
1 0.665625 0.17175925925925925 0.041666666666666664 0.06759259259259259
1 0.8 0.2625 0.051041666666666666 0.058333333333333334
1 0.88125 0.22083333333333333 0.051041666666666666 0.05462962962962963
1 0.37604166666666666 0.1550925925925926 0.034375 0.049074074074074076
1 0.49921875 0.26157407407407407 0.04739583333333333 0.07685185185185185
1 0.6895833333333333 0.21898148148148147 0.04479166666666667 0.05462962962962963
1 0.5346354166666667 0.2949074074074074 0.06302083333333333 0.10092592592592593
1 0.5924479166666666 0.14537037037037037 0.034895833333333334 0.044444444444444446
1 0.17083333333333334 0.18287037037037038 0.034375 0.049074074074074076
1 0.27578125 0.2587962962962963 0.04635416666666667 0.06944444444444445
1 0.20208333333333334 0.125 0.027083333333333334 0.044444444444444446
1 0.97421875 0.19814814814814816 0.03802083333333333 0.053703703703703705
1 0.7815104166666667 0.22453703703703703 0.05364583333333333 0.06388888888888888
1 0.24088541666666666 0.15648148148148147 0.0421875 0.06666666666666667
1 0.9330729166666667 0.20879629629629629 0.0515625 0.05277777777777778
1 0.5557291666666667 0.1486111111111111 0.028125 0.03981481481481482
1 0.5208333333333334 0.11064814814814815 0.026041666666666668 0.03796296296296296
1 0.5080729166666667 0.12638888888888888 0.028645833333333332 0.032407407407407406
1 0.3359375 0.18888888888888888 0.03854166666666667 0.06481481481481481
1 0.44869791666666664 0.14629629629629629 0.0359375 0.04259259259259259
1 0.46171875 0.23425925925925925 0.050520833333333334 0.07222222222222222
1 0.2171875 0.8027777777777778 0.140625 0.2611111111111111
1 0.9877604166666667 0.3537037037037037 0.0234375 0.053703703703703705
1 0.82421875 0.15092592592592594 0.04114583333333333 0.06111111111111111
1 0.3182291666666667 0.17592592592592593 0.03229166666666667 0.06111111111111111
1 0.6518229166666667 0.1388888888888889 0.034895833333333334 0.05555555555555555
1 0.5080729166666667 0.19722222222222222 0.03802083333333333 0.05740740740740741
1 0.43020833333333336 0.2023148148148148 0.042708333333333334 0.06944444444444445
1 0.9330729166666667 0.2449074074074074 0.0484375 0.0712962962962963
1 0.36276041666666664 0.2199074074074074 0.043229166666666666 0.075
1 0.2875 0.12546296296296297 0.027083333333333334 0.04722222222222222
1 0.44036458333333334 0.22685185185185186 0.028645833333333332 0.06111111111111111
1 0.7408854166666666 0.17731481481481481 0.0421875 0.05277777777777778
1 0.5565104166666667 0.07777777777777778 0.022395833333333334 0.025925925925925925
1 0.8208333333333333 0.1925925925925926 0.041666666666666664 0.05
1 0.17682291666666666 0.2523148148148148 0.044270833333333336 0.06759259259259259
1 0.17109375 0.13796296296296295 0.03697916666666667 0.03518518518518519
1 0.3528645833333333 0.1388888888888889 0.0328125 0.03888888888888889
1 0.35859375 0.08611111111111111 0.0234375 0.03333333333333333
1 0.8302083333333333 0.22083333333333333 0.040625 0.04351851851851852
1 0.44765625 0.07777777777777778 0.025520833333333333 0.03888888888888889
1 0.26901041666666664 0.2273148148148148 0.0484375 0.06388888888888888
1 0.5666666666666667 0.11435185185185186 0.027083333333333334 0.032407407407407406
1 0.2513020833333333 0.07777777777777778 0.0203125 0.03148148148148148
1 0.5979166666666667 0.11666666666666667 0.023958333333333335 0.02962962962962963
1 0.29348958333333336 0.27824074074074073 0.05260416666666667 0.0712962962962963
1 0.6239583333333333 0.12361111111111112 0.030208333333333334 0.05092592592592592
1 0.5453125 0.21435185185185185 0.04583333333333333 0.0712962962962963
1 0.2677083333333333 0.10231481481481482 0.023958333333333335 0.03425925925925926
1 0.2591145833333333 0.18796296296296297 0.04010416666666667 0.053703703703703705
1 0.33046875 0.07268518518518519 0.025520833333333333 0.023148148148148147
1 0.2799479166666667 0.07361111111111111 0.018229166666666668 0.026851851851851852
1 0.42916666666666664 0.13240740740740742 0.034375 0.05555555555555555
1 0.16744791666666667 0.15648148148148147 0.0328125 0.040740740740740744
1 0.4205729166666667 0.0699074074074074 0.0203125 0.028703703703703703
1 0.40572916666666664 0.06620370370370371 0.015625 0.023148148148148147
1 0.58671875 0.09722222222222222 0.0203125 0.027777777777777776
1 0.34791666666666665 0.07962962962962963 0.020833333333333332 0.03333333333333333
1 0.22526041666666666 0.11296296296296296 0.027604166666666666 0.040740740740740744
1 0.8388020833333333 0.24027777777777778 0.0390625 0.03981481481481482
1 0.159375 0.10833333333333334 0.03229166666666667 0.04814814814814815
1 0.6393229166666666 0.0912037037037037 0.021354166666666667 0.028703703703703703
1 0.5763020833333333 0.13055555555555556 0.024479166666666666 0.03888888888888889
1 0.43723958333333335 0.14166666666666666 0.030729166666666665 0.044444444444444446
1 0.38177083333333334 0.06527777777777778 0.023958333333333335 0.019444444444444445
1 0.8890625 0.2601851851851852 0.05520833333333333 0.06851851851851852
1 0.72265625 0.1162037037037037 0.019270833333333334 0.05277777777777778
1 0.24869791666666666 0.12314814814814815 0.0234375 0.02962962962962963
1 0.19453125 0.2847222222222222 0.0546875 0.09722222222222222
1 0.17473958333333334 0.22685185185185186 0.04635416666666667 0.06296296296296296
1 0.9927083333333333 0.21296296296296297 0.013541666666666667 0.05555555555555555