2 0.8638020833333333 0.14629629629629629 0.08072916666666667 0.13148148148148148
2 0.79453125 0.09259259259259259 0.058854166666666666 0.08888888888888889
1 0.8802083333333334 0.8819444444444444 0.171875 0.22314814814814815
1 0.5494791666666666 0.31712962962962965 0.0625 0.08055555555555556
1 0.6625 0.6578703703703703 0.115625 0.1638888888888889
1 0.203125 0.5162037037037037 0.08541666666666667 0.11574074074074074
1 0.6203125 0.5689814814814815 0.103125 0.13240740740740742
1 0.6953125 0.2222222222222222 0.051041666666666666 0.04814814814814815
1 0.721875 0.45231481481481484 0.10416666666666667 0.16944444444444445
1 0.34348958333333335 0.38472222222222224 0.07239583333333334 0.09907407407407408
1 0.9611979166666667 0.7351851851851852 0.0765625 0.17777777777777778
1 0.4708333333333333 0.37407407407407406 0.071875 0.1
1 0.49140625 0.2657407407407407 0.050520833333333334 0.07222222222222222
1 0.82890625 0.2412037037037037 0.049479166666666664 0.062037037037037036
1 0.4192708333333333 0.6064814814814815 0.1125 0.17777777777777778
1 0.8013020833333333 0.2657407407407407 0.05572916666666667 0.06296296296296296
1 0.3848958333333333 0.5486111111111112 0.08541666666666667 0.1361111111111111
1 0.19088541666666667 0.4666666666666667 0.0859375 0.1037037037037037
1 0.54609375 0.225 0.04739583333333333 0.07222222222222222
1 0.275 0.2689814814814815 0.05416666666666667 0.06944444444444445
1 0.5815104166666667 0.24675925925925926 0.049479166666666664 0.062037037037037036
1 0.6416666666666667 0.1712962962962963 0.03854166666666667 0.05185185185185185
1 0.94140625 0.29074074074074074 0.06822916666666666 0.1037037037037037
1 0.46067708333333335 0.2351851851851852 0.049479166666666664 0.06111111111111111
1 0.3260416666666667 0.33935185185185185 0.078125 0.12314814814814815
1 0.45 0.33611111111111114 0.057291666666666664 0.08888888888888889
1 0.57109375 0.3537037037037037 0.033854166666666664 0.08703703703703704
1 0.18541666666666667 0.20185185185185187 0.03958333333333333 0.04814814814814815
1 0.18854166666666666 0.24583333333333332 0.04583333333333333 0.06759259259259259
1 0.3533854166666667 0.24305555555555555 0.0296875 0.06574074074074074
1 0.41328125 0.28194444444444444 0.0609375 0.10277777777777777
1 0.9552083333333333 0.19166666666666668 0.04479166666666667 0.06851851851851852
1 0.26015625 0.19814814814814816 0.03697916666666667 0.05185185185185185
1 0.5799479166666667 0.1412037037037037 0.033854166666666664 0.049074074074074076
1 0.1796875 0.39166666666666666 0.06458333333333334 0.10740740740740741
1 0.8828125 0.22453703703703703 0.05520833333333333 0.08055555555555556
1 0.3807291666666667 0.15787037037037038 0.036458333333333336 0.05092592592592592
1 0.6169270833333333 0.1 0.0234375 0.018518518518518517
1 0.16927083333333334 0.08101851851851852 0.028125 0.025
1 0.2609375 0.09583333333333334 0.022916666666666665 0.03796296296296296
1 0.7734375 0.225 0.046875 0.06296296296296296
1 0.5130208333333334 0.10925925925925926 0.03333333333333333 0.04814814814814815
1 0.7088541666666667 0.14166666666666666 0.019791666666666666 0.040740740740740744
1 0.9841145833333333 0.20046296296296295 0.030729166666666665 0.0787037037037037
1 0.6385416666666667 0.12129629629629629 0.030208333333333334 0.040740740740740744
1 0.23385416666666667 0.13425925925925927 0.03125 0.03888888888888889
1 0.3372395833333333 0.12731481481481483 0.022395833333333334 0.03611111111111111
1 0.75546875 0.14722222222222223 0.0359375 0.044444444444444446
1 0.40911458333333334 0.1787037037037037 0.0390625 0.06296296296296296
1 0.16744791666666667 0.13518518518518519 0.034895833333333334 0.03888888888888889
1 0.44088541666666664 0.1962962962962963 0.03697916666666667 0.027777777777777776
1 0.34270833333333334 0.2111111111111111 0.04791666666666667 0.07222222222222222
1 0.46875 0.09351851851851851 0.013541666666666667 0.02962962962962963
1 0.27447916666666666 0.10740740740740741 0.029166666666666667 0.040740740740740744
1 0.42213541666666665 0.21435185185185185 0.04114583333333333 0.041666666666666664
1 0.6098958333333333 0.14583333333333334 0.03333333333333333 0.06018518518518518
1 0.62578125 0.15787037037037038 0.033854166666666664 0.05092592592592592
1 0.32083333333333336 0.16805555555555557 0.042708333333333334 0.04722222222222222
1 0.35520833333333335 0.13425925925925927 0.03333333333333333 0.046296296296296294
1 0.4921875 0.1037037037037037 0.014583333333333334 0.03518518518518519
1 0.3653645833333333 0.09259259259259259 0.024479166666666666 0.04259259259259259
1 0.32395833333333335 0.11064814814814815 0.030208333333333334 0.032407407407407406
1 0.37864583333333335 0.26944444444444443 0.03229166666666667 0.07222222222222222
1 0.30859375 0.1537037037037037 0.03177083333333333 0.053703703703703705
1 0.63203125 0.3611111111111111 0.0953125 0.1425925925925926
1 0.38515625 0.175 0.024479166666666666 0.05185185185185185
1 0.6033854166666667 0.08564814814814815 0.028645833333333332 0.028703703703703703
1 0.38203125 0.24953703703703703 0.044270833333333336 0.0787037037037037
1 0.5575520833333333 0.07037037037037037 0.03177083333333333 0.040740740740740744
1 0.6760416666666667 0.14814814814814814 0.052083333333333336 0.06481481481481481
1 0.24479166666666666 0.16018518518518518 0.03854166666666667 0.046296296296296294
1 0.19322916666666667 0.33935185185185185 0.059375 0.11018518518518519
1 0.66015625 0.10555555555555556 0.024479166666666666 0.024074074074074074
1 0.5544270833333333 0.12777777777777777 0.018229166666666668 0.037037037037037035
1 0.9325520833333333 0.18101851851851852 0.04114583333333333 0.06944444444444445
1 0.8026041666666667 0.16805555555555557 0.03958333333333333 0.06759259259259259
1 0.4315104166666667 0.075 0.018229166666666668 0.02962962962962963
1 0.4197916666666667 0.13796296296296295 0.04375 0.05185185185185185
1 0.32708333333333334 0.1884259259259259 0.034375 0.05462962962962963
1 0.28932291666666665 0.13194444444444445 0.03177083333333333 0.049074074074074076
1 0.17265625 0.1699074074074074 0.04635416666666667 0.04722222222222222
1 0.8822916666666667 0.19212962962962962 0.059375 0.05092592592592592
1 0.7627604166666667 0.20601851851851852 0.06302083333333333 0.07685185185185185
1 0.25494791666666666 0.17824074074074073 0.049479166666666664 0.04722222222222222