3 0.95703125 0.2791666666666667 0.07135416666666666 0.10648148148148148
2 0.9239583333333333 0.18472222222222223 0.08854166666666667 0.18425925925925926
1 0.8299479166666667 0.8680555555555556 0.1578125 0.21388888888888888
1 0.4466145833333333 0.7018518518518518 0.12864583333333332 0.17592592592592593
1 0.6734375 0.44212962962962965 0.08958333333333333 0.11388888888888889
1 0.12421875 0.4 0.0703125 0.09444444444444444
1 0.21276041666666667 0.6722222222222223 0.1234375 0.16111111111111112
1 0.41380208333333335 0.5462962962962963 0.09947916666666666 0.13703703703703704
1 0.3567708333333333 0.449537037037037 0.08125 0.11388888888888889
1 0.2598958333333333 0.9023148148148148 0.178125 0.1935185185185185
1 0.7096354166666666 0.19537037037037036 0.0421875 0.05740740740740741
1 0.18854166666666666 0.3421296296296296 0.06145833333333333 0.08611111111111111
1 0.5169270833333334 0.2986111111111111 0.06197916666666667 0.07685185185185185
1 0.5674479166666667 0.48333333333333334 0.09427083333333333 0.15
1 0.8544270833333333 0.5777777777777777 0.12447916666666667 0.2
1 0.5755208333333334 0.3402777777777778 0.06875 0.09537037037037037
1 0.5013020833333334 0.42453703703703705 0.08072916666666667 0.11018518518518519
1 0.95703125 0.49444444444444446 0.08489583333333334 0.16296296296296298
1 0.7611979166666667 0.3648148148148148 0.0765625 0.11296296296296296
1 0.49296875 0.18009259259259258 0.0390625 0.05648148148148148
1 0.40651041666666665 0.12361111111111112 0.022395833333333334 0.03981481481481482
1 0.80546875 0.23287037037037037 0.044270833333333336 0.06574074074074074
1 0.46770833333333334 0.3763888888888889 0.06979166666666667 0.09722222222222222
1 0.9705729166666667 0.9541666666666667 0.0578125 0.08981481481481482
1 0.6625 0.1712962962962963 0.0375 0.05925925925925926
1 0.80703125 0.18981481481481483 0.03802083333333333 0.05
1 0.43125 0.13703703703703704 0.03854166666666667 0.06111111111111111
1 0.39791666666666664 0.2828703703703704 0.04375 0.0712962962962963
1 0.56796875 0.15462962962962962 0.0359375 0.03333333333333333
1 0.3723958333333333 0.15092592592592594 0.03333333333333333 0.05185185185185185
1 0.44973958333333336 0.22546296296296298 0.03697916666666667 0.06018518518518518
1 0.43125 0.3055555555555556 0.059375 0.1
1 0.7299479166666667 0.1412037037037037 0.03177083333333333 0.04351851851851852
1 0.3059895833333333 0.32175925925925924 0.07239583333333334 0.12129629629629629
1 0.4703125 0.16203703703703703 0.035416666666666666 0.05555555555555555
1 0.4361979166666667 0.20972222222222223 0.03802083333333333 0.06574074074074074
1 0.878125 0.42916666666666664 0.09895833333333333 0.14351851851851852
1 0.3890625 0.17777777777777778 0.03229166666666667 0.046296296296296294
1 0.29791666666666666 0.14814814814814814 0.027083333333333334 0.03333333333333333
1 0.7768229166666667 0.11666666666666667 0.0390625 0.02962962962962963
1 0.35989583333333336 0.22592592592592592 0.0375 0.07037037037037037
1 0.49166666666666664 0.25046296296296294 0.0625 0.08796296296296297
1 0.38723958333333336 0.1037037037037037 0.024479166666666666 0.037037037037037035
1 0.38046875 0.24722222222222223 0.0515625 0.08148148148148149
1 0.5703125 0.10740740740740741 0.030208333333333334 0.03888888888888889
1 0.9747395833333333 0.21342592592592594 0.019270833333333334 0.032407407407407406
1 0.8731770833333333 0.16527777777777777 0.021354166666666667 0.06018518518518518
1 0.18359375 0.28935185185185186 0.05677083333333333 0.08981481481481482
1 0.7549479166666667 0.17962962962962964 0.03802083333333333 0.05740740740740741
1 0.5216145833333333 0.12731481481481483 0.022395833333333334 0.030555555555555555
1 0.7309895833333333 0.3296296296296296 0.07552083333333333 0.12407407407407407
1 0.15598958333333332 0.09490740740740741 0.025520833333333333 0.03981481481481482
1 0.4119791666666667 0.19027777777777777 0.0375 0.05648148148148148
1 0.6984375 0.15555555555555556 0.0375 0.05555555555555555
1 0.16380208333333332 0.26435185185185184 0.043229166666666666 0.06759259259259259
1 0.6541666666666667 0.10231481481481482 0.021875 0.03425925925925926
1 0.6260416666666667 0.10416666666666667 0.025 0.032407407407407406
1 0.21614583333333334 0.17037037037037037 0.04895833333333333 0.07037037037037037
1 0.5916666666666667 0.09583333333333334 0.023958333333333335 0.032407407407407406
1 0.6682291666666667 0.9800925925925926 0.14166666666666666 0.03796296296296296
1 0.74609375 0.7087962962962963 0.14010416666666667 0.225
1 0.50078125 0.11805555555555555 0.024479166666666666 0.028703703703703703
1 0.29270833333333335 0.11898148148148148 0.03125 0.03981481481481482
1 0.27057291666666666 0.15648148148148147 0.033854166666666664 0.05555555555555555
1 0.5578125 0.12129629629629629 0.025 0.037037037037037035
1 0.17447916666666666 0.11018518518518519 0.026041666666666668 0.025925925925925925
1 0.26953125 0.10648148148148148 0.0234375 0.040740740740740744
1 0.6158854166666666 0.08425925925925926 0.025520833333333333 0.03518518518518519
1 0.5161458333333333 0.08101851851851852 0.019791666666666666 0.019444444444444445
1 0.6752604166666667 0.11666666666666667 0.0296875 0.027777777777777776
1 0.3515625 0.12916666666666668 0.030208333333333334 0.05277777777777778
1 0.44244791666666666 0.09351851851851851 0.024479166666666666 0.027777777777777776
1 0.34765625 0.07824074074074074 0.022395833333333334 0.030555555555555555
1 0.66640625 0.10787037037037037 0.024479166666666666 0.03425925925925926
1 0.27317708333333335 0.21296296296296297 0.04739583333333333 0.05740740740740741
1 0.15963541666666667 0.2152777777777778 0.0390625 0.04351851851851852
1 0.25807291666666665 0.20879629629629629 0.0421875 0.07685185185185185
1 0.5955729166666667 0.1449074074074074 0.0234375 0.05277777777777778
1 0.6078125 0.11203703703703703 0.022916666666666665 0.020370370370370372
1 0.7981770833333334 0.15092592592592594 0.03802083333333333 0.044444444444444446
1 0.49609375 0.09074074074074075 0.021354166666666667 0.022222222222222223
1 0.17734375 0.225 0.04635416666666667 0.04259259259259259
1 0.17447916666666666 0.1675925925925926 0.03854166666666667 0.05185185185185185
1 0.4856770833333333 0.07453703703703704 0.022395833333333334 0.03611111111111111
1 0.3263020833333333 0.18472222222222223 0.0453125 0.06018518518518518
1 0.621875 0.15 0.04375 0.06481481481481481
1 0.32473958333333336 0.1597222222222222 0.030729166666666665 0.023148148148148147
1 0.3177083333333333 0.1087962962962963 0.014583333333333334 0.030555555555555555
1 0.3 0.2689814814814815 0.078125 0.0787037037037037
1 0.27630208333333334 0.24768518518518517 0.05364583333333333 0.06944444444444445
1 0.675 0.14166666666666666 0.03125 0.040740740740740744