2 0.69375 0.09675925925925925 0.052083333333333336 0.11203703703703703
2 0.6354166666666666 0.08888888888888889 0.05 0.08888888888888889
1 0.2984375 0.8074074074074075 0.15208333333333332 0.19814814814814816
1 0.8065104166666667 0.8148148148148148 0.1609375 0.2111111111111111
1 0.5447916666666667 0.49907407407407406 0.11041666666666666 0.1648148148148148
1 0.5390625 0.8625 0.16145833333333334 0.21203703703703702
1 0.9536458333333333 0.6865740740740741 0.09166666666666666 0.18981481481481483
1 0.7669270833333334 0.49722222222222223 0.10260416666666666 0.13703703703703704
1 0.4817708333333333 0.3902777777777778 0.071875 0.10092592592592593
1 0.7026041666666667 0.6662037037037037 0.13541666666666666 0.21574074074074073
1 0.35078125 0.4236111111111111 0.07447916666666667 0.10092592592592593
1 0.8481770833333333 0.5847222222222223 0.1171875 0.16574074074074074
1 0.20833333333333334 0.45046296296296295 0.08020833333333334 0.11388888888888889
1 0.12786458333333334 0.38935185185185184 0.0765625 0.12685185185185185
1 0.6427083333333333 0.2833333333333333 0.058333333333333334 0.09259259259259259
1 0.4322916666666667 0.3263888888888889 0.0625 0.08981481481481482
1 0.6697916666666667 0.4023148148148148 0.08958333333333333 0.13240740740740742
1 0.44453125 0.22361111111111112 0.0421875 0.062037037037037036
1 0.5385416666666667 0.30277777777777776 0.06458333333333334 0.08518518518518518
1 0.30755208333333334 0.33240740740740743 0.05572916666666667 0.08703703703703704
1 0.5825520833333333 0.1638888888888889 0.03697916666666667 0.03888888888888889
1 0.534375 0.21157407407407408 0.04791666666666667 0.07314814814814814
1 0.40859375 0.18611111111111112 0.0390625 0.05185185185185185
1 0.51328125 0.2861111111111111 0.04739583333333333 0.07592592592592592
1 0.5809895833333333 0.34444444444444444 0.06510416666666667 0.0962962962962963
1 0.7505208333333333 0.17962962962962964 0.0375 0.05925925925925926
1 0.8513020833333333 0.1648148148148148 0.033854166666666664 0.05
1 0.9330729166666667 0.24861111111111112 0.0546875 0.08055555555555556
1 0.3463541666666667 0.21851851851851853 0.03229166666666667 0.05740740740740741
1 0.8895833333333333 0.22916666666666666 0.051041666666666666 0.062037037037037036
1 0.178125 0.31666666666666665 0.06458333333333334 0.07777777777777778
1 0.17239583333333333 0.21851851851851853 0.03958333333333333 0.05555555555555555
1 0.48151041666666666 0.24953703703703703 0.0515625 0.0824074074074074
1 0.8776041666666666 0.17314814814814813 0.03958333333333333 0.05
1 0.2638020833333333 0.2273148148148148 0.03802083333333333 0.062037037037037036
1 0.37942708333333336 0.16898148148148148 0.0359375 0.04722222222222222
1 0.37265625 0.2310185185185185 0.044270833333333336 0.07685185185185185
1 0.8533854166666667 0.2884259259259259 0.0765625 0.08055555555555556
1 0.9627604166666667 0.287962962962963 0.0609375 0.05925925925925926
1 0.5044270833333333 0.19398148148148148 0.0421875 0.06574074074074074
1 0.9552083333333333 0.36064814814814816 0.078125 0.09351851851851851
1 0.82734375 0.2361111111111111 0.04635416666666667 0.046296296296296294
1 0.6424479166666667 0.16805555555555557 0.03697916666666667 0.05462962962962963
1 0.48098958333333336 0.17592592592592593 0.0328125 0.05740740740740741
1 0.3359375 0.11805555555555555 0.023958333333333335 0.03981481481481482
1 0.39557291666666666 0.274537037037037 0.0546875 0.08981481481481482
1 0.5919270833333333 0.2564814814814815 0.05364583333333333 0.07407407407407407
1 0.46875 0.16296296296296298 0.03854166666666667 0.06296296296296296
1 0.68671875 0.21064814814814814 0.0421875 0.04537037037037037
1 0.5856770833333333 0.13564814814814816 0.034895833333333334 0.05277777777777778
1 0.6604166666666667 0.19490740740740742 0.03958333333333333 0.041666666666666664
1 0.753125 0.12962962962962962 0.035416666666666666 0.053703703703703705
1 0.65546875 0.1375 0.0328125 0.03796296296296296
1 0.7989583333333333 0.1587962962962963 0.029166666666666667 0.030555555555555555
1 0.17682291666666666 0.27175925925925926 0.0578125 0.05648148148148148
1 0.7888020833333333 0.25601851851851853 0.05572916666666667 0.05462962962962963
1 0.18854166666666666 0.10277777777777777 0.023958333333333335 0.03148148148148148
1 0.41119791666666666 0.30694444444444446 0.04635416666666667 0.07685185185185185
1 0.2765625 0.11481481481481481 0.030208333333333334 0.03518518518518519
1 0.7041666666666667 0.18194444444444444 0.036458333333333336 0.05462962962962963
1 0.34296875 0.2023148148148148 0.03802083333333333 0.05648148148148148
1 0.48203125 0.09814814814814815 0.025520833333333333 0.037037037037037035
1 0.17682291666666666 0.19768518518518519 0.04114583333333333 0.05648148148148148
1 0.45755208333333336 0.10185185185185185 0.025520833333333333 0.02962962962962963
1 0.30390625 0.15 0.03177083333333333 0.053703703703703705
1 0.8044270833333333 0.20046296296296295 0.03697916666666667 0.05648148148148148
1 0.1625 0.11805555555555555 0.036458333333333336 0.05277777777777778
1 0.7286458333333333 0.11527777777777778 0.026041666666666668 0.04351851851851852
1 0.36953125 0.09351851851851851 0.024479166666666666 0.03148148148148148
1 0.7036458333333333 0.14953703703703702 0.03333333333333333 0.03611111111111111
1 0.6723958333333333 0.17175925925925925 0.036458333333333336 0.03425925925925926
1 0.32864583333333336 0.1763888888888889 0.0375 0.06388888888888888
1 0.37890625 0.10462962962962963 0.025520833333333333 0.03518518518518519
1 0.7265625 0.23935185185185184 0.04791666666666667 0.058333333333333334
1 0.346875 0.08101851851851852 0.029166666666666667 0.03796296296296296
1 0.31302083333333336 0.10231481481481482 0.023958333333333335 0.032407407407407406
1 0.56171875 0.10555555555555556 0.03177083333333333 0.04814814814814815
1 0.5908854166666667 0.10601851851851851 0.025520833333333333 0.028703703703703703
1 0.17135416666666667 0.1587962962962963 0.03854166666666667 0.032407407407407406
1 0.30572916666666666 0.08703703703703704 0.034375 0.040740740740740744
1 0.2908854166666667 0.2796296296296296 0.0546875 0.07777777777777778
1 0.23359375 0.13796296296296295 0.0359375 0.046296296296296294
1 0.5265625 0.1175925925925926 0.01875 0.03518518518518519
1 0.3328125 0.3611111111111111 0.06666666666666667 0.09074074074074075
1 0.6580729166666667 0.10555555555555556 0.021354166666666667 0.025925925925925925
1 0.22864583333333333 0.11666666666666667 0.034375 0.03518518518518519
1 0.18255208333333334 0.14537037037037037 0.04010416666666667 0.04814814814814815
1 0.16796875 0.08194444444444444 0.03177083333333333 0.026851851851851852
1 0.7609375 0.22361111111111112 0.021875 0.06574074074074074
1 0.25078125 0.17175925925925925 0.0484375 0.04722222222222222
1 0.7734375 0.22314814814814815 0.04583333333333333 0.06481481481481481
1 0.28359375 0.2490740740740741 0.0484375 0.06851851851851852
1 0.49609375 0.11805555555555555 0.028645833333333332 0.032407407407407406