2 0.9346354166666667 0.7175925925925926 0.1296875 0.5611111111111111
2 0.9674479166666666 0.1824074074074074 0.0640625 0.1685185185185185
2 0.8674479166666667 0.12175925925925926 0.0703125 0.125
2 0.89375 0.4097222222222222 0.14479166666666668 0.15648148148148147
1 0.46458333333333335 0.4027777777777778 0.065625 0.09814814814814815
1 0.83515625 0.5819444444444445 0.07864583333333333 0.1935185185185185
1 0.70625 0.4726851851851852 0.09270833333333334 0.11944444444444445
1 0.5153645833333333 0.44166666666666665 0.07864583333333333 0.10925925925925926
1 0.19869791666666667 0.39675925925925926 0.0671875 0.08981481481481482
1 0.590625 0.5337962962962963 0.10208333333333333 0.13425925925925927
1 0.6515625 0.6157407407407407 0.12083333333333333 0.17222222222222222
1 0.06510416666666667 0.46296296296296297 0.08333333333333333 0.1111111111111111
1 0.7265625 0.20787037037037037 0.04479166666666667 0.06018518518518518
1 0.928125 0.28564814814814815 0.059375 0.08425925925925926
1 0.015625 0.5032407407407408 0.03125 0.1175925925925926
1 0.8536458333333333 0.2935185185185185 0.06770833333333333 0.05740740740740741
1 0.30130208333333336 0.3023148148148148 0.05572916666666667 0.0787037037037037
1 0.44192708333333336 0.21851851851851853 0.04114583333333333 0.06111111111111111
1 0.19244791666666666 0.35694444444444445 0.06510416666666667 0.0787037037037037
1 0.7721354166666666 0.38981481481481484 0.08177083333333333 0.10555555555555556
1 0.41354166666666664 0.19768518518518519 0.041666666666666664 0.05648148148148148
1 0.9799479166666667 0.3712962962962963 0.0390625 0.1
1 0.41067708333333336 0.29444444444444445 0.0578125 0.07962962962962963
1 0.4739583333333333 0.25462962962962965 0.04375 0.07037037037037037
1 0.5778645833333333 0.33796296296296297 0.07760416666666667 0.1259259259259259
1 0.6080729166666666 0.1537037037037037 0.034895833333333334 0.040740740740740744
1 0.18671875 0.20601851851851852 0.0390625 0.058333333333333334
1 0.3536458333333333 0.4203703703703704 0.078125 0.12777777777777777
1 0.6450520833333333 0.16620370370370371 0.04010416666666667 0.05462962962962963
1 0.24817708333333333 0.16944444444444445 0.03697916666666667 0.04259259259259259
1 0.4583333333333333 0.7717592592592593 0.14270833333333333 0.25833333333333336
1 0.26953125 0.2222222222222222 0.0484375 0.05925925925925926
1 0.3809895833333333 0.2662037037037037 0.044270833333333336 0.0712962962962963
1 0.3307291666666667 0.3976851851851852 0.06979166666666667 0.09907407407407408
1 0.45729166666666665 0.08472222222222223 0.026041666666666668 0.03425925925925926
1 0.2794270833333333 0.11666666666666667 0.030729166666666665 0.046296296296296294
1 0.20625 0.13657407407407407 0.027083333333333334 0.03796296296296296
1 0.48359375 0.27870370370370373 0.028645833333333332 0.07037037037037037
1 0.7106770833333333 0.1935185185185185 0.04010416666666667 0.05925925925925926
1 0.5598958333333334 0.12731481481481483 0.0375 0.05462962962962963
1 0.3020833333333333 0.14907407407407408 0.034375 0.04814814814814815
1 0.17265625 0.30694444444444446 0.0515625 0.08611111111111111
1 0.5057291666666667 0.10555555555555556 0.023958333333333335 0.037037037037037035
1 0.36953125 0.22962962962962963 0.05260416666666667 0.09074074074074075
1 0.8684895833333334 0.19490740740740742 0.04635416666666667 0.06018518518518518
1 0.35989583333333336 0.13796296296296295 0.035416666666666666 0.05185185185185185
1 0.5278645833333333 0.12037037037037036 0.015104166666666667 0.03888888888888889
1 0.18229166666666666 0.16944444444444445 0.035416666666666666 0.04259259259259259
1 0.23619791666666667 0.15694444444444444 0.0390625 0.04351851851851852
1 0.6778645833333333 0.17824074074074073 0.04114583333333333 0.06759259259259259
1 0.7002604166666667 0.14583333333333334 0.0421875 0.041666666666666664
1 0.39947916666666666 0.11574074074074074 0.028125 0.046296296296296294
1 0.90234375 0.25416666666666665 0.07552083333333333 0.08796296296296297
1 0.39453125 0.175 0.033854166666666664 0.04259259259259259
1 0.5192708333333333 0.1125 0.027083333333333334 0.04351851851851852
1 0.3380208333333333 0.22592592592592592 0.023958333333333335 0.06481481481481481
1 0.253125 0.0824074074074074 0.020833333333333332 0.03518518518518519
1 0.26666666666666666 0.09675925925925925 0.029166666666666667 0.03981481481481482
1 0.17265625 0.15 0.033854166666666664 0.04259259259259259
1 0.3966145833333333 0.0712962962962963 0.0171875 0.024074074074074074
1 0.4734375 0.07037037037037037 0.017708333333333333 0.03148148148148148
1 0.2359375 0.13425925925925927 0.034375 0.02962962962962963
1 0.18203125 0.26944444444444443 0.04739583333333333 0.08703703703703704
1 0.390625 0.14583333333333334 0.036458333333333336 0.05092592592592592
1 0.42890625 0.07268518518518519 0.022395833333333334 0.032407407407407406
1 0.7346354166666667 0.15324074074074073 0.028645833333333332 0.025
1 0.7213541666666666 0.12777777777777777 0.029166666666666667 0.03518518518518519
1 0.34609375 0.07592592592592592 0.022395833333333334 0.03148148148148148
1 0.29270833333333335 0.13472222222222222 0.029166666666666667 0.05277777777777778
1 0.85234375 0.1837962962962963 0.0390625 0.06574074074074074
1 0.3651041666666667 0.09166666666666666 0.028125 0.03888888888888889
1 0.3854166666666667 0.10601851851851851 0.022916666666666665 0.030555555555555555
1 0.16770833333333332 0.11898148148148148 0.028125 0.03425925925925926
1 0.5791666666666667 0.12083333333333333 0.021875 0.049074074074074076
1 0.3177083333333333 0.17731481481481481 0.03854166666666667 0.062037037037037036
1 0.6697916666666667 0.11898148148148148 0.028125 0.028703703703703703
1 0.49583333333333335 0.18425925925925926 0.059375 0.06296296296296296
1 0.9046875 0.18009259259259258 0.029166666666666667 0.05277777777777778
1 0.9190104166666667 0.18564814814814815 0.03697916666666667 0.05092592592592592
1 0.31979166666666664 0.11157407407407408 0.01875 0.03611111111111111
1 0.6703125 0.13564814814814816 0.027083333333333334 0.023148148148148147
1 0.4825520833333333 0.09490740740740741 0.0234375 0.03981481481481482
1 0.3377604166666667 0.11805555555555555 0.028645833333333332 0.049074074074074076
1 0.34270833333333334 0.19953703703703704 0.03958333333333333 0.06944444444444445
1 0.7669270833333334 0.17083333333333334 0.0578125 0.062037037037037036
1 0.29322916666666665 0.26990740740740743 0.058333333333333334 0.09907407407407408