1 0.7463541666666667 0.7402777777777778 0.140625 0.19722222222222222
1 0.5950520833333334 0.9004629629629629 0.17552083333333332 0.19722222222222222
1 0.5 0.7708333333333334 0.14583333333333334 0.1935185185185185
1 0.21223958333333334 0.6675925925925926 0.1328125 0.17222222222222222
1 0.38359375 0.5458333333333333 0.10052083333333334 0.1361111111111111
1 0.19583333333333333 0.5222222222222223 0.09791666666666667 0.1259259259259259
1 0.59921875 0.37222222222222223 0.07552083333333333 0.09814814814814815
1 0.7177083333333333 0.45787037037037037 0.09791666666666667 0.15462962962962962
1 0.6526041666666667 0.6412037037037037 0.11666666666666667 0.15462962962962962
1 0.8934895833333333 0.2763888888888889 0.05677083333333333 0.07314814814814814
1 0.86328125 0.5879629629629629 0.1171875 0.14814814814814814
1 0.9309895833333334 0.6541666666666667 0.13697916666666668 0.1824074074074074
1 0.32864583333333336 0.37916666666666665 0.06979166666666667 0.09907407407407408
1 0.45026041666666666 0.36157407407407405 0.0578125 0.09537037037037037
1 0.17421875 0.34629629629629627 0.058854166666666666 0.08518518518518518
1 0.47734375 0.26157407407407407 0.05364583333333333 0.06944444444444445
1 0.8111979166666666 0.3976851851851852 0.08802083333333334 0.13240740740740742
1 0.5247395833333334 0.29583333333333334 0.0609375 0.08055555555555556
1 0.5020833333333333 0.4 0.07708333333333334 0.1259259259259259
1 0.6700520833333333 0.3060185185185185 0.06302083333333333 0.09537037037037037
1 0.37395833333333334 0.44537037037037036 0.08020833333333334 0.1111111111111111
1 0.42994791666666665 0.3236111111111111 0.0578125 0.08611111111111111
1 0.7783854166666667 0.2263888888888889 0.0484375 0.06574074074074074
1 0.40130208333333334 0.2689814814814815 0.05260416666666667 0.09166666666666666
1 0.753125 0.3486111111111111 0.07708333333333334 0.11388888888888889
1 0.31197916666666664 0.16805555555555557 0.040625 0.05462962962962963
1 0.7263020833333333 0.2013888888888889 0.043229166666666666 0.062037037037037036
1 0.46041666666666664 0.15925925925925927 0.035416666666666666 0.05
1 0.42552083333333335 0.20046296296296295 0.035416666666666666 0.05092592592592592
1 0.2916666666666667 0.28379629629629627 0.065625 0.10833333333333334
1 0.8614583333333333 0.17777777777777778 0.046875 0.06666666666666667
1 0.3536458333333333 0.13842592592592592 0.030208333333333334 0.049074074074074076
1 0.38671875 0.11342592592592593 0.018229166666666668 0.03796296296296296
1 0.3653645833333333 0.2513888888888889 0.04010416666666667 0.062037037037037036
1 0.36744791666666665 0.16111111111111112 0.030729166666666665 0.040740740740740744
1 0.2359375 0.15462962962962962 0.029166666666666667 0.044444444444444446
1 0.6098958333333333 0.17824074074074073 0.03958333333333333 0.03611111111111111
1 0.96328125 0.5347222222222222 0.07239583333333334 0.14537037037037037
1 0.5776041666666667 0.15416666666666667 0.03854166666666667 0.04351851851851852
1 0.340625 0.2023148148148148 0.034375 0.06759259259259259
1 0.5536458333333333 0.1449074074074074 0.026041666666666668 0.03425925925925926
1 0.18489583333333334 0.15787037037037038 0.042708333333333334 0.06574074074074074
1 0.38671875 0.16898148148148148 0.0359375 0.04722222222222222
1 0.7244791666666667 0.16527777777777777 0.041666666666666664 0.04722222222222222
1 0.3723958333333333 0.09722222222222222 0.022916666666666665 0.03518518518518519
1 0.890625 0.22777777777777777 0.052083333333333336 0.07037037037037037
1 0.7026041666666667 0.13842592592592592 0.030208333333333334 0.04351851851851852
1 0.45807291666666666 0.22268518518518518 0.05260416666666667 0.0787037037037037
1 0.5919270833333333 0.1388888888888889 0.027604166666666666 0.040740740740740744
1 0.596875 0.11944444444444445 0.034375 0.044444444444444446
1 0.18802083333333333 0.29814814814814816 0.052083333333333336 0.07592592592592592
1 0.40989583333333335 0.18935185185185185 0.036458333333333336 0.06018518518518518
1 0.6471354166666666 0.27870370370370373 0.06197916666666667 0.1037037037037037
1 0.52734375 0.13472222222222222 0.0203125 0.028703703703703703
1 0.9411458333333333 0.1865740740740741 0.04375 0.06574074074074074
1 0.44921875 0.14583333333333334 0.03177083333333333 0.05462962962962963
1 0.81171875 0.20324074074074075 0.04010416666666667 0.062037037037037036
1 0.28177083333333336 0.11574074074074074 0.034375 0.04814814814814815
1 0.4635416666666667 0.10231481481481482 0.025 0.028703703703703703
1 0.25390625 0.18935185185185185 0.03802083333333333 0.0712962962962963
1 0.26328125 0.10092592592592593 0.0203125 0.040740740740740744
1 0.6098958333333333 0.5421296296296296 0.10625 0.1712962962962963
1 0.69296875 0.11527777777777778 0.0296875 0.03796296296296296
1 0.33880208333333334 0.07361111111111111 0.021354166666666667 0.030555555555555555
1 0.33541666666666664 0.12129629629629629 0.029166666666666667 0.044444444444444446
1 0.6723958333333333 0.17453703703703705 0.046875 0.07314814814814814
1 0.3614583333333333 0.22175925925925927 0.046875 0.075
1 0.16536458333333334 0.23935185185185184 0.04010416666666667 0.06018518518518518
1 0.4083333333333333 0.12222222222222222 0.035416666666666666 0.05740740740740741
1 0.2955729166666667 0.2175925925925926 0.033854166666666664 0.02962962962962963
1 0.49609375 0.11666666666666667 0.0203125 0.027777777777777776
1 0.26510416666666664 0.19212962962962962 0.041666666666666664 0.049074074074074076
1 0.6638020833333333 0.11990740740740741 0.030729166666666665 0.03981481481481482
1 0.56015625 0.11481481481481481 0.030729166666666665 0.03333333333333333
1 0.6458333333333334 0.17083333333333334 0.021875 0.058333333333333334
1 0.2796875 0.14907407407407408 0.036458333333333336 0.046296296296296294
1 0.16822916666666668 0.19166666666666668 0.03125 0.03518518518518519
1 0.16197916666666667 0.13564814814814816 0.023958333333333335 0.03981481481481482
1 0.253125 0.2273148148148148 0.025 0.062037037037037036
1 0.4822916666666667 0.0912037037037037 0.023958333333333335 0.03611111111111111
1 0.8294270833333334 0.14351851851851852 0.04114583333333333 0.05555555555555555
1 0.23203125 0.13055555555555556 0.03177083333333333 0.037037037037037035
1 0.6395833333333333 0.09259259259259259 0.021875 0.03518518518518519
1 0.765625 0.1736111111111111 0.04375 0.05648148148148148
1 0.1734375 0.09814814814814815 0.020833333333333332 0.020370370370370372
1 0.17734375 0.2625 0.04635416666666667 0.08611111111111111
1 0.26536458333333335 0.2361111111111111 0.03697916666666667 0.07962962962962963
1 0.62421875 0.10694444444444444 0.03177083333333333 0.03611111111111111