3 0.9291666666666667 0.27037037037037037 0.06875 0.10185185185185185
2 0.9026041666666667 0.17962962962962964 0.0875 0.17962962962962964
2 0.9307291666666667 0.1375 0.08125 0.16018518518518518
1 0.47421875 0.7527777777777778 0.14322916666666666 0.18703703703703703
1 0.10442708333333334 0.41759259259259257 0.07447916666666667 0.1
1 0.2203125 0.7226851851851852 0.13229166666666667 0.1712962962962963
1 0.6947916666666667 0.46296296296296297 0.09270833333333334 0.11851851851851852
1 0.8940104166666667 0.9148148148148149 0.17239583333333333 0.1685185185185185
1 0.2825520833333333 0.9407407407407408 0.1953125 0.11666666666666667
1 0.42578125 0.5777777777777777 0.10572916666666667 0.14444444444444443
1 0.36484375 0.4759259259259259 0.08489583333333334 0.12222222222222222
1 0.18854166666666666 0.35509259259259257 0.06458333333333334 0.08981481481481482
1 0.5890625 0.35509259259259257 0.07083333333333333 0.09907407407407408
1 0.5268229166666667 0.30972222222222223 0.06302083333333333 0.08055555555555556
1 0.69609375 0.1912037037037037 0.04114583333333333 0.058333333333333334
1 0.5153645833333333 0.44537037037037036 0.08385416666666666 0.11481481481481481
1 0.4786458333333333 0.3925925925925926 0.07083333333333333 0.10185185185185185
1 0.5893229166666667 0.5106481481481482 0.09739583333333333 0.15833333333333333
1 0.7875 0.38333333333333336 0.08020833333333334 0.11851851851851852
1 0.5002604166666667 0.18611111111111112 0.04010416666666667 0.05740740740740741
1 0.41119791666666666 0.12824074074074074 0.0234375 0.03796296296296296
1 0.9888020833333333 0.20833333333333334 0.021354166666666667 0.06111111111111111
1 0.40572916666666664 0.29259259259259257 0.046875 0.07407407407407407
1 0.43776041666666665 0.31712962962962965 0.06197916666666667 0.10462962962962963
1 0.4557291666666667 0.23333333333333334 0.0375 0.06111111111111111
1 0.65 0.1675925925925926 0.03854166666666667 0.05740740740740741
1 0.8997395833333334 0.6171296296296296 0.1328125 0.2101851851851852
1 0.39140625 0.10833333333333334 0.0265625 0.037037037037037035
1 0.3296875 0.19074074074074074 0.04583333333333333 0.06296296296296296
1 0.384375 0.2550925925925926 0.05416666666666667 0.08425925925925926
1 0.37552083333333336 0.15555555555555556 0.03333333333333333 0.05185185185185185
1 0.39348958333333334 0.1824074074074074 0.033854166666666664 0.046296296296296294
1 0.9799479166666667 0.5273148148148148 0.0390625 0.16944444444444445
1 0.22135416666666666 0.175 0.04583333333333333 0.07222222222222222
1 0.3109375 0.3347222222222222 0.07604166666666666 0.12314814814814815
1 0.71875 0.1388888888888889 0.028125 0.040740740740740744
1 0.41848958333333336 0.19583333333333333 0.03697916666666667 0.05648148148148148
1 0.17552083333333332 0.175 0.040625 0.05740740740740741
1 0.9169270833333333 0.4527777777777778 0.1078125 0.15185185185185185
1 0.43671875 0.14212962962962963 0.0390625 0.062037037037037036
1 0.6861979166666666 0.15231481481481482 0.03697916666666667 0.05648148148148148
1 0.47604166666666664 0.1675925925925926 0.036458333333333336 0.053703703703703705
1 0.35625 0.13564814814814816 0.03333333333333333 0.05277777777777778
1 0.7450520833333333 0.17685185185185184 0.04114583333333333 0.05555555555555555
1 0.29583333333333334 0.12268518518518519 0.030208333333333334 0.03981481481481482
1 0.4427083333333333 0.21574074074074073 0.040625 0.06666666666666667
1 0.5588541666666667 0.15231481481481482 0.03333333333333333 0.032407407407407406
1 0.165625 0.2726851851851852 0.04895833333333333 0.06944444444444445
1 0.6619791666666667 0.13194444444444445 0.034375 0.028703703703703703
1 0.15598958333333332 0.1 0.0265625 0.044444444444444446
1 0.78359375 0.23055555555555557 0.04739583333333333 0.05740740740740741
1 0.49947916666666664 0.25046296296296294 0.06666666666666667 0.075
1 0.7661458333333333 0.11481481481481481 0.035416666666666666 0.02962962962962963
1 0.3494791666666667 0.08194444444444444 0.020833333333333332 0.030555555555555555
1 0.7518229166666667 0.3449074074074074 0.07760416666666667 0.1287037037037037
1 0.56328125 0.10694444444444444 0.03177083333333333 0.03796296296296296
1 0.6591145833333333 0.10648148148148148 0.025520833333333333 0.03333333333333333
1 0.15755208333333334 0.225 0.04010416666666667 0.05185185185185185
1 0.43802083333333336 0.09305555555555556 0.022916666666666665 0.030555555555555555
1 0.1828125 0.29907407407407405 0.05625 0.09074074074074075
1 0.2713541666666667 0.11157407407407408 0.025 0.04351851851851852
1 0.6125 0.14722222222222223 0.041666666666666664 0.06481481481481481
1 0.5856770833333333 0.09490740740740741 0.024479166666666666 0.032407407407407406
1 0.23723958333333334 0.13703703703703704 0.033854166666666664 0.05185185185185185
1 0.31197916666666664 0.27824074074074073 0.06770833333333333 0.0787037037037037
1 0.503125 0.274537037037037 0.052083333333333336 0.058333333333333334
1 0.646875 0.10185185185185185 0.019791666666666666 0.03333333333333333
1 0.6177083333333333 0.10555555555555556 0.023958333333333335 0.03888888888888889
1 0.22864583333333333 0.11342592592592593 0.028125 0.049074074074074076
1 0.796875 0.7666666666666667 0.16354166666666667 0.24444444444444444
1 0.36354166666666665 0.23055555555555557 0.0375 0.07777777777777778
1 0.5109375 0.08009259259259259 0.019791666666666666 0.017592592592592594
1 0.6677083333333333 0.11203703703703703 0.028125 0.022222222222222223
1 0.33307291666666666 0.07175925925925926 0.0171875 0.023148148148148147
1 0.7502604166666667 0.14166666666666666 0.0328125 0.024074074074074074
1 0.49505208333333334 0.1162037037037037 0.024479166666666666 0.028703703703703703
1 0.5130208333333334 0.12546296296296297 0.019791666666666666 0.030555555555555555
1 0.171875 0.08518518518518518 0.022916666666666665 0.02962962962962963
1 0.7981770833333334 0.19537037037037036 0.0234375 0.04814814814814815
1 0.7854166666666667 0.14722222222222223 0.036458333333333336 0.040740740740740744
1 0.17578125 0.2324074074074074 0.0484375 0.046296296296296294
1 0.6111979166666667 0.08425925925925926 0.025520833333333333 0.03333333333333333
1 0.28046875 0.2574074074074074 0.05677083333333333 0.07037037037037037
1 0.525 0.12962962962962962 0.022916666666666665 0.03518518518518519
1 0.2682291666666667 0.16574074074074074 0.03854166666666667 0.04814814814814815
1 0.8565104166666667 0.1638888888888889 0.015104166666666667 0.05925925925925926
1 0.26015625 0.21712962962962962 0.04114583333333333 0.07685185185185185
1 0.27369791666666665 0.22268518518518518 0.0484375 0.06388888888888888
1 0.5533854166666666 0.11851851851851852 0.019270833333333334 0.03518518518518519
1 0.5846354166666666 0.14166666666666666 0.018229166666666668 0.046296296296296294