2 0.7700520833333333 0.11481481481481481 0.06822916666666666 0.12777777777777777
2 0.6856770833333333 0.09768518518518518 0.05364583333333333 0.10648148148148148
1 0.95 0.5115740740740741 0.09895833333333333 0.1361111111111111
1 0.97890625 0.7648148148148148 0.04114583333333333 0.1814814814814815
1 0.11588541666666667 0.42083333333333334 0.07760416666666667 0.11944444444444445
1 0.4471354166666667 0.34953703703703703 0.0796875 0.1175925925925926
1 0.8921875 0.8787037037037037 0.159375 0.21666666666666667
1 0.81328125 0.5523148148148148 0.10572916666666667 0.14537037037037037
1 0.6809895833333334 0.4398148148148148 0.09010416666666667 0.11296296296296296
1 0.2716145833333333 0.9453703703703704 0.1703125 0.10740740740740741
1 0.37994791666666666 0.5148148148148148 0.0953125 0.1259259259259259
1 0.20260416666666667 0.3296296296296296 0.057291666666666664 0.08703703703703704
1 0.5552083333333333 0.8550925925925926 0.20416666666666666 0.28055555555555556
1 0.359375 0.4652777777777778 0.09270833333333334 0.11944444444444445
1 0.409375 0.2953703703703704 0.05520833333333333 0.07777777777777778
1 0.6705729166666666 0.9652777777777778 0.1609375 0.06759259259259259
1 0.30442708333333335 0.31666666666666665 0.05572916666666667 0.07592592592592592
1 0.559375 0.4981481481481482 0.09895833333333333 0.12777777777777777
1 0.5205729166666667 0.4375 0.09010416666666667 0.1398148148148148
1 0.5854166666666667 0.3574074074074074 0.06458333333333334 0.1
1 0.6244791666666667 0.5990740740740741 0.13541666666666666 0.21481481481481482
1 0.6830729166666667 0.2111111111111111 0.04739583333333333 0.04814814814814815
1 0.4705729166666667 0.16898148148148148 0.04114583333333333 0.06018518518518518
1 0.375 0.25555555555555554 0.052083333333333336 0.07407407407407407
1 0.8666666666666667 0.425 0.08958333333333333 0.12777777777777777
1 0.83671875 0.2833333333333333 0.05572916666666667 0.06481481481481481
1 0.396875 0.1824074074074074 0.03854166666666667 0.05
1 0.96328125 0.29768518518518516 0.06510416666666667 0.075
1 0.6609375 0.1685185185185185 0.040625 0.06481481481481481
1 0.7385416666666667 0.20555555555555555 0.041666666666666664 0.06111111111111111
1 0.46458333333333335 0.23657407407407408 0.051041666666666666 0.0712962962962963
1 0.7911458333333333 0.2564814814814815 0.05 0.05740740740740741
1 0.9088541666666666 0.3175925925925926 0.06979166666666667 0.06666666666666667
1 0.87421875 0.21712962962962962 0.0515625 0.05462962962962963
1 0.6283854166666667 0.39166666666666666 0.0796875 0.11481481481481481
1 0.5111979166666667 0.19814814814814816 0.0359375 0.05555555555555555
1 0.7364583333333333 0.17407407407407408 0.042708333333333334 0.053703703703703705
1 0.20078125 0.125 0.028645833333333332 0.046296296296296294
1 0.2942708333333333 0.2791666666666667 0.05416666666666667 0.07314814814814814
1 0.775 0.2222222222222222 0.052083333333333336 0.06296296296296296
1 0.5479166666666667 0.21666666666666667 0.046875 0.07407407407407407
1 0.51796875 0.10925925925925926 0.025520833333333333 0.03888888888888889
1 0.58828125 0.14212962962962963 0.034895833333333334 0.04351851851851852
1 0.3768229166666667 0.15601851851851853 0.034895833333333334 0.049074074074074076
1 0.9661458333333334 0.19675925925925927 0.03854166666666667 0.05648148148148148
1 0.17005208333333333 0.18333333333333332 0.0359375 0.05185185185185185
1 0.71953125 0.11435185185185186 0.0203125 0.05277777777777778
1 0.24088541666666666 0.15601851851851853 0.043229166666666666 0.06759259259259259
1 0.98125 0.37037037037037035 0.036458333333333336 0.1
1 0.8203125 0.1486111111111111 0.040625 0.058333333333333334
1 0.9239583333333333 0.24166666666666667 0.04895833333333333 0.07037037037037037
1 0.5018229166666667 0.2638888888888889 0.0484375 0.07592592592592592
1 0.5395833333333333 0.29814814814814816 0.06354166666666666 0.10185185185185185
1 0.21822916666666667 0.8203703703703704 0.14479166666666668 0.26481481481481484
1 0.92734375 0.20324074074074075 0.044270833333333336 0.049074074074074076
1 0.4315104166666667 0.20185185185185187 0.0421875 0.07222222222222222
1 0.3184895833333333 0.17592592592592593 0.03177083333333333 0.05925925925925926
1 0.1703125 0.13796296296296295 0.03854166666666667 0.03333333333333333
1 0.82421875 0.22175925925925927 0.04635416666666667 0.04537037037037037
1 0.36354166666666665 0.22037037037037038 0.04479166666666667 0.07592592592592592
1 0.64765625 0.13657407407407407 0.034895833333333334 0.05462962962962963
1 0.8809895833333333 0.25462962962962965 0.0515625 0.06851851851851852
1 0.571875 0.12916666666666668 0.023958333333333335 0.041666666666666664
1 0.33671875 0.18888888888888888 0.03802083333333333 0.06481481481481481
1 0.8151041666666666 0.18935185185185185 0.040625 0.04722222222222222
1 0.5028645833333333 0.12314814814814815 0.027604166666666666 0.03148148148148148
1 0.2877604166666667 0.1259259259259259 0.028645833333333332 0.046296296296296294
1 0.35859375 0.08472222222222223 0.024479166666666666 0.032407407407407406
1 0.2752604166666667 0.25925925925925924 0.0453125 0.07037037037037037
1 0.25833333333333336 0.1884259259259259 0.040625 0.05277777777777778
1 0.28046875 0.11898148148148148 0.024479166666666666 0.04351851851851852
1 0.4513020833333333 0.14675925925925926 0.034895833333333334 0.04351851851851852
1 0.44296875 0.22777777777777777 0.03177083333333333 0.06296296296296296
1 0.26927083333333335 0.2273148148148148 0.04895833333333333 0.06574074074074074
1 0.6200520833333333 0.12268518518518519 0.03177083333333333 0.05277777777777778
1 0.1734375 0.22314814814814815 0.046875 0.05185185185185185
1 0.55390625 0.07824074074074074 0.022395833333333334 0.025
1 0.2513020833333333 0.0763888888888889 0.0203125 0.030555555555555555
1 0.43046875 0.13240740740740742 0.0328125 0.05740740740740741
1 0.1765625 0.2537037037037037 0.04479166666666667 0.06666666666666667
1 0.3536458333333333 0.1398148148148148 0.03229166666666667 0.037037037037037035
1 0.5833333333333334 0.0962962962962963 0.020833333333333332 0.02962962962962963
1 0.1578125 0.10787037037037037 0.03229166666666667 0.049074074074074076
1 0.225 0.10972222222222222 0.028125 0.03981481481481482
1 0.44635416666666666 0.07685185185185185 0.025 0.037037037037037035
1 0.5630208333333333 0.11342592592592593 0.026041666666666668 0.03425925925925926
1 0.30442708333333335 0.14027777777777778 0.03697916666666667 0.04351851851851852
1 0.49140625 0.08657407407407407 0.0359375 0.049074074074074076
1 0.3307291666666667 0.07037037037037037 0.025 0.022222222222222223
1 0.2799479166666667 0.07175925925925926 0.018229166666666668 0.025
1 0.19010416666666666 0.0787037037037037 0.01875 0.024074074074074074
1 0.6127604166666667 0.09583333333333334 0.022395833333333334 0.026851851851851852
1 0.16666666666666666 0.07546296296296297 0.029166666666666667 0.019444444444444445
1 0.4973958333333333 0.10092592592592593 0.027083333333333334 0.03888888888888889
1 0.165625 0.1574074074074074 0.030208333333333334 0.040740740740740744
1 0.34375 0.11805555555555555 0.0375 0.041666666666666664
1 0.6513020833333333 0.09722222222222222 0.018229166666666668 0.025925925925925925
1 0.6354166666666666 0.09027777777777778 0.020833333333333332 0.030555555555555555
1 0.32473958333333336 0.10046296296296296 0.0265625 0.03611111111111111
1 0.24791666666666667 0.12129629629629629 0.023958333333333335 0.027777777777777776
1 0.9744791666666667 0.962037037037037 0.05 0.07407407407407407
1 0.4041666666666667 0.06527777777777778 0.016666666666666666 0.023148148148148147
1 0.19322916666666667 0.28703703703703703 0.053125 0.0962962962962963
1 0.4395833333333333 0.14212962962962963 0.030208333333333334 0.04351851851851852
1 0.34817708333333336 0.07824074074074074 0.022395833333333334 0.032407407407407406
1 0.9895833333333334 0.20879629629629629 0.019791666666666666 0.05648148148148148
1 0.54921875 0.14629629629629629 0.034895833333333334 0.037037037037037035