1 0.42630208333333336 0.6310185185185185 0.11197916666666667 0.14537037037037037
1 0.23619791666666667 0.7046296296296296 0.12864583333333332 0.17777777777777778
1 0.49375 0.2763888888888889 0.058333333333333334 0.07314814814814814
1 0.6192708333333333 0.5643518518518519 0.10104166666666667 0.14166666666666666
1 0.19765625 0.41712962962962963 0.0796875 0.11018518518518519
1 0.7908854166666667 0.861574074074074 0.18697916666666667 0.275
1 0.3802083333333333 0.5055555555555555 0.09166666666666666 0.12407407407407407
1 0.6213541666666667 0.38101851851851853 0.06458333333333334 0.09907407407407408
1 0.6541666666666667 0.40694444444444444 0.08541666666666667 0.11388888888888889
1 0.5260416666666666 0.4439814814814815 0.08333333333333333 0.12129629629629629
1 0.5559895833333334 0.3162037037037037 0.0703125 0.10462962962962963
1 0.73359375 0.4689814814814815 0.0890625 0.13240740740740742
1 0.6294270833333333 0.27314814814814814 0.058854166666666666 0.09259259259259259
1 0.48098958333333336 0.40694444444444444 0.0640625 0.10092592592592593
1 0.284375 0.2810185185185185 0.04895833333333333 0.075
1 0.13697916666666668 0.38333333333333336 0.07395833333333333 0.11296296296296296
1 0.1890625 0.33935185185185185 0.06041666666666667 0.05648148148148148
1 0.7096354166666666 0.3421296296296296 0.0703125 0.09351851851851851
1 0.44583333333333336 0.22777777777777777 0.046875 0.06296296296296296
1 0.8096354166666667 0.39305555555555555 0.08177083333333333 0.12685185185185185
1 0.35651041666666666 0.4550925925925926 0.07864583333333333 0.11574074074074074
1 0.45807291666666666 0.35694444444444445 0.07447916666666667 0.11018518518518519
1 0.3828125 0.2708333333333333 0.042708333333333334 0.0712962962962963
1 0.746875 0.24768518518518517 0.058333333333333334 0.049074074074074076
1 0.5455729166666666 0.22314814814814815 0.0453125 0.07407407407407407
1 0.3263020833333333 0.36527777777777776 0.06822916666666666 0.08981481481481482
1 0.41875 0.28935185185185186 0.05520833333333333 0.09166666666666666
1 0.7473958333333334 0.18194444444444444 0.040625 0.05648148148148148
1 0.171875 0.26481481481481484 0.046875 0.06851851851851852
1 0.9817708333333334 0.26990740740740743 0.035416666666666666 0.08055555555555556
1 0.515625 0.13194444444444445 0.03125 0.03425925925925926
1 0.6932291666666667 0.17777777777777778 0.035416666666666666 0.03148148148148148
1 0.41796875 0.20462962962962963 0.044270833333333336 0.06296296296296296
1 0.5895833333333333 0.24675925925925926 0.05 0.0824074074074074
1 0.9229166666666667 0.28055555555555556 0.06041666666666667 0.08888888888888889
1 0.37161458333333336 0.2462962962962963 0.0421875 0.06666666666666667
1 0.41067708333333336 0.12685185185185185 0.030729166666666665 0.04259259259259259
1 0.9598958333333333 0.22361111111111112 0.05416666666666667 0.06018518518518518
1 0.32916666666666666 0.19907407407407407 0.03333333333333333 0.05555555555555555
1 0.18307291666666667 0.2361111111111111 0.04114583333333333 0.06111111111111111
1 0.38229166666666664 0.16111111111111112 0.030208333333333334 0.04259259259259259
1 0.6169270833333333 0.18194444444444444 0.03802083333333333 0.03981481481481482
1 0.29765625 0.13657407407407407 0.0296875 0.04351851851851852
1 0.6236979166666666 0.12685185185185185 0.033854166666666664 0.044444444444444446
1 0.6916666666666667 0.2111111111111111 0.051041666666666666 0.06296296296296296
1 0.8794270833333333 0.225 0.024479166666666666 0.06481481481481481
1 0.65859375 0.19490740740740742 0.033854166666666664 0.03981481481481482
1 0.88515625 0.6064814814814815 0.12552083333333333 0.19814814814814816
1 0.35520833333333335 0.21435185185185185 0.042708333333333334 0.07314814814814814
1 0.5572916666666666 0.08564814814814815 0.023958333333333335 0.04722222222222222
1 0.49114583333333334 0.10092592592592593 0.025 0.03333333333333333
1 0.7776041666666667 0.1412037037037037 0.026041666666666668 0.03796296296296296
1 0.33177083333333335 0.16898148148148148 0.03854166666666667 0.04351851851851852
1 0.66796875 0.13564814814814816 0.028645833333333332 0.026851851851851852
1 0.6963541666666667 0.13657407407407407 0.030208333333333334 0.04722222222222222
1 0.3338541666666667 0.11805555555555555 0.027083333333333334 0.041666666666666664
1 0.5802083333333333 0.12962962962962962 0.029166666666666667 0.03148148148148148
1 0.7984375 0.17685185185185184 0.023958333333333335 0.03148148148148148
1 0.6567708333333333 0.17037037037037037 0.03854166666666667 0.044444444444444446
1 0.3145833333333333 0.31527777777777777 0.057291666666666664 0.0824074074074074
1 0.17734375 0.18888888888888888 0.04635416666666667 0.040740740740740744
1 0.5921875 0.1648148148148148 0.030208333333333334 0.037037037037037035
1 0.696875 0.10648148148148148 0.029166666666666667 0.03518518518518519
1 0.5669270833333333 0.1574074074074074 0.028645833333333332 0.03148148148148148
1 0.68203125 0.14907407407407408 0.0328125 0.037037037037037035
1 0.26067708333333334 0.225 0.05572916666666667 0.08703703703703704
1 0.40989583333333335 0.17916666666666667 0.041666666666666664 0.06388888888888888
1 0.28515625 0.12824074074074074 0.0265625 0.041666666666666664
1 0.5294270833333333 0.20694444444444443 0.04635416666666667 0.08055555555555556
1 0.9216145833333333 0.21296296296296297 0.04010416666666667 0.05185185185185185
1 0.40234375 0.11527777777777778 0.0265625 0.04351851851851852
1 0.6692708333333334 0.10694444444444444 0.03125 0.049074074074074076
1 0.8484375 0.24305555555555555 0.06354166666666666 0.09537037037037037
1 0.59453125 0.09953703703703703 0.028645833333333332 0.03796296296296296
1 0.5171875 0.08842592592592592 0.026041666666666668 0.041666666666666664
1 0.3528645833333333 0.1361111111111111 0.028645833333333332 0.03888888888888889
1 0.28072916666666664 0.11666666666666667 0.035416666666666666 0.03518518518518519
1 0.62109375 0.15138888888888888 0.0328125 0.04722222222222222
1 0.5372395833333333 0.07037037037037037 0.0234375 0.03518518518518519
1 0.26536458333333335 0.10185185185185185 0.0296875 0.04259259259259259
1 0.3450520833333333 0.08194444444444444 0.019270833333333334 0.030555555555555555
1 0.4513020833333333 0.08935185185185185 0.0265625 0.041666666666666664
1 0.22005208333333334 0.11157407407407408 0.033854166666666664 0.04351851851851852
1 0.4817708333333333 0.0699074074074074 0.03333333333333333 0.032407407407407406
1 0.21822916666666667 0.08425925925925926 0.026041666666666668 0.027777777777777776
1 0.78828125 0.22962962962962963 0.0671875 0.07962962962962963
1 0.7533854166666667 0.12407407407407407 0.0234375 0.018518518518518517
1 0.24453125 0.16157407407407406 0.0390625 0.05648148148148148
1 0.8934895833333333 0.20092592592592592 0.034895833333333334 0.05555555555555555
1 0.31145833333333334 0.09768518518518518 0.026041666666666668 0.03796296296296296
1 0.7591145833333334 0.15601851851851853 0.033854166666666664 0.04537037037037037
1 0.37526041666666665 0.15185185185185185 0.03177083333333333 0.05185185185185185
1 0.8596354166666667 0.22453703703703703 0.0640625 0.06574074074074074
1 0.26458333333333334 0.1865740740740741 0.05416666666666667 0.05092592592592592
1 0.42604166666666665 0.08611111111111111 0.021875 0.025925925925925925
1 0.17005208333333333 0.20879629629629629 0.03802083333333333 0.06944444444444445
1 0.31171875 0.1638888888888889 0.0296875 0.05740740740740741
1 0.9911458333333333 0.32592592592592595 0.016666666666666666 0.08703703703703704
1 0.7518229166666667 0.13425925925925927 0.027604166666666666 0.03888888888888889
1 0.17057291666666666 0.1361111111111111 0.04010416666666667 0.06111111111111111