2 0.9625 0.1787037037037037 0.07395833333333333 0.1685185185185185
2 0.9552083333333333 0.7305555555555555 0.08854166666666667 0.5370370370370371
2 0.8622395833333333 0.1125 0.06927083333333334 0.10833333333333334
2 0.9098958333333333 0.42083333333333334 0.14270833333333333 0.16574074074074074
1 0.865625 0.5995370370370371 0.10104166666666667 0.19907407407407407
1 0.4747395833333333 0.4111111111111111 0.07552083333333333 0.09814814814814815
1 0.71796875 0.4847222222222222 0.09635416666666667 0.12314814814814815
1 0.52109375 0.45092592592592595 0.0796875 0.11296296296296296
1 0.19817708333333334 0.40324074074074073 0.06822916666666666 0.09166666666666666
1 0.05078125 0.4736111111111111 0.08385416666666666 0.11018518518518519
1 0.5994791666666667 0.549537037037037 0.10625 0.1398148148148148
1 0.7846354166666667 0.399537037037037 0.0828125 0.10833333333333334
1 0.9161458333333333 0.28055555555555556 0.059375 0.08333333333333333
1 0.41302083333333334 0.2986111111111111 0.058333333333333334 0.0824074074074074
1 0.7197916666666667 0.20555555555555555 0.04479166666666667 0.06111111111111111
1 0.41640625 0.2013888888888889 0.043229166666666666 0.05462962962962963
1 0.6669270833333333 0.6412037037037037 0.1265625 0.18611111111111112
1 0.3033854166666667 0.3055555555555556 0.0578125 0.07962962962962963
1 0.19270833333333334 0.36064814814814816 0.06666666666666667 0.08055555555555556
1 0.44427083333333334 0.22083333333333333 0.03958333333333333 0.06018518518518518
1 0.8408854166666667 0.287962962962963 0.06510416666666667 0.05555555555555555
1 0.47734375 0.25787037037037036 0.0453125 0.06944444444444445
1 0.5846354166666666 0.34444444444444444 0.0796875 0.12777777777777777
1 0.9731770833333333 0.35833333333333334 0.05260416666666667 0.08703703703703704
1 0.35598958333333336 0.42962962962962964 0.0796875 0.12962962962962962
1 0.6033854166666667 0.1527777777777778 0.034895833333333334 0.03888888888888889
1 0.1859375 0.20879629629629629 0.03958333333333333 0.05462962962962963
1 0.6388020833333333 0.1648148148148148 0.0390625 0.053703703703703705
1 0.45859375 0.8013888888888889 0.1484375 0.2712962962962963
1 0.2484375 0.17175925925925925 0.036458333333333336 0.04351851851851852
1 0.3294270833333333 0.40555555555555556 0.0640625 0.1
1 0.38385416666666666 0.26990740740740743 0.04479166666666667 0.075
1 0.8606770833333334 0.19305555555555556 0.0453125 0.05648148148148148
1 0.45416666666666666 0.08518518518518518 0.027083333333333334 0.03518518518518519
1 0.4869791666666667 0.2814814814814815 0.029166666666666667 0.07222222222222222
1 0.27057291666666666 0.22453703703703703 0.0484375 0.06018518518518518
1 0.37135416666666665 0.2324074074074074 0.053125 0.08888888888888889
1 0.703125 0.19074074074074074 0.03854166666666667 0.05925925925925926
1 0.8903645833333333 0.24953703703703703 0.0734375 0.08611111111111111
1 0.49921875 0.1875 0.0609375 0.06388888888888888
1 0.2794270833333333 0.11712962962962963 0.030729166666666665 0.04351851851851852
1 0.3380208333333333 0.12083333333333333 0.029166666666666667 0.049074074074074076
1 0.5015625 0.1050925925925926 0.022916666666666665 0.03611111111111111
1 0.2359375 0.1574074074074074 0.03958333333333333 0.044444444444444446
1 0.6653645833333334 0.11805555555555555 0.027604166666666666 0.028703703703703703
1 0.34713541666666664 0.07685185185185185 0.022395833333333334 0.03148148148148148
1 0.17265625 0.3111111111111111 0.05260416666666667 0.08703703703703704
1 0.253125 0.0837962962962963 0.022916666666666665 0.03611111111111111
1 0.3033854166666667 0.15046296296296297 0.033854166666666664 0.049074074074074076
1 0.5169270833333334 0.11018518518518519 0.028645833333333332 0.04259259259259259
1 0.3611979166666667 0.1398148148148148 0.0359375 0.05185185185185185
1 0.29348958333333336 0.13518518518518519 0.0296875 0.05185185185185185
1 0.26640625 0.09675925925925925 0.0296875 0.03981481481481482
1 0.3919270833333333 0.14074074074074075 0.030729166666666665 0.03888888888888889
1 0.39557291666666666 0.07037037037037037 0.0140625 0.024074074074074074
1 0.3182291666666667 0.17962962962962964 0.0375 0.06296296296296296
1 0.18125 0.1699074074074074 0.036458333333333336 0.04351851851851852
1 0.340625 0.22916666666666666 0.025 0.06388888888888888
1 0.2359375 0.13425925925925927 0.034375 0.027777777777777776
1 0.21927083333333333 0.09953703703703703 0.040625 0.03981481481481482
1 0.6958333333333333 0.14351851851851852 0.03958333333333333 0.040740740740740744
1 0.47109375 0.0699074074074074 0.019270833333333334 0.030555555555555555
1 0.17161458333333332 0.15092592592592594 0.0359375 0.04259259259259259
1 0.3651041666666667 0.09351851851851851 0.028125 0.03888888888888889
1 0.6369791666666667 0.09675925925925925 0.036458333333333336 0.03796296296296296
1 0.16744791666666667 0.11851851851851852 0.030729166666666665 0.03333333333333333
1 0.8447916666666667 0.18009259259259258 0.03854166666666667 0.06574074074074074
1 0.34479166666666666 0.20462962962962963 0.04375 0.06296296296296296
1 0.6265625 0.12175925925925926 0.05 0.041666666666666664
1 0.18255208333333334 0.27175925925925926 0.0484375 0.08796296296296297
1 0.20442708333333334 0.1361111111111111 0.030729166666666665 0.03518518518518519
1 0.3966145833333333 0.17962962962962964 0.03697916666666667 0.046296296296296294
1 0.7278645833333334 0.15138888888888888 0.027604166666666666 0.026851851851851852
1 0.29453125 0.2726851851851852 0.0578125 0.09722222222222222
1 0.6658854166666667 0.13657407407407407 0.0265625 0.025
1 0.575 0.11944444444444445 0.016666666666666666 0.05
1 0.7161458333333334 0.12638888888888888 0.029166666666666667 0.032407407407407406
1 0.6723958333333333 0.17592592592592593 0.03958333333333333 0.06666666666666667
1 0.8973958333333333 0.18009259259259258 0.03333333333333333 0.05462962962962963
1 0.9203125 0.46435185185185185 0.11041666666666666 0.08055555555555556
1 0.0067708333333333336 0.5157407407407407 0.013541666666666667 0.1111111111111111
1 0.40234375 0.11712962962962963 0.025520833333333333 0.04537037037037037
1 0.9098958333333333 0.18472222222222223 0.036458333333333336 0.05092592592592592
1 0.5263020833333333 0.1175925925925926 0.0171875 0.040740740740740744