1 0.5333333333333333 0.8393518518518519 0.146875 0.19166666666666668
1 0.2986979166666667 0.937037037037037 0.18072916666666666 0.12407407407407407
1 0.76015625 0.7449074074074075 0.1359375 0.18796296296296297
1 0.5984375 0.5449074074074074 0.096875 0.14722222222222223
1 0.42994791666666665 0.6402777777777777 0.11510416666666666 0.15462962962962962
1 0.53359375 0.3138888888888889 0.0640625 0.08148148148148149
1 0.20494791666666667 0.5018518518518519 0.1015625 0.13148148148148148
1 0.346875 0.4305555555555556 0.08020833333333334 0.10740740740740741
1 0.41067708333333336 0.5611111111111111 0.1109375 0.1425925925925926
1 0.7067708333333333 0.45740740740740743 0.07916666666666666 0.11481481481481481
1 0.18697916666666667 0.4162037037037037 0.08020833333333334 0.10277777777777777
1 0.6192708333333333 0.36712962962962964 0.07916666666666666 0.12314814814814815
1 0.7494791666666667 0.49212962962962964 0.10520833333333333 0.1398148148148148
1 0.8395833333333333 0.5819444444444445 0.1125 0.1675925925925926
1 0.40963541666666664 0.30648148148148147 0.0484375 0.08148148148148149
1 0.540625 0.48935185185185187 0.090625 0.12129629629629629
1 0.4786458333333333 0.25462962962962965 0.052083333333333336 0.07037037037037037
1 0.3072916666666667 0.3194444444444444 0.057291666666666664 0.08518518518518518
1 0.031510416666666666 0.45787037037037037 0.06302083333333333 0.1287037037037037
1 0.65234375 0.28425925925925927 0.059895833333333336 0.09259259259259259
1 0.6986979166666667 0.31805555555555554 0.0703125 0.10833333333333334
1 0.39609375 0.2773148148148148 0.0484375 0.075
1 0.8934895833333333 0.2722222222222222 0.058854166666666666 0.07777777777777778
1 0.42942708333333335 0.1388888888888889 0.033854166666666664 0.046296296296296294
1 0.9518229166666666 0.4930555555555556 0.0953125 0.15833333333333333
1 0.4510416666666667 0.33194444444444443 0.065625 0.10462962962962963
1 0.8190104166666666 0.23703703703703705 0.050520833333333334 0.07592592592592592
1 0.9661458333333334 0.20046296296296295 0.053125 0.07314814814814814
1 0.18125 0.2953703703703704 0.053125 0.07777777777777778
1 0.51015625 0.42083333333333334 0.08697916666666666 0.1361111111111111
1 0.6794270833333333 0.20972222222222223 0.0453125 0.04351851851851852
1 0.48932291666666666 0.11527777777777778 0.028645833333333332 0.03425925925925926
1 0.5911458333333334 0.2550925925925926 0.053125 0.08055555555555556
1 0.38515625 0.10833333333333334 0.03177083333333333 0.05185185185185185
1 0.36640625 0.10231481481481482 0.0140625 0.032407407407407406
1 0.3421875 0.22083333333333333 0.0375 0.06018518518518518
1 0.39947916666666666 0.17777777777777778 0.03333333333333333 0.046296296296296294
1 0.3015625 0.15185185185185185 0.03229166666666667 0.04259259259259259
1 0.6588541666666666 0.12129629629629629 0.029166666666666667 0.040740740740740744
1 0.37109375 0.23703703703703705 0.0484375 0.08148148148148149
1 0.6927083333333334 0.16064814814814815 0.035416666666666666 0.049074074074074076
1 0.7333333333333333 0.12546296296296297 0.025 0.03611111111111111
1 0.6033854166666667 0.16898148148148148 0.028645833333333332 0.03796296296296296
1 0.27734375 0.24814814814814815 0.059895833333333336 0.0962962962962963
1 0.5734375 0.15694444444444444 0.03333333333333333 0.03425925925925926
1 0.33515625 0.36203703703703705 0.06302083333333333 0.08703703703703704
1 0.16197916666666667 0.08333333333333333 0.025 0.02962962962962963
1 0.63125 0.17962962962962964 0.042708333333333334 0.04814814814814815
1 0.22734375 0.12314814814814815 0.030729166666666665 0.03888888888888889
1 0.7463541666666667 0.1550925925925926 0.03229166666666667 0.030555555555555555
1 0.7111979166666667 0.13796296296296295 0.033854166666666664 0.046296296296296294
1 0.32369791666666664 0.18101851851851852 0.03177083333333333 0.062037037037037036
1 0.81171875 0.4101851851851852 0.08489583333333334 0.1111111111111111
1 0.34270833333333334 0.1884259259259259 0.040625 0.05092592592592592
1 0.36380208333333336 0.15046296296296297 0.0328125 0.04351851851851852
1 0.6705729166666666 0.10555555555555556 0.0265625 0.046296296296296294
1 0.6401041666666667 0.16342592592592592 0.034375 0.05277777777777778
1 0.89609375 0.22870370370370371 0.0546875 0.06111111111111111
1 0.23567708333333334 0.14074074074074075 0.027604166666666666 0.03888888888888889
1 0.4205729166666667 0.1287037037037037 0.0296875 0.05
1 0.85625 0.19166666666666668 0.03229166666666667 0.05
1 0.5674479166666667 0.10138888888888889 0.022395833333333334 0.025
1 0.18385416666666668 0.08009259259259259 0.021875 0.025
1 0.34739583333333335 0.14212962962962963 0.026041666666666668 0.03981481481481482
1 0.5739583333333333 0.23472222222222222 0.05416666666666667 0.08981481481481482
1 0.7200520833333334 0.19814814814814816 0.03802083333333333 0.06666666666666667
1 0.2747395833333333 0.10787037037037037 0.03177083333333333 0.041666666666666664
1 0.18307291666666667 0.25833333333333336 0.050520833333333334 0.06111111111111111
1 0.42916666666666664 0.19814814814814816 0.04479166666666667 0.07037037037037037
1 0.6411458333333333 0.13425925925925927 0.03229166666666667 0.03888888888888889
1 0.5502604166666667 0.0837962962962963 0.0234375 0.021296296296296296
1 0.8291666666666667 0.18425925925925926 0.034375 0.05925925925925926
1 0.34427083333333336 0.12638888888888888 0.029166666666666667 0.04351851851851852
1 0.6080729166666666 0.14212962962962963 0.030729166666666665 0.028703703703703703
1 0.6302083333333334 0.125 0.026041666666666668 0.02962962962962963
1 0.46979166666666666 0.09166666666666666 0.023958333333333335 0.027777777777777776
1 0.80078125 0.1935185185185185 0.028645833333333332 0.05555555555555555
1 0.9018229166666667 0.17037037037037037 0.04635416666666667 0.07222222222222222
1 0.28619791666666666 0.12453703703703704 0.03697916666666667 0.03425925925925926
1 0.38619791666666664 0.16712962962962963 0.03177083333333333 0.05648148148148148
1 0.6424479166666667 0.09351851851851851 0.0296875 0.037037037037037035
1 0.43515625 0.08055555555555556 0.022395833333333334 0.03518518518518519
1 0.69921875 0.1884259259259259 0.022395833333333334 0.05092592592592592
1 0.5080729166666667 0.1037037037037037 0.0265625 0.046296296296296294
1 0.32421875 0.10601851851851851 0.028645833333333332 0.03981481481481482
1 0.459375 0.08101851851851852 0.022916666666666665 0.03981481481481482
1 0.5283854166666667 0.13703703703703704 0.016145833333333335 0.025925925925925925
1 0.40390625 0.07361111111111111 0.025520833333333333 0.023148148148148147
1 0.3578125 0.08796296296296297 0.021875 0.03333333333333333
1 0.4421875 0.22824074074074074 0.046875 0.06388888888888888
1 0.7138020833333333 0.10925925925925926 0.0203125 0.014814814814814815
1 0.2682291666666667 0.21157407407407408 0.05416666666666667 0.06944444444444445
1 0.24973958333333332 0.14907407407407408 0.034895833333333334 0.027777777777777776
1 0.17421875 0.13935185185185187 0.03802083333333333 0.04537037037037037
1 0.8825520833333333 0.2111111111111111 0.0515625 0.07407407407407407
1 0.22291666666666668 0.10694444444444444 0.035416666666666666 0.032407407407407406
1 0.55234375 0.11296296296296296 0.016145833333333335 0.024074074074074074
1 0.5580729166666667 0.14351851851851852 0.0265625 0.03518518518518519
1 0.5854166666666667 0.13055555555555556 0.030208333333333334 0.03888888888888889
1 0.49583333333333335 0.0787037037037037 0.020833333333333332 0.03518518518518519
1 0.17161458333333332 0.23333333333333334 0.04114583333333333 0.08148148148148149
1 0.5927083333333333 0.10972222222222222 0.026041666666666668 0.03425925925925926
1 0.21171875 0.08425925925925926 0.028645833333333332 0.03518518518518519
1 0.7528645833333333 0.20555555555555555 0.0421875 0.08333333333333333
1 0.17630208333333333 0.19490740740740742 0.0484375 0.06759259259259259
1 0.25442708333333336 0.17453703703703705 0.0421875 0.05277777777777778