3 0.21536458333333333 0.7861111111111111 0.13802083333333334 0.2537037037037037
2 0.7763020833333333 0.12083333333333333 0.0671875 0.13796296296296295
1 0.9604166666666667 0.7287037037037037 0.078125 0.17222222222222222
1 0.7911458333333333 0.5337962962962963 0.10208333333333333 0.1398148148148148
1 0.9252604166666667 0.49212962962962964 0.0984375 0.13240740740740742
1 0.2604166666666667 0.9236111111111112 0.16041666666666668 0.15092592592592594
1 0.13020833333333334 0.4101851851851852 0.07604166666666666 0.11666666666666667
1 0.8494791666666667 0.8342592592592593 0.15 0.21666666666666667
1 0.6419270833333334 0.9388888888888889 0.18489583333333334 0.12037037037037036
1 0.6091145833333333 0.5740740740740741 0.13072916666666667 0.20185185185185187
1 0.30234375 0.30972222222222223 0.05364583333333333 0.075
1 0.69375 0.2175925925925926 0.04583333333333333 0.04814814814814815
1 0.665625 0.42824074074074076 0.0875 0.11018518518518519
1 0.2015625 0.3226851851851852 0.05520833333333333 0.08611111111111111
1 0.40546875 0.2902777777777778 0.0546875 0.07685185185185185
1 0.3528645833333333 0.45 0.0859375 0.11296296296296296
1 0.3763020833333333 0.49953703703703706 0.08802083333333334 0.12129629629629629
1 0.5119791666666667 0.42685185185185187 0.0875 0.13703703703703704
1 0.5481770833333334 0.4847222222222222 0.0953125 0.12685185185185185
1 0.6184895833333334 0.38333333333333336 0.07760416666666667 0.10925925925925926
1 0.57578125 0.350462962962963 0.06197916666666667 0.09722222222222222
1 0.3734375 0.25277777777777777 0.053125 0.07407407407407407
1 0.8479166666666667 0.41388888888888886 0.08854166666666667 0.12777777777777777
1 0.5299479166666666 0.8222222222222222 0.19427083333333334 0.28703703703703703
1 0.94296875 0.9328703703703703 0.11302083333333333 0.13240740740740742
1 0.8515625 0.2902777777777778 0.06041666666666667 0.06388888888888888
1 0.6684895833333333 0.1736111111111111 0.04114583333333333 0.06759259259259259
1 0.4434895833333333 0.3416666666666667 0.07552083333333333 0.11481481481481481
1 0.39427083333333335 0.18287037037037038 0.03854166666666667 0.05277777777777778
1 0.7489583333333333 0.20972222222222223 0.04375 0.06388888888888888
1 0.5419270833333333 0.21296296296296297 0.04635416666666667 0.07037037037037037
1 0.9799479166666667 0.20046296296296295 0.0390625 0.05462962962962963
1 0.29322916666666665 0.2759259259259259 0.053125 0.07222222222222222
1 0.928125 0.32731481481481484 0.07083333333333333 0.06574074074074074
1 0.9388020833333334 0.2101851851851852 0.05364583333333333 0.053703703703703705
1 0.8861979166666667 0.22083333333333333 0.05260416666666667 0.05092592592592592
1 0.4596354166666667 0.2337962962962963 0.049479166666666664 0.06944444444444445
1 0.5302083333333333 0.29305555555555557 0.06354166666666666 0.09907407407407408
1 0.49583333333333335 0.2601851851851852 0.046875 0.07777777777777778
1 0.2752604166666667 0.25601851851851853 0.0453125 0.0712962962962963
1 0.8065104166666667 0.2652777777777778 0.049479166666666664 0.058333333333333334
1 0.50546875 0.19537037037037036 0.0359375 0.053703703703703705
1 0.4671875 0.16527777777777777 0.03958333333333333 0.058333333333333334
1 0.89609375 0.262037037037037 0.0546875 0.06851851851851852
1 0.7440104166666667 0.1787037037037037 0.0421875 0.053703703703703705
1 0.1703125 0.1814814814814815 0.035416666666666666 0.05
1 0.37473958333333335 0.15416666666666667 0.033854166666666664 0.049074074074074076
1 0.97578125 0.3106481481481482 0.04739583333333333 0.0824074074074074
1 0.20182291666666666 0.12453703703703704 0.027604166666666666 0.04537037037037037
1 0.240625 0.1550925925925926 0.04375 0.06574074074074074
1 0.5950520833333334 0.14537037037037037 0.034895833333333334 0.044444444444444446
1 0.35104166666666664 0.13703703703703704 0.035416666666666666 0.03888888888888889
1 0.725 0.1162037037037037 0.017708333333333333 0.05462962962962963
1 0.33489583333333334 0.18703703703703703 0.0375 0.06481481481481481
1 0.8268229166666666 0.15185185185185185 0.04114583333333333 0.06296296296296296
1 0.3572916666666667 0.08611111111111111 0.022916666666666665 0.03333333333333333
1 0.784375 0.22546296296296298 0.051041666666666666 0.06574074074074074
1 0.36223958333333334 0.21805555555555556 0.044270833333333336 0.075
1 0.5208333333333334 0.11157407407407408 0.027083333333333334 0.03981481481481482
1 0.6533854166666667 0.1388888888888889 0.0359375 0.05740740740740741
1 0.3177083333333333 0.1736111111111111 0.03229166666666667 0.062037037037037036
1 0.44921875 0.07824074074074074 0.025520833333333333 0.03796296296296296
1 0.25885416666666666 0.18703703703703703 0.03958333333333333 0.053703703703703705
1 0.17786458333333333 0.21064814814814814 0.0453125 0.03425925925925926
1 0.1765625 0.25046296296296294 0.04583333333333333 0.06388888888888888
1 0.5559895833333334 0.15046296296296297 0.0328125 0.03796296296296296
1 0.42864583333333334 0.2 0.042708333333333334 0.07037037037037037
1 0.2671875 0.22546296296296298 0.046875 0.06388888888888888
1 0.2869791666666667 0.1259259259259259 0.028125 0.04814814814814815
1 0.4471354166666667 0.14444444444444443 0.034895833333333334 0.040740740740740744
1 0.8270833333333333 0.1962962962962963 0.041666666666666664 0.05185185185185185
1 0.30364583333333334 0.1398148148148148 0.036458333333333336 0.044444444444444446
1 0.4388020833333333 0.225 0.028645833333333332 0.06111111111111111
1 0.5083333333333333 0.12638888888888888 0.029166666666666667 0.030555555555555555
1 0.5778645833333333 0.13240740740740742 0.024479166666666666 0.040740740740740744
1 0.9401041666666666 0.24722222222222223 0.04895833333333333 0.07222222222222222
1 0.26927083333333335 0.10185185185185185 0.027083333333333334 0.03333333333333333
1 0.8356770833333333 0.22453703703703703 0.04114583333333333 0.04722222222222222
1 0.42916666666666664 0.13148148148148148 0.035416666666666666 0.05555555555555555
1 0.6260416666666667 0.12546296296296297 0.030208333333333334 0.05462962962962963
1 0.2515625 0.07685185185185185 0.019791666666666666 0.02962962962962963
1 0.6 0.1162037037037037 0.023958333333333335 0.025
1 0.40677083333333336 0.06851851851851852 0.015625 0.025925925925925925
1 0.55859375 0.0962962962962963 0.027604166666666666 0.044444444444444446
1 0.42161458333333335 0.06944444444444445 0.021354166666666667 0.03148148148148148
1 0.47239583333333335 0.0787037037037037 0.03229166666666667 0.05185185185185185
1 0.18854166666666666 0.08148148148148149 0.017708333333333333 0.025925925925925925
1 0.6408854166666667 0.09212962962962963 0.0203125 0.030555555555555555
1 0.225 0.11157407407407408 0.028125 0.04351851851851852
1 0.3294270833333333 0.07361111111111111 0.022395833333333334 0.021296296296296296
1 0.4359375 0.1412037037037037 0.030208333333333334 0.04351851851851852
1 0.16692708333333334 0.15462962962962962 0.0328125 0.03888888888888889
1 0.2791666666666667 0.07175925925925926 0.017708333333333333 0.023148148148148147
1 0.58828125 0.09722222222222222 0.021354166666666667 0.027777777777777776
1 0.34140625 0.11712962962962963 0.0359375 0.03981481481481482
1 0.34713541666666664 0.07916666666666666 0.0203125 0.032407407407407406
1 0.19427083333333334 0.28194444444444444 0.05416666666666667 0.09537037037037037
1 0.17552083333333332 0.2263888888888889 0.04895833333333333 0.06574074074074074
1 0.56796875 0.11666666666666667 0.027604166666666666 0.03333333333333333