1 0.9731770833333333 0.7231481481481481 0.05260416666666667 0.1925925925925926
1 0.4046875 0.5689814814814815 0.103125 0.13055555555555556
1 0.21901041666666668 0.6217592592592592 0.11510416666666666 0.16018518518518518
1 0.7036458333333333 0.7435185185185185 0.16145833333333334 0.2462962962962963
1 0.57734375 0.5111111111111111 0.0921875 0.12777777777777777
1 0.49973958333333335 0.40925925925925927 0.0765625 0.11296296296296296
1 0.6236979166666666 0.3768518518518518 0.07864583333333333 0.10555555555555556
1 0.36666666666666664 0.4648148148148148 0.08020833333333334 0.11481481481481481
1 0.4786458333333333 0.26064814814814813 0.05520833333333333 0.06759259259259259
1 0.5911458333333334 0.35462962962962963 0.059375 0.09074074074074075
1 0.19166666666666668 0.38842592592592595 0.07708333333333334 0.10277777777777777
1 0.46197916666666666 0.3773148148148148 0.058333333333333334 0.09351851851851851
1 0.37135416666666665 0.25555555555555554 0.03958333333333333 0.06666666666666667
1 0.60390625 0.25555555555555554 0.05572916666666667 0.08888888888888889
1 0.6901041666666666 0.4337962962962963 0.08333333333333333 0.11944444444444445
1 0.43411458333333336 0.2162037037037037 0.0453125 0.06018518518518518
1 0.2760416666666667 0.2662037037037037 0.04479166666666667 0.0712962962962963
1 0.17083333333333334 0.25277777777777777 0.04479166666666667 0.06481481481481481
1 0.7627604166666667 0.36064814814814816 0.07552083333333333 0.11574074074074074
1 0.5270833333333333 0.20972222222222223 0.041666666666666664 0.06759259259259259
1 0.5354166666666667 0.29907407407407405 0.06354166666666666 0.0962962962962963
1 0.6721354166666667 0.31851851851851853 0.06510416666666667 0.08888888888888889
1 0.4083333333333333 0.27361111111111114 0.053125 0.08796296296296297
1 0.7880208333333333 0.26342592592592595 0.05416666666666667 0.04722222222222222
1 0.4075520833333333 0.19583333333333333 0.04114583333333333 0.05648148148148148
1 0.7171875 0.22407407407407406 0.05416666666666667 0.06296296296296296
1 0.3625 0.23425925925925925 0.041666666666666664 0.06481481481481481
1 0.7184895833333333 0.18611111111111112 0.03697916666666667 0.03333333333333333
1 0.3455729166666667 0.41759259259259257 0.0765625 0.10925925925925926
1 0.63515625 0.19166666666666668 0.0390625 0.04259259259259259
1 0.31588541666666664 0.3416666666666667 0.0640625 0.08518518518518518
1 0.7997395833333333 0.14814814814814814 0.027604166666666666 0.04259259259259259
1 0.6356770833333333 0.15648148148148147 0.0328125 0.04814814814814815
1 0.6830729166666667 0.20601851851851852 0.03697916666666667 0.04351851851851852
1 0.5140625 0.19398148148148148 0.04375 0.07685185185185185
1 0.18359375 0.22592592592592592 0.0390625 0.05740740740740741
1 0.5645833333333333 0.23287037037037037 0.04791666666666667 0.0787037037037037
1 0.40260416666666665 0.11898148148148148 0.029166666666666667 0.04351851851851852
1 0.2565104166666667 0.21481481481481482 0.05260416666666667 0.08333333333333333
1 0.37447916666666664 0.1550925925925926 0.029166666666666667 0.04351851851851852
1 0.44140625 0.33287037037037037 0.06927083333333334 0.10648148148148148
1 0.15677083333333333 0.35694444444444445 0.058333333333333334 0.10648148148148148
1 0.18854166666666666 0.31712962962962965 0.05520833333333333 0.05092592592592592
1 0.39166666666666666 0.10833333333333334 0.029166666666666667 0.040740740740740744
1 0.16953125 0.12314814814814815 0.0390625 0.04259259259259259
1 0.9825520833333333 0.22916666666666666 0.033854166666666664 0.05277777777777778
1 0.34713541666666664 0.2023148148148148 0.04114583333333333 0.0712962962962963
1 0.9533854166666667 0.2263888888888889 0.043229166666666666 0.062037037037037036
1 0.28046875 0.12361111111111112 0.024479166666666666 0.03796296296296296
1 0.71484375 0.14444444444444443 0.0296875 0.044444444444444446
1 0.6802083333333333 0.18194444444444444 0.040625 0.049074074074074076
1 0.43359375 0.0875 0.0203125 0.026851851851851852
1 0.4986979166666667 0.1037037037037037 0.027604166666666666 0.03333333333333333
1 0.7713541666666667 0.14166666666666666 0.030208333333333334 0.04259259259259259
1 0.60625 0.1736111111111111 0.03229166666666667 0.03796296296296296
1 0.32369791666666664 0.19027777777777777 0.030729166666666665 0.05092592592592592
1 0.6416666666666667 0.13194444444444445 0.03125 0.04722222222222222
1 0.9708333333333333 0.300462962962963 0.057291666666666664 0.09537037037037037
1 0.32890625 0.11296296296296296 0.0265625 0.040740740740740744
1 0.59375 0.1337962962962963 0.029166666666666667 0.028703703703703703
1 0.8375 0.2462962962962963 0.052083333333333336 0.08148148148148149
1 0.60546875 0.1162037037037037 0.028645833333333332 0.030555555555555555
1 0.45729166666666665 0.08981481481481482 0.027083333333333334 0.03888888888888889
1 0.890625 0.2611111111111111 0.06770833333333333 0.10185185185185185
1 0.6997395833333333 0.15555555555555556 0.033854166666666664 0.03888888888888889
1 0.68125 0.1050925925925926 0.029166666666666667 0.04351851851851852
1 0.8223958333333333 0.5421296296296296 0.11145833333333334 0.18055555555555555
1 0.30546875 0.15648148148148147 0.0265625 0.053703703703703705
1 0.34739583333333335 0.13055555555555556 0.026041666666666668 0.037037037037037035
1 0.36640625 0.09212962962962963 0.030729166666666665 0.041666666666666664
1 0.21848958333333332 0.08333333333333333 0.028645833333333332 0.02962962962962963
1 0.8158854166666667 0.1884259259259259 0.0390625 0.03611111111111111
1 0.29401041666666666 0.13148148148148148 0.028645833333333332 0.046296296296296294
1 0.4828125 0.09490740740740741 0.023958333333333335 0.041666666666666664
1 0.70703125 0.11157407407407408 0.0328125 0.041666666666666664
1 0.5270833333333333 0.09259259259259259 0.026041666666666668 0.04259259259259259
1 0.26197916666666665 0.09675925925925925 0.028125 0.03796296296296296
1 0.52578125 0.1337962962962963 0.021354166666666667 0.026851851851851852
1 0.584375 0.16203703703703703 0.03229166666666667 0.03518518518518519
1 0.3065104166666667 0.2962962962962963 0.0546875 0.07777777777777778
1 0.36822916666666666 0.14444444444444443 0.028125 0.05
1 0.5677083333333334 0.08425925925925926 0.01875 0.044444444444444446
1 0.16979166666666667 0.1814814814814815 0.03854166666666667 0.03518518518518519
1 0.6854166666666667 0.14444444444444443 0.025 0.027777777777777776
1 0.3078125 0.09305555555555556 0.026041666666666668 0.03611111111111111
1 0.2604166666666667 0.17731481481481481 0.051041666666666666 0.05092592592592592
1 0.91953125 0.20092592592592592 0.04010416666666667 0.040740740740740744
1 0.775 0.18101851851851852 0.04375 0.07685185185185185
1 0.80625 0.225 0.0375 0.04814814814814815
1 0.61015625 0.1037037037037037 0.027604166666666666 0.03888888888888889
1 0.553125 0.10138888888888889 0.017708333333333333 0.03796296296296296
1 0.21744791666666666 0.11018518518518519 0.03697916666666667 0.03888888888888889
1 0.240625 0.15416666666666667 0.0375 0.06018518518518518
1 0.4010416666666667 0.17083333333333334 0.036458333333333336 0.062037037037037036
1 0.9 0.2375 0.065625 0.0712962962962963
1 0.16927083333333334 0.19953703703703704 0.03958333333333333 0.06944444444444445
1 0.3411458333333333 0.07731481481481481 0.019791666666666666 0.030555555555555555
1 0.23567708333333334 0.1310185185185185 0.034895833333333334 0.03425925925925926
1 0.9901041666666667 0.18333333333333332 0.01875 0.040740740740740744
1 0.17682291666666666 0.1685185185185185 0.0453125 0.06111111111111111