2 0.92734375 0.1685185185185185 0.09322916666666667 0.15555555555555556
2 0.5666666666666667 0.2847222222222222 0.08020833333333334 0.16574074074074074
2 0.8375 0.10324074074074074 0.06354166666666666 0.09351851851851851
1 0.6671875 0.6361111111111111 0.12291666666666666 0.15925925925925927
1 0.7919270833333333 0.5523148148148148 0.1078125 0.1398148148148148
1 0.9052083333333333 0.31527777777777777 0.06666666666666667 0.06944444444444445
1 0.5190104166666667 0.45787037037037037 0.08385416666666666 0.10648148148148148
1 0.9541666666666667 0.28055555555555556 0.06145833333333333 0.07407407407407407
1 0.4317708333333333 0.32222222222222224 0.06041666666666667 0.08703703703703704
1 0.46328125 0.9171296296296296 0.18177083333333333 0.1638888888888889
1 0.31692708333333336 0.3314814814814815 0.06510416666666667 0.08518518518518518
1 0.5591145833333333 0.5087962962962963 0.0890625 0.12685185185185185
1 0.3729166666666667 0.4824074074074074 0.08854166666666667 0.14074074074074075
1 0.6895833333333333 0.19305555555555556 0.041666666666666664 0.05648148148148148
1 0.9736979166666667 0.7171296296296297 0.0515625 0.2361111111111111
1 0.3450520833333333 0.4486111111111111 0.06822916666666666 0.11018518518518519
1 0.46119791666666665 0.23657407407407408 0.044270833333333336 0.06388888888888888
1 0.8598958333333333 0.2569444444444444 0.05416666666666667 0.07685185185185185
1 0.19895833333333332 0.4412037037037037 0.07395833333333333 0.09907407407407408
1 0.8643229166666667 0.4546296296296296 0.0953125 0.11851851851851852
1 0.5005208333333333 0.2791666666666667 0.05416666666666667 0.0712962962962963
1 0.4322916666666667 0.21481481481481482 0.042708333333333334 0.05925925925925926
1 0.77578125 0.7916666666666666 0.15260416666666668 0.2518518518518518
1 0.4049479166666667 0.29259259259259257 0.049479166666666664 0.07777777777777778
1 0.6317708333333333 0.3763888888888889 0.08645833333333333 0.1398148148148148
1 0.51640625 0.3060185185185185 0.034895833333333334 0.07685185185185185
1 0.5809895833333333 0.14537037037037037 0.033854166666666664 0.03888888888888889
1 0.19375 0.39537037037037037 0.07291666666666667 0.08888888888888889
1 0.5106770833333333 0.19907407407407407 0.043229166666666666 0.06666666666666667
1 0.19375 0.14305555555555555 0.028125 0.041666666666666664
1 0.2518229166666667 0.18055555555555555 0.0359375 0.05
1 0.7828125 0.25972222222222224 0.059375 0.05462962962962963
1 0.6166666666666667 0.15462962962962962 0.03333333333333333 0.053703703703703705
1 0.5369791666666667 0.22083333333333333 0.03958333333333333 0.062037037037037036
1 0.44505208333333335 0.07962962962962963 0.024479166666666666 0.03148148148148148
1 0.3020833333333333 0.29398148148148145 0.06458333333333334 0.10648148148148148
1 0.215625 0.10648148148148148 0.030208333333333334 0.044444444444444446
1 0.6739583333333333 0.17916666666666667 0.0375 0.05648148148148148
1 0.17578125 0.3384259259259259 0.05677083333333333 0.09166666666666666
1 0.26848958333333334 0.24074074074074073 0.0484375 0.06296296296296296
1 0.3450520833333333 0.1259259259259259 0.0296875 0.046296296296296294
1 0.4036458333333333 0.12314814814814815 0.040625 0.05185185185185185
1 0.41041666666666665 0.18888888888888888 0.036458333333333336 0.040740740740740744
1 0.48932291666666666 0.09953703703703703 0.0203125 0.03611111111111111
1 0.3859375 0.2490740740740741 0.05520833333333333 0.09444444444444444
1 0.5151041666666667 0.11342592592592593 0.017708333333333333 0.03611111111111111
1 0.6450520833333333 0.11064814814814815 0.024479166666666666 0.025
1 0.1828125 0.1824074074074074 0.040625 0.04814814814814815
1 0.3658854166666667 0.14444444444444443 0.03177083333333333 0.04814814814814815
1 0.9770833333333333 0.25462962962962965 0.04479166666666667 0.08333333333333333
1 0.32890625 0.19027777777777777 0.0453125 0.06574074074074074
1 0.35390625 0.08194444444444444 0.0234375 0.03611111111111111
1 0.16692708333333334 0.12453703703703704 0.0296875 0.03796296296296296
1 0.8388020833333333 0.23194444444444445 0.06822916666666666 0.0824074074074074
1 0.81171875 0.1712962962962963 0.03802083333333333 0.06111111111111111
1 0.25546875 0.08888888888888889 0.021354166666666667 0.037037037037037035
1 0.6736979166666667 0.13425925925925927 0.03697916666666667 0.03888888888888889
1 0.82421875 0.18333333333333332 0.034895833333333334 0.05740740740740741
1 0.6471354166666666 0.1638888888888889 0.03802083333333333 0.06481481481481481
1 0.26953125 0.10092592592592593 0.0296875 0.040740740740740744
1 0.18671875 0.21805555555555556 0.04114583333333333 0.06388888888888888
1 0.24140625 0.16527777777777777 0.04114583333333333 0.04722222222222222
1 0.31536458333333334 0.10277777777777777 0.0359375 0.03333333333333333
1 0.28177083333333336 0.12222222222222222 0.03229166666666667 0.044444444444444446
1 0.3763020833333333 0.18888888888888888 0.034895833333333334 0.027777777777777776
1 0.30963541666666666 0.15462962962962962 0.034895833333333334 0.044444444444444446
1 0.35208333333333336 0.22083333333333333 0.04791666666666667 0.06388888888888888
1 0.37135416666666665 0.09722222222222222 0.028125 0.040740740740740744
1 0.6932291666666667 0.11712962962962963 0.026041666666666668 0.028703703703703703
1 0.4622395833333333 0.06805555555555555 0.018229166666666668 0.028703703703703703
1 0.7526041666666666 0.15648148148148147 0.016666666666666666 0.044444444444444446
1 0.2986979166666667 0.1449074074074074 0.0296875 0.04722222222222222
1 0.3260416666666667 0.11712962962962963 0.020833333333333332 0.03425925925925926
1 0.1859375 0.2949074074074074 0.052083333333333336 0.09907407407407408
1 0.23098958333333333 0.125 0.030729166666666665 0.03518518518518519
1 0.35208333333333336 0.24259259259259258 0.03125 0.06666666666666667
1 0.9864583333333333 0.18611111111111112 0.026041666666666668 0.053703703703703705
1 0.62421875 0.09259259259259259 0.03177083333333333 0.03148148148148148
1 0.47161458333333334 0.08703703703703704 0.021354166666666667 0.037037037037037035
1 0.8614583333333333 0.17592592592592593 0.04791666666666667 0.05740740740740741
1 0.23880208333333333 0.1412037037037037 0.03697916666666667 0.032407407407407406
1 0.39010416666666664 0.1574074074074074 0.035416666666666666 0.05185185185185185
1 0.006510416666666667 0.5328703703703703 0.013020833333333334 0.08611111111111111