3 0.8171875 0.22314814814814815 0.057291666666666664 0.08888888888888889
2 0.8752604166666667 0.11805555555555555 0.0703125 0.14907407407407408
2 0.8208333333333333 0.15185185185185185 0.07395833333333333 0.15925925925925927
1 0.8330729166666667 0.5731481481481482 0.11614583333333334 0.14814814814814814
1 0.5135416666666667 0.7643518518518518 0.13854166666666667 0.19166666666666668
1 0.4239583333333333 0.5921296296296297 0.10729166666666666 0.1527777777777778
1 0.2825520833333333 0.9574074074074074 0.18489583333333334 0.08333333333333333
1 0.18828125 0.4162037037037037 0.07447916666666667 0.11018518518518519
1 0.5997395833333333 0.5458333333333333 0.10260416666666666 0.1398148148148148
1 0.9828125 0.22962962962962963 0.03333333333333333 0.06666666666666667
1 0.9278645833333333 0.18287037037037038 0.0453125 0.05648148148148148
1 0.6651041666666667 0.4199074074074074 0.084375 0.11944444444444445
1 0.7072916666666667 0.19166666666666668 0.042708333333333334 0.05555555555555555
1 0.7234375 0.6564814814814814 0.12395833333333334 0.20555555555555555
1 0.58828125 0.3574074074074074 0.07239583333333334 0.09444444444444444
1 0.43463541666666666 0.13842592592592592 0.028645833333333332 0.04351851851851852
1 0.5486979166666667 0.4685185185185185 0.08802083333333334 0.11851851851851852
1 0.5442708333333334 0.21064814814814814 0.04583333333333333 0.06388888888888888
1 0.63828125 0.16157407407407406 0.03697916666666667 0.05277777777777778
1 0.7322916666666667 0.16157407407407406 0.0375 0.05277777777777778
1 0.9182291666666667 0.2708333333333333 0.06770833333333333 0.09907407407407408
1 0.93515625 0.47685185185185186 0.10052083333333334 0.14629629629629629
1 0.4395833333333333 0.33055555555555555 0.05416666666666667 0.08333333333333333
1 0.47760416666666666 0.3675925925925926 0.071875 0.12037037037037036
1 0.35104166666666664 0.2101851851851852 0.04895833333333333 0.06296296296296296
1 0.49140625 0.2611111111111111 0.0453125 0.07222222222222222
1 0.46432291666666664 0.15601851851851853 0.043229166666666666 0.06944444444444445
1 0.6815104166666667 0.12361111111111112 0.030729166666666665 0.04351851851851852
1 0.39427083333333335 0.1685185185185185 0.035416666666666666 0.05740740740740741
1 0.696875 0.15231481481481482 0.0375 0.049074074074074076
1 0.4125 0.2 0.0375 0.05185185185185185
1 0.4440104166666667 0.2125 0.0421875 0.062037037037037036
1 0.5096354166666667 0.1865740740740741 0.04114583333333333 0.062037037037037036
1 0.4114583333333333 0.11435185185185186 0.027083333333333334 0.041666666666666664
1 0.5567708333333333 0.29398148148148145 0.06666666666666667 0.10092592592592593
1 0.4119791666666667 0.28703703703703703 0.058333333333333334 0.09444444444444444
1 0.5236979166666667 0.10046296296296296 0.025520833333333333 0.028703703703703703
1 0.52890625 0.28194444444444444 0.04739583333333333 0.08425925925925926
1 0.46927083333333336 0.23796296296296296 0.04479166666666667 0.07407407407407407
1 0.17760416666666667 0.1884259259259259 0.040625 0.06018518518518518
1 0.30625 0.13564814814814816 0.03854166666666667 0.05277777777777778
1 0.3145833333333333 0.1648148148148148 0.040625 0.04259259259259259
1 0.17083333333333334 0.3458333333333333 0.06666666666666667 0.11388888888888889
1 0.6395833333333333 0.12314814814814815 0.03125 0.03888888888888889
1 0.3885416666666667 0.2574074074074074 0.04375 0.08333333333333333
1 0.15598958333333332 0.10092592592592593 0.027604166666666666 0.046296296296296294
1 0.72109375 0.09953703703703703 0.0328125 0.032407407407407406
1 0.6049479166666667 0.14074074074074075 0.034895833333333334 0.053703703703703705
1 0.28072916666666664 0.11666666666666667 0.03229166666666667 0.04259259259259259
1 0.17890625 0.29768518518518516 0.05677083333333333 0.06759259259259259
1 0.175 0.16527777777777777 0.04375 0.05092592592592592
1 0.27395833333333336 0.23703703703703705 0.05 0.08518518518518518
1 0.3072916666666667 0.30277777777777776 0.05520833333333333 0.1
1 0.25546875 0.06851851851851852 0.027604166666666666 0.025925925925925925
1 0.3341145833333333 0.38472222222222224 0.09114583333333333 0.14351851851851852
1 0.28046875 0.1726851851851852 0.022395833333333334 0.04722222222222222
1 0.5229166666666667 0.1287037037037037 0.030208333333333334 0.03333333333333333
1 0.16484375 0.25925925925925924 0.06302083333333333 0.08148148148148149
1 0.3299479166666667 0.11342592592592593 0.016145833333333335 0.030555555555555555
1 0.26510416666666664 0.08842592592592592 0.025 0.03796296296296296
1 0.35572916666666665 0.13194444444444445 0.022916666666666665 0.041666666666666664
1 0.49713541666666666 0.11157407407407408 0.0328125 0.03611111111111111
1 0.5731770833333333 0.12129629629629629 0.0359375 0.06296296296296296
1 0.58828125 0.09166666666666666 0.024479166666666666 0.03518518518518519
1 0.34479166666666666 0.1787037037037037 0.03229166666666667 0.022222222222222223
1 0.2875 0.24351851851851852 0.053125 0.06851851851851852
1 0.6182291666666667 0.11435185185185186 0.023958333333333335 0.030555555555555555
1 0.23411458333333332 0.11805555555555555 0.033854166666666664 0.05462962962962963
1 0.46432291666666664 0.06342592592592593 0.0203125 0.030555555555555555
1 0.35208333333333336 0.11666666666666667 0.03333333333333333 0.05740740740740741
1 0.171875 0.08148148148148149 0.022916666666666665 0.027777777777777776
1 0.32447916666666665 0.0912037037037037 0.029166666666666667 0.03981481481481482
1 0.5541666666666667 0.12037037037037036 0.016666666666666666 0.05
1 0.6578125 0.9731481481481481 0.15104166666666666 0.05185185185185185
1 0.55859375 0.0824074074074074 0.025520833333333333 0.03148148148148148
1 0.6356770833333333 0.09027777777777778 0.022395833333333334 0.026851851851851852
1 0.17708333333333334 0.13472222222222222 0.034375 0.025
1 0.3299479166666667 0.29444444444444445 0.0671875 0.05
1 0.17630208333333333 0.12361111111111112 0.03802083333333333 0.03981481481481482
1 0.24114583333333334 0.1537037037037037 0.036458333333333336 0.04259259259259259
1 0.3255208333333333 0.31157407407407406 0.078125 0.08796296296296297
1 0.7182291666666667 0.12777777777777777 0.03854166666666667 0.03888888888888889
1 0.3723958333333333 0.15231481481481482 0.03125 0.04537037037037037
1 0.25364583333333335 0.18703703703703703 0.04583333333333333 0.07777777777777778
1 0.28671875 0.2861111111111111 0.0515625 0.07592592592592592
1 0.47291666666666665 0.10462962962962963 0.021875 0.03148148148148148
1 0.00859375 0.5050925925925925 0.0171875 0.11018518518518519
1 0.5684895833333333 0.06759259259259259 0.0265625 0.03333333333333333