2 0.7921875 0.1259259259259259 0.06979166666666667 0.1388888888888889
2 0.7033854166666667 0.1050925925925926 0.058854166666666666 0.11203703703703703
1 0.9255208333333333 0.6675925925925926 0.13333333333333333 0.15925925925925927
1 0.8765625 0.46111111111111114 0.09166666666666666 0.12222222222222222
1 0.58046875 0.8962962962962963 0.16822916666666668 0.20555555555555555
1 0.75 0.4962962962962963 0.09479166666666666 0.13333333333333333
1 0.8796875 0.8875 0.17083333333333334 0.22314814814814815
1 0.3645833333333333 0.4736111111111111 0.08645833333333333 0.11574074074074074
1 0.7783854166666667 0.7574074074074074 0.13177083333333334 0.1925925925925926
1 0.48854166666666665 0.749537037037037 0.17708333333333334 0.2601851851851852
1 0.43463541666666666 0.3263888888888889 0.0734375 0.11018518518518519
1 0.6380208333333334 0.4027777777777778 0.08333333333333333 0.1037037037037037
1 0.8307291666666666 0.28055555555555556 0.06354166666666666 0.06296296296296296
1 0.39817708333333335 0.2800925925925926 0.05260416666666667 0.07314814814814814
1 0.2986979166666667 0.29953703703703705 0.0515625 0.06944444444444445
1 0.55703125 0.33611111111111114 0.058854166666666666 0.0962962962962963
1 0.2421875 0.8800925925925925 0.14791666666666667 0.22685185185185186
1 0.3458333333333333 0.4222222222222222 0.084375 0.10740740740740741
1 0.15364583333333334 0.3912037037037037 0.071875 0.11388888888888889
1 0.8098958333333334 0.38981481481481484 0.08020833333333334 0.12037037037037036
1 0.5942708333333333 0.36527777777777776 0.06354166666666666 0.10462962962962963
1 0.8869791666666667 0.30648148148148147 0.0625 0.06851851851851852
1 0.5799479166666667 0.5361111111111111 0.12135416666666667 0.19074074074074074
1 0.7130208333333333 0.2310185185185185 0.04791666666666667 0.05648148148148148
1 0.49244791666666665 0.40555555555555556 0.0765625 0.12777777777777777
1 0.19973958333333333 0.30972222222222223 0.05364583333333333 0.08055555555555556
1 0.28854166666666664 0.2671296296296296 0.05 0.06944444444444445
1 0.5265625 0.45740740740740743 0.090625 0.12037037037037036
1 0.9752604166666666 0.26064814814814813 0.0484375 0.075
1 0.45677083333333335 0.16157407407407406 0.03958333333333333 0.05648148148148148
1 0.3888020833333333 0.17685185185185184 0.0359375 0.046296296296296294
1 0.3692708333333333 0.2439814814814815 0.05 0.07314814814814814
1 0.5294270833333333 0.20787037037037037 0.044270833333333336 0.06944444444444445
1 0.4518229166666667 0.22546296296296298 0.049479166666666664 0.06759259259259259
1 0.96484375 0.3587962962962963 0.06927083333333334 0.09166666666666666
1 0.9721354166666667 0.21944444444444444 0.05364583333333333 0.05185185185185185
1 0.60859375 0.15185185185185185 0.034895833333333334 0.044444444444444446
1 0.5138020833333333 0.28055555555555556 0.058854166666666666 0.0962962962962963
1 0.56875 0.1574074074074074 0.03333333333333333 0.03888888888888889
1 0.49557291666666664 0.18888888888888888 0.034895833333333334 0.053703703703703705
1 0.7557291666666667 0.18564814814814815 0.034375 0.05648148148148148
1 0.6838541666666667 0.18101851851851852 0.042708333333333334 0.06759259259259259
1 0.17109375 0.17777777777777778 0.0359375 0.05
1 0.45416666666666666 0.08194444444444444 0.026041666666666668 0.041666666666666664
1 0.37109375 0.15185185185185185 0.033854166666666664 0.046296296296296294
1 0.33098958333333334 0.1837962962962963 0.03697916666666667 0.062037037037037036
1 0.42239583333333336 0.19398148148148148 0.040625 0.06759259259259259
1 0.23802083333333332 0.1527777777777778 0.03958333333333333 0.06481481481481481
1 0.9278645833333333 0.2796296296296296 0.0609375 0.07962962962962963
1 0.26510416666666664 0.21898148148148147 0.04583333333333333 0.062037037037037036
1 0.3143229166666667 0.1685185185185185 0.03177083333333333 0.05925925925925926
1 0.7625 0.22453703703703703 0.03333333333333333 0.05277777777777778
1 0.35572916666666665 0.21296296296296297 0.042708333333333334 0.07222222222222222
1 0.20494791666666667 0.12222222222222222 0.0265625 0.040740740740740744
1 0.5197916666666667 0.13148148148148148 0.03125 0.03333333333333333
1 0.47291666666666665 0.09305555555555556 0.022916666666666665 0.030555555555555555
1 0.6658854166666667 0.1449074074074074 0.034895833333333334 0.05648148148148148
1 0.915625 0.23657407407407408 0.04895833333333333 0.06388888888888888
1 0.58984375 0.13842592592592592 0.024479166666666666 0.041666666666666664
1 0.34739583333333335 0.13472222222222222 0.036458333333333336 0.03796296296296296
1 0.18828125 0.2523148148148148 0.05572916666666667 0.05277777777777778
1 0.6111979166666667 0.12083333333333333 0.0234375 0.025
1 0.28515625 0.12361111111111112 0.027604166666666666 0.049074074074074076
1 0.4317708333333333 0.21805555555555556 0.026041666666666668 0.058333333333333334
1 0.44088541666666664 0.14212962962962963 0.0328125 0.041666666666666664
1 0.3546875 0.08564814814814815 0.023958333333333335 0.03425925925925926
1 0.8072916666666666 0.23842592592592593 0.05 0.06388888888888888
1 0.5627604166666667 0.10185185185185185 0.0296875 0.04814814814814815
1 0.4236979166666667 0.12962962962962962 0.034895833333333334 0.05740740740740741
1 0.30182291666666666 0.1388888888888889 0.034895833333333334 0.044444444444444446
1 0.578125 0.12083333333333333 0.029166666666666667 0.03611111111111111
1 0.4830729166666667 0.2518518518518518 0.0453125 0.07222222222222222
1 0.6395833333333333 0.13240740740740742 0.03229166666666667 0.053703703703703705
1 0.8411458333333334 0.15462962962962962 0.03958333333333333 0.05925925925925926
1 0.27395833333333336 0.24768518518518517 0.04479166666666667 0.06944444444444445
1 0.17604166666666668 0.22777777777777777 0.05 0.07777777777777778
1 0.53671875 0.06527777777777778 0.024479166666666666 0.025
1 0.25416666666666665 0.18101851851851852 0.034375 0.05648148148148148
1 0.18802083333333333 0.07962962962962963 0.014583333333333334 0.024074074074074074
1 0.26510416666666664 0.10138888888888889 0.030208333333333334 0.03425925925925926
1 0.16510416666666666 0.10555555555555556 0.036458333333333336 0.04814814814814815
1 0.5244791666666667 0.10694444444444444 0.022916666666666665 0.025
1 0.19375 0.2851851851851852 0.05 0.06666666666666667
1 0.7354166666666667 0.11944444444444445 0.016666666666666666 0.053703703703703705
1 0.33984375 0.1175925925925926 0.03697916666666667 0.03888888888888889
1 0.5963541666666666 0.1 0.023958333333333335 0.02962962962962963
1 0.16927083333333334 0.1476851851851852 0.03229166666666667 0.04351851851851852
1 0.6515625 0.0962962962962963 0.020833333333333332 0.03333333333333333
1 0.21067708333333332 0.7212962962962963 0.12760416666666666 0.2351851851851852
1 0.8489583333333334 0.21157407407407408 0.04791666666666667 0.06944444444444445
1 0.8677083333333333 0.24722222222222223 0.053125 0.06666666666666667