3 0.21510416666666668 0.7782407407407408 0.13645833333333332 0.25462962962962965
2 0.7786458333333334 0.12129629629629629 0.06875 0.13703703703703704
2 0.6921875 0.08796296296296297 0.05416666666666667 0.08148148148148149
1 0.9552083333333333 0.7199074074074074 0.08854166666666667 0.1712962962962963
1 0.784375 0.5291666666666667 0.09791666666666667 0.1398148148148148
1 0.9177083333333333 0.4861111111111111 0.096875 0.12962962962962962
1 0.6317708333333333 0.9324074074074075 0.184375 0.13333333333333333
1 0.13411458333333334 0.4083333333333333 0.07552083333333333 0.11666666666666667
1 0.25677083333333334 0.9185185185185185 0.15833333333333333 0.16111111111111112
1 0.6614583333333334 0.42314814814814816 0.08645833333333333 0.10925925925925926
1 0.5234375 0.8101851851851852 0.19166666666666668 0.2814814814814815
1 0.35130208333333335 0.4462962962962963 0.0859375 0.11296296296296296
1 0.30182291666666666 0.3074074074074074 0.05364583333333333 0.07592592592592592
1 0.5729166666666666 0.3509259259259259 0.0625 0.1037037037037037
1 0.4046875 0.28888888888888886 0.05416666666666667 0.07592592592592592
1 0.37421875 0.49537037037037035 0.08802083333333334 0.12037037037037036
1 0.6044270833333333 0.5694444444444444 0.12864583333333332 0.2
1 0.44140625 0.33935185185185185 0.07552083333333333 0.11388888888888889
1 0.6963541666666667 0.21944444444444444 0.046875 0.05185185185185185
1 0.3729166666666667 0.25046296296296294 0.052083333333333336 0.07314814814814814
1 0.615625 0.38055555555555554 0.078125 0.1111111111111111
1 0.5447916666666667 0.47962962962962963 0.09479166666666666 0.1259259259259259
1 0.6708333333333333 0.17407407407407408 0.041666666666666664 0.06666666666666667
1 0.8377604166666667 0.8240740740740741 0.14635416666666667 0.20925925925925926
1 0.46458333333333335 0.16435185185185186 0.042708333333333334 0.058333333333333334
1 0.5041666666666667 0.19398148148148148 0.036458333333333336 0.05462962962962963
1 0.8416666666666667 0.40879629629629627 0.08645833333333333 0.12314814814814815
1 0.8572916666666667 0.29305555555555557 0.059375 0.06574074074074074
1 0.5072916666666667 0.4217592592592593 0.08229166666666667 0.13425925925925927
1 0.5276041666666667 0.29074074074074074 0.06145833333333333 0.09814814814814815
1 0.39296875 0.18055555555555555 0.0390625 0.05
1 0.53984375 0.21203703703703702 0.04635416666666667 0.07222222222222222
1 0.93359375 0.33194444444444443 0.07135416666666666 0.06944444444444445
1 0.16979166666666667 0.18055555555555555 0.036458333333333336 0.05
1 0.8091145833333333 0.26851851851851855 0.0515625 0.05925925925925926
1 0.4940104166666667 0.25833333333333336 0.04635416666666667 0.07592592592592592
1 0.37395833333333334 0.15416666666666667 0.03333333333333333 0.04722222222222222
1 0.20208333333333334 0.12453703703703704 0.028125 0.04537037037037037
1 0.5565104166666667 0.15 0.033854166666666664 0.03518518518518519
1 0.3609375 0.21712962962962962 0.04375 0.07314814814814814
1 0.5966145833333333 0.14629629629629629 0.0359375 0.04259259259259259
1 0.9778645833333334 0.31527777777777777 0.043229166666666666 0.08425925925925926
1 0.23958333333333334 0.15462962962962962 0.04375 0.06666666666666667
1 0.3341145833333333 0.1865740740740741 0.03697916666666667 0.06388888888888888
1 0.5213541666666667 0.11157407407407408 0.027083333333333334 0.03981481481481482
1 0.27890625 0.2550925925925926 0.05260416666666667 0.06759259259259259
1 0.7463541666666667 0.18009259259259258 0.041666666666666664 0.05648148148148148
1 0.2677083333333333 0.22407407407407406 0.04791666666666667 0.06481481481481481
1 0.5104166666666666 0.12731481481481483 0.030208333333333334 0.032407407407407406
1 0.29348958333333336 0.274537037037037 0.05572916666666667 0.0712962962962963
1 0.44505208333333335 0.14351851851851852 0.03802083333333333 0.04259259259259259
1 0.3497395833333333 0.1375 0.0359375 0.03796296296296296
1 0.7877604166666666 0.22685185185185186 0.0515625 0.06666666666666667
1 0.7513020833333334 0.21064814814814814 0.043229166666666666 0.06388888888888888
1 0.6559895833333333 0.14027777777777778 0.03697916666666667 0.05648148148148148
1 0.45859375 0.2324074074074074 0.050520833333333334 0.06851851851851852
1 0.2864583333333333 0.12546296296296297 0.027083333333333334 0.04722222222222222
1 0.31692708333333336 0.17407407407407408 0.03177083333333333 0.05925925925925926
1 0.98203125 0.20185185185185187 0.034895833333333334 0.053703703703703705
1 0.94296875 0.21157407407407408 0.05260416666666667 0.05277777777777778
1 0.82890625 0.15231481481481482 0.04114583333333333 0.062037037037037036
1 0.9447916666666667 0.24953703703703703 0.04791666666666667 0.07314814814814814
1 0.4283854166666667 0.19907407407407407 0.043229166666666666 0.07037037037037037
1 0.8421875 0.22962962962962963 0.046875 0.05
1 0.88984375 0.22592592592592592 0.05260416666666667 0.06111111111111111
1 0.8299479166666667 0.1986111111111111 0.0421875 0.05277777777777778
1 0.159375 0.10740740740740741 0.03229166666666667 0.05
1 0.20130208333333333 0.32083333333333336 0.0546875 0.08611111111111111
1 0.4390625 0.22361111111111112 0.030208333333333334 0.06018518518518518
1 0.7265625 0.1175925925925926 0.017708333333333333 0.053703703703703705
1 0.303125 0.1388888888888889 0.036458333333333336 0.044444444444444446
1 0.44973958333333336 0.07777777777777778 0.025520833333333333 0.03888888888888889
1 0.6015625 0.11898148148148148 0.025 0.032407407407407406
1 0.6278645833333333 0.125 0.030729166666666665 0.053703703703703705
1 0.40677083333333336 0.06805555555555555 0.015625 0.025
1 0.5794270833333334 0.13148148148148148 0.024479166666666666 0.040740740740740744
1 0.25807291666666665 0.18611111111111112 0.0390625 0.053703703703703705
1 0.428125 0.13148148148148148 0.034375 0.05740740740740741
1 0.1890625 0.08101851851851852 0.016666666666666666 0.025
1 0.421875 0.0699074074074074 0.020833333333333332 0.030555555555555555
1 0.19505208333333332 0.2935185185185185 0.05364583333333333 0.07037037037037037
1 0.25104166666666666 0.07685185185185185 0.019791666666666666 0.02962962962962963
1 0.46901041666666665 0.08796296296296297 0.025520833333333333 0.03518518518518519
1 0.2791666666666667 0.07268518518518519 0.017708333333333333 0.025
1 0.3424479166666667 0.1175925925925926 0.0359375 0.040740740740740744
1 0.5692708333333333 0.1175925925925926 0.028125 0.03333333333333333
1 0.225 0.10972222222222222 0.027083333333333334 0.03981481481481482
1 0.6421875 0.0912037037037037 0.020833333333333332 0.028703703703703703
1 0.9013020833333333 0.26435185185185184 0.0546875 0.06944444444444445
1 0.5580729166666667 0.09768518518518518 0.027604166666666666 0.04722222222222222
1 0.9341145833333333 0.9259259259259259 0.13072916666666667 0.14629629629629629
1 0.35703125 0.08518518518518518 0.022395833333333334 0.03148148148148148
1 0.16744791666666667 0.1537037037037037 0.0328125 0.03888888888888889
1 0.17552083333333332 0.22962962962962963 0.05 0.07222222222222222
1 0.1703125 0.13564814814814816 0.036458333333333336 0.032407407407407406
1 0.65703125 0.09768518518518518 0.018229166666666668 0.026851851851851852
1 0.18645833333333334 0.25601851851851853 0.058333333333333334 0.05277777777777778
1 0.7015625 0.13703703703703704 0.034375 0.04259259259259259