1 0.5265625 0.8273148148148148 0.14583333333333334 0.18981481481481483
1 0.2950520833333333 0.9300925925925926 0.17760416666666667 0.13796296296296295
1 0.7515625 0.7351851851851852 0.13541666666666666 0.18333333333333332
1 0.53203125 0.31203703703703706 0.0640625 0.08148148148148149
1 0.4265625 0.6310185185185185 0.11354166666666667 0.15648148148148147
1 0.61640625 0.3648148148148148 0.0796875 0.12222222222222222
1 0.5955729166666667 0.5412037037037037 0.09947916666666666 0.14537037037037037
1 0.20442708333333334 0.4962962962962963 0.1015625 0.12777777777777777
1 0.70234375 0.4550925925925926 0.07864583333333333 0.11574074074074074
1 0.5377604166666666 0.4847222222222222 0.0890625 0.11944444444444445
1 0.8354166666666667 0.5763888888888888 0.11041666666666666 0.1638888888888889
1 0.7442708333333333 0.48842592592592593 0.10520833333333333 0.1361111111111111
1 0.18645833333333334 0.412962962962963 0.07916666666666666 0.10185185185185185
1 0.6955729166666667 0.3162037037037037 0.0703125 0.10648148148148148
1 0.03411458333333333 0.4537037037037037 0.06822916666666666 0.12962962962962962
1 0.34661458333333334 0.4273148148148148 0.07864583333333333 0.10648148148148148
1 0.8067708333333333 0.40694444444444444 0.08541666666666667 0.11018518518518519
1 0.4765625 0.25324074074074077 0.053125 0.06944444444444445
1 0.3072916666666667 0.3175925925925926 0.059375 0.08333333333333333
1 0.44114583333333335 0.2273148148148148 0.046875 0.062037037037037036
1 0.5880208333333333 0.25416666666666665 0.053125 0.08055555555555556
1 0.40859375 0.5564814814814815 0.1015625 0.1388888888888889
1 0.65 0.2810185185185185 0.059375 0.08981481481481482
1 0.44947916666666665 0.3296296296296296 0.065625 0.1037037037037037
1 0.9484375 0.4875 0.10104166666666667 0.15462962962962962
1 0.82265625 0.23796296296296296 0.0515625 0.07777777777777778
1 0.3953125 0.27546296296296297 0.04895833333333333 0.075
1 0.18072916666666666 0.2949074074074074 0.053125 0.075
1 0.63359375 0.18101851851851852 0.043229166666666666 0.049074074074074076
1 0.9700520833333334 0.20092592592592592 0.05364583333333333 0.07407407407407407
1 0.3419270833333333 0.21944444444444444 0.03802083333333333 0.06111111111111111
1 0.8973958333333333 0.2740740740740741 0.06041666666666667 0.07777777777777778
1 0.4083333333333333 0.3050925925925926 0.046875 0.08055555555555556
1 0.6815104166666667 0.20972222222222223 0.044270833333333336 0.04351851851851852
1 0.42864583333333334 0.13796296296296295 0.034375 0.046296296296296294
1 0.4901041666666667 0.11666666666666667 0.027083333333333334 0.03333333333333333
1 0.6598958333333333 0.12222222222222222 0.029166666666666667 0.04259259259259259
1 0.3984375 0.17731481481481481 0.03125 0.04537037037037037
1 0.30182291666666666 0.15092592592592594 0.03177083333333333 0.03888888888888889
1 0.5072916666666667 0.41898148148148145 0.08541666666666667 0.13425925925925927
1 0.36640625 0.10185185185185185 0.0140625 0.03148148148148148
1 0.32369791666666664 0.18009259259259258 0.03177083333333333 0.06018518518518518
1 0.27578125 0.24722222222222223 0.058854166666666666 0.0962962962962963
1 0.3424479166666667 0.18564814814814815 0.0421875 0.04537037037037037
1 0.7346354166666667 0.12685185185185185 0.024479166666666666 0.037037037037037035
1 0.37083333333333335 0.23564814814814813 0.04791666666666667 0.08055555555555556
1 0.67265625 0.10555555555555556 0.024479166666666666 0.046296296296296294
1 0.22682291666666668 0.12222222222222222 0.030729166666666665 0.03888888888888889
1 0.60546875 0.1712962962962963 0.028645833333333332 0.03888888888888889
1 0.8583333333333333 0.19212962962962962 0.03229166666666667 0.049074074074074076
1 0.34739583333333335 0.1412037037037037 0.026041666666666668 0.03981481481481482
1 0.6940104166666666 0.16157407407407406 0.0359375 0.049074074074074076
1 0.16197916666666667 0.0837962962962963 0.025 0.030555555555555555
1 0.5755208333333334 0.15787037037037038 0.03229166666666667 0.032407407407407406
1 0.8020833333333334 0.19490740740740742 0.030208333333333334 0.05648148148148148
1 0.17395833333333333 0.13796296296296295 0.0375 0.046296296296296294
1 0.1828125 0.2574074074074074 0.05 0.05925925925925926
1 0.4283854166666667 0.1962962962962963 0.0453125 0.07037037037037037
1 0.6421875 0.16527777777777777 0.034375 0.05277777777777778
1 0.56796875 0.10138888888888889 0.022395833333333334 0.025
1 0.36354166666666665 0.15 0.03125 0.04259259259259259
1 0.7135416666666666 0.13703703703703704 0.03229166666666667 0.04259259259259259
1 0.41953125 0.12731481481481483 0.028645833333333332 0.049074074074074076
1 0.90078125 0.2310185185185185 0.05364583333333333 0.06018518518518518
1 0.7481770833333333 0.1550925925925926 0.0328125 0.028703703703703703
1 0.23489583333333333 0.13935185185185187 0.026041666666666668 0.03981481481481482
1 0.27421875 0.10694444444444444 0.033854166666666664 0.041666666666666664
1 0.8325520833333333 0.1837962962962963 0.0328125 0.058333333333333334
1 0.3229166666666667 0.10462962962962963 0.028125 0.040740740740740744
1 0.59453125 0.11064814814814815 0.0265625 0.03611111111111111
1 0.5721354166666667 0.23287037037037037 0.05260416666666667 0.08796296296296297
1 0.6096354166666667 0.1425925925925926 0.030729166666666665 0.02962962962962963
1 0.8877604166666667 0.21157407407407408 0.0515625 0.075
1 0.17161458333333332 0.23564814814814813 0.04114583333333333 0.07314814814814814
1 0.6421875 0.13240740740740742 0.03333333333333333 0.03518518518518519
1 0.2859375 0.12546296296296297 0.036458333333333336 0.032407407407407406
1 0.5518229166666667 0.08703703703703704 0.0234375 0.027777777777777776
1 0.3859375 0.16574074074074074 0.03125 0.053703703703703705
1 0.33515625 0.3611111111111111 0.06302083333333333 0.08518518518518518
1 0.4705729166666667 0.09212962962962963 0.0234375 0.026851851851851852
1 0.5091145833333334 0.10277777777777777 0.027604166666666666 0.05185185185185185
1 0.63125 0.12546296296296297 0.026041666666666668 0.030555555555555555
1 0.5578125 0.14305555555555555 0.029166666666666667 0.03425925925925926
1 0.7153645833333333 0.11018518518518519 0.019270833333333334 0.016666666666666666
1 0.34322916666666664 0.125 0.028125 0.044444444444444446
1 0.18385416666666668 0.07962962962962963 0.021875 0.024074074074074074
1 0.5518229166666667 0.11527777777777778 0.016145833333333335 0.025
1 0.64375 0.09259259259259259 0.028125 0.03518518518518519
1 0.334375 0.3351851851851852 0.051041666666666666 0.03518518518518519
1 0.49505208333333334 0.07962962962962963 0.0203125 0.03518518518518519
1 0.4348958333333333 0.08009259259259259 0.021875 0.03425925925925926
1 0.35703125 0.08796296296296297 0.0203125 0.03148148148148148
1 0.7177083333333333 0.19907407407407407 0.05 0.07037037037037037
1 0.9041666666666667 0.17083333333333334 0.04791666666666667 0.07314814814814814
1 0.7541666666666667 0.2074074074074074 0.03854166666666667 0.08518518518518518
1 0.3854166666666667 0.11666666666666667 0.03125 0.03888888888888889
1 0.26796875 0.21064814814814814 0.05364583333333333 0.06759259259259259
1 0.17604166666666668 0.19444444444444445 0.04895833333333333 0.07037037037037037
1 0.253125 0.17314814814814813 0.042708333333333334 0.053703703703703705