2 0.73203125 0.1037037037037037 0.0578125 0.11666666666666667
2 0.66171875 0.09305555555555556 0.050520833333333334 0.10092592592592593
1 0.78828125 0.5282407407407408 0.1078125 0.1361111111111111
1 0.9572916666666667 0.7037037037037037 0.084375 0.18518518518518517
1 0.64140625 0.6055555555555555 0.1203125 0.15925925925925927
1 0.3619791666666667 0.5703703703703704 0.11041666666666666 0.14074074074074075
1 0.5864583333333333 0.5194444444444445 0.10625 0.16296296296296298
1 0.4822916666666667 0.4060185185185185 0.090625 0.1361111111111111
1 0.6549479166666666 0.40925925925925927 0.08385416666666666 0.1111111111111111
1 0.03046875 0.49398148148148147 0.0609375 0.13425925925925927
1 0.4356770833333333 0.33194444444444443 0.0609375 0.08611111111111111
1 0.20807291666666666 0.375 0.06302083333333333 0.09814814814814815
1 0.32447916666666665 0.35833333333333334 0.06145833333333333 0.08333333333333333
1 0.49583333333333335 0.26342592592592595 0.05625 0.07685185185185185
1 0.30911458333333336 0.31342592592592594 0.058854166666666666 0.08055555555555556
1 0.7044270833333334 0.4625 0.09322916666666667 0.13055555555555556
1 0.49635416666666665 0.18703703703703703 0.04375 0.06481481481481481
1 0.41875 0.20092592592592592 0.03854166666666667 0.05555555555555555
1 0.2708333333333333 0.9569444444444445 0.15416666666666667 0.08425925925925926
1 0.7533854166666667 0.7768518518518519 0.17447916666666666 0.2740740740740741
1 0.9403645833333333 0.19212962962962962 0.044270833333333336 0.05277777777777778
1 0.89453125 0.3060185185185185 0.06510416666666667 0.06944444444444445
1 0.60078125 0.33935185185185185 0.07239583333333334 0.11574074074074074
1 0.9794270833333333 0.5212962962962963 0.04010416666666667 0.1537037037037037
1 0.39817708333333335 0.2847222222222222 0.05677083333333333 0.08055555555555556
1 0.39036458333333335 0.1699074074074074 0.03697916666666667 0.049074074074074076
1 0.6348958333333333 0.18935185185185185 0.03854166666666667 0.04537037037037037
1 0.5880208333333333 0.2439814814814815 0.051041666666666666 0.0824074074074074
1 0.7265625 0.23287037037037037 0.040625 0.05648148148148148
1 0.5596354166666667 0.13055555555555556 0.0296875 0.040740740740740744
1 0.5348958333333333 0.2962962962962963 0.05520833333333333 0.08333333333333333
1 0.17239583333333333 0.19907407407407407 0.0375 0.053703703703703705
1 0.984375 0.26851851851851855 0.030208333333333334 0.07037037037037037
1 0.9049479166666666 0.18194444444444444 0.0390625 0.05092592592592592
1 0.9403645833333333 0.2902777777777778 0.05572916666666667 0.07314814814814814
1 0.81796875 0.2759259259259259 0.05364583333333333 0.05555555555555555
1 0.18541666666666667 0.32592592592592595 0.0625 0.10740740740740741
1 0.5015625 0.10231481481481482 0.025 0.03425925925925926
1 0.2872395833333333 0.28935185185185186 0.0484375 0.07685185185185185
1 0.6903645833333333 0.18703703703703703 0.04114583333333333 0.05740740740740741
1 0.7875 0.13935185185185187 0.0375 0.05648148148148148
1 0.86015625 0.1925925925925926 0.03802083333333333 0.05925925925925926
1 0.8645833333333334 0.2569444444444444 0.052083333333333336 0.06759259259259259
1 0.3302083333333333 0.19027777777777777 0.034375 0.06574074074074074
1 0.196875 0.13518518518518519 0.027083333333333334 0.046296296296296294
1 0.8489583333333334 0.21435185185185185 0.04375 0.06018518518518518
1 0.2609375 0.2050925925925926 0.03854166666666667 0.05648148148148148
1 0.45390625 0.2212962962962963 0.04635416666666667 0.07592592592592592
1 0.70078125 0.1550925925925926 0.0359375 0.041666666666666664
1 0.4713541666666667 0.2523148148148148 0.03854166666666667 0.06759259259259259
1 0.47421875 0.16574074074074074 0.0359375 0.04814814814814815
1 0.9794270833333333 0.3587962962962963 0.04010416666666667 0.11574074074074074
1 0.75703125 0.24583333333333332 0.049479166666666664 0.05648148148148148
1 0.3651041666666667 0.1527777777777778 0.034375 0.040740740740740744
1 0.31276041666666665 0.1597222222222222 0.04010416666666667 0.06018518518518518
1 0.3736979166666667 0.24212962962962964 0.04739583333333333 0.08055555555555556
1 0.4578125 0.15555555555555556 0.030208333333333334 0.05185185185185185
1 0.62265625 0.15416666666666667 0.03697916666666667 0.062037037037037036
1 0.41432291666666665 0.6305555555555555 0.12135416666666667 0.1537037037037037
1 0.81875 0.1875 0.041666666666666664 0.030555555555555555
1 0.4453125 0.14537037037037037 0.03333333333333333 0.05740740740740741
1 0.33645833333333336 0.07453703703703704 0.027083333333333334 0.030555555555555555
1 0.40963541666666664 0.06805555555555555 0.0203125 0.021296296296296296
1 0.16953125 0.14907407407407408 0.0390625 0.03518518518518519
1 0.17447916666666666 0.2439814814814815 0.05520833333333333 0.05462962962962963
1 0.4796875 0.1111111111111111 0.025 0.027777777777777776
1 0.80703125 0.23287037037037037 0.050520833333333334 0.07314814814814814
1 0.72421875 0.2013888888888889 0.044270833333333336 0.05648148148148148
1 0.52265625 0.13148148148148148 0.0265625 0.03148148148148148
1 0.2942708333333333 0.13657407407407407 0.029166666666666667 0.049074074074074076
1 0.38307291666666665 0.2708333333333333 0.0390625 0.06759259259259259
1 0.7565104166666666 0.1699074074074074 0.0296875 0.041666666666666664
1 0.9567708333333333 0.33287037037037037 0.051041666666666666 0.06018518518518518
1 0.5911458333333334 0.11574074074074074 0.03229166666666667 0.05185185185185185
1 0.30442708333333335 0.09166666666666666 0.022395833333333334 0.03333333333333333
1 0.5690104166666666 0.11203703703703703 0.021354166666666667 0.037037037037037035
1 0.15416666666666667 0.1 0.03333333333333333 0.022222222222222223
1 0.56640625 0.09074074074074075 0.0234375 0.03148148148148148
1 0.43671875 0.0712962962962963 0.0234375 0.03518518518518519
1 0.5346354166666667 0.09166666666666666 0.03177083333333333 0.046296296296296294
1 0.3502604166666667 0.20833333333333334 0.0390625 0.06851851851851852
1 0.24921875 0.18194444444444444 0.0484375 0.049074074074074076
1 0.6205729166666667 0.12175925925925926 0.030729166666666665 0.04351851851851852
1 0.45859375 0.07592592592592592 0.028645833333333332 0.044444444444444446
1 0.27317708333333335 0.21342592592592594 0.0390625 0.041666666666666664
1 0.253125 0.0824074074074074 0.022916666666666665 0.03333333333333333
1 0.6080729166666666 0.08564814814814815 0.022395833333333334 0.032407407407407406
1 0.31302083333333336 0.10601851851851851 0.01875 0.03425925925925926
1 0.2755208333333333 0.11018518518518519 0.026041666666666668 0.03518518518518519
1 0.2296875 0.13055555555555556 0.03333333333333333 0.03888888888888889
1 0.690625 0.10555555555555556 0.029166666666666667 0.044444444444444446
1 0.3567708333333333 0.08333333333333333 0.021875 0.025925925925925925
1 0.16796875 0.1685185185185185 0.0359375 0.04259259259259259
1 0.16822916666666668 0.0824074074074074 0.035416666666666666 0.02962962962962963
1 0.334375 0.10972222222222222 0.03333333333333333 0.03981481481481482
1 0.27786458333333336 0.25046296296296294 0.049479166666666664 0.06944444444444445
1 0.196875 0.08333333333333333 0.025 0.025925925925925925
1 0.76640625 0.12361111111111112 0.0171875 0.04351851851851852
1 0.17838541666666666 0.2796296296296296 0.05572916666666667 0.07407407407407407
1 0.6291666666666667 0.09305555555555556 0.021875 0.030555555555555555
1 0.7588541666666667 0.19814814814814816 0.026041666666666668 0.040740740740740744
1 0.26588541666666665 0.09814814814814815 0.030729166666666665 0.037037037037037035
1 0.47578125 0.08981481481481482 0.03177083333333333 0.037037037037037035
1 0.16302083333333334 0.12175925925925926 0.04479166666666667 0.03611111111111111
1 0.48359375 0.06805555555555555 0.019270833333333334 0.025
1 0.24296875 0.14814814814814814 0.0421875 0.03148148148148148
1 0.54609375 0.22268518518518518 0.044270833333333336 0.06574074074074074