2 0.9606770833333333 0.1736111111111111 0.07760416666666667 0.18425925925925926
2 0.73671875 0.4203703703703704 0.1234375 0.23703703703703705
1 0.80703125 0.8055555555555556 0.14635416666666667 0.18888888888888888
1 0.9692708333333333 0.30648148148148147 0.06041666666666667 0.08888888888888889
1 0.62578125 0.37962962962962965 0.07552083333333333 0.1
1 0.18098958333333334 0.5787037037037037 0.10364583333333334 0.12407407407407407
1 0.21484375 0.6537037037037037 0.1078125 0.14444444444444443
1 0.52890625 0.4615740740740741 0.08489583333333334 0.125
1 0.4703125 0.7412037037037037 0.13125 0.18425925925925926
1 0.6565104166666667 0.43425925925925923 0.049479166666666664 0.1111111111111111
1 0.3776041666666667 0.47638888888888886 0.0875 0.12129629629629629
1 0.6265625 0.18564814814814815 0.04375 0.03796296296296296
1 0.5401041666666667 0.31527777777777777 0.058333333333333334 0.08425925925925926
1 0.5026041666666666 0.2763888888888889 0.057291666666666664 0.075
1 0.6239583333333333 0.2967592592592593 0.058333333333333334 0.08055555555555556
1 0.553125 0.8555555555555555 0.16145833333333334 0.26296296296296295
1 0.29375 0.3148148148148148 0.06041666666666667 0.07962962962962963
1 0.83671875 0.2462962962962963 0.05677083333333333 0.08888888888888889
1 0.19296875 0.2800925925925926 0.050520833333333334 0.0787037037037037
1 0.5953125 0.26157407407407407 0.058333333333333334 0.08425925925925926
1 0.2671875 0.225 0.041666666666666664 0.05555555555555555
1 0.3546875 0.4125 0.09270833333333334 0.14722222222222223
1 0.5122395833333333 0.4101851851851852 0.07135416666666666 0.10925925925925926
1 0.86328125 0.5939814814814814 0.13489583333333333 0.21944444444444444
1 0.4354166666666667 0.3337962962962963 0.07291666666666667 0.12129629629629629
1 0.5963541666666666 0.14814814814814814 0.034375 0.04814814814814815
1 0.703125 0.22870370370370371 0.04375 0.06481481481481481
1 0.18802083333333333 0.4 0.07916666666666666 0.10740740740740741
1 0.7377604166666667 0.20555555555555555 0.03802083333333333 0.05925925925925926
1 0.9544270833333334 0.25324074074074077 0.058854166666666666 0.075
1 0.3971354166666667 0.17592592592592593 0.03802083333333333 0.05925925925925926
1 0.8958333333333334 0.175 0.0375 0.06296296296296296
1 0.1890625 0.48009259259259257 0.07708333333333334 0.125
1 0.3703125 0.27870370370370373 0.03854166666666667 0.07222222222222222
1 0.34322916666666664 0.21157407407407408 0.035416666666666666 0.058333333333333334
1 0.6401041666666667 0.12962962962962962 0.03854166666666667 0.05925925925925926
1 0.40729166666666666 0.12407407407407407 0.029166666666666667 0.04259259259259259
1 0.24036458333333333 0.14675925925925926 0.034895833333333334 0.04351851851851852
1 0.9143229166666667 0.18101851851851852 0.022395833333333334 0.07314814814814814
1 0.6684895833333333 0.12453703703703704 0.021354166666666667 0.03611111111111111
1 0.29661458333333335 0.14444444444444443 0.033854166666666664 0.05555555555555555
1 0.4934895833333333 0.10138888888888889 0.03177083333333333 0.04537037037037037
1 0.3802083333333333 0.10324074074074074 0.026041666666666668 0.04722222222222222
1 0.3651041666666667 0.2388888888888889 0.051041666666666666 0.08333333333333333
1 0.44895833333333335 0.15601851851851853 0.034375 0.05462962962962963
1 0.45208333333333334 0.08287037037037037 0.020833333333333332 0.03425925925925926
1 0.26536458333333335 0.10416666666666667 0.024479166666666666 0.03981481481481482
1 0.5794270833333334 0.13935185185185187 0.028645833333333332 0.04722222222222222
1 0.3377604166666667 0.1912037037037037 0.0453125 0.058333333333333334
1 0.36041666666666666 0.14907407407407408 0.04479166666666667 0.05555555555555555
1 0.5171875 0.1162037037037037 0.028125 0.03425925925925926
1 0.22890625 0.13564814814814816 0.033854166666666664 0.03796296296296296
1 0.7010416666666667 0.12916666666666668 0.030208333333333334 0.032407407407407406
1 0.33880208333333334 0.12037037037037036 0.0265625 0.03518518518518519
1 0.68515625 0.17777777777777778 0.0390625 0.06666666666666667
1 0.2796875 0.11898148148148148 0.027083333333333334 0.04537037037037037
1 0.71640625 0.16203703703703703 0.027604166666666666 0.03518518518518519
1 0.74296875 0.14444444444444443 0.0359375 0.053703703703703705
1 0.25 0.17546296296296296 0.03958333333333333 0.05092592592592592
1 0.16848958333333333 0.08564814814814815 0.027604166666666666 0.028703703703703703
1 0.3223958333333333 0.16944444444444445 0.034375 0.05925925925925926
1 0.7151041666666667 0.1361111111111111 0.027083333333333334 0.027777777777777776
1 0.80234375 0.19490740740740742 0.03177083333333333 0.0712962962962963
1 0.39739583333333334 0.11666666666666667 0.028125 0.04814814814814815
1 0.60390625 0.11712962962962963 0.03177083333333333 0.05277777777777778
1 0.46901041666666665 0.0912037037037037 0.027604166666666666 0.03611111111111111
1 0.9158854166666667 0.9393518518518519 0.1671875 0.11944444444444445
1 0.43645833333333334 0.20555555555555555 0.042708333333333334 0.07407407407407407
1 0.4119791666666667 0.19490740740740742 0.03229166666666667 0.06018518518518518
1 0.26458333333333334 0.2 0.04583333333333333 0.04814814814814815
1 0.47369791666666666 0.2537037037037037 0.0484375 0.07037037037037037
1 0.8778645833333333 0.1648148148148148 0.03802083333333333 0.06296296296296296
1 0.40520833333333334 0.2967592592592593 0.053125 0.11203703703703703
1 0.5614583333333333 0.1111111111111111 0.034375 0.06296296296296296
1 0.5403645833333334 0.06574074074074074 0.022395833333333334 0.03148148148148148
1 0.7002604166666667 0.1925925925925926 0.0421875 0.05555555555555555
1 0.16744791666666667 0.14675925925925926 0.03177083333333333 0.03981481481481482
1 0.32057291666666665 0.1162037037037037 0.024479166666666666 0.03425925925925926
1 0.18880208333333334 0.2324074074074074 0.0421875 0.06851851851851852
1 0.43697916666666664 0.075 0.017708333333333333 0.02962962962962963
1 0.4296875 0.1425925925925926 0.026041666666666668 0.040740740740740744
1 0.62734375 0.10462962962962963 0.022395833333333334 0.03888888888888889
1 0.18125 0.2050925925925926 0.042708333333333334 0.075
1 0.32838541666666665 0.07314814814814814 0.0203125 0.022222222222222223
1 0.1765625 0.18472222222222223 0.04791666666666667 0.05648148148148148
1 0.41354166666666664 0.0699074074074074 0.017708333333333333 0.021296296296296296
1 0.5807291666666666 0.075 0.027083333333333334 0.022222222222222223
1 0.4596354166666667 0.24259259259259258 0.04114583333333333 0.06481481481481481