2 0.9653645833333333 0.1814814814814815 0.06822916666666666 0.1685185185185185
2 0.9424479166666667 0.7222222222222222 0.1140625 0.5518518518518518
2 0.8661458333333333 0.11342592592592593 0.06875 0.11203703703703703
2 0.8984375 0.41388888888888886 0.14166666666666666 0.16111111111111112
1 0.7098958333333333 0.4777777777777778 0.09270833333333334 0.12037037037037036
1 0.59453125 0.5402777777777777 0.1046875 0.13425925925925927
1 0.059895833333333336 0.4671296296296296 0.08333333333333333 0.11018518518518519
1 0.1984375 0.39861111111111114 0.06770833333333333 0.09166666666666666
1 0.471875 0.40694444444444444 0.075 0.09537037037037037
1 0.8486979166666667 0.2916666666666667 0.06614583333333333 0.05925925925925926
1 0.8471354166666667 0.5907407407407408 0.08697916666666666 0.19814814814814816
1 0.92265625 0.28379629629629627 0.059895833333333336 0.08425925925925926
1 0.5177083333333333 0.44537037037037036 0.07916666666666666 0.1111111111111111
1 0.77734375 0.39351851851851855 0.08177083333333333 0.1037037037037037
1 0.7239583333333334 0.20694444444444443 0.04479166666666667 0.062037037037037036
1 0.30182291666666666 0.30416666666666664 0.05677083333333333 0.0787037037037037
1 0.012239583333333333 0.5074074074074074 0.024479166666666666 0.11666666666666667
1 0.97734375 0.36203703703703705 0.044270833333333336 0.08518518518518518
1 0.44296875 0.22037037037037038 0.04114583333333333 0.06111111111111111
1 0.47578125 0.2574074074074074 0.0453125 0.06666666666666667
1 0.19270833333333334 0.3587962962962963 0.065625 0.08055555555555556
1 0.415625 0.19953703703703704 0.042708333333333334 0.05648148148148148
1 0.5809895833333333 0.34074074074074073 0.07760416666666667 0.1259259259259259
1 0.45859375 0.7842592592592592 0.1453125 0.26296296296296295
1 0.3546875 0.425 0.078125 0.1259259259259259
1 0.4979166666666667 0.18564814814814815 0.06145833333333333 0.06388888888888888
1 0.41171875 0.2962962962962963 0.0578125 0.07962962962962963
1 0.20572916666666666 0.13564814814814816 0.028125 0.03796296296296296
1 0.865625 0.19490740740740742 0.04479166666666667 0.058333333333333334
1 0.26953125 0.22407407407407406 0.0484375 0.06111111111111111
1 0.4861979166666667 0.2796296296296296 0.030729166666666665 0.07037037037037037
1 0.3299479166666667 0.40046296296296297 0.06822916666666666 0.09907407407407408
1 0.18619791666666666 0.20462962962962963 0.0390625 0.06111111111111111
1 0.24817708333333333 0.17037037037037037 0.03697916666666667 0.04259259259259259
1 0.64296875 0.16574074074074074 0.0390625 0.05555555555555555
1 0.7075520833333333 0.1925925925925926 0.0390625 0.05925925925925926
1 0.39453125 0.11574074074074074 0.0390625 0.04814814814814815
1 0.3182291666666667 0.17777777777777778 0.03854166666666667 0.06296296296296296
1 0.6083333333333333 0.15324074074074073 0.03854166666666667 0.041666666666666664
1 0.6989583333333333 0.1449074074074074 0.042708333333333334 0.041666666666666664
1 0.17265625 0.30833333333333335 0.0515625 0.08703703703703704
1 0.253125 0.08425925925925926 0.021875 0.03518518518518519
1 0.2791666666666667 0.11666666666666667 0.030208333333333334 0.04259259259259259
1 0.6752604166666667 0.17685185185185184 0.04114583333333333 0.06666666666666667
1 0.89765625 0.25092592592592594 0.07447916666666667 0.08703703703703704
1 0.3606770833333333 0.13935185185185187 0.03697916666666667 0.05092592592592592
1 0.6682291666666667 0.11712962962962963 0.028125 0.025
1 0.56015625 0.125 0.034895833333333334 0.053703703703703705
1 0.2669270833333333 0.09768518518518518 0.0296875 0.041666666666666664
1 0.16744791666666667 0.11851851851851852 0.0296875 0.03333333333333333
1 0.3966145833333333 0.17777777777777778 0.03697916666666667 0.046296296296296294
1 0.5278645833333333 0.11898148148148148 0.016145833333333335 0.03981481481481482
1 0.23619791666666667 0.15787037037037038 0.0390625 0.04537037037037037
1 0.63984375 0.0962962962962963 0.0359375 0.03333333333333333
1 0.34713541666666664 0.0763888888888889 0.022395833333333334 0.032407407407407406
1 0.3963541666666667 0.07083333333333333 0.015625 0.025
1 0.3645833333333333 0.09212962962962963 0.029166666666666667 0.03981481481481482
1 0.51875 0.11157407407407408 0.028125 0.04537037037037037
1 0.18177083333333333 0.17083333333333334 0.035416666666666666 0.041666666666666664
1 0.23567708333333334 0.13333333333333333 0.03177083333333333 0.027777777777777776
1 0.30390625 0.14953703703703702 0.03697916666666667 0.049074074074074076
1 0.34401041666666665 0.2013888888888889 0.043229166666666666 0.06944444444444445
1 0.18229166666666666 0.26990740740740743 0.04791666666666667 0.08796296296296297
1 0.37057291666666664 0.2324074074074074 0.05364583333333333 0.08888888888888889
1 0.48203125 0.09398148148148149 0.0234375 0.03981481481481482
1 0.5044270833333333 0.10462962962962963 0.025520833333333333 0.040740740740740744
1 0.33828125 0.11944444444444445 0.028645833333333332 0.04814814814814815
1 0.39088541666666665 0.14675925925925926 0.033854166666666664 0.05092592592592592
1 0.38229166666666664 0.2675925925925926 0.04583333333333333 0.07222222222222222
1 0.4283854166666667 0.07314814814814814 0.022395833333333334 0.03333333333333333
1 0.5791666666666667 0.12175925925925926 0.017708333333333333 0.05092592592592592
1 0.8494791666666667 0.18287037037037038 0.03854166666666667 0.06574074074074074
1 0.9158854166666667 0.18564814814814815 0.0359375 0.05092592592592592
1 0.29348958333333336 0.13518518518518519 0.028645833333333332 0.05185185185185185
1 0.71953125 0.12685185185185185 0.028645833333333332 0.03148148148148148
1 0.6690104166666667 0.1361111111111111 0.0265625 0.024074074074074074
1 0.6294270833333333 0.12037037037037036 0.0484375 0.037037037037037035
1 0.47239583333333335 0.07083333333333333 0.01875 0.032407407407407406
1 0.2942708333333333 0.2712962962962963 0.057291666666666664 0.0962962962962963
1 0.17213541666666668 0.15046296296296297 0.0359375 0.04351851851851852
1 0.5309895833333333 0.2800925925925926 0.06927083333333334 0.11388888888888889
1 0.21901041666666668 0.09861111111111111 0.0390625 0.03981481481481482
1 0.6580729166666667 0.624537037037037 0.1234375 0.17685185185185184
1 0.7317708333333334 0.15555555555555556 0.028125 0.03148148148148148
1 0.9015625 0.18009259259259258 0.030208333333333334 0.05277777777777778
1 0.45625 0.08472222222222223 0.026041666666666668 0.03611111111111111
1 0.33958333333333335 0.2273148148148148 0.025 0.06388888888888888
1 0.7643229166666666 0.17222222222222222 0.05677083333333333 0.06481481481481481
1 0.5325520833333334 0.22361111111111112 0.0796875 0.08055555555555556