3 0.9263020833333333 0.2689814814814815 0.06822916666666666 0.10277777777777777
2 0.9002604166666667 0.17916666666666667 0.08697916666666666 0.18055555555555555
2 0.9294270833333333 0.13796296296296295 0.08072916666666667 0.16111111111111112
1 0.10208333333333333 0.41898148148148145 0.075 0.10092592592592593
1 0.22109375 0.7273148148148149 0.1328125 0.17314814814814813
1 0.4765625 0.7574074074074074 0.14375 0.18888888888888888
1 0.4270833333333333 0.5810185185185185 0.10625 0.14537037037037037
1 0.6971354166666667 0.4648148148148148 0.09427083333333333 0.11851851851851852
1 0.3653645833333333 0.47685185185185186 0.08489583333333334 0.12037037037037036
1 0.90078125 0.9175925925925926 0.17447916666666666 0.16296296296296298
1 0.28489583333333335 0.9435185185185185 0.19791666666666666 0.1111111111111111
1 0.18880208333333334 0.35648148148148145 0.06510416666666667 0.09074074074074075
1 0.5276041666666667 0.3101851851851852 0.06354166666666666 0.08148148148148149
1 0.59140625 0.5125 0.0984375 0.15833333333333333
1 0.6947916666666667 0.1912037037037037 0.040625 0.05648148148148148
1 0.5903645833333333 0.3560185185185185 0.07135416666666666 0.09907407407407408
1 0.51640625 0.44814814814814813 0.08385416666666666 0.11481481481481481
1 0.9877604166666667 0.20787037037037037 0.0234375 0.062037037037037036
1 0.78984375 0.38425925925925924 0.08072916666666667 0.11851851851851852
1 0.5010416666666667 0.18703703703703703 0.03958333333333333 0.05740740740740741
1 0.4114583333333333 0.1287037037037037 0.022916666666666665 0.03888888888888889
1 0.4796875 0.39351851851851855 0.071875 0.10185185185185185
1 0.45625 0.2337962962962963 0.0375 0.062037037037037036
1 0.43828125 0.31805555555555554 0.06302083333333333 0.10648148148148148
1 0.5578125 0.15138888888888888 0.034375 0.032407407407407406
1 0.9041666666666667 0.6222222222222222 0.134375 0.20925925925925926
1 0.40625 0.29212962962962963 0.046875 0.07314814814814814
1 0.384375 0.25601851851851853 0.05416666666666667 0.08425925925925926
1 0.39427083333333335 0.18333333333333332 0.03333333333333333 0.046296296296296294
1 0.3302083333333333 0.19074074074074074 0.046875 0.06296296296296296
1 0.17552083333333332 0.17453703703703705 0.040625 0.05648148148148148
1 0.39140625 0.1087962962962963 0.025520833333333333 0.03796296296296296
1 0.7440104166666667 0.17546296296296296 0.0421875 0.058333333333333334
1 0.684375 0.15092592592592594 0.036458333333333336 0.05740740740740741
1 0.3763020833333333 0.15555555555555556 0.033854166666666664 0.05185185185185185
1 0.22265625 0.17546296296296296 0.0453125 0.0712962962962963
1 0.3109375 0.3351851851851852 0.07604166666666666 0.12407407407407407
1 0.41875 0.19537037037037036 0.0375 0.05740740740740741
1 0.71796875 0.13935185185185187 0.028645833333333332 0.041666666666666664
1 0.3567708333333333 0.13518518518518519 0.034375 0.053703703703703705
1 0.9822916666666667 0.5287037037037037 0.034375 0.1685185185185185
1 0.29609375 0.12314814814814815 0.0296875 0.040740740740740744
1 0.47708333333333336 0.1685185185185185 0.036458333333333336 0.05555555555555555
1 0.9205729166666666 0.45416666666666666 0.10885416666666667 0.15092592592592594
1 0.43697916666666664 0.14166666666666666 0.03958333333333333 0.06296296296296296
1 0.4421875 0.21666666666666667 0.03958333333333333 0.06666666666666667
1 0.15625 0.09953703703703703 0.027083333333333334 0.041666666666666664
1 0.7640625 0.11527777777777778 0.0375 0.030555555555555555
1 0.646875 0.10185185185185185 0.019791666666666666 0.03333333333333333
1 0.7817708333333333 0.22824074074074074 0.04895833333333333 0.06018518518518518
1 0.66015625 0.13287037037037036 0.0328125 0.032407407407407406
1 0.50078125 0.2518518518518518 0.0671875 0.07777777777777778
1 0.5630208333333333 0.10601851851851851 0.03125 0.03796296296296296
1 0.2989583333333333 0.15231481481481482 0.03125 0.03611111111111111
1 0.6174479166666667 0.10601851851851851 0.024479166666666666 0.041666666666666664
1 0.6111979166666667 0.1476851851851852 0.04114583333333333 0.06388888888888888
1 0.584375 0.09444444444444444 0.023958333333333335 0.03148148148148148
1 0.27109375 0.11203703703703703 0.024479166666666666 0.04259259259259259
1 0.18203125 0.29953703703703705 0.0546875 0.08981481481481482
1 0.31223958333333335 0.2777777777777778 0.0671875 0.07777777777777778
1 0.2598958333333333 0.21712962962962962 0.042708333333333334 0.07685185185185185
1 0.7546875 0.34629629629629627 0.07708333333333334 0.12962962962962962
1 0.16666666666666666 0.27314814814814814 0.051041666666666666 0.07037037037037037
1 0.34921875 0.08287037037037037 0.021354166666666667 0.032407407407407406
1 0.4375 0.09166666666666666 0.022916666666666665 0.027777777777777776
1 0.5104166666666666 0.08009259259259259 0.019791666666666666 0.017592592592592594
1 0.2671875 0.16666666666666666 0.040625 0.05
1 0.49453125 0.11527777777777778 0.024479166666666666 0.028703703703703703
1 0.15729166666666666 0.22453703703703703 0.040625 0.049074074074074076
1 0.5830729166666667 0.14027777777777778 0.018229166666666668 0.04722222222222222
1 0.784375 0.14537037037037037 0.035416666666666666 0.03888888888888889
1 0.22864583333333333 0.11388888888888889 0.029166666666666667 0.05
1 0.17630208333333333 0.11990740740740741 0.028645833333333332 0.032407407407407406
1 0.17135416666666667 0.08287037037037037 0.022916666666666665 0.025
1 0.48984375 0.0912037037037037 0.021354166666666667 0.021296296296296296
1 0.17604166666666668 0.23287037037037037 0.04895833333333333 0.04537037037037037
1 0.7989583333333333 0.7717592592592593 0.159375 0.24537037037037038
1 0.27395833333333336 0.2222222222222222 0.04895833333333333 0.06296296296296296
1 0.40598958333333335 0.06851851851851852 0.021354166666666667 0.024074074074074074
1 0.6096354166666667 0.0837962962962963 0.0265625 0.032407407407407406
1 0.50390625 0.27685185185185185 0.05260416666666667 0.053703703703703705
1 0.2375 0.14212962962962963 0.03333333333333333 0.03796296296296296
1 0.5192708333333333 0.1287037037037037 0.03333333333333333 0.037037037037037035
1 0.553125 0.1175925925925926 0.01875 0.03333333333333333
1 0.2864583333333333 0.27037037037037037 0.04791666666666667 0.09259259259259259
1 0.6666666666666666 0.11203703703703703 0.028125 0.022222222222222223
1 0.21822916666666667 0.08842592592592592 0.030208333333333334 0.04722222222222222
1 0.7963541666666667 0.19074074074074074 0.022916666666666665 0.05555555555555555
1 0.6489583333333333 0.16805555555555557 0.0375 0.058333333333333334
1 0.36380208333333336 0.23194444444444445 0.03802083333333333 0.07685185185185185
1 0.48020833333333335 0.075 0.020833333333333332 0.03518518518518519
1 0.85546875 0.16435185185185186 0.0140625 0.05648148148148148