3 0.9388020833333334 0.27314814814814814 0.06927083333333334 0.10555555555555556
2 0.909375 0.18194444444444444 0.0875 0.1787037037037037
2 0.9359375 0.13842592592592592 0.08333333333333333 0.16018518518518518
1 0.4627604166666667 0.7333333333333333 0.1359375 0.1814814814814815
1 0.11197916666666667 0.4111111111111111 0.071875 0.1
1 0.6859375 0.45694444444444443 0.090625 0.1175925925925926
1 0.27369791666666665 0.9263888888888889 0.1890625 0.14537037037037037
1 0.86953125 0.9018518518518519 0.1671875 0.19444444444444445
1 0.42135416666666664 0.5671296296296297 0.10416666666666667 0.14166666666666666
1 0.5229166666666667 0.30462962962962964 0.06145833333333333 0.07777777777777778
1 0.18828125 0.35 0.06302083333333333 0.09074074074074075
1 0.5096354166666667 0.4375 0.0828125 0.11388888888888889
1 0.3614583333333333 0.4666666666666667 0.08333333333333333 0.12037037037037036
1 0.7013020833333333 0.1925925925925926 0.0421875 0.05740740740740741
1 0.58125 0.49953703703703706 0.096875 0.15462962962962962
1 0.47421875 0.3861111111111111 0.0703125 0.1
1 0.40989583333333335 0.12638888888888888 0.022916666666666665 0.03796296296296296
1 0.77734375 0.37546296296296294 0.08072916666666667 0.1175925925925926
1 0.4973958333333333 0.1837962962962963 0.040625 0.05462962962962963
1 0.5841145833333333 0.35 0.0703125 0.0962962962962963
1 0.40260416666666665 0.2884259259259259 0.04583333333333333 0.07314814814814814
1 0.45364583333333336 0.22962962962962963 0.0375 0.06111111111111111
1 0.4356770833333333 0.31203703703703706 0.0609375 0.1037037037037037
1 0.5619791666666667 0.15231481481481482 0.034375 0.032407407407407406
1 0.38203125 0.25277777777777777 0.05260416666666667 0.08148148148148149
1 0.44036458333333334 0.21296296296296297 0.04010416666666667 0.06666666666666667
1 0.9708333333333333 0.5148148148148148 0.057291666666666664 0.17037037037037037
1 0.30833333333333335 0.3287037037037037 0.07395833333333333 0.12407407407407407
1 0.17526041666666667 0.17314814814814813 0.04010416666666667 0.05740740740740741
1 0.9033854166666667 0.44305555555555554 0.10572916666666667 0.14537037037037037
1 0.8822916666666667 0.6046296296296296 0.13020833333333334 0.2037037037037037
1 0.65390625 0.1699074074074074 0.03697916666666667 0.058333333333333334
1 0.7911458333333333 0.23055555555555557 0.04791666666666667 0.06111111111111111
1 0.3919270833333333 0.1814814814814815 0.0328125 0.044444444444444446
1 0.37447916666666664 0.15462962962962962 0.034375 0.053703703703703705
1 0.74921875 0.17777777777777778 0.0421875 0.05555555555555555
1 0.4739583333333333 0.16527777777777777 0.035416666666666666 0.05462962962962963
1 0.21848958333333332 0.17407407407407408 0.04739583333333333 0.07222222222222222
1 0.6901041666666666 0.1537037037037037 0.0375 0.05555555555555555
1 0.4161458333333333 0.1935185185185185 0.03854166666666667 0.05740740740740741
1 0.4348958333333333 0.1398148148148148 0.03958333333333333 0.06111111111111111
1 0.21744791666666666 0.7050925925925926 0.1296875 0.1712962962962963
1 0.16432291666666668 0.26990740740740743 0.04739583333333333 0.06759259259259259
1 0.7231770833333333 0.13935185185185187 0.0296875 0.041666666666666664
1 0.790625 0.14583333333333334 0.036458333333333336 0.03796296296296296
1 0.7440104166666667 0.3398148148148148 0.0765625 0.12777777777777777
1 0.5541666666666667 0.11898148148148148 0.021875 0.03425925925925926
1 0.5658854166666667 0.10694444444444444 0.030729166666666665 0.03796296296296296
1 0.496875 0.25462962962962965 0.06354166666666666 0.08888888888888889
1 0.18177083333333333 0.2967592592592593 0.052083333333333336 0.09166666666666666
1 0.8630208333333333 0.16435185185185186 0.016666666666666666 0.06018518518518518
1 0.34921875 0.12453703703703704 0.03697916666666667 0.041666666666666664
1 0.2734375 0.21851851851851853 0.04791666666666667 0.05925925925925926
1 0.80078125 0.19166666666666668 0.0296875 0.05740740740740741
1 0.671875 0.11296296296296296 0.026041666666666668 0.024074074074074074
1 0.35494791666666664 0.1388888888888889 0.03177083333333333 0.04259259259259259
1 0.496875 0.11666666666666667 0.025 0.02962962962962963
1 0.15625 0.09814814814814815 0.027083333333333334 0.04259259259259259
1 0.76953125 0.11435185185185186 0.03697916666666667 0.028703703703703703
1 0.2708333333333333 0.10972222222222222 0.025 0.04351851851851852
1 0.34791666666666665 0.08148148148148149 0.022916666666666665 0.03333333333333333
1 0.51484375 0.1259259259259259 0.019270833333333334 0.03148148148148148
1 0.6205729166666667 0.10416666666666667 0.025520833333333333 0.03425925925925926
1 0.26015625 0.21435185185185185 0.0421875 0.07685185185185185
1 0.328125 0.1875 0.04583333333333333 0.062037037037037036
1 0.6497395833333334 0.10185185185185185 0.0203125 0.03518518518518519
1 0.22838541666666667 0.11296296296296296 0.028645833333333332 0.04814814814814815
1 0.6153645833333333 0.1486111111111111 0.04114583333333333 0.06574074074074074
1 0.43984375 0.09305555555555556 0.0234375 0.028703703703703703
1 0.5872395833333334 0.09583333333333334 0.024479166666666666 0.032407407407407406
1 0.33828125 0.10972222222222222 0.03177083333333333 0.05462962962962963
1 0.5130208333333334 0.08101851851851852 0.019791666666666666 0.019444444444444445
1 0.49244791666666665 0.0912037037037037 0.021354166666666667 0.021296296296296296
1 0.5903645833333333 0.14444444444444443 0.024479166666666666 0.05185185185185185
1 0.7736979166666667 0.7453703703703703 0.14739583333333334 0.23703703703703705
1 0.2830729166666667 0.26666666666666666 0.049479166666666664 0.09074074074074075
1 0.17604166666666668 0.11990740740740741 0.030208333333333334 0.03981481481481482
1 0.3619791666666667 0.22916666666666666 0.03854166666666667 0.075
1 0.3328125 0.07037037037037037 0.016666666666666666 0.022222222222222223
1 0.165625 0.14722222222222223 0.027083333333333334 0.040740740740740744
1 0.7528645833333333 0.14074074074074075 0.0359375 0.024074074074074074
1 0.53359375 0.1300925925925926 0.0328125 0.03611111111111111
1 0.23776041666666667 0.1425925925925926 0.0328125 0.040740740740740744
1 0.15911458333333334 0.22407407407407406 0.0390625 0.053703703703703705
1 0.45989583333333334 0.08425925925925926 0.022916666666666665 0.037037037037037035
1 0.38984375 0.10648148148148148 0.0265625 0.037037037037037035
1 0.2953125 0.13425925925925927 0.03125 0.06481481481481481
1 0.40677083333333336 0.06666666666666667 0.019791666666666666 0.022222222222222223
1 0.21770833333333334 0.09027777777777778 0.029166666666666667 0.041666666666666664
1 0.17734375 0.23055555555555557 0.0484375 0.04259259259259259
1 0.26927083333333335 0.16435185185185186 0.035416666666666666 0.049074074074074076
1 0.6653645833333334 0.13240740740740742 0.0328125 0.025925925925925925
1 0.30911458333333336 0.2712962962962963 0.0640625 0.07222222222222222
1 0.9916666666666667 0.21064814814814814 0.015625 0.06018518518518518