2 0.85234375 0.1425925925925926 0.0703125 0.15555555555555556
2 0.9333333333333333 0.6055555555555555 0.13229166666666667 0.337037037037037
2 0.7440104166666667 0.11574074074074074 0.06302083333333333 0.11481481481481481
1 0.20989583333333334 0.837037037037037 0.14895833333333333 0.17777777777777778
1 0.76796875 0.5166666666666667 0.1015625 0.1259259259259259
1 0.7473958333333334 0.3773148148148148 0.075 0.10092592592592593
1 0.675 0.6550925925925926 0.12604166666666666 0.1675925925925926
1 0.8434895833333333 0.6055555555555555 0.06510416666666667 0.15185185185185185
1 0.45598958333333334 0.6708333333333333 0.12239583333333333 0.16574074074074074
1 0.8799479166666667 0.27314814814814814 0.0609375 0.07407407407407407
1 0.6309895833333333 0.5685185185185185 0.0984375 0.14629629629629629
1 0.9455729166666667 0.35 0.0734375 0.09444444444444444
1 0.18802083333333333 0.3416666666666667 0.0625 0.09074074074074075
1 0.7947916666666667 0.2675925925925926 0.058333333333333334 0.05925925925925926
1 0.6458333333333334 0.4041666666666667 0.07708333333333334 0.10648148148148148
1 0.40260416666666665 0.5685185185185185 0.125 0.19814814814814816
1 0.5096354166666667 0.29305555555555557 0.049479166666666664 0.0824074074074074
1 0.4049479166666667 0.28564814814814815 0.06302083333333333 0.09722222222222222
1 0.4940104166666667 0.18425925925925926 0.04010416666666667 0.06296296296296296
1 0.60859375 0.1787037037037037 0.04010416666666667 0.040740740740740744
1 0.22526041666666666 0.6625 0.1140625 0.1712962962962963
1 0.653125 0.17175925925925925 0.03854166666666667 0.049074074074074076
1 0.2838541666666667 0.2638888888888889 0.046875 0.06481481481481481
1 0.19583333333333333 0.27175925925925926 0.04791666666666667 0.07314814814814814
1 0.5671875 0.3421296296296296 0.06875 0.09351851851851851
1 0.73515625 0.20416666666666666 0.04635416666666667 0.075
1 0.5606770833333333 0.15555555555555556 0.03177083333333333 0.040740740740740744
1 0.5377604166666666 0.3125 0.0609375 0.08981481481481482
1 0.4942708333333333 0.4337962962962963 0.09895833333333333 0.15462962962962962
1 0.8390625 0.24166666666666667 0.046875 0.06296296296296296
1 0.46536458333333336 0.16805555555555557 0.0296875 0.04537037037037037
1 0.44427083333333334 0.3476851851851852 0.06458333333333334 0.11018518518518519
1 0.3723958333333333 0.16111111111111112 0.030208333333333334 0.044444444444444446
1 0.33619791666666665 0.34074074074074073 0.06927083333333334 0.06851851851851852
1 0.4640625 0.3861111111111111 0.065625 0.1037037037037037
1 0.96953125 0.2986111111111111 0.059895833333333336 0.08796296296296297
1 0.7026041666666667 0.3263888888888889 0.06979166666666667 0.10277777777777777
1 0.37447916666666664 0.2490740740740741 0.041666666666666664 0.06666666666666667
1 0.4328125 0.1449074074074074 0.034375 0.05092592592592592
1 0.5549479166666667 0.12129629629629629 0.021354166666666667 0.02962962962962963
1 0.4703125 0.2462962962962963 0.052083333333333336 0.08518518518518518
1 0.8244791666666667 0.20833333333333334 0.04791666666666667 0.05925925925925926
1 0.35859375 0.22083333333333333 0.04114583333333333 0.06574074074074074
1 0.42473958333333334 0.20277777777777778 0.04635416666666667 0.06296296296296296
1 0.44765625 0.225 0.0390625 0.06481481481481481
1 0.7106770833333333 0.1648148148148148 0.03697916666666667 0.05740740740740741
1 0.3341145833333333 0.3925925925925926 0.0734375 0.1
1 0.3567708333333333 0.1375 0.03125 0.04351851851851852
1 0.39739583333333334 0.17685185185185184 0.040625 0.06296296296296296
1 0.2765625 0.23981481481481481 0.046875 0.06111111111111111
1 0.24817708333333333 0.16712962962962963 0.03697916666666667 0.05092592592592592
1 0.20208333333333334 0.5592592592592592 0.10104166666666667 0.1814814814814815
1 0.2591145833333333 0.20092592592592592 0.04739583333333333 0.05740740740740741
1 0.27734375 0.11527777777777778 0.0296875 0.04537037037037037
1 0.48828125 0.10138888888888889 0.025520833333333333 0.032407407407407406
1 0.17213541666666668 0.16296296296296298 0.033854166666666664 0.037037037037037035
1 0.46979166666666666 0.08888888888888889 0.029166666666666667 0.040740740740740744
1 0.896875 0.1712962962962963 0.027083333333333334 0.06481481481481481
1 0.33697916666666666 0.19398148148148148 0.03854166666666667 0.06574074074074074
1 0.5140625 0.10972222222222222 0.025 0.041666666666666664
1 0.2921875 0.9375 0.159375 0.12314814814814815
1 0.33932291666666664 0.125 0.0296875 0.03518518518518519
1 0.31640625 0.16712962962962963 0.034895833333333334 0.058333333333333334
1 0.23307291666666666 0.14212962962962963 0.03802083333333333 0.06018518518518518
1 0.3424479166666667 0.07777777777777778 0.024479166666666666 0.03333333333333333
1 0.29453125 0.13194444444444445 0.0328125 0.05092592592592592
1 0.56484375 0.10277777777777777 0.0265625 0.040740740740740744
1 0.6541666666666667 0.10601851851851851 0.027083333333333334 0.03425925925925926
1 0.6484375 0.13564814814814816 0.027083333333333334 0.028703703703703703
1 0.6325520833333333 0.15555555555555556 0.030729166666666665 0.044444444444444446
1 0.16692708333333334 0.09351851851851851 0.028645833333333332 0.03333333333333333
1 0.4203125 0.12916666666666668 0.03125 0.03981481481481482
1 0.5526041666666667 0.07175925925925926 0.025 0.026851851851851852
1 0.58984375 0.11296296296296296 0.03177083333333333 0.05185185185185185
1 0.9442708333333333 0.24305555555555555 0.059375 0.08611111111111111
1 0.684375 0.14675925925925926 0.03333333333333333 0.05648148148148148
1 0.4044270833333333 0.1175925925925926 0.030729166666666665 0.05185185185185185
1 0.30494791666666665 0.15648148148148147 0.030729166666666665 0.053703703703703705
1 0.17057291666666666 0.1425925925925926 0.0328125 0.03518518518518519
1 0.5901041666666667 0.08518518518518518 0.026041666666666668 0.018518518518518517
1 0.615625 0.13842592592592592 0.03333333333333333 0.041666666666666664
1 0.8080729166666667 0.1439814814814815 0.024479166666666666 0.058333333333333334
1 0.32135416666666666 0.07453703703703704 0.025 0.026851851851851852
1 0.6638020833333333 0.125 0.016145833333333335 0.037037037037037035
1 0.5255208333333333 0.11435185185185186 0.017708333333333333 0.04722222222222222
1 0.6239583333333333 0.11157407407407408 0.026041666666666668 0.03611111111111111
1 0.5260416666666666 0.08425925925925926 0.026041666666666668 0.022222222222222223
1 0.34427083333333336 0.2125 0.026041666666666668 0.05648148148148148
1 0.17578125 0.20879629629629629 0.04739583333333333 0.06944444444444445
1 0.5471354166666667 0.12361111111111112 0.03697916666666667 0.03425925925925926
1 0.209375 0.1162037037037037 0.025 0.03981481481481482
1 0.184375 0.24166666666666667 0.04791666666666667 0.08333333333333333
1 0.4453125 0.08287037037037037 0.025 0.026851851851851852