1 0.8486979166666667 0.5666666666666667 0.1171875 0.15555555555555556
1 0.36744791666666665 0.4722222222222222 0.0828125 0.11296296296296296
1 0.5921875 0.5731481481481482 0.12604166666666666 0.18888888888888888
1 0.20807291666666666 0.5046296296296297 0.0953125 0.12777777777777777
1 0.9458333333333333 0.687962962962963 0.10729166666666666 0.1962962962962963
1 0.9403645833333333 0.937962962962963 0.11822916666666666 0.12222222222222222
1 0.32526041666666666 0.9555555555555556 0.17760416666666667 0.08703703703703704
1 0.8020833333333334 0.8013888888888889 0.16145833333333334 0.25277777777777777
1 0.5119791666666667 0.4305555555555556 0.078125 0.1111111111111111
1 0.5690104166666666 0.3277777777777778 0.06822916666666666 0.09444444444444444
1 0.06145833333333333 0.43703703703703706 0.08854166666666667 0.1425925925925926
1 0.34661458333333334 0.39490740740740743 0.07239583333333334 0.09907407407407408
1 0.6822916666666666 0.30787037037037035 0.06458333333333334 0.10092592592592593
1 0.6807291666666667 0.975462962962963 0.15416666666666667 0.04722222222222222
1 0.4546875 0.35509259259259257 0.06770833333333333 0.09722222222222222
1 0.32005208333333335 0.36203703703703705 0.06302083333333333 0.09074074074074075
1 0.7213541666666666 0.44722222222222224 0.09479166666666666 0.14629629629629629
1 0.5609375 0.15416666666666667 0.03125 0.03796296296296296
1 0.45625 0.23657407407407408 0.04791666666666667 0.06388888888888888
1 0.5393229166666667 0.30972222222222223 0.050520833333333334 0.0824074074074074
1 0.6184895833333334 0.3736111111111111 0.07135416666666666 0.10462962962962963
1 0.41875 0.19537037037037036 0.041666666666666664 0.05
1 0.559375 0.2273148148148148 0.05 0.0787037037037037
1 0.878125 0.30787037037037035 0.07083333333333333 0.05648148148148148
1 0.5005208333333333 0.2652777777777778 0.05520833333333333 0.08981481481481482
1 0.8390625 0.21435185185185185 0.04479166666666667 0.062037037037037036
1 0.17057291666666666 0.23148148148148148 0.04114583333333333 0.05925925925925926
1 0.78984375 0.25787037037037036 0.06510416666666667 0.06759259259259259
1 0.8466145833333333 0.16203703703703703 0.03697916666666667 0.04814814814814815
1 0.35572916666666665 0.2310185185185185 0.036458333333333336 0.06018518518518518
1 0.18203125 0.3416666666666667 0.06927083333333334 0.08888888888888889
1 0.26640625 0.24166666666666667 0.0390625 0.06481481481481481
1 0.35208333333333336 0.0837962962962963 0.03229166666666667 0.03611111111111111
1 0.49947916666666664 0.1875 0.0375 0.062037037037037036
1 0.43046875 0.33055555555555555 0.050520833333333334 0.08148148148148149
1 0.5252604166666667 0.20787037037037037 0.043229166666666666 0.06944444444444445
1 0.38828125 0.17592592592592593 0.04010416666666667 0.05555555555555555
1 0.88984375 0.2574074074074074 0.05260416666666667 0.05185185185185185
1 0.8783854166666667 0.22870370370370371 0.050520833333333334 0.07407407407407407
1 0.65078125 0.19444444444444445 0.03697916666666667 0.040740740740740744
1 0.6192708333333333 0.27685185185185185 0.057291666666666664 0.07777777777777778
1 0.3484375 0.21435185185185185 0.0375 0.06018518518518518
1 0.5190104166666667 0.11064814814814815 0.028645833333333332 0.03796296296296296
1 0.98125 0.3055555555555556 0.036458333333333336 0.11666666666666667
1 0.3880208333333333 0.2449074074074074 0.04791666666666667 0.0824074074074074
1 0.6768229166666667 0.14027777777777778 0.034895833333333334 0.03981481481481482
1 0.29791666666666666 0.30092592592592593 0.05625 0.07962962962962963
1 0.9356770833333333 0.28703703703703703 0.0578125 0.09259259259259259
1 0.18098958333333334 0.20694444444444443 0.04010416666666667 0.05648148148148148
1 0.6734375 0.16944444444444445 0.036458333333333336 0.046296296296296294
1 0.38723958333333336 0.10925925925925926 0.027604166666666666 0.03888888888888889
1 0.4859375 0.175 0.040625 0.06851851851851852
1 0.6846354166666667 0.2162037037037037 0.043229166666666666 0.04537037037037037
1 0.7419270833333333 0.2361111111111111 0.049479166666666664 0.05740740740740741
1 0.76015625 0.15416666666666667 0.030729166666666665 0.04351851851851852
1 0.8192708333333333 0.15092592592592594 0.03125 0.04259259259259259
1 0.9802083333333333 0.23287037037037037 0.03854166666666667 0.06574074074074074
1 0.72421875 0.1685185185185185 0.03802083333333333 0.053703703703703705
1 0.7361979166666667 0.20416666666666666 0.044270833333333336 0.062037037037037036
1 0.6208333333333333 0.1574074074074074 0.034375 0.05
1 0.409375 0.29444444444444445 0.057291666666666664 0.09444444444444444
1 0.44817708333333334 0.09675925925925925 0.025520833333333333 0.026851851851851852
1 0.31875 0.10324074074074074 0.022916666666666665 0.03425925925925926
1 0.2989583333333333 0.14305555555555555 0.026041666666666668 0.05092592592592592
1 0.7997395833333333 0.1884259259259259 0.030729166666666665 0.058333333333333334
1 0.70859375 0.1125 0.0296875 0.04722222222222222
1 0.7783854166666667 0.20972222222222223 0.0390625 0.03425925925925926
1 0.6338541666666667 0.1287037037037037 0.03229166666666667 0.03518518518518519
1 0.36171875 0.1425925925925926 0.0296875 0.04259259259259259
1 0.7356770833333334 0.11944444444444445 0.034895833333333334 0.044444444444444446
1 0.6440104166666667 0.1597222222222222 0.030729166666666665 0.032407407407407406
1 0.6244791666666667 0.18194444444444444 0.030208333333333334 0.03611111111111111
1 0.5684895833333333 0.1287037037037037 0.0328125 0.05555555555555555
1 0.19713541666666667 0.10416666666666667 0.025520833333333333 0.030555555555555555
1 0.28828125 0.12222222222222222 0.024479166666666666 0.040740740740740744
1 0.3151041666666667 0.17407407407407408 0.025 0.04814814814814815
1 0.3109375 0.15694444444444444 0.034375 0.05648148148148148
1 0.3606770833333333 0.1259259259259259 0.030729166666666665 0.03518518518518519
1 0.378125 0.09861111111111111 0.027083333333333334 0.03611111111111111
1 0.4713541666666667 0.09212962962962963 0.025 0.03611111111111111
1 0.6390625 0.10740740740740741 0.026041666666666668 0.03888888888888889
1 0.33958333333333335 0.12175925925925926 0.026041666666666668 0.03981481481481482
1 0.24947916666666667 0.0787037037037037 0.023958333333333335 0.03148148148148148
1 0.565625 0.075 0.019791666666666666 0.02962962962962963
1 0.23567708333333334 0.15185185185185185 0.033854166666666664 0.03888888888888889
1 0.3859375 0.14583333333333334 0.035416666666666666 0.03981481481481482
1 0.33307291666666666 0.07361111111111111 0.016145833333333335 0.026851851851851852
1 0.32369791666666664 0.11712962962962963 0.018229166666666668 0.032407407407407406
1 0.2565104166666667 0.19722222222222222 0.04739583333333333 0.07962962962962963
1 0.23203125 0.12407407407407407 0.034895833333333334 0.027777777777777776
1 0.4828125 0.11157407407407408 0.026041666666666668 0.028703703703703703
1 0.16276041666666666 0.12314814814814815 0.044270833333333336 0.05555555555555555
1 0.17083333333333334 0.16666666666666666 0.0375 0.03148148148148148
1 0.7432291666666667 0.17731481481481481 0.03958333333333333 0.05092592592592592
1 0.58828125 0.0912037037037037 0.019270833333333334 0.04351851851851852
1 0.43255208333333334 0.07314814814814814 0.016145833333333335 0.024074074074074074
1 0.28880208333333335 0.2662037037037037 0.049479166666666664 0.06944444444444445
1 0.2125 0.0763888888888889 0.021875 0.023148148148148147
1 0.33619791666666665 0.18611111111111112 0.0390625 0.06851851851851852
1 0.18671875 0.28935185185185186 0.050520833333333334 0.06018518518518518
1 0.16927083333333334 0.29953703703703705 0.05 0.06018518518518518
1 0.1796875 0.15601851851851853 0.03333333333333333 0.05648148148148148
1 0.25 0.1712962962962963 0.04479166666666667 0.06111111111111111