2 0.9161458333333333 0.15787037037037038 0.08229166666666667 0.16944444444444445
2 0.7994791666666666 0.475462962962963 0.13958333333333334 0.2675925925925926
2 0.7869791666666667 0.1287037037037037 0.0625 0.12777777777777777
1 0.6700520833333333 0.42083333333333334 0.08385416666666666 0.10648148148148148
1 0.17473958333333334 0.6555555555555556 0.11614583333333334 0.14074074074074075
1 0.22734375 0.750462962962963 0.1234375 0.1675925925925926
1 0.5736979166666667 0.5199074074074074 0.1015625 0.1361111111111111
1 0.9453125 0.937962962962963 0.10833333333333334 0.12222222222222222
1 0.5471354166666667 0.8888888888888888 0.16197916666666667 0.21296296296296297
1 0.7127604166666667 0.48564814814814816 0.0484375 0.12314814814814815
1 0.5484375 0.45787037037037037 0.08020833333333334 0.12129629629629629
1 0.19322916666666667 0.30185185185185187 0.057291666666666664 0.07777777777777778
1 0.6559895833333333 0.32037037037037036 0.06510416666666667 0.08888888888888889
1 0.5239583333333333 0.2967592592592593 0.06041666666666667 0.08055555555555556
1 0.5770833333333333 0.3416666666666667 0.06354166666666666 0.09074074074074075
1 0.39791666666666664 0.5328703703703703 0.09791666666666667 0.13425925925925927
1 0.6846354166666667 0.950462962962963 0.1921875 0.09722222222222222
1 0.31015625 0.33935185185185185 0.06927083333333334 0.08425925925925926
1 0.9486979166666667 0.6986111111111111 0.1015625 0.2601851851851852
1 0.6010416666666667 0.17314814814814813 0.036458333333333336 0.040740740740740744
1 0.91484375 0.28055555555555556 0.058854166666666666 0.08333333333333333
1 0.359375 0.29768518518518516 0.059375 0.075
1 0.9755208333333333 0.3125 0.04791666666666667 0.08055555555555556
1 0.26979166666666665 0.23703703703703705 0.042708333333333334 0.05925925925925926
1 0.6255208333333333 0.2773148148148148 0.06354166666666666 0.08055555555555556
1 0.6989583333333333 0.1912037037037037 0.040625 0.05277777777777778
1 0.57578125 0.13842592592592592 0.0328125 0.04537037037037037
1 0.9380208333333333 0.32546296296296295 0.06666666666666667 0.09166666666666666
1 0.19739583333333333 0.5351851851851852 0.09166666666666666 0.1388888888888889
1 0.44921875 0.3638888888888889 0.08177083333333333 0.13148148148148148
1 0.7932291666666667 0.22870370370370371 0.052083333333333336 0.08148148148148149
1 0.18932291666666667 0.4462962962962963 0.08385416666666666 0.12777777777777777
1 0.3528645833333333 0.22314814814814815 0.03697916666666667 0.06111111111111111
1 0.365625 0.4597222222222222 0.10104166666666667 0.16203703703703703
1 0.37942708333333336 0.24027777777777778 0.05572916666666667 0.06388888888888888
1 0.47552083333333334 0.25925925925925924 0.042708333333333334 0.07407407407407407
1 0.40729166666666666 0.1824074074074074 0.04375 0.05925925925925926
1 0.4981770833333333 0.27361111111111114 0.049479166666666664 0.0824074074074074
1 0.415625 0.12962962962962962 0.03229166666666667 0.04259259259259259
1 0.42239583333333336 0.20416666666666666 0.035416666666666666 0.062037037037037036
1 0.41432291666666665 0.3055555555555556 0.0640625 0.09814814814814815
1 0.44114583333333335 0.15 0.027083333333333334 0.04259259259259259
1 0.2526041666666667 0.18287037037037038 0.041666666666666664 0.05462962962962963
1 0.18880208333333334 0.2449074074074074 0.0453125 0.06944444444444445
1 0.90078125 0.23425925925925925 0.0546875 0.07037037037037037
1 0.3453125 0.12638888888888888 0.030208333333333334 0.03611111111111111
1 0.44765625 0.21851851851851853 0.0453125 0.07777777777777778
1 0.6625 0.2 0.040625 0.04259259259259259
1 0.61875 0.12129629629629629 0.035416666666666666 0.05740740740740741
1 0.459375 0.08611111111111111 0.023958333333333335 0.03518518518518519
1 0.5052083333333334 0.10787037037037037 0.026041666666666668 0.03425925925925926
1 0.30078125 0.15 0.034895833333333334 0.06111111111111111
1 0.2390625 0.15185185185185185 0.029166666666666667 0.046296296296296294
1 0.32578125 0.1763888888888889 0.03697916666666667 0.062037037037037036
1 0.6872395833333333 0.15046296296296297 0.028645833333333332 0.030555555555555555
1 0.3580729166666667 0.14675925925925926 0.028645833333333332 0.03981481481481482
1 0.21041666666666667 0.10648148148148148 0.022916666666666665 0.04259259259259259
1 0.2833333333333333 0.12175925925925926 0.028125 0.049074074074074076
1 0.44192708333333336 0.07777777777777778 0.018229166666666668 0.03148148148148148
1 0.5606770833333333 0.12916666666666668 0.0296875 0.04722222222222222
1 0.26796875 0.10740740740740741 0.025520833333333333 0.040740740740740744
1 0.26666666666666666 0.21203703703703702 0.04375 0.053703703703703705
1 0.4078125 0.06574074074074074 0.021875 0.022222222222222223
1 0.4828125 0.09444444444444444 0.030208333333333334 0.04259259259259259
1 0.6466145833333333 0.11574074074074074 0.027604166666666666 0.04259259259259259
1 0.40390625 0.12129629629629629 0.0296875 0.05
1 0.6559895833333333 0.16620370370370371 0.03697916666666667 0.06759259259259259
1 0.5885416666666666 0.11064814814814815 0.030208333333333334 0.049074074074074076
1 0.8513020833333333 0.1550925925925926 0.034895833333333334 0.06018518518518518
1 0.33177083333333335 0.0712962962962963 0.021875 0.025925925925925925
1 0.3880208333333333 0.10694444444444444 0.028125 0.049074074074074076
1 0.32890625 0.11574074074074074 0.024479166666666666 0.03333333333333333
1 0.6111979166666667 0.09490740740740741 0.021354166666666667 0.028703703703703703
1 0.73046875 0.16111111111111112 0.0359375 0.05925925925925926
1 0.3171875 0.10324074074074074 0.0375 0.03981481481481482
1 0.46171875 0.17175925925925925 0.03697916666666667 0.04722222222222222
1 0.6828125 0.11990740740740741 0.026041666666666668 0.032407407407407406
1 0.8653645833333333 0.1648148148148148 0.0296875 0.05925925925925926
1 0.16640625 0.1537037037037037 0.030729166666666665 0.040740740740740744
1 0.4203125 0.33425925925925926 0.053125 0.09074074074074075
1 0.9567708333333333 0.18703703703703703 0.014583333333333334 0.07037037037037037
1 0.69375 0.13055555555555556 0.022916666666666665 0.03148148148148148
1 0.17942708333333332 0.22824074074074074 0.043229166666666666 0.058333333333333334
1 0.2296875 0.1310185185185185 0.03333333333333333 0.058333333333333334
1 0.17604166666666668 0.19074074074074074 0.04791666666666667 0.06481481481481481
1 0.3455729166666667 0.2 0.0390625 0.06111111111111111
1 0.7546875 0.18009259259259258 0.03125 0.06574074074074074
1 0.5270833333333333 0.11666666666666667 0.014583333333333334 0.044444444444444446
1 0.6723958333333333 0.17222222222222222 0.034375 0.044444444444444446
1 0.3734375 0.1574074074074074 0.03854166666666667 0.05555555555555555