3 0.9770833333333333 0.6847222222222222 0.04479166666666667 0.36574074074074076
2 0.828125 0.13564814814814816 0.06666666666666667 0.14722222222222223
2 0.7278645833333334 0.11203703703703703 0.0671875 0.11666666666666667
1 0.8200520833333333 0.5662037037037037 0.11197916666666667 0.13796296296296295
1 0.24427083333333333 0.9194444444444444 0.165625 0.15925925925925927
1 0.79296875 0.4064814814814815 0.08072916666666667 0.10925925925925926
1 0.4934895833333333 0.7476851851851852 0.13697916666666668 0.18796296296296297
1 0.7388020833333333 0.7328703703703704 0.14010416666666667 0.18796296296296297
1 0.68125 0.4375 0.08333333333333333 0.11574074074074074
1 0.59140625 0.3648148148148148 0.07239583333333334 0.0962962962962963
1 0.18020833333333333 0.3574074074074074 0.06666666666666667 0.10185185185185185
1 0.6765625 0.6300925925925925 0.10833333333333334 0.16203703703703703
1 0.415625 0.3013888888888889 0.06666666666666667 0.10092592592592593
1 0.525 0.3101851851851852 0.053125 0.08518518518518518
1 0.34739583333333335 0.42083333333333334 0.07395833333333333 0.10277777777777777
1 0.8963541666666667 0.31342592592592594 0.07083333333333333 0.06574074074074074
1 0.46145833333333336 0.3685185185185185 0.06875 0.11851851851851852
1 0.3359375 0.3773148148148148 0.07604166666666666 0.09722222222222222
1 0.48515625 0.4101851851851852 0.07135416666666666 0.10925925925925926
1 0.43020833333333336 0.6268518518518519 0.15 0.21666666666666667
1 0.5075520833333333 0.19305555555555556 0.04114583333333333 0.06574074074074074
1 0.5572916666666666 0.33101851851851855 0.059375 0.09537037037037037
1 0.52421875 0.4685185185185185 0.10677083333333333 0.1648148148148148
1 0.8486979166666667 0.25787037037037036 0.0578125 0.06944444444444445
1 0.6354166666666666 0.16435185185185186 0.0375 0.04722222222222222
1 0.9177083333333333 0.6699074074074074 0.08958333333333333 0.16944444444444445
1 0.7145833333333333 0.1935185185185185 0.04479166666666667 0.07407407407407407
1 0.5927083333333333 0.1699074074074074 0.03854166666666667 0.03981481481481482
1 0.48463541666666665 0.2601851851851852 0.05572916666666667 0.08888888888888889
1 0.7419270833333333 0.34953703703703703 0.0734375 0.10833333333333334
1 0.43359375 0.21157407407407408 0.04739583333333333 0.06388888888888888
1 0.2375 0.7347222222222223 0.11770833333333333 0.18981481481481483
1 0.38515625 0.26157407407407407 0.04739583333333333 0.06944444444444445
1 0.44192708333333336 0.15138888888888888 0.0359375 0.05277777777777778
1 0.47630208333333335 0.1763888888888889 0.03177083333333333 0.049074074074074076
1 0.8033854166666666 0.1884259259259259 0.033854166666666664 0.03981481481481482
1 0.8080729166666667 0.2361111111111111 0.04635416666666667 0.06851851851851852
1 0.2903645833333333 0.2759259259259259 0.049479166666666664 0.06851851851851852
1 0.4588541666666667 0.23564814814814813 0.040625 0.06759259259259259
1 0.27890625 0.2490740740740741 0.04635416666666667 0.06481481481481481
1 0.9265625 0.27546296296296297 0.06041666666666667 0.075
1 0.3640625 0.22962962962962963 0.04479166666666667 0.06851851851851852
1 0.37890625 0.16712962962962963 0.03177083333333333 0.04722222222222222
1 0.20546875 0.6162037037037037 0.10989583333333333 0.20277777777777778
1 0.9661458333333334 0.35694444444444445 0.06666666666666667 0.09722222222222222
1 0.9846354166666667 0.3023148148148148 0.0296875 0.06574074074074074
1 0.4075520833333333 0.1837962962962963 0.04010416666666667 0.06574074074074074
1 0.75625 0.24675925925925926 0.052083333333333336 0.049074074074074076
1 0.6924479166666667 0.15601851851851853 0.03697916666666667 0.05648148148148148
1 0.48151041666666666 0.09861111111111111 0.024479166666666666 0.032407407407407406
1 0.2328125 0.14583333333333334 0.036458333333333336 0.062037037037037036
1 0.17161458333333332 0.16712962962962963 0.034895833333333334 0.041666666666666664
1 0.8744791666666667 0.16527777777777777 0.03229166666666667 0.06388888888888888
1 0.5432291666666667 0.14212962962962963 0.03229166666666667 0.03611111111111111
1 0.3223958333333333 0.1726851851851852 0.035416666666666666 0.06018518518518518
1 0.6658854166666667 0.1388888888888889 0.0328125 0.053703703703703705
1 0.28125 0.11666666666666667 0.028125 0.044444444444444446
1 0.17057291666666666 0.12453703703703704 0.0296875 0.023148148148148147
1 0.3609375 0.14305555555555555 0.030208333333333334 0.04351851851851852
1 0.26119791666666664 0.2074074074074074 0.04739583333333333 0.05925925925925926
1 0.20729166666666668 0.11805555555555555 0.026041666666666668 0.041666666666666664
1 0.4635416666666667 0.08657407407407407 0.027083333333333334 0.041666666666666664
1 0.5989583333333334 0.13194444444444445 0.030208333333333334 0.03796296296296296
1 0.3424479166666667 0.2013888888888889 0.04010416666666667 0.06944444444444445
1 0.5802083333333333 0.08009259259259259 0.022916666666666665 0.013888888888888888
1 0.19817708333333334 0.2833333333333333 0.049479166666666664 0.07592592592592592
1 0.3455729166666667 0.08055555555555556 0.027604166666666666 0.03148148148148148
1 0.9036458333333334 0.23287037037037037 0.05520833333333333 0.07685185185185185
1 0.2513020833333333 0.1712962962962963 0.03802083333333333 0.053703703703703705
1 0.21796875 0.08194444444444444 0.0328125 0.030555555555555555
1 0.34921875 0.2222222222222222 0.027604166666666666 0.05925925925925926
1 0.5794270833333334 0.1087962962962963 0.033854166666666664 0.05092592592592592
1 0.3307291666666667 0.11388888888888889 0.034375 0.03888888888888889
1 0.43697916666666664 0.08101851851851852 0.023958333333333335 0.028703703703703703
1 0.6328125 0.12916666666666668 0.027083333333333334 0.026851851851851852
1 0.6140625 0.10601851851851851 0.023958333333333335 0.030555555555555555
1 0.16953125 0.1425925925925926 0.030729166666666665 0.03148148148148148
1 0.41067708333333336 0.12916666666666668 0.028645833333333332 0.041666666666666664
1 0.6869791666666667 0.10972222222222222 0.01875 0.032407407407407406
1 0.6166666666666667 0.1476851851851852 0.03125 0.04351851851851852
1 0.3424479166666667 0.1287037037037037 0.028645833333333332 0.03518518518518519
1 0.30859375 0.16018518518518518 0.030729166666666665 0.05740740740740741
1 0.6411458333333333 0.10648148148148148 0.021875 0.02962962962962963
1 0.5565104166666667 0.09907407407407408 0.024479166666666666 0.040740740740740744
1 0.6598958333333333 0.09259259259259259 0.021875 0.016666666666666666
1 0.53984375 0.11898148148148148 0.03177083333333333 0.03796296296296296
1 0.5458333333333333 0.07083333333333333 0.025 0.028703703703703703
1 0.42890625 0.13194444444444445 0.030729166666666665 0.03796296296296296
1 0.17526041666666667 0.21435185185185185 0.04739583333333333 0.0712962962962963
1 0.5197916666666667 0.11203703703703703 0.025 0.044444444444444446
1 0.1671875 0.09722222222222222 0.029166666666666667 0.03518518518518519
1 0.9731770833333333 0.25416666666666665 0.05260416666666667 0.06759259259259259
1 0.18802083333333333 0.25324074074074077 0.051041666666666666 0.08425925925925926
1 0.7893229166666667 0.1412037037037037 0.015104166666666667 0.058333333333333334