2 0.7393229166666667 0.11018518518518519 0.058854166666666666 0.12777777777777777
2 0.6658854166666667 0.09398148148148149 0.0515625 0.10277777777777777
1 0.7638020833333333 0.5060185185185185 0.10260416666666666 0.13055555555555556
1 0.3684895833333333 0.5439814814814815 0.10572916666666667 0.1361111111111111
1 0.9380208333333333 0.6662037037037037 0.12291666666666666 0.17314814814814813
1 0.47421875 0.39305555555555555 0.08802083333333334 0.13055555555555556
1 0.6223958333333334 0.5800925925925926 0.115625 0.15092592592592594
1 0.4296875 0.324537037037037 0.06041666666666667 0.08425925925925926
1 0.3203125 0.3490740740740741 0.06041666666666667 0.08148148148148149
1 0.0421875 0.47638888888888886 0.084375 0.1361111111111111
1 0.4080729166666667 0.6037037037037037 0.1109375 0.14814814814814814
1 0.7119791666666667 0.9643518518518519 0.190625 0.06944444444444445
1 0.6856770833333333 0.4486111111111111 0.09010416666666667 0.1287037037037037
1 0.25677083333333334 0.9287037037037037 0.178125 0.14074074074074075
1 0.6393229166666666 0.39814814814814814 0.07760416666666667 0.1111111111111111
1 0.4895833333333333 0.2574074074074074 0.05625 0.07592592592592592
1 0.71953125 0.7319444444444444 0.16510416666666666 0.25833333333333336
1 0.41432291666666665 0.1986111111111111 0.0390625 0.05462962962962963
1 0.20859375 0.3638888888888889 0.0609375 0.09444444444444444
1 0.5388020833333333 0.21805555555555556 0.04114583333333333 0.062037037037037036
1 0.96328125 0.4976851851851852 0.07239583333333334 0.14907407407407408
1 0.52890625 0.28935185185185186 0.05364583333333333 0.0824074074074074
1 0.915625 0.31574074074074077 0.06666666666666667 0.07222222222222222
1 0.95234375 0.19537037037037036 0.0453125 0.05555555555555555
1 0.38671875 0.16574074074074074 0.034895833333333334 0.04814814814814815
1 0.915625 0.18564814814814815 0.040625 0.05462962962962963
1 0.30572916666666666 0.3050925925925926 0.057291666666666664 0.0787037037037037
1 0.4908854166666667 0.1824074074074074 0.0421875 0.06296296296296296
1 0.58828125 0.3300925925925926 0.0703125 0.11203703703703703
1 0.5645833333333333 0.13287037037037036 0.03333333333333333 0.041666666666666664
1 0.77421875 0.25324074074074077 0.05260416666666667 0.06018518518518518
1 0.5713541666666667 0.500462962962963 0.10208333333333333 0.15833333333333333
1 0.7393229166666667 0.23657407407407408 0.043229166666666666 0.05648148148148148
1 0.9635416666666666 0.29907407407407405 0.059375 0.07592592592592592
1 0.8268229166666666 0.19444444444444445 0.0453125 0.03888888888888889
1 0.8346354166666666 0.28194444444444444 0.0546875 0.05648148148148148
1 0.171875 0.1962962962962963 0.0375 0.053703703703703705
1 0.5802083333333333 0.23842592592592593 0.04895833333333333 0.08055555555555556
1 0.871875 0.19583333333333333 0.041666666666666664 0.06018518518518518
1 0.5052083333333334 0.1050925925925926 0.023958333333333335 0.03796296296296296
1 0.39166666666666666 0.27824074074074073 0.057291666666666664 0.08055555555555556
1 0.3268229166666667 0.18888888888888888 0.0328125 0.06111111111111111
1 0.19791666666666666 0.13287037037037036 0.027083333333333334 0.04537037037037037
1 0.7333333333333333 0.20555555555555555 0.04583333333333333 0.05925925925925926
1 0.34765625 0.20324074074074075 0.04010416666666667 0.06944444444444445
1 0.5239583333333333 0.13240740740740742 0.023958333333333335 0.02962962962962963
1 0.46979166666666666 0.16111111111111112 0.035416666666666666 0.044444444444444446
1 0.3625 0.14907407407407408 0.03333333333333333 0.040740740740740744
1 0.18854166666666666 0.31712962962962965 0.06041666666666667 0.10277777777777777
1 0.45390625 0.1527777777777778 0.028645833333333332 0.05
1 0.88359375 0.2675925925925926 0.05260416666666667 0.07407407407407407
1 0.63046875 0.15833333333333333 0.03802083333333333 0.06296296296296296
1 0.7083333333333334 0.15694444444444444 0.035416666666666666 0.03981481481481482
1 0.29375 0.13425925925925927 0.030208333333333334 0.05
1 0.44895833333333335 0.21898148148148147 0.04583333333333333 0.075
1 0.2747395833333333 0.2449074074074074 0.04635416666666667 0.06944444444444445
1 0.2838541666666667 0.2814814814814815 0.046875 0.07592592592592592
1 0.175 0.23981481481481481 0.05416666666666667 0.053703703703703705
1 0.25859375 0.2013888888888889 0.033854166666666664 0.05648148148148148
1 0.484375 0.11342592592592593 0.026041666666666668 0.028703703703703703
1 0.86171875 0.2212962962962963 0.0453125 0.06666666666666667
1 0.81875 0.2324074074074074 0.04895833333333333 0.06296296296296296
1 0.36276041666666664 0.09444444444444444 0.027604166666666666 0.03518518518518519
1 0.22838541666666667 0.12037037037037036 0.03177083333333333 0.05
1 0.4708333333333333 0.24583333333333332 0.04895833333333333 0.06759259259259259
1 0.62578125 0.12407407407407407 0.03177083333333333 0.046296296296296294
1 0.9791666666666666 0.3662037037037037 0.040625 0.10277777777777777
1 0.37109375 0.23796296296296296 0.0453125 0.07962962962962963
1 0.17864583333333334 0.27361111111111114 0.05520833333333333 0.07314814814814814
1 0.5971354166666667 0.1162037037037037 0.03177083333333333 0.05092592592592592
1 0.57421875 0.11481481481481481 0.021354166666666667 0.040740740740740744
1 0.15520833333333334 0.09907407407407408 0.03229166666666667 0.022222222222222223
1 0.64453125 0.19212962962962962 0.0390625 0.04351851851851852
1 0.6989583333333333 0.19074074074074074 0.040625 0.05925925925925926
1 0.4375 0.07361111111111111 0.025 0.03611111111111111
1 0.41067708333333336 0.06805555555555555 0.021354166666666667 0.025
1 0.3104166666666667 0.15046296296296297 0.03854166666666667 0.04537037037037037
1 0.303125 0.09027777777777778 0.022916666666666665 0.032407407407407406
1 0.6138020833333333 0.08518518518518518 0.021354166666666667 0.02962962962962963
1 0.19479166666666667 0.08333333333333333 0.022916666666666665 0.025925925925925925
1 0.25338541666666664 0.08101851851851852 0.0234375 0.03425925925925926
1 0.4875 0.07083333333333333 0.019791666666666666 0.023148148148148147
1 0.4778645833333333 0.0912037037037037 0.030729166666666665 0.03796296296296296
1 0.16953125 0.14629629629629629 0.0390625 0.037037037037037035
1 0.5369791666666667 0.09212962962962963 0.029166666666666667 0.04537037037037037
1 0.24713541666666666 0.17777777777777778 0.0453125 0.046296296296296294
1 0.44192708333333336 0.14305555555555555 0.033854166666666664 0.06018518518518518
1 0.25442708333333336 0.13703703703703704 0.025520833333333333 0.037037037037037035
1 0.2747395833333333 0.10740740740740741 0.025520833333333333 0.03333333333333333
1 0.6981770833333333 0.10833333333333334 0.0234375 0.044444444444444446
1 0.24270833333333333 0.14629629629629629 0.04375 0.03148148148148148
1 0.7932291666666667 0.1412037037037037 0.03854166666666667 0.058333333333333334
1 0.16770833333333332 0.16666666666666666 0.035416666666666666 0.040740740740740744
1 0.771875 0.18009259259259258 0.03958333333333333 0.05462962962962963
1 0.3776041666666667 0.2638888888888889 0.034375 0.06851851851851852
1 0.271875 0.21064814814814814 0.03854166666666667 0.041666666666666664
1 0.9942708333333333 0.2875 0.010416666666666666 0.05462962962962963
1 0.15546875 0.11388888888888889 0.0328125 0.05