2 0.7119791666666667 0.4009259259259259 0.11770833333333333 0.22592592592592592
2 0.9713541666666666 0.17592592592592593 0.05625 0.1814814814814815
2 0.8223958333333333 0.13935185185185187 0.06875 0.13425925925925927
1 0.85078125 0.8976851851851851 0.16197916666666667 0.20277777777777778
1 0.21197916666666666 0.6203703703703703 0.10208333333333333 0.1388888888888889
1 0.1859375 0.5532407407407407 0.10104166666666667 0.12129629629629629
1 0.6088541666666667 0.3662037037037037 0.07291666666666667 0.09351851851851851
1 0.36953125 0.4537037037037037 0.08489583333333334 0.11481481481481481
1 0.51328125 0.4388888888888889 0.08177083333333333 0.11851851851851852
1 0.63671875 0.4148148148148148 0.04635416666666667 0.10555555555555556
1 0.28854166666666664 0.3050925925925926 0.058333333333333334 0.07685185185185185
1 0.8294270833333334 0.5587962962962963 0.12760416666666666 0.20833333333333334
1 0.9822916666666667 0.31805555555555554 0.034375 0.09166666666666666
1 0.5286458333333334 0.30462962962962964 0.05625 0.07962962962962963
1 0.49453125 0.26666666666666666 0.05572916666666667 0.07222222222222222
1 0.5138020833333333 0.7912037037037037 0.15052083333333333 0.2361111111111111
1 0.6145833333333334 0.28425925925925927 0.05520833333333333 0.07592592592592592
1 0.6411458333333333 0.19305555555555556 0.041666666666666664 0.03611111111111111
1 0.19296875 0.27314814814814814 0.049479166666666664 0.07407407407407407
1 0.26666666666666666 0.21898148148148147 0.040625 0.05462962962962963
1 0.6057291666666667 0.15416666666666667 0.035416666666666666 0.049074074074074076
1 0.7239583333333334 0.2324074074074074 0.04583333333333333 0.05740740740740741
1 0.36770833333333336 0.2740740740740741 0.03229166666666667 0.06666666666666667
1 0.49947916666666664 0.39351851851851855 0.06875 0.1037037037037037
1 0.75546875 0.7384259259259259 0.13385416666666666 0.175
1 0.5848958333333333 0.25416666666666665 0.057291666666666664 0.08055555555555556
1 0.7549479166666667 0.21296296296296297 0.0390625 0.05555555555555555
1 0.9072916666666667 0.18009259259259258 0.03854166666666667 0.06388888888888888
1 0.45286458333333335 0.6907407407407408 0.1328125 0.1685185185185185
1 0.43020833333333336 0.32175925925925924 0.06979166666666667 0.1175925925925926
1 0.8127604166666667 0.20092592592592592 0.04635416666666667 0.07222222222222222
1 0.39479166666666665 0.1712962962962963 0.03958333333333333 0.05740740740740741
1 0.23567708333333334 0.1449074074074074 0.028645833333333332 0.04351851851851852
1 0.34869791666666666 0.39444444444444443 0.0890625 0.14074074074074075
1 0.18776041666666668 0.38425925925925924 0.0796875 0.10740740740740741
1 0.8572916666666667 0.2550925925925926 0.057291666666666664 0.09166666666666666
1 0.64921875 0.13425925925925927 0.0390625 0.06296296296296296
1 0.4609375 0.2439814814814815 0.05 0.06944444444444445
1 0.24895833333333334 0.17175925925925925 0.03854166666666667 0.05092592592592592
1 0.58984375 0.14444444444444443 0.0328125 0.04814814814814815
1 0.18828125 0.4564814814814815 0.0765625 0.10740740740740741
1 0.5229166666666667 0.11898148148148148 0.025 0.032407407407407406
1 0.49895833333333334 0.10231481481481482 0.030208333333333334 0.04537037037037037
1 0.16848958333333333 0.08425925925925926 0.0265625 0.027777777777777776
1 0.18828125 0.22592592592592592 0.04114583333333333 0.06666666666666667
1 0.40703125 0.1912037037037037 0.030729166666666665 0.058333333333333334
1 0.9317708333333333 0.18518518518518517 0.03229166666666667 0.07592592592592592
1 0.4041666666666667 0.12129629629629629 0.029166666666666667 0.040740740740740744
1 0.7114583333333333 0.13287037037037036 0.030208333333333334 0.03425925925925926
1 0.3606770833333333 0.2324074074074074 0.0515625 0.07962962962962963
1 0.40234375 0.2884259259259259 0.050520833333333334 0.10833333333333334
1 0.55859375 0.12731481481481483 0.0265625 0.03981481481481482
1 0.7161458333333334 0.19907407407407407 0.04375 0.05925925925925926
1 0.39557291666666666 0.11481481481481481 0.027604166666666666 0.04814814814814815
1 0.2786458333333333 0.1162037037037037 0.028125 0.04537037037037037
1 0.3765625 0.10138888888888889 0.025 0.04351851851851852
1 0.2630208333333333 0.19583333333333333 0.04791666666666667 0.04537037037037037
1 0.45807291666666666 0.0837962962962963 0.0203125 0.03611111111111111
1 0.6770833333333334 0.12777777777777777 0.020833333333333332 0.040740740740740744
1 0.22890625 0.12731481481481483 0.0359375 0.05277777777777778
1 0.43333333333333335 0.2 0.04375 0.07037037037037037
1 0.2947916666666667 0.14212962962962963 0.03229166666666667 0.05462962962962963
1 0.33932291666666664 0.20694444444444443 0.033854166666666664 0.05648148148148148
1 0.6984375 0.18333333333333332 0.03958333333333333 0.06851851851851852
1 0.35833333333333334 0.14629629629629629 0.042708333333333334 0.053703703703703705
1 0.8890625 0.1685185185185185 0.0375 0.06481481481481481
1 0.6114583333333333 0.12037037037037036 0.03125 0.05185185185185185
1 0.475 0.09722222222222222 0.022916666666666665 0.03518518518518519
1 0.26458333333333334 0.10231481481481482 0.025 0.03796296296296296
1 0.32057291666666665 0.16527777777777777 0.033854166666666664 0.058333333333333334
1 0.44453125 0.1527777777777778 0.033854166666666664 0.05555555555555555
1 0.54296875 0.06712962962962964 0.0234375 0.03425925925925926
1 0.4166666666666667 0.0712962962962963 0.01875 0.024074074074074074
1 0.16796875 0.1476851851851852 0.033854166666666664 0.04351851851851852
1 0.75546875 0.14814814814814814 0.03697916666666667 0.053703703703703705
1 0.58359375 0.13148148148148148 0.03177083333333333 0.05925925925925926
1 0.9778645833333334 0.24259259259259258 0.043229166666666666 0.037037037037037035
1 0.16484375 0.11388888888888889 0.027604166666666666 0.03518518518518519
1 0.7296875 0.16666666666666666 0.027083333333333334 0.03518518518518519
1 0.18177083333333333 0.20972222222222223 0.041666666666666664 0.05648148148148148
1 0.32708333333333334 0.07083333333333333 0.019791666666666666 0.019444444444444445
1 0.6346354166666667 0.10648148148148148 0.024479166666666666 0.037037037037037035
1 0.44166666666666665 0.07592592592592592 0.01875 0.03333333333333333
1 0.5002604166666667 0.06805555555555555 0.0203125 0.026851851851851852
1 0.5859375 0.07685185185185185 0.029166666666666667 0.022222222222222223
1 0.39947916666666666 0.06851851851851852 0.017708333333333333 0.022222222222222223
1 0.42630208333333336 0.14027777777777778 0.025520833333333333 0.03981481481481482
1 0.209375 0.10462962962962963 0.020833333333333332 0.040740740740740744
1 0.7265625 0.13935185185185187 0.026041666666666668 0.026851851851851852
1 0.59375 0.09305555555555556 0.021875 0.017592592592592594
1 0.17604166666666668 0.18472222222222223 0.046875 0.04722222222222222
1 0.33828125 0.1875 0.03802083333333333 0.05277777777777778
1 0.9739583333333334 0.2625 0.051041666666666666 0.07685185185185185