1 0.8619791666666666 0.5782407407407407 0.11875 0.15833333333333333
1 0.5997395833333333 0.5875 0.12864583333333332 0.1935185185185185
1 0.9549479166666667 0.7078703703703704 0.0890625 0.19537037037037036
1 0.37135416666666665 0.4810185185185185 0.0875 0.11203703703703703
1 0.7307291666666667 0.4546296296296296 0.09479166666666666 0.14814814814814814
1 0.8213541666666667 0.8245370370370371 0.16666666666666666 0.2601851851851852
1 0.5734375 0.33194444444444443 0.06979166666666667 0.09351851851851851
1 0.5177083333333333 0.4375 0.08020833333333334 0.11203703703703703
1 0.8682291666666667 0.3023148148148148 0.06979166666666667 0.05648148148148148
1 0.56328125 0.22916666666666666 0.050520833333333334 0.0787037037037037
1 0.6895833333333333 0.31296296296296294 0.065625 0.10185185185185185
1 0.5440104166666667 0.3138888888888889 0.05260416666666667 0.08148148148148149
1 0.05 0.4449074074074074 0.0875 0.14722222222222223
1 0.3489583333333333 0.4013888888888889 0.07395833333333333 0.10092592592592593
1 0.4200520833333333 0.19675925925925927 0.0421875 0.05092592592592592
1 0.95546875 0.9541666666666667 0.08802083333333334 0.08981481481481482
1 0.4588541666666667 0.3597222222222222 0.06875 0.09907407407407408
1 0.8421875 0.16018518518518518 0.0375 0.046296296296296294
1 0.17057291666666666 0.23333333333333334 0.0421875 0.05925925925925926
1 0.55625 0.15046296296296297 0.03333333333333333 0.03611111111111111
1 0.83203125 0.21342592592592594 0.0453125 0.06018518518518518
1 0.18151041666666667 0.3453703703703704 0.07135416666666666 0.09259259259259259
1 0.50234375 0.26805555555555555 0.05677083333333333 0.09166666666666666
1 0.7796875 0.25324074074074077 0.06666666666666667 0.06944444444444445
1 0.26666666666666666 0.2439814814814815 0.03958333333333333 0.06574074074074074
1 0.6239583333333333 0.28055555555555556 0.059375 0.07777777777777778
1 0.6239583333333333 0.3800925925925926 0.071875 0.10462962962962963
1 0.9765625 0.2300925925925926 0.04583333333333333 0.06759259259259259
1 0.38958333333333334 0.17824074074074073 0.03854166666666667 0.05462962962962963
1 0.6796875 0.2125 0.041666666666666664 0.04537037037037037
1 0.52890625 0.21064814814814814 0.043229166666666666 0.07314814814814814
1 0.32421875 0.36666666666666664 0.06822916666666666 0.09259259259259259
1 0.43307291666666664 0.3347222222222222 0.0515625 0.0824074074074074
1 0.29973958333333334 0.3055555555555556 0.0578125 0.07962962962962963
1 0.20833333333333334 0.5143518518518518 0.096875 0.13055555555555556
1 0.3578125 0.23425925925925925 0.0375 0.06111111111111111
1 0.50234375 0.18888888888888888 0.03802083333333333 0.06296296296296296
1 0.7567708333333333 0.15462962962962962 0.03333333333333333 0.04814814814814815
1 0.8140625 0.15 0.03125 0.040740740740740744
1 0.38984375 0.24814814814814815 0.04739583333333333 0.08148148148148149
1 0.6463541666666667 0.1925925925925926 0.035416666666666666 0.040740740740740744
1 0.6697916666666667 0.16712962962962963 0.036458333333333336 0.04722222222222222
1 0.1875 0.2912037037037037 0.051041666666666666 0.058333333333333334
1 0.8809895833333333 0.25601851851851853 0.049479166666666664 0.05462962962962963
1 0.6169270833333333 0.15555555555555556 0.033854166666666664 0.05185185185185185
1 0.41354166666666664 0.29768518518518516 0.059375 0.09537037037037037
1 0.6731770833333334 0.1388888888888889 0.033854166666666664 0.03888888888888889
1 0.36328125 0.14444444444444443 0.0296875 0.044444444444444446
1 0.5171875 0.1111111111111111 0.030208333333333334 0.03518518518518519
1 0.3880208333333333 0.11018518518518519 0.028125 0.03518518518518519
1 0.3223958333333333 0.9768518518518519 0.13645833333333332 0.044444444444444446
1 0.7057291666666666 0.11203703703703703 0.029166666666666667 0.046296296296296294
1 0.7299479166666667 0.20277777777777778 0.043229166666666666 0.06111111111111111
1 0.9752604166666666 0.30092592592592593 0.0484375 0.11296296296296296
1 0.7200520833333334 0.16805555555555557 0.0359375 0.05277777777777778
1 0.87109375 0.2263888888888889 0.049479166666666664 0.0712962962962963
1 0.4583333333333333 0.23935185185185184 0.051041666666666666 0.06574074074074074
1 0.7322916666666667 0.11944444444444445 0.034375 0.044444444444444446
1 0.7390625 0.17222222222222222 0.0375 0.046296296296296294
1 0.31953125 0.10416666666666667 0.0234375 0.03611111111111111
1 0.6234375 0.1787037037037037 0.036458333333333336 0.03888888888888889
1 0.9247395833333333 0.28194444444444444 0.0578125 0.09166666666666666
1 0.6364583333333333 0.10694444444444444 0.026041666666666668 0.03796296296296296
1 0.4890625 0.17685185185185184 0.040625 0.07037037037037037
1 0.18098958333333334 0.20879629629629629 0.0390625 0.05648148148148148
1 0.33697916666666666 0.18796296296296297 0.03854166666666667 0.06666666666666667
1 0.44583333333333336 0.0962962962962963 0.026041666666666668 0.027777777777777776
1 0.22005208333333334 0.10555555555555556 0.030729166666666665 0.03888888888888889
1 0.19921875 0.10416666666666667 0.024479166666666666 0.032407407407407406
1 0.6309895833333333 0.12638888888888888 0.033854166666666664 0.03611111111111111
1 0.34010416666666665 0.12129629629629629 0.025 0.037037037037037035
1 0.28828125 0.12361111111111112 0.024479166666666666 0.041666666666666664
1 0.3346354166666667 0.07361111111111111 0.019270833333333334 0.028703703703703703
1 0.7356770833333334 0.23472222222222222 0.049479166666666664 0.058333333333333334
1 0.2559895833333333 0.19722222222222222 0.0484375 0.07962962962962963
1 0.3875 0.14722222222222223 0.036458333333333336 0.04259259259259259
1 0.5661458333333333 0.1287037037037037 0.030208333333333334 0.05
1 0.23229166666666667 0.12453703703703704 0.035416666666666666 0.030555555555555555
1 0.46927083333333336 0.09444444444444444 0.023958333333333335 0.03888888888888889
1 0.6432291666666666 0.15787037037037038 0.027083333333333334 0.030555555555555555
1 0.7635416666666667 0.20787037037037037 0.023958333333333335 0.03611111111111111
1 0.3494791666666667 0.2152777777777778 0.0375 0.06018518518518518
1 0.315625 0.17592592592592593 0.025 0.05
1 0.359375 0.1259259259259259 0.028125 0.03518518518518519
1 0.31197916666666664 0.15694444444444444 0.034375 0.05648148148148148
1 0.7997395833333333 0.18472222222222223 0.0296875 0.05277777777777778
1 0.5708333333333333 0.10648148148148148 0.027083333333333334 0.04259259259259259
1 0.2989583333333333 0.1439814814814815 0.026041666666666668 0.05277777777777778
1 0.2140625 0.07824074074074074 0.023958333333333335 0.025
1 0.46015625 0.06296296296296296 0.021354166666666667 0.020370370370370372
1 0.16875 0.30416666666666664 0.05 0.06388888888888888
1 0.16458333333333333 0.12222222222222222 0.040625 0.053703703703703705
1 0.2903645833333333 0.26851851851851855 0.050520833333333334 0.07222222222222222
1 0.16979166666666667 0.17777777777777778 0.0375 0.044444444444444446
1 0.17942708333333332 0.15694444444444444 0.034895833333333334 0.05462962962962963
1 0.3528645833333333 0.08472222222222223 0.0328125 0.03796296296296296
1 0.58671875 0.0912037037037037 0.018229166666666668 0.04351851851851852
1 0.24947916666666667 0.17083333333333334 0.04479166666666667 0.062037037037037036