2 0.9760416666666667 0.21157407407407408 0.046875 0.20092592592592592
1 0.21692708333333333 0.712037037037037 0.14010416666666667 0.18518518518518517
1 0.39505208333333336 0.5740740740740741 0.10885416666666667 0.1425925925925926
1 0.19765625 0.5509259259259259 0.10260416666666666 0.13333333333333333
1 0.6135416666666667 0.387037037037037 0.078125 0.10185185185185185
1 0.7416666666666667 0.48009259259259257 0.103125 0.16018518518518518
1 0.8971354166666666 0.6226851851851852 0.11510416666666666 0.15648148148148147
1 0.6348958333333333 0.9361111111111111 0.178125 0.1259259259259259
1 0.9544270833333334 0.6962962962962963 0.09010416666666667 0.1925925925925926
1 0.5359375 0.30648148148148147 0.0625 0.08333333333333333
1 0.8731770833333333 0.2675925925925926 0.05364583333333333 0.07222222222222222
1 0.48515625 0.27037037037037037 0.0546875 0.07222222222222222
1 0.46067708333333335 0.37546296296296294 0.06197916666666667 0.09722222222222222
1 0.3796875 0.4675925925925926 0.08645833333333333 0.11851851851851852
1 0.3346354166666667 0.39444444444444443 0.07135416666666666 0.10185185185185185
1 0.68203125 0.6810185185185185 0.1234375 0.16944444444444445
1 0.8401041666666667 0.41712962962962963 0.09270833333333334 0.1398148148148148
1 0.5283854166666667 0.8245370370370371 0.15572916666666667 0.20462962962962963
1 0.46822916666666664 0.16527777777777777 0.036458333333333336 0.05092592592592592
1 0.51328125 0.4152777777777778 0.08072916666666667 0.13240740740740742
1 0.7760416666666666 0.36203703703703705 0.08020833333333334 0.11481481481481481
1 0.6872395833333333 0.31851851851851853 0.06614583333333333 0.09814814814814815
1 0.43723958333333335 0.33564814814814814 0.058854166666666666 0.08796296296296297
1 0.39088541666666665 0.11666666666666667 0.019270833333333334 0.037037037037037035
1 0.16848958333333333 0.3587962962962963 0.0609375 0.08425925925925926
1 0.4315104166666667 0.2064814814814815 0.034895833333333334 0.05185185185185185
1 0.6013020833333333 0.175 0.03802083333333333 0.03518518518518519
1 0.371875 0.25925925925925924 0.040625 0.06481481481481481
1 0.2955729166666667 0.29212962962962963 0.0671875 0.11388888888888889
1 0.2375 0.15787037037037038 0.028125 0.04722222222222222
1 0.31588541666666664 0.17314814814814813 0.0390625 0.053703703703703705
1 0.7880208333333333 0.7916666666666666 0.15729166666666666 0.20925925925925926
1 0.46484375 0.2300925925925926 0.0546875 0.08055555555555556
1 0.18802083333333333 0.30833333333333335 0.05416666666666667 0.07962962962962963
1 0.9770833333333333 0.5449074074074074 0.04479166666666667 0.11388888888888889
1 0.8708333333333333 0.21944444444444444 0.05 0.06666666666666667
1 0.18932291666666667 0.16157407407407406 0.043229166666666666 0.06574074074074074
1 0.4078125 0.27870370370370373 0.05416666666666667 0.09259259259259259
1 0.7471354166666667 0.17314814814814813 0.03802083333333333 0.05740740740740741
1 0.5825520833333333 0.1361111111111111 0.0296875 0.03888888888888889
1 0.4140625 0.12546296296296297 0.035416666666666666 0.05648148148148148
1 0.5916666666666667 0.11944444444444445 0.03333333333333333 0.044444444444444446
1 0.7614583333333333 0.22083333333333333 0.04479166666666667 0.06574074074074074
1 0.3567708333333333 0.1425925925925926 0.03125 0.04814814814814815
1 0.8036458333333333 0.19953703703703704 0.03125 0.058333333333333334
1 0.6645833333333333 0.2912037037037037 0.06354166666666666 0.10833333333333334
1 0.6346354166666667 0.5717592592592593 0.11302083333333333 0.18055555555555555
1 0.34453125 0.2101851851851852 0.0359375 0.06666666666666667
1 0.4161458333333333 0.19537037037037036 0.036458333333333336 0.06111111111111111
1 0.3723958333333333 0.16666666666666666 0.029166666666666667 0.04259259259259259
1 0.71328125 0.15694444444444444 0.03697916666666667 0.03611111111111111
1 0.3919270833333333 0.175 0.034895833333333334 0.05
1 0.6151041666666667 0.1050925925925926 0.025 0.03425925925925926
1 0.36484375 0.22870370370370371 0.04739583333333333 0.07592592592592592
1 0.52421875 0.13425925925925927 0.025520833333333333 0.03148148148148148
1 0.6890625 0.11481481481481481 0.028125 0.037037037037037035
1 0.37604166666666666 0.09953703703703703 0.023958333333333335 0.03611111111111111
1 0.84609375 0.175 0.04635416666666667 0.06481481481481481
1 0.5697916666666667 0.15231481481481482 0.036458333333333336 0.04351851851851852
1 0.28463541666666664 0.11481481481481481 0.033854166666666664 0.037037037037037035
1 0.696875 0.13935185185185187 0.03125 0.04537037037037037
1 0.26458333333333334 0.10277777777777777 0.020833333333333332 0.037037037037037035
1 0.5479166666666667 0.14305555555555555 0.025 0.03425925925925926
1 0.6739583333333333 0.10694444444444444 0.019791666666666666 0.030555555555555555
1 0.34010416666666665 0.12222222222222222 0.034375 0.05185185185185185
1 0.2546875 0.19490740740740742 0.03854166666666667 0.07314814814814814
1 0.25703125 0.09166666666666666 0.024479166666666666 0.03888888888888889
1 0.234375 0.13472222222222222 0.03333333333333333 0.03981481481481482
1 0.8174479166666667 0.14027777777777778 0.0421875 0.05277777777777778
1 0.45338541666666665 0.15138888888888888 0.033854166666666664 0.05648148148148148
1 0.7104166666666667 0.19537037037037036 0.042708333333333334 0.06296296296296296
1 0.65625 0.11574074074074074 0.028125 0.03888888888888889
1 0.22369791666666666 0.10833333333333334 0.0265625 0.04814814814814815
1 0.45989583333333334 0.10231481481481482 0.022916666666666665 0.028703703703703703
1 0.5015625 0.0837962962962963 0.025 0.03981481481481482
1 0.6364583333333333 0.12453703703703704 0.028125 0.026851851851851852
1 0.3411458333333333 0.0763888888888889 0.020833333333333332 0.028703703703703703
1 0.1765625 0.2074074074074074 0.04791666666666667 0.04814814814814815
1 0.6348958333333333 0.09259259259259259 0.020833333333333332 0.037037037037037035
1 0.5140625 0.10277777777777777 0.027083333333333334 0.025925925925925925
1 0.15755208333333334 0.09444444444444444 0.024479166666666666 0.04259259259259259
1 0.6375 0.16435185185185186 0.020833333333333332 0.06018518518518518
1 0.215625 0.0875 0.029166666666666667 0.041666666666666664
1 0.6611979166666667 0.1712962962962963 0.0453125 0.07037037037037037
1 0.27890625 0.16296296296296298 0.033854166666666664 0.037037037037037035
1 0.16302083333333334 0.13842592592592592 0.025 0.041666666666666664
1 0.6276041666666666 0.15787037037037038 0.026041666666666668 0.049074074074074076
1 0.26796875 0.19583333333333333 0.044270833333333336 0.05092592592592592
1 0.29375 0.0787037037037037 0.022916666666666665 0.03518518518518519
1 0.17213541666666668 0.24675925925925926 0.05364583333333333 0.06388888888888888
1 0.31171875 0.10787037037037037 0.0140625 0.028703703703703703
1 0.284375 0.24675925925925926 0.065625 0.075
1 0.26640625 0.24166666666666667 0.0453125 0.08518518518518518
1 0.9291666666666667 0.18287037037037038 0.042708333333333334 0.06574074074074074
1 0.17864583333333334 0.26851851851851855 0.046875 0.09074074074074075
1 0.49192708333333335 0.11712962962962963 0.018229166666666668 0.026851851851851852
1 0.7635416666666667 0.15416666666666667 0.025 0.041666666666666664