2 0.715625 0.4041666666666667 0.12083333333333333 0.225
2 0.9692708333333333 0.17453703703703705 0.06041666666666667 0.18055555555555555
2 0.8203125 0.13842592592592592 0.06770833333333333 0.13240740740740742
2 0.7604166666666666 0.08657407407407407 0.05625 0.08611111111111111
1 0.7645833333333333 0.7523148148148148 0.13645833333333332 0.17685185185185184
1 0.61171875 0.36898148148148147 0.07239583333333334 0.09351851851851851
1 0.8625 0.9050925925925926 0.16458333333333333 0.18796296296296297
1 0.37083333333333335 0.45694444444444443 0.0875 0.1175925925925926
1 0.2125 0.6263888888888889 0.103125 0.13796296296296295
1 0.184375 0.5574074074074075 0.10208333333333333 0.12037037037037036
1 0.6393229166666666 0.41805555555555557 0.04739583333333333 0.10648148148148148
1 0.28932291666666665 0.3060185185185185 0.059895833333333336 0.07685185185185185
1 0.5166666666666667 0.4439814814814815 0.08541666666666667 0.11944444444444445
1 0.9796875 0.31712962962962965 0.03958333333333333 0.08981481481481482
1 0.53046875 0.3055555555555556 0.05677083333333333 0.07962962962962963
1 0.45416666666666666 0.6995370370370371 0.12916666666666668 0.1712962962962963
1 0.6395833333333333 0.1925925925925926 0.03958333333333333 0.040740740740740744
1 0.49609375 0.26805555555555555 0.05572916666666667 0.0712962962962963
1 0.6166666666666667 0.2861111111111111 0.05520833333333333 0.07592592592592592
1 0.5205729166666667 0.8 0.15260416666666668 0.24444444444444444
1 0.19296875 0.274537037037037 0.049479166666666664 0.075
1 0.5018229166666667 0.3962962962962963 0.06927083333333334 0.1037037037037037
1 0.6041666666666666 0.15324074074074073 0.034375 0.049074074074074076
1 0.7200520833333334 0.2310185185185185 0.04635416666666667 0.058333333333333334
1 0.43125 0.3236111111111111 0.06979166666666667 0.1175925925925926
1 0.7526041666666666 0.2101851851851852 0.03958333333333333 0.05925925925925926
1 0.2669270833333333 0.2199074074074074 0.04010416666666667 0.05462962962962963
1 0.3497395833333333 0.39675925925925926 0.0890625 0.14166666666666666
1 0.5856770833333333 0.2550925925925926 0.0546875 0.08055555555555556
1 0.1875 0.387037037037037 0.07916666666666666 0.10555555555555556
1 0.8533854166666667 0.25277777777777777 0.0578125 0.09074074074074075
1 0.3619791666666667 0.23425925925925925 0.052083333333333336 0.08148148148148149
1 0.6760416666666667 0.12916666666666668 0.020833333333333332 0.041666666666666664
1 0.18854166666666666 0.4601851851851852 0.07604166666666666 0.11296296296296296
1 0.39505208333333336 0.17314814814814813 0.0390625 0.05740740740740741
1 0.971875 0.2611111111111111 0.05520833333333333 0.07777777777777778
1 0.709375 0.13148148148148148 0.030208333333333334 0.03333333333333333
1 0.24921875 0.1726851851851852 0.0390625 0.05277777777777778
1 0.34036458333333336 0.20833333333333334 0.0328125 0.05555555555555555
1 0.4984375 0.10185185185185185 0.030208333333333334 0.044444444444444446
1 0.8106770833333333 0.20046296296296295 0.043229166666666666 0.07314814814814814
1 0.521875 0.1175925925925926 0.027083333333333334 0.03333333333333333
1 0.2950520833333333 0.1425925925925926 0.0328125 0.053703703703703705
1 0.45598958333333334 0.23564814814814813 0.04114583333333333 0.06018518518518518
1 0.24010416666666667 0.14675925925925926 0.035416666666666666 0.041666666666666664
1 0.43411458333333336 0.20185185185185187 0.043229166666666666 0.07222222222222222
1 0.64765625 0.13287037037037036 0.03802083333333333 0.06018518518518518
1 0.5885416666666666 0.14305555555555555 0.03229166666666667 0.05092592592592592
1 0.36875 0.275 0.034375 0.06666666666666667
1 0.16848958333333333 0.08472222222222223 0.027604166666666666 0.028703703703703703
1 0.9052083333333333 0.1787037037037037 0.0375 0.06296296296296296
1 0.4557291666666667 0.08333333333333333 0.01875 0.03333333333333333
1 0.26484375 0.10324074074074074 0.025520833333333333 0.03981481481481482
1 0.40546875 0.12175925925925926 0.0296875 0.03981481481481482
1 0.18802083333333333 0.2273148148148148 0.041666666666666664 0.06574074074074074
1 0.4666666666666667 0.24722222222222223 0.042708333333333334 0.06481481481481481
1 0.5580729166666667 0.12685185185185185 0.0265625 0.040740740740740744
1 0.4083333333333333 0.19166666666666668 0.03125 0.05925925925925926
1 0.36328125 0.14814814814814814 0.03697916666666667 0.053703703703703705
1 0.4036458333333333 0.3037037037037037 0.05 0.08333333333333333
1 0.4739583333333333 0.0962962962962963 0.025 0.03333333333333333
1 0.6096354166666667 0.11944444444444445 0.03177083333333333 0.05185185185185185
1 0.4161458333333333 0.07037037037037037 0.01875 0.024074074074074074
1 0.8861979166666667 0.16712962962962963 0.03802083333333333 0.06574074074074074
1 0.22942708333333334 0.12777777777777777 0.03697916666666667 0.053703703703703705
1 0.16458333333333333 0.11388888888888889 0.026041666666666668 0.03333333333333333
1 0.5427083333333333 0.06759259259259259 0.027083333333333334 0.03333333333333333
1 0.753125 0.1476851851851852 0.036458333333333336 0.05462962962962963
1 0.16744791666666667 0.1476851851851852 0.033854166666666664 0.04351851851851852
1 0.63359375 0.10648148148148148 0.022395833333333334 0.03888888888888889
1 0.7247395833333333 0.13935185185185187 0.0265625 0.028703703703703703
1 0.33671875 0.11944444444444445 0.025520833333333333 0.03518518518518519
1 0.7127604166666667 0.1986111111111111 0.0421875 0.05648148148148148
1 0.2794270833333333 0.11666666666666667 0.027604166666666666 0.046296296296296294
1 0.32708333333333334 0.07083333333333333 0.019791666666666666 0.019444444444444445
1 0.44114583333333335 0.07592592592592592 0.01875 0.03333333333333333
1 0.18125 0.20925925925925926 0.040625 0.05740740740740741
1 0.32083333333333336 0.16574074074074074 0.034375 0.05925925925925926
1 0.4270833333333333 0.14074074074074075 0.025 0.040740740740740744
1 0.5815104166666667 0.13148148148148148 0.03177083333333333 0.05740740740740741
1 0.5859375 0.07962962962962963 0.030208333333333334 0.025925925925925925
1 0.3380208333333333 0.18888888888888888 0.0375 0.05740740740740741
1 0.8354166666666667 0.5643518518518519 0.128125 0.20833333333333334
1 0.7276041666666667 0.16620370370370371 0.027083333333333334 0.03611111111111111
1 0.44505208333333335 0.15231481481481482 0.034895833333333334 0.05462962962962963
1 0.1765625 0.18564814814814815 0.046875 0.049074074074074076
1 0.2635416666666667 0.19675925925925927 0.046875 0.04537037037037037
1 0.9283854166666666 0.1837962962962963 0.028645833333333332 0.075
1 0.396875 0.11481481481481481 0.028125 0.046296296296296294