1 0.21276041666666667 0.6824074074074075 0.13489583333333333 0.17592592592592593
1 0.603125 0.912962962962963 0.16875 0.17222222222222222
1 0.5080729166666667 0.7865740740740741 0.1484375 0.19537037037037036
1 0.38828125 0.5537037037037037 0.10364583333333334 0.1388888888888889
1 0.603125 0.3768518518518518 0.07604166666666666 0.09814814814814815
1 0.19635416666666666 0.5310185185185186 0.09895833333333333 0.12685185185185185
1 0.4791666666666667 0.2638888888888889 0.05416666666666667 0.07037037037037037
1 0.8736979166666666 0.6 0.11927083333333334 0.15185185185185185
1 0.7244791666666667 0.46435185185185185 0.09895833333333333 0.15462962962962962
1 0.453125 0.36666666666666664 0.059375 0.09444444444444444
1 0.7580729166666667 0.7555555555555555 0.14427083333333332 0.20185185185185187
1 0.6609375 0.6537037037037037 0.11770833333333333 0.16111111111111112
1 0.9372395833333333 0.6666666666666666 0.12447916666666667 0.18703703703703703
1 0.17239583333333333 0.34953703703703703 0.06041666666666667 0.08611111111111111
1 0.33098958333333334 0.38287037037037036 0.06927083333333334 0.09907407407407408
1 0.8861979166666667 0.27314814814814814 0.05677083333333333 0.07222222222222222
1 0.7591145833333334 0.34953703703703703 0.07864583333333333 0.10833333333333334
1 0.37447916666666664 0.45092592592592595 0.08333333333333333 0.11481481481481481
1 0.5283854166666667 0.3 0.0609375 0.08148148148148149
1 0.43203125 0.3277777777777778 0.05677083333333333 0.08703703703703704
1 0.81953125 0.40324074074074073 0.0890625 0.13425925925925927
1 0.6752604166666667 0.30925925925925923 0.06302083333333333 0.09814814814814815
1 0.5046875 0.40370370370370373 0.07916666666666666 0.12777777777777777
1 0.4625 0.16157407407407406 0.036458333333333336 0.049074074074074076
1 0.36770833333333336 0.2537037037037037 0.03958333333333333 0.06296296296296296
1 0.6072916666666667 0.1763888888888889 0.03854166666666667 0.03611111111111111
1 0.8841145833333334 0.22546296296296298 0.0515625 0.06944444444444445
1 0.3880208333333333 0.11527777777777778 0.01875 0.03796296296296296
1 0.8078125 0.20185185185185187 0.040625 0.06111111111111111
1 0.31302083333333336 0.16944444444444445 0.03958333333333333 0.053703703703703705
1 0.403125 0.2726851851851852 0.053125 0.09166666666666666
1 0.42734375 0.20324074074074075 0.034895833333333334 0.05092592592592592
1 0.9677083333333333 0.5305555555555556 0.06354166666666666 0.12407407407407407
1 0.40963541666666664 0.12361111111111112 0.034895833333333334 0.05648148148148148
1 0.5533854166666666 0.1449074074074074 0.0234375 0.03425925925925926
1 0.8565104166666667 0.17731481481481481 0.04635416666666667 0.06574074074074074
1 0.29348958333333336 0.2865740740740741 0.06822916666666666 0.10833333333333334
1 0.23619791666666667 0.15601851851851853 0.028645833333333332 0.04351851851851852
1 0.18802083333333333 0.300462962962963 0.05416666666666667 0.07685185185185185
1 0.5950520833333334 0.11944444444444445 0.034895833333333334 0.044444444444444446
1 0.575 0.15462962962962962 0.036458333333333336 0.044444444444444446
1 0.46015625 0.22546296296296298 0.05260416666666667 0.0787037037037037
1 0.3546875 0.14074074074074075 0.03125 0.04814814814814815
1 0.3419270833333333 0.20324074074074075 0.033854166666666664 0.06759259259259259
1 0.5255208333333333 0.1337962962962963 0.021875 0.028703703703703703
1 0.3697916666666667 0.16203703703703703 0.030208333333333334 0.040740740740740744
1 0.5885416666666666 0.13796296296296295 0.028125 0.040740740740740744
1 0.3731770833333333 0.09814814814814815 0.0234375 0.03518518518518519
1 0.6520833333333333 0.2828703703703704 0.0625 0.10648148148148148
1 0.93671875 0.18518518518518517 0.043229166666666666 0.06666666666666667
1 0.38776041666666666 0.1712962962962963 0.033854166666666664 0.046296296296296294
1 0.41119791666666666 0.19166666666666668 0.0359375 0.05925925925925926
1 0.6690104166666667 0.1736111111111111 0.04739583333333333 0.07314814814814814
1 0.70078125 0.1375 0.030729166666666665 0.041666666666666664
1 0.16484375 0.2412037037037037 0.0421875 0.062037037037037036
1 0.1859375 0.15925925925925927 0.042708333333333334 0.06296296296296296
1 0.76875 0.1412037037037037 0.023958333333333335 0.013888888888888888
1 0.6921875 0.11527777777777778 0.028125 0.03796296296296296
1 0.1765625 0.24722222222222223 0.046875 0.05740740740740741
1 0.33958333333333335 0.07546296296296297 0.020833333333333332 0.030555555555555555
1 0.28151041666666665 0.11435185185185186 0.033854166666666664 0.03981481481481482
1 0.6171875 0.549537037037037 0.109375 0.175
1 0.2640625 0.10185185185185185 0.021875 0.037037037037037035
1 0.8247395833333333 0.1425925925925926 0.043229166666666666 0.053703703703703705
1 0.7203125 0.16342592592592592 0.040625 0.041666666666666664
1 0.36171875 0.22361111111111112 0.0484375 0.075
1 0.25364583333333335 0.19074074074074074 0.03854166666666667 0.07037037037037037
1 0.2791666666666667 0.1537037037037037 0.035416666666666666 0.04814814814814815
1 0.6776041666666667 0.10740740740740741 0.01875 0.03148148148148148
1 0.23229166666666667 0.13194444444444445 0.03229166666666667 0.03981481481481482
1 0.61875 0.10601851851851851 0.023958333333333335 0.03425925925925926
1 0.4942708333333333 0.1162037037037037 0.01875 0.026851851851851852
1 0.26614583333333336 0.1912037037037037 0.041666666666666664 0.04537037037037037
1 0.2559895833333333 0.22777777777777777 0.030729166666666665 0.06296296296296296
1 0.4625 0.10324074074074074 0.022916666666666665 0.028703703703703703
1 0.63828125 0.09305555555555556 0.022395833333333334 0.03796296296296296
1 0.8083333333333333 0.16435185185185186 0.0375 0.032407407407407406
1 0.51484375 0.125 0.028645833333333332 0.03148148148148148
1 0.56015625 0.09583333333333334 0.0265625 0.028703703703703703
1 0.1734375 0.10092592592592593 0.021875 0.022222222222222223
1 0.6619791666666667 0.11898148148148148 0.028125 0.03796296296296296
1 0.33567708333333335 0.12083333333333333 0.028645833333333332 0.049074074074074076
1 0.64375 0.16805555555555557 0.022916666666666665 0.06018518518518518
1 0.45026041666666666 0.14814814814814814 0.03177083333333333 0.05555555555555555
1 0.50390625 0.08425925925925926 0.025520833333333333 0.03888888888888889
1 0.7567708333333333 0.1736111111111111 0.03333333333333333 0.05462962962962963
1 0.29244791666666664 0.07824074074074074 0.021354166666666667 0.03425925925925926
1 0.6388020833333333 0.1476851851851852 0.0328125 0.06944444444444445
1 0.15677083333333333 0.09398148148148149 0.025 0.04351851851851852
1 0.28151041666666665 0.24166666666666667 0.06510416666666667 0.07592592592592592
1 0.21432291666666667 0.08703703703703704 0.027604166666666666 0.03888888888888889
1 0.165625 0.19398148148148148 0.035416666666666666 0.03611111111111111
1 0.7736979166666667 0.22453703703703703 0.04739583333333333 0.06574074074074074
1 0.16223958333333333 0.13703703703703704 0.024479166666666666 0.04259259259259259
1 0.5583333333333333 0.11481481481481481 0.028125 0.03333333333333333
1 0.17630208333333333 0.2064814814814815 0.04635416666666667 0.046296296296296294
1 0.72109375 0.2 0.044270833333333336 0.06111111111111111