2 0.7088541666666667 0.10046296296296296 0.05416666666666667 0.11944444444444445
2 0.6473958333333333 0.09027777777777778 0.05 0.09351851851851851
1 0.31744791666666666 0.687037037037037 0.13072916666666667 0.17037037037037037
1 0.46953125 0.7472222222222222 0.14010416666666667 0.1814814814814815
1 0.7223958333333333 0.7101851851851851 0.14166666666666666 0.18518518518518517
1 0.8846354166666667 0.6101851851851852 0.12447916666666667 0.15555555555555556
1 0.340625 0.39444444444444443 0.06979166666666667 0.09074074074074075
1 0.7796875 0.5277777777777778 0.10520833333333333 0.15
1 0.5151041666666667 0.4550925925925926 0.1 0.14907407407407408
1 0.20703125 0.41435185185185186 0.0703125 0.10648148148148148
1 0.6466145833333333 0.5939814814814814 0.12135416666666667 0.18796296296296297
1 0.7140625 0.45694444444444443 0.09375 0.12129629629629629
1 0.9752604166666666 0.2671296296296296 0.0484375 0.08796296296296297
1 0.46067708333333335 0.3638888888888889 0.06822916666666666 0.09259259259259259
1 0.6177083333333333 0.26481481481481484 0.05520833333333333 0.08703703703703704
1 0.51875 0.28425925925925927 0.059375 0.08148148148148149
1 0.9080729166666667 0.8958333333333334 0.1828125 0.2064814814814815
1 0.5578125 0.32175925925925924 0.06041666666666667 0.08981481481481482
1 0.90234375 0.18055555555555555 0.04114583333333333 0.05185185185185185
1 0.4348958333333333 0.21435185185185185 0.040625 0.06018518518518518
1 0.3221354166666667 0.3388888888888889 0.06302083333333333 0.08518518518518518
1 0.6046875 0.17453703703703705 0.03854166666666667 0.041666666666666664
1 0.6427083333333333 0.37222222222222223 0.078125 0.12407407407407407
1 0.16041666666666668 0.350462962962963 0.071875 0.09537037037037037
1 0.40078125 0.17962962962962964 0.03802083333333333 0.05185185185185185
1 0.5703125 0.24166666666666667 0.04791666666666667 0.06851851851851852
1 0.8721354166666667 0.1712962962962963 0.034895833333333334 0.05
1 0.8729166666666667 0.2518518518518518 0.052083333333333336 0.044444444444444446
1 0.5184895833333333 0.20092592592592592 0.0453125 0.06851851851851852
1 0.41640625 0.30787037037037035 0.058854166666666666 0.08611111111111111
1 0.6614583333333334 0.17546296296296296 0.03854166666666667 0.05648148148148148
1 0.3 0.3143518518518518 0.05416666666666667 0.0787037037037037
1 0.2640625 0.21805555555555556 0.040625 0.058333333333333334
1 0.8205729166666667 0.17962962962962964 0.0390625 0.05555555555555555
1 0.49140625 0.18287037037037038 0.04010416666666667 0.06018518518518518
1 0.93203125 0.2462962962962963 0.0546875 0.06666666666666667
1 0.6841145833333333 0.20925925925925926 0.0421875 0.044444444444444446
1 0.9135416666666667 0.31342592592592594 0.07708333333333334 0.08611111111111111
1 0.36354166666666665 0.22037037037037038 0.042708333333333334 0.07407407407407407
1 0.46953125 0.16574074074074074 0.0328125 0.05185185185185185
1 0.8088541666666667 0.23796296296296296 0.046875 0.07222222222222222
1 0.6747395833333333 0.1449074074074074 0.033854166666666664 0.03981481481481482
1 0.33828125 0.2064814814814815 0.034895833333333334 0.05925925925925926
1 0.17317708333333334 0.2111111111111111 0.03802083333333333 0.053703703703703705
1 0.8302083333333333 0.27685185185185185 0.057291666666666664 0.06296296296296296
1 0.7755208333333333 0.18981481481481483 0.03854166666666667 0.05740740740740741
1 0.3731770833333333 0.16064814814814815 0.03697916666666667 0.04537037037037037
1 0.38671875 0.25925925925925924 0.050520833333333334 0.08518518518518518
1 0.46770833333333334 0.23657407407407408 0.04895833333333333 0.0824074074074074
1 0.175 0.300462962962963 0.06145833333333333 0.0712962962962963
1 0.6934895833333333 0.17962962962962964 0.0390625 0.037037037037037035
1 0.4895833333333333 0.09814814814814815 0.025 0.03333333333333333
1 0.3984375 0.2902777777777778 0.04375 0.07314814814814814
1 0.7622395833333333 0.2490740740740741 0.049479166666666664 0.053703703703703705
1 0.2791666666666667 0.11435185185185186 0.025 0.03796296296296296
1 0.34140625 0.07777777777777778 0.028645833333333332 0.03518518518518519
1 0.7658854166666667 0.13333333333333333 0.0359375 0.05555555555555555
1 0.34036458333333336 0.1162037037037037 0.0390625 0.03981481481481482
1 0.3 0.1439814814814815 0.03125 0.05277777777777778
1 0.45755208333333336 0.15416666666666667 0.03697916666666667 0.058333333333333334
1 0.37213541666666666 0.10138888888888889 0.025520833333333333 0.032407407407407406
1 0.8075520833333333 0.19768518518518519 0.04114583333333333 0.03981481481481482
1 0.5072916666666667 0.12314814814814815 0.029166666666666667 0.03333333333333333
1 0.49505208333333334 0.27037037037037037 0.044270833333333336 0.07222222222222222
1 0.7255208333333333 0.1574074074074074 0.035416666666666666 0.040740740740740744
1 0.32265625 0.17962962962962964 0.034895833333333334 0.04259259259259259
1 0.16848958333333333 0.17037037037037037 0.04114583333333333 0.06111111111111111
1 0.3190104166666667 0.16018518518518518 0.0421875 0.044444444444444446
1 0.28567708333333336 0.26666666666666666 0.05364583333333333 0.07407407407407407
1 0.74375 0.11944444444444445 0.021875 0.044444444444444446
1 0.5997395833333333 0.14583333333333334 0.034895833333333334 0.05277777777777778
1 0.8721354166666667 0.29768518518518516 0.0390625 0.05277777777777778
1 0.25494791666666666 0.08518518518518518 0.025520833333333333 0.03518518518518519
1 0.17604166666666668 0.19027777777777777 0.0375 0.05277777777777778
1 0.4669270833333333 0.10601851851851851 0.0265625 0.028703703703703703
1 0.19375 0.1398148148148148 0.023958333333333335 0.046296296296296294
1 0.55390625 0.10462962962962963 0.018229166666666668 0.03333333333333333
1 0.66875 0.11712962962962963 0.029166666666666667 0.04351851851851852
1 0.30807291666666664 0.0962962962962963 0.022395833333333334 0.03333333333333333
1 0.7283854166666667 0.19722222222222222 0.03802083333333333 0.05925925925925926
1 0.5744791666666667 0.10925925925925926 0.03229166666666667 0.05185185185185185
1 0.29375 0.13148148148148148 0.027083333333333334 0.04814814814814815
1 0.5419270833333333 0.12222222222222222 0.0296875 0.04259259259259259
1 0.6041666666666666 0.11064814814814815 0.026041666666666668 0.032407407407407406
1 0.27760416666666665 0.22962962962962963 0.03958333333333333 0.04814814814814815
1 0.25026041666666665 0.17916666666666667 0.044270833333333336 0.07314814814814814
1 0.7135416666666666 0.2300925925925926 0.04791666666666667 0.058333333333333334
1 0.18046875 0.25787037037037036 0.04739583333333333 0.05462962962962963