2 0.7096354166666666 0.39814814814814814 0.1171875 0.22777777777777777
2 0.97265625 0.17592592592592593 0.05364583333333333 0.17962962962962964
2 0.8244791666666667 0.1398148148148148 0.06666666666666667 0.13518518518518519
2 0.7619791666666667 0.0875 0.05520833333333333 0.08611111111111111
1 0.7515625 0.7347222222222223 0.13333333333333333 0.175
1 0.8447916666666667 0.8949074074074074 0.16041666666666668 0.20833333333333334
1 0.5127604166666667 0.4375 0.08177083333333333 0.1175925925925926
1 0.6067708333333334 0.36435185185185187 0.071875 0.09166666666666666
1 0.21171875 0.6180555555555556 0.1015625 0.1398148148148148
1 0.36953125 0.45185185185185184 0.08385416666666666 0.11481481481481481
1 0.18645833333333334 0.5509259259259259 0.1 0.12222222222222222
1 0.5278645833333333 0.30416666666666664 0.05572916666666667 0.0787037037037037
1 0.8265625 0.5560185185185185 0.12604166666666666 0.2064814814814815
1 0.28802083333333334 0.30416666666666664 0.058333333333333334 0.07685185185185185
1 0.6138020833333333 0.2833333333333333 0.0546875 0.07592592592592592
1 0.49322916666666666 0.26666666666666666 0.057291666666666664 0.07222222222222222
1 0.634375 0.412962962962963 0.04583333333333333 0.10555555555555556
1 0.5106770833333333 0.7824074074074074 0.1484375 0.2388888888888889
1 0.19270833333333334 0.27314814814814814 0.051041666666666666 0.07407407407407407
1 0.49765625 0.3912037037037037 0.06927083333333334 0.10277777777777777
1 0.60625 0.15416666666666667 0.035416666666666666 0.049074074074074076
1 0.9833333333333333 0.3194444444444444 0.03229166666666667 0.09074074074074075
1 0.26640625 0.21805555555555556 0.04010416666666667 0.05277777777777778
1 0.72578125 0.2324074074074074 0.0453125 0.05925925925925926
1 0.8588541666666667 0.25555555555555554 0.058333333333333334 0.09259259259259259
1 0.44765625 0.6865740740740741 0.1265625 0.1675925925925926
1 0.3484375 0.3925925925925926 0.08854166666666667 0.14074074074074075
1 0.5841145833333333 0.25324074074074077 0.05677083333333333 0.08055555555555556
1 0.18802083333333333 0.4546296296296296 0.07604166666666666 0.10740740740740741
1 0.4596354166666667 0.24305555555555555 0.050520833333333334 0.0712962962962963
1 0.3684895833333333 0.2722222222222222 0.033854166666666664 0.06851851851851852
1 0.7565104166666666 0.21342592592592594 0.0390625 0.05648148148148148
1 0.43046875 0.32037037037037036 0.06822916666666666 0.11666666666666667
1 0.1875 0.3819444444444444 0.08020833333333334 0.10277777777777777
1 0.5903645833333333 0.14537037037037037 0.03177083333333333 0.04814814814814815
1 0.9088541666666666 0.17962962962962964 0.0375 0.06296296296296296
1 0.39427083333333335 0.17222222222222222 0.03958333333333333 0.05555555555555555
1 0.81484375 0.20092592592592592 0.04635416666666667 0.07407407407407407
1 0.23697916666666666 0.14537037037037037 0.029166666666666667 0.04259259259259259
1 0.5234375 0.11944444444444445 0.026041666666666668 0.03148148148148148
1 0.6497395833333334 0.13518518518518519 0.0390625 0.06111111111111111
1 0.7125 0.13240740740740742 0.030208333333333334 0.03518518518518519
1 0.18802083333333333 0.22685185185185186 0.041666666666666664 0.06851851851851852
1 0.24817708333333333 0.17175925925925925 0.03697916666666667 0.05092592592592592
1 0.36015625 0.23194444444444445 0.0515625 0.08055555555555556
1 0.49947916666666664 0.10277777777777777 0.030208333333333334 0.044444444444444446
1 0.6783854166666666 0.1287037037037037 0.021354166666666667 0.04259259259259259
1 0.45729166666666665 0.0837962962962963 0.01875 0.03611111111111111
1 0.5588541666666667 0.12685185185185185 0.027083333333333334 0.04259259259259259
1 0.33958333333333335 0.2064814814814815 0.034375 0.05555555555555555
1 0.16848958333333333 0.08472222222222223 0.0265625 0.026851851851851852
1 0.40208333333333335 0.287962962962963 0.04895833333333333 0.10925925925925926
1 0.26458333333333334 0.1037037037037037 0.025 0.03888888888888889
1 0.2950520833333333 0.14166666666666666 0.0328125 0.053703703703703705
1 0.40625 0.19027777777777777 0.030208333333333334 0.05648148148148148
1 0.22864583333333333 0.1259259259259259 0.035416666666666666 0.053703703703703705
1 0.3953125 0.11435185185185186 0.029166666666666667 0.049074074074074076
1 0.40390625 0.12129629629629629 0.0296875 0.040740740740740744
1 0.4317708333333333 0.21203703703703702 0.040625 0.04814814814814815
1 0.2604166666666667 0.19537037037037036 0.042708333333333334 0.044444444444444446
1 0.7169270833333333 0.2 0.0421875 0.05925925925925926
1 0.425 0.13796296296296295 0.025 0.037037037037037035
1 0.6424479166666667 0.1935185185185185 0.04010416666666667 0.03518518518518519
1 0.41692708333333334 0.0699074074074074 0.018229166666666668 0.025
1 0.1671875 0.14722222222222223 0.034375 0.044444444444444446
1 0.1671875 0.17916666666666667 0.03229166666666667 0.05648148148148148
1 0.43307291666666664 0.18518518518518517 0.0421875 0.04259259259259259
1 0.54375 0.06666666666666667 0.025 0.03333333333333333
1 0.9755208333333333 0.27361111111111114 0.04791666666666667 0.05648148148148148
1 0.72734375 0.1398148148148148 0.0265625 0.025925925925925925
1 0.61171875 0.12037037037037036 0.030729166666666665 0.05185185185185185
1 0.7565104166666666 0.14907407407407408 0.03697916666666667 0.053703703703703705
1 0.27838541666666666 0.1162037037037037 0.028645833333333332 0.03981481481481482
1 0.3203125 0.16527777777777777 0.03333333333333333 0.058333333333333334
1 0.16614583333333333 0.11296296296296296 0.027083333333333334 0.03148148148148148
1 0.3497395833333333 0.13842592592592592 0.028645833333333332 0.03796296296296296
1 0.36041666666666666 0.1476851851851852 0.03854166666666667 0.05277777777777778
1 0.47630208333333335 0.09583333333333334 0.0234375 0.032407407407407406
1 0.5934895833333333 0.09537037037037037 0.022395833333333334 0.022222222222222223
1 0.58515625 0.13240740740740742 0.0328125 0.05925925925925926
1 0.93359375 0.18564814814814815 0.0328125 0.075
1 0.32734375 0.07083333333333333 0.0203125 0.019444444444444445
1 0.6348958333333333 0.10601851851851851 0.025 0.03611111111111111
1 0.6997395833333333 0.18425925925925926 0.04010416666666667 0.06851851851851852
1 0.55703125 0.09351851851851851 0.018229166666666668 0.024074074074074074
1 0.88984375 0.1685185185185185 0.03697916666666667 0.06481481481481481
1 0.5854166666666667 0.07731481481481481 0.028125 0.023148148148148147
1 0.44192708333333336 0.0763888888888889 0.019270833333333334 0.032407407407407406
1 0.3765625 0.10092592592592593 0.025 0.046296296296296294
1 0.18151041666666667 0.21157407407407408 0.04114583333333333 0.05092592592592592
1 0.44453125 0.1527777777777778 0.033854166666666664 0.053703703703703705
1 0.3377604166666667 0.1865740740740741 0.03802083333333333 0.05277777777777778
1 0.9786458333333333 0.24212962962962964 0.041666666666666664 0.03425925925925926
1 0.73046875 0.16712962962962963 0.0265625 0.03611111111111111
1 0.39895833333333336 0.06851851851851852 0.017708333333333333 0.020370370370370372