2 0.7075520833333333 0.09907407407407408 0.0546875 0.11851851851851852
2 0.646875 0.09027777777777778 0.05 0.09351851851851851
1 0.315625 0.6925925925925925 0.13125 0.17222222222222222
1 0.7260416666666667 0.7148148148148148 0.14375 0.18518518518518517
1 0.8885416666666667 0.6138888888888889 0.125 0.1574074074074074
1 0.5161458333333333 0.45694444444444443 0.10104166666666667 0.14907407407407408
1 0.7169270833333333 0.45925925925925926 0.0953125 0.12222222222222222
1 0.7828125 0.5305555555555556 0.10520833333333333 0.14814814814814814
1 0.9119791666666667 0.8976851851851851 0.175 0.20277777777777778
1 0.20651041666666667 0.41712962962962963 0.07135416666666666 0.10648148148148148
1 0.34088541666666666 0.3962962962962963 0.06822916666666666 0.09074074074074075
1 0.9739583333333334 0.2662037037037037 0.051041666666666666 0.08796296296296297
1 0.5583333333333333 0.3226851851851852 0.06041666666666667 0.09166666666666666
1 0.51953125 0.2847222222222222 0.059895833333333336 0.08055555555555556
1 0.46145833333333336 0.3648148148148148 0.06770833333333333 0.09259259259259259
1 0.61875 0.2657407407407407 0.05520833333333333 0.08888888888888889
1 0.43515625 0.21481481481481482 0.04114583333333333 0.05925925925925926
1 0.6041666666666666 0.17407407407407408 0.036458333333333336 0.040740740740740744
1 0.9013020833333333 0.18055555555555555 0.04114583333333333 0.05185185185185185
1 0.32317708333333334 0.3398148148148148 0.06302083333333333 0.08518518518518518
1 0.40130208333333334 0.17962962962962964 0.0390625 0.05
1 0.5713541666666667 0.24212962962962964 0.04791666666666667 0.06944444444444445
1 0.6440104166666667 0.37407407407407406 0.07864583333333333 0.1259259259259259
1 0.6497395833333334 0.5990740740740741 0.12135416666666667 0.18888888888888888
1 0.87109375 0.17037037037037037 0.034895833333333334 0.05
1 0.15885416666666666 0.3537037037037037 0.07291666666666667 0.10185185185185185
1 0.66015625 0.175 0.03802083333333333 0.05740740740740741
1 0.4166666666666667 0.30925925925925923 0.058333333333333334 0.08518518518518518
1 0.51875 0.2013888888888889 0.04583333333333333 0.06944444444444445
1 0.30052083333333335 0.3143518518518518 0.05416666666666667 0.0787037037037037
1 0.46927083333333336 0.7527777777777778 0.13645833333333332 0.18333333333333332
1 0.9294270833333333 0.2449074074074074 0.0546875 0.06574074074074074
1 0.2640625 0.21851851851851853 0.040625 0.05925925925925926
1 0.6734375 0.1439814814814815 0.03333333333333333 0.03981481481481482
1 0.6822916666666666 0.20833333333333334 0.040625 0.044444444444444446
1 0.49583333333333335 0.27175925925925926 0.04375 0.07314814814814814
1 0.49244791666666665 0.1837962962962963 0.0390625 0.062037037037037036
1 0.91171875 0.31203703703703706 0.07447916666666667 0.08518518518518518
1 0.8708333333333333 0.25046296296296294 0.052083333333333336 0.04351851851851852
1 0.8203125 0.17916666666666667 0.0375 0.05648148148148148
1 0.19322916666666667 0.1398148148148148 0.026041666666666668 0.046296296296296294
1 0.17291666666666666 0.2125 0.03854166666666667 0.05462962962962963
1 0.4700520833333333 0.16712962962962963 0.0328125 0.05462962962962963
1 0.17421875 0.30092592592592593 0.06302083333333333 0.07037037037037037
1 0.69296875 0.18055555555555555 0.0421875 0.03888888888888889
1 0.76015625 0.24953703703703703 0.04635416666666667 0.05277777777777778
1 0.46848958333333335 0.2375 0.0484375 0.08055555555555556
1 0.3731770833333333 0.16064814814814815 0.0359375 0.04537037037037037
1 0.80703125 0.2375 0.04635416666666667 0.0712962962962963
1 0.7244791666666667 0.1587962962962963 0.035416666666666666 0.041666666666666664
1 0.38697916666666665 0.2601851851851852 0.05 0.08518518518518518
1 0.82734375 0.27361111111111114 0.0578125 0.05648148148148148
1 0.86953125 0.2972222222222222 0.03802083333333333 0.05185185185185185
1 0.39921875 0.29074074074074074 0.044270833333333336 0.07407407407407407
1 0.28567708333333336 0.26666666666666666 0.05364583333333333 0.07407407407407407
1 0.3416666666666667 0.07685185185185185 0.029166666666666667 0.03518518518518519
1 0.3385416666666667 0.19398148148148148 0.0375 0.05462962962962963
1 0.3 0.1439814814814815 0.03125 0.05462962962962963
1 0.7653645833333333 0.13333333333333333 0.0359375 0.05555555555555555
1 0.48932291666666666 0.09814814814814815 0.024479166666666666 0.03333333333333333
1 0.5072916666666667 0.12314814814814815 0.029166666666666667 0.03333333333333333
1 0.45755208333333336 0.1537037037037037 0.03802083333333333 0.05740740740740741
1 0.16822916666666668 0.17037037037037037 0.040625 0.06111111111111111
1 0.7268229166666667 0.19722222222222222 0.0390625 0.05925925925925926
1 0.34140625 0.11481481481481481 0.04010416666666667 0.03888888888888889
1 0.5989583333333334 0.14675925925925926 0.034375 0.05277777777777778
1 0.2559895833333333 0.08564814814814815 0.024479166666666666 0.03425925925925926
1 0.8078125 0.19953703703703704 0.041666666666666664 0.041666666666666664
1 0.7744791666666667 0.18888888888888888 0.03854166666666667 0.05925925925925926
1 0.5536458333333333 0.10462962962962963 0.017708333333333333 0.03333333333333333
1 0.24973958333333332 0.17962962962962964 0.0453125 0.07407407407407407
1 0.27630208333333334 0.11481481481481481 0.03177083333333333 0.03888888888888889
1 0.371875 0.10185185185185185 0.026041666666666668 0.03333333333333333
1 0.4669270833333333 0.10555555555555556 0.025520833333333333 0.027777777777777776
1 0.30807291666666664 0.09722222222222222 0.0234375 0.03333333333333333
1 0.5247395833333334 0.07962962962962963 0.0296875 0.037037037037037035
1 0.7127604166666667 0.2300925925925926 0.04739583333333333 0.06018518518518518
1 0.31953125 0.16064814814814815 0.0421875 0.04537037037037037
1 0.590625 0.07916666666666666 0.01875 0.025
1 0.1765625 0.19074074074074074 0.0375 0.05185185185185185
1 0.74375 0.11898148148148148 0.021875 0.04351851851851852
1 0.5739583333333333 0.10787037037037037 0.03229166666666667 0.049074074074074076
1 0.60390625 0.10972222222222222 0.027604166666666666 0.032407407407407406
1 0.25755208333333335 0.13842592592592592 0.022395833333333334 0.021296296296296296
1 0.36432291666666666 0.2212962962962963 0.043229166666666666 0.07407407407407407
1 0.27734375 0.22962962962962963 0.0390625 0.04814814814814815
1 0.9901041666666667 0.37037037037037035 0.01875 0.05185185185185185
1 0.29375 0.13240740740740742 0.026041666666666668 0.05
1 0.17578125 0.25925925925925924 0.05572916666666667 0.05555555555555555