3 0.8557291666666667 0.24166666666666667 0.0625 0.09259259259259259
2 0.84765625 0.16435185185185186 0.0828125 0.1675925925925926
2 0.89296875 0.12824074074074074 0.0734375 0.1527777777777778
1 0.7729166666666667 0.5296296296296297 0.10729166666666666 0.13703703703703704
1 0.4713541666666667 0.6861111111111111 0.12395833333333334 0.17222222222222222
1 0.253125 0.8953703703703704 0.1625 0.2074074074074074
1 0.575 0.9111111111111111 0.17395833333333333 0.17592592592592593
1 0.4 0.5439814814814815 0.096875 0.14166666666666666
1 0.18645833333333334 0.3921296296296296 0.06979166666666667 0.10277777777777777
1 0.033854166666666664 0.46944444444444444 0.06770833333333333 0.10740740740740741
1 0.6338541666666667 0.39490740740740743 0.07916666666666666 0.11018518518518519
1 0.5622395833333333 0.33935185185185185 0.06927083333333334 0.08796296296296297
1 0.5630208333333333 0.5046296296296297 0.09479166666666666 0.12777777777777777
1 0.9533854166666667 0.19490740740740742 0.04635416666666667 0.058333333333333334
1 0.6627604166666666 0.5953703703703703 0.11197916666666667 0.18518518518518517
1 0.87421875 0.44166666666666665 0.09322916666666667 0.13333333333333333
1 0.9635416666666666 0.29444444444444445 0.071875 0.10740740740740741
1 0.7333333333333333 0.20787037037037037 0.04375 0.05648148148148148
1 0.47708333333333336 0.25324074074074077 0.04375 0.06759259259259259
1 0.9458333333333333 0.9106481481481481 0.10729166666666666 0.17685185185185184
1 0.6580729166666667 0.17407407407407408 0.0390625 0.053703703703703705
1 0.42526041666666664 0.13564814814814816 0.024479166666666666 0.041666666666666664
1 0.42682291666666666 0.31851851851851853 0.050520833333333334 0.07777777777777778
1 0.5260416666666666 0.20324074074074075 0.04375 0.06018518518518518
1 0.75078125 0.17407407407407408 0.04010416666666667 0.05555555555555555
1 0.5192708333333333 0.4393518518518518 0.08229166666666667 0.11574074074074074
1 0.4591145833333333 0.3490740740740741 0.06927083333333334 0.11481481481481481
1 0.4002604166666667 0.2777777777777778 0.05572916666666667 0.08888888888888889
1 0.32369791666666664 0.36527777777777776 0.08802083333333334 0.13796296296296295
1 0.6950520833333333 0.13287037037037036 0.030729166666666665 0.04351851851851852
1 0.4041666666666667 0.19537037037037036 0.036458333333333336 0.05
1 0.45260416666666664 0.1527777777777778 0.041666666666666664 0.06666666666666667
1 0.43359375 0.21064814814814814 0.04010416666666667 0.062037037037037036
1 0.40286458333333336 0.11388888888888889 0.0265625 0.03888888888888889
1 0.49583333333333335 0.18194444444444444 0.03854166666666667 0.058333333333333334
1 0.38697916666666665 0.16574074074074074 0.034375 0.05555555555555555
1 0.17630208333333333 0.1865740740740741 0.04010416666666667 0.058333333333333334
1 0.7130208333333333 0.16620370370370371 0.03958333333333333 0.05092592592592592
1 0.6536458333333334 0.13796296296296295 0.034375 0.05
1 0.17526041666666667 0.12546296296296297 0.033854166666666664 0.03796296296296296
1 0.6197916666666666 0.15462962962962962 0.035416666666666666 0.053703703703703705
1 0.2328125 0.11898148148148148 0.03333333333333333 0.05462962962962963
1 0.26666666666666666 0.23194444444444445 0.04479166666666667 0.0824074074074074
1 0.45729166666666665 0.23194444444444445 0.041666666666666664 0.07314814814814814
1 0.15546875 0.10277777777777777 0.0265625 0.046296296296296294
1 0.7356770833333334 0.10648148148148148 0.033854166666666664 0.027777777777777776
1 0.6307291666666667 0.09537037037037037 0.019791666666666666 0.02962962962962963
1 0.58671875 0.13518518518518519 0.03802083333333333 0.05925925925925926
1 0.35 0.13287037037037036 0.023958333333333335 0.04351851851851852
1 0.2981770833333333 0.2916666666666667 0.05260416666666667 0.0962962962962963
1 0.3015625 0.13240740740740742 0.035416666666666666 0.046296296296296294
1 0.16927083333333334 0.29444444444444445 0.057291666666666664 0.07222222222222222
1 0.3416666666666667 0.20694444444444443 0.04791666666666667 0.062037037037037036
1 0.37734375 0.2513888888888889 0.0421875 0.08055555555555556
1 0.31588541666666664 0.30092592592592593 0.07552083333333333 0.08148148148148149
1 0.5276041666666667 0.13472222222222222 0.01875 0.023148148148148147
1 0.16458333333333333 0.25925925925925924 0.06145833333333333 0.07407407407407407
1 0.5291666666666667 0.2791666666666667 0.075 0.09351851851851851
1 0.353125 0.08657407407407407 0.022916666666666665 0.03425925925925926
1 0.33697916666666666 0.0712962962962963 0.01875 0.024074074074074074
1 0.50859375 0.11944444444444445 0.03177083333333333 0.03518518518518519
1 0.30130208333333336 0.08796296296296297 0.0265625 0.037037037037037035
1 0.5171875 0.08194444444444444 0.019791666666666666 0.026851851851851852
1 0.5671875 0.09027777777777778 0.021875 0.030555555555555555
1 0.17213541666666668 0.16342592592592592 0.04010416666666667 0.05092592592592592
1 0.821875 0.38842592592592595 0.09270833333333334 0.14166666666666666
1 0.23880208333333333 0.14953703703703702 0.03697916666666667 0.03796296296296296
1 0.28046875 0.23796296296296296 0.0515625 0.07037037037037037
1 0.6450520833333333 0.10138888888888889 0.0265625 0.026851851851851852
1 0.46927083333333336 0.0699074074074074 0.022916666666666665 0.032407407407407406
1 0.553125 0.10138888888888889 0.01875 0.03425925925925926
1 0.5635416666666667 0.13148148148148148 0.020833333333333332 0.05
1 0.18020833333333333 0.33287037037037037 0.06354166666666666 0.10462962962962963
1 0.2747395833333333 0.1712962962962963 0.028645833333333332 0.044444444444444446
1 0.30546875 0.1625 0.0359375 0.03981481481481482
1 0.49375 0.11527777777777778 0.013541666666666667 0.028703703703703703
1 0.48125 0.10740740740740741 0.019791666666666666 0.025925925925925925
1 0.4015625 0.06574074074074074 0.019791666666666666 0.022222222222222223
1 0.365625 0.15046296296296297 0.03125 0.04722222222222222
1 0.28229166666666666 0.12222222222222222 0.019791666666666666 0.03888888888888889
1 0.5276041666666667 0.10833333333333334 0.016666666666666666 0.027777777777777776
1 0.24166666666666667 0.18703703703703703 0.04583333333333333 0.07407407407407407
1 0.4270833333333333 0.08518518518518518 0.023958333333333335 0.027777777777777776
1 0.6294270833333333 0.12407407407407407 0.030729166666666665 0.03148148148148148
1 0.2791666666666667 0.27685185185185185 0.046875 0.07222222222222222
1 0.5125 0.2712962962962963 0.04375 0.08148148148148149
1 0.9911458333333333 0.5425925925925926 0.016666666666666666 0.16296296296296298