2 0.9669270833333333 0.20555555555555555 0.06510416666666667 0.1962962962962963
1 0.19895833333333332 0.5773148148148148 0.10833333333333334 0.1398148148148148
1 0.62578125 0.399537037037037 0.0796875 0.10462962962962963
1 0.55625 0.8722222222222222 0.16666666666666666 0.22592592592592592
1 0.4036458333333333 0.600462962962963 0.1125 0.14907407407407408
1 0.8372395833333334 0.8416666666666667 0.15989583333333332 0.22777777777777777
1 0.709375 0.7203703703703703 0.13125 0.17592592592592593
1 0.49296875 0.2773148148148148 0.0578125 0.075
1 0.7653645833333333 0.5018518518518519 0.1078125 0.1685185185185185
1 0.8549479166666667 0.25925925925925924 0.05260416666666667 0.07037037037037037
1 0.22239583333333332 0.7564814814814815 0.14791666666666667 0.19444444444444445
1 0.9364583333333333 0.6560185185185186 0.12395833333333334 0.1638888888888889
1 0.7489583333333333 0.21574074074074073 0.04583333333333333 0.06296296296296296
1 0.9770833333333333 0.7393518518518518 0.04479166666666667 0.20092592592592592
1 0.33932291666666664 0.4074074074074074 0.0734375 0.1037037037037037
1 0.5466145833333333 0.3148148148148148 0.06302083333333333 0.08888888888888889
1 0.47213541666666664 0.387037037037037 0.0703125 0.1
1 0.7036458333333333 0.3296296296296296 0.06770833333333333 0.10185185185185185
1 0.8674479166666667 0.4351851851851852 0.0953125 0.14444444444444443
1 0.39479166666666665 0.11990740740740741 0.019791666666666666 0.03796296296296296
1 0.16015625 0.36527777777777776 0.0640625 0.08981481481481482
1 0.8010416666666667 0.37222222222222223 0.09166666666666666 0.11296296296296296
1 0.6755208333333333 0.9708333333333333 0.14375 0.05648148148148148
1 0.4434895833333333 0.3449074074074074 0.059895833333333336 0.08981481481481482
1 0.38697916666666665 0.48194444444444445 0.08958333333333333 0.1175925925925926
1 0.4739583333333333 0.16944444444444445 0.0375 0.05185185185185185
1 0.5239583333333333 0.43194444444444446 0.08229166666666667 0.13425925925925927
1 0.18776041666666668 0.3162037037037037 0.0578125 0.0787037037037037
1 0.3177083333333333 0.17685185185185184 0.040625 0.05555555555555555
1 0.4705729166666667 0.23472222222222222 0.05677083333333333 0.0824074074074074
1 0.5932291666666667 0.17175925925925925 0.0375 0.03611111111111111
1 0.29791666666666666 0.300462962962963 0.06666666666666667 0.11388888888888889
1 0.65703125 0.6 0.11822916666666666 0.1925925925925926
1 0.696875 0.1884259259259259 0.042708333333333334 0.06574074074074074
1 0.5760416666666667 0.13287037037037036 0.029166666666666667 0.03981481481481482
1 0.3692708333333333 0.23333333333333334 0.04895833333333333 0.07777777777777778
1 0.41822916666666665 0.12962962962962962 0.036458333333333336 0.05740740740740741
1 0.7859375 0.1837962962962963 0.046875 0.0824074074074074
1 0.37838541666666664 0.26435185185185184 0.04114583333333333 0.06759259259259259
1 0.36041666666666666 0.14583333333333334 0.03229166666666667 0.05092592592592592
1 0.23880208333333333 0.16018518518518518 0.028645833333333332 0.04814814814814815
1 0.6791666666666667 0.29814814814814816 0.06666666666666667 0.11296296296296296
1 0.4354166666666667 0.2111111111111111 0.034375 0.053703703703703705
1 0.37890625 0.10138888888888889 0.0234375 0.03611111111111111
1 0.39609375 0.1787037037037037 0.0359375 0.05
1 0.1953125 0.16435185185185186 0.042708333333333334 0.06574074074074074
1 0.6484375 0.11342592592592593 0.027083333333333334 0.03425925925925926
1 0.5861979166666667 0.11666666666666667 0.0328125 0.04259259259259259
1 0.7338541666666667 0.16944444444444445 0.03854166666666667 0.05925925925925926
1 0.6822916666666666 0.11342592592592593 0.026041666666666668 0.03611111111111111
1 0.2760416666666667 0.15694444444444444 0.03333333333333333 0.05648148148148148
1 0.45651041666666664 0.1537037037037037 0.0328125 0.05555555555555555
1 0.91640625 0.17916666666666667 0.0421875 0.06574074074074074
1 0.37734375 0.1699074074074074 0.030729166666666665 0.04351851851851852
1 0.6911458333333333 0.13703703703703704 0.03125 0.05
1 0.7041666666666667 0.15092592592592594 0.036458333333333336 0.02962962962962963
1 0.42135416666666664 0.19907407407407407 0.0375 0.06296296296296296
1 0.85234375 0.21435185185185185 0.049479166666666664 0.06388888888888888
1 0.41354166666666664 0.2847222222222222 0.05520833333333333 0.09351851851851851
1 0.6497395833333334 0.16666666666666666 0.0453125 0.06851851851851852
1 0.8322916666666667 0.17083333333333334 0.04479166666666667 0.06388888888888888
1 0.34817708333333336 0.21435185185185185 0.0359375 0.06759259259259259
1 0.51875 0.13194444444444445 0.028125 0.032407407407407406
1 0.7565104166666666 0.15462962962962962 0.025520833333333333 0.046296296296296294
1 0.16432291666666668 0.25046296296296294 0.04114583333333333 0.06388888888888888
1 0.6684895833333333 0.10601851851851851 0.021354166666666667 0.030555555555555555
1 0.4552083333333333 0.10092592592592593 0.023958333333333335 0.03148148148148148
1 0.34322916666666664 0.0787037037037037 0.021875 0.03333333333333333
1 0.6091145833333333 0.1037037037037037 0.024479166666666666 0.03333333333333333
1 0.2877604166666667 0.11712962962962963 0.030729166666666665 0.03981481481481482
1 0.33984375 0.12453703703703704 0.0296875 0.05092592592592592
1 0.26666666666666666 0.1050925925925926 0.022916666666666665 0.03981481481481482
1 0.4864583333333333 0.11342592592592593 0.01875 0.025
1 0.8078125 0.1287037037037037 0.040625 0.03518518518518519
1 0.23515625 0.13657407407407407 0.033854166666666664 0.041666666666666664
1 0.15677083333333333 0.09675925925925925 0.025 0.041666666666666664
1 0.62890625 0.12314814814814815 0.0265625 0.024074074074074074
1 0.4973958333333333 0.08194444444444444 0.023958333333333335 0.03796296296296296
1 0.5614583333333333 0.14814814814814814 0.0375 0.04259259259259259
1 0.2598958333333333 0.2375 0.03125 0.06388888888888888
1 0.5078125 0.09953703703703703 0.022916666666666665 0.023148148148148147
1 0.16744791666666667 0.2023148148148148 0.033854166666666664 0.03611111111111111
1 0.5278645833333333 0.08842592592592592 0.018229166666666668 0.019444444444444445
1 0.6200520833333333 0.15462962962962962 0.027604166666666666 0.046296296296296294
1 0.22447916666666667 0.11018518518518519 0.027083333333333334 0.04814814814814815
1 0.29453125 0.08009259259259259 0.022395833333333334 0.03425925925925926
1 0.26927083333333335 0.2013888888888889 0.04479166666666667 0.05277777777777778
1 0.4434895833333333 0.08101851851851852 0.022395833333333334 0.028703703703703703
1 0.4744791666666667 0.08842592592592592 0.022916666666666665 0.03611111111111111
1 0.16432291666666668 0.14027777777777778 0.0265625 0.041666666666666664
1 0.2869791666666667 0.2523148148148148 0.06666666666666667 0.07685185185185185
1 0.17994791666666668 0.2152777777777778 0.043229166666666666 0.03981481481481482
1 0.17890625 0.2763888888888889 0.0484375 0.08981481481481482
1 0.9908854166666666 0.5777777777777777 0.0171875 0.09444444444444444
1 0.6307291666666667 0.09166666666666666 0.022916666666666665 0.037037037037037035