1 0.2109375 0.6518518518518519 0.12916666666666668 0.17037037037037037
1 0.59453125 0.3699074074074074 0.07447916666666667 0.09537037037037037
1 0.49114583333333334 0.7453703703703703 0.14270833333333333 0.19814814814814816
1 0.73046875 0.7203703703703703 0.13697916666666668 0.1925925925925926
1 0.3796875 0.5356481481481481 0.1 0.13425925925925927
1 0.5739583333333333 0.8888888888888888 0.16041666666666668 0.21666666666666667
1 0.19557291666666668 0.5125 0.09635416666666667 0.12314814814814815
1 0.903125 0.28055555555555556 0.057291666666666664 0.07407407407407407
1 0.8455729166666667 0.575925925925926 0.1078125 0.14629629629629629
1 0.3268229166666667 0.37407407407407406 0.06822916666666666 0.0962962962962963
1 0.5208333333333334 0.29212962962962963 0.06041666666666667 0.08055555555555556
1 0.4473958333333333 0.3574074074074074 0.058333333333333334 0.09259259259259259
1 0.1765625 0.3416666666666667 0.059375 0.08518518518518518
1 0.47421875 0.25833333333333336 0.05260416666666667 0.06851851851851852
1 0.6427083333333333 0.6291666666666667 0.11458333333333333 0.15648148148148147
1 0.9174479166666667 0.6402777777777777 0.14010416666666667 0.17685185185185184
1 0.8018229166666667 0.3907407407407407 0.08697916666666666 0.13148148148148148
1 0.37135416666666665 0.4375 0.078125 0.11203703703703703
1 0.6640625 0.3023148148148148 0.06145833333333333 0.09537037037037037
1 0.4981770833333333 0.3939814814814815 0.0765625 0.12314814814814815
1 0.7859375 0.22916666666666666 0.04895833333333333 0.06759259259259259
1 0.4276041666666667 0.32037037037037036 0.05625 0.08518518518518518
1 0.7328125 0.20462962962962963 0.04479166666666667 0.06111111111111111
1 0.39921875 0.2675925925925926 0.05260416666666667 0.09074074074074075
1 0.984375 0.7916666666666666 0.030208333333333334 0.20185185185185187
1 0.40651041666666665 0.12222222222222222 0.0359375 0.05740740740740741
1 0.36354166666666665 0.24861111111111112 0.040625 0.06388888888888888
1 0.7450520833333333 0.3416666666666667 0.07552083333333333 0.10925925925925926
1 0.38515625 0.11342592592592593 0.0171875 0.03611111111111111
1 0.45755208333333336 0.15787037037037038 0.0359375 0.049074074074074076
1 0.2903645833333333 0.28194444444444444 0.06510416666666667 0.10833333333333334
1 0.3109375 0.16666666666666666 0.03854166666666667 0.05185185185185185
1 0.72890625 0.1685185185185185 0.04114583333333333 0.05185185185185185
1 0.89921875 0.2300925925925926 0.05260416666666667 0.0712962962962963
1 0.18880208333333334 0.29444444444444445 0.05260416666666667 0.07777777777777778
1 0.86796875 0.18009259259259258 0.04739583333333333 0.06574074074074074
1 0.9575520833333333 0.5254629629629629 0.08385416666666666 0.14351851851851852
1 0.4244791666666667 0.19907407407407407 0.035416666666666666 0.05185185185185185
1 0.353125 0.13703703703703704 0.030208333333333334 0.04814814814814815
1 0.5557291666666667 0.1476851851851852 0.028125 0.03425925925925926
1 0.384375 0.16712962962962963 0.034375 0.04537037037037037
1 0.6419270833333334 0.2759259259259259 0.06197916666666667 0.1037037037037037
1 0.6138020833333333 0.18055555555555555 0.0390625 0.03888888888888889
1 0.23645833333333333 0.1537037037037037 0.029166666666666667 0.044444444444444446
1 0.184375 0.1574074074074074 0.041666666666666664 0.06296296296296296
1 0.7052083333333333 0.14027777777777778 0.03229166666666667 0.04351851851851852
1 0.37109375 0.09675925925925925 0.021354166666666667 0.03611111111111111
1 0.36614583333333334 0.15925925925925927 0.030208333333333334 0.040740740740740744
1 0.33880208333333334 0.2013888888888889 0.033854166666666664 0.06574074074074074
1 0.5940104166666667 0.1412037037037037 0.030729166666666665 0.041666666666666664
1 0.5815104166666667 0.15694444444444444 0.03697916666666667 0.04351851851851852
1 0.33828125 0.07407407407407407 0.0203125 0.027777777777777776
1 0.6518229166666667 0.1712962962962963 0.024479166666666666 0.06111111111111111
1 0.9458333333333333 0.1875 0.04375 0.06759259259259259
1 0.4549479166666667 0.22083333333333333 0.049479166666666664 0.0787037037037037
1 0.25442708333333336 0.18796296296296297 0.04010416666666667 0.07037037037037037
1 0.359375 0.21944444444444444 0.04583333333333333 0.07592592592592592
1 0.8166666666666667 0.20601851851851852 0.041666666666666664 0.062037037037037036
1 0.6018229166666667 0.5310185185185186 0.10572916666666667 0.1675925925925926
1 0.5283854166666667 0.13518518518518519 0.0171875 0.025925925925925925
1 0.23203125 0.13055555555555556 0.03177083333333333 0.03888888888888889
1 0.33541666666666664 0.11851851851851852 0.03229166666666667 0.04814814814814815
1 0.17317708333333334 0.19490740740740742 0.04739583333333333 0.041666666666666664
1 0.22083333333333333 0.10462962962962963 0.027083333333333334 0.04814814814814815
1 0.62421875 0.10833333333333334 0.0265625 0.037037037037037035
1 0.28151041666666665 0.11666666666666667 0.0328125 0.05
1 0.6955729166666667 0.11666666666666667 0.0296875 0.03888888888888889
1 0.6666666666666666 0.12037037037037036 0.029166666666666667 0.040740740740740744
1 0.46588541666666666 0.10324074074074074 0.024479166666666666 0.030555555555555555
1 0.6419270833333334 0.09444444444444444 0.0234375 0.040740740740740744
1 0.2799479166666667 0.23703703703703705 0.06302083333333333 0.07407407407407407
1 0.17291666666666666 0.10138888888888889 0.022916666666666665 0.023148148148148147
1 0.5640625 0.09722222222222222 0.026041666666666668 0.027777777777777776
1 0.1625 0.13703703703703704 0.023958333333333335 0.040740740740740744
1 0.40703125 0.18703703703703703 0.034895833333333334 0.05925925925925926
1 0.50703125 0.08611111111111111 0.025520833333333333 0.03888888888888889
1 0.6815104166666667 0.10324074074074074 0.0171875 0.021296296296296296
1 0.49921875 0.11712962962962963 0.018229166666666668 0.028703703703703703
1 0.7091145833333333 0.449537037037037 0.09635416666666667 0.1527777777777778
1 0.5630208333333333 0.12268518518518519 0.028125 0.025
1 0.5213541666666667 0.12731481481481483 0.028125 0.030555555555555555
1 0.2520833333333333 0.22453703703703703 0.022916666666666665 0.062037037037037036
1 0.2916666666666667 0.07731481481481481 0.022916666666666665 0.03425925925925926
1 0.45026041666666666 0.08333333333333333 0.0234375 0.027777777777777776
1 0.6447916666666667 0.1537037037037037 0.035416666666666666 0.06481481481481481
1 0.2643229166666667 0.19027777777777777 0.04114583333333333 0.049074074074074076
1 0.21458333333333332 0.08611111111111111 0.028125 0.040740740740740744
1 0.15729166666666666 0.09351851851851851 0.025 0.04259259259259259
1 0.2640625 0.1 0.020833333333333332 0.037037037037037035
1 0.7690104166666667 0.1736111111111111 0.04010416666666667 0.058333333333333334
1 0.6776041666666667 0.1763888888888889 0.04791666666666667 0.07314814814814814
1 0.1765625 0.26064814814814813 0.04791666666666667 0.08425925925925926
1 0.23880208333333333 0.07314814814814814 0.009895833333333333 0.027777777777777776
1 0.28020833333333334 0.1476851851851852 0.034375 0.04351851851851852
1 0.5997395833333333 0.12129629629629629 0.034895833333333334 0.04259259259259259
1 0.17239583333333333 0.23842592592592593 0.05 0.062037037037037036
1 0.44765625 0.1449074074074074 0.030729166666666665 0.05462962962962963