2 0.69765625 0.09583333333333334 0.05260416666666667 0.11203703703703703
2 0.6388020833333333 0.08981481481481482 0.049479166666666664 0.09074074074074075
1 0.5200520833333333 0.8314814814814815 0.1578125 0.20185185185185187
1 0.7828125 0.7870370370370371 0.15729166666666666 0.20185185185185187
1 0.9421875 0.6689814814814815 0.11458333333333333 0.16944444444444445
1 0.7528645833333333 0.4875 0.09947916666666666 0.13240740740740742
1 0.8302083333333333 0.5703703703703704 0.11458333333333333 0.16296296296296298
1 0.68828125 0.6476851851851851 0.1328125 0.20462962962962963
1 0.20885416666666667 0.44212962962962965 0.078125 0.11203703703703703
1 0.3497395833333333 0.4162037037037037 0.0734375 0.09722222222222222
1 0.5372395833333333 0.4875 0.1078125 0.16203703703703703
1 0.47578125 0.38333333333333336 0.0734375 0.09814814814814815
1 0.5333333333333333 0.2986111111111111 0.06354166666666666 0.08611111111111111
1 0.13697916666666668 0.38287037037037036 0.075 0.12314814814814815
1 0.33125 0.35555555555555557 0.06666666666666667 0.08888888888888889
1 0.4427083333333333 0.22083333333333333 0.042708333333333334 0.062037037037037036
1 0.30130208333333336 0.7736111111111111 0.14635416666666667 0.18981481481481483
1 0.53046875 0.20972222222222223 0.04635416666666667 0.0712962962962963
1 0.5744791666666667 0.3384259259259259 0.06354166666666666 0.09537037037037037
1 0.6359375 0.2777777777777778 0.058333333333333334 0.09259259259259259
1 0.6645833333333333 0.39444444444444443 0.08229166666666667 0.13148148148148148
1 0.40677083333333336 0.18333333333333332 0.03854166666666667 0.05
1 0.9440104166666666 0.25324074074074077 0.05572916666666667 0.0824074074074074
1 0.5890625 0.16712962962962963 0.035416666666666666 0.041666666666666664
1 0.478125 0.24675925925925926 0.05 0.0824074074074074
1 0.5088541666666667 0.2824074074074074 0.046875 0.07592592592592592
1 0.3776041666666667 0.16666666666666666 0.0375 0.046296296296296294
1 0.4283854166666667 0.32175925925925924 0.06197916666666667 0.08981481481481482
1 0.2640625 0.22592592592592592 0.0375 0.06111111111111111
1 0.85703125 0.16620370370370371 0.0328125 0.04722222222222222
1 0.86875 0.2949074074074074 0.07291666666666667 0.0824074074074074
1 0.8838541666666667 0.17546296296296296 0.03958333333333333 0.05092592592592592
1 0.7989583333333333 0.26157407407407407 0.057291666666666664 0.05648148148148148
1 0.3067708333333333 0.3282407407407407 0.05625 0.0824074074074074
1 0.8393229166666667 0.2388888888888889 0.04739583333333333 0.044444444444444446
1 0.7546875 0.1824074074074074 0.03333333333333333 0.05740740740740741
1 0.17786458333333333 0.3125 0.06302083333333333 0.07685185185185185
1 0.646875 0.17037037037037037 0.036458333333333336 0.053703703703703705
1 0.37109375 0.22870370370370371 0.044270833333333336 0.07592592592592592
1 0.5018229166666667 0.19212962962962962 0.04010416666666667 0.06944444444444445
1 0.66015625 0.1388888888888889 0.0328125 0.037037037037037035
1 0.17317708333333334 0.21666666666666667 0.04010416666666667 0.05555555555555555
1 0.28541666666666665 0.2587962962962963 0.052083333333333336 0.04537037037037037
1 0.58671875 0.2523148148148148 0.049479166666666664 0.0712962962962963
1 0.7356770833333334 0.24166666666666667 0.0484375 0.05740740740740741
1 0.465625 0.1587962962962963 0.03854166666666667 0.06018518518518518
1 0.5893229166666667 0.13842592592592592 0.0359375 0.05462962962962963
1 0.4786458333333333 0.1736111111111111 0.03333333333333333 0.06018518518518518
1 0.1609375 0.1162037037037037 0.03958333333333333 0.049074074074074076
1 0.75625 0.1310185185185185 0.035416666666666666 0.05462962962962963
1 0.4078125 0.30277777777777776 0.04583333333333333 0.07592592592592592
1 0.28984375 0.287962962962963 0.05260416666666667 0.053703703703703705
1 0.1765625 0.26944444444444443 0.057291666666666664 0.05925925925925926
1 0.46067708333333335 0.10277777777777777 0.025520833333333333 0.027777777777777776
1 0.9708333333333333 0.3638888888888889 0.057291666666666664 0.08518518518518518
1 0.18723958333333332 0.10324074074074074 0.022395833333333334 0.032407407407407406
1 0.32708333333333334 0.17453703703703705 0.0375 0.062037037037037036
1 0.7104166666666667 0.18518518518518517 0.036458333333333336 0.05740740740740741
1 0.48385416666666664 0.09768518518518518 0.023958333333333335 0.03611111111111111
1 0.3932291666666667 0.2708333333333333 0.053125 0.08796296296296297
1 0.6653645833333334 0.2 0.03697916666666667 0.03888888888888889
1 0.49973958333333335 0.12037037037037036 0.027604166666666666 0.03148148148148148
1 0.34296875 0.2 0.0390625 0.05555555555555555
1 0.17708333333333334 0.1962962962962963 0.03958333333333333 0.05555555555555555
1 0.3453125 0.08009259259259259 0.029166666666666667 0.03796296296296296
1 0.19270833333333334 0.1449074074074074 0.020833333333333332 0.04722222222222222
1 0.5833333333333334 0.08194444444444444 0.01875 0.03611111111111111
1 0.80390625 0.16296296296296298 0.034895833333333334 0.03518518518518519
1 0.30390625 0.1476851851851852 0.033854166666666664 0.05277777777777778
1 0.2557291666666667 0.08703703703703704 0.023958333333333335 0.03518518518518519
1 0.2518229166666667 0.18518518518518517 0.0484375 0.07592592592592592
1 0.56484375 0.1050925925925926 0.030729166666666665 0.05092592592592592
1 0.59453125 0.10740740740740741 0.0265625 0.02962962962962963
1 0.6932291666666667 0.21712962962962962 0.042708333333333334 0.049074074074074076
1 0.6770833333333334 0.1736111111111111 0.0375 0.03611111111111111
1 0.28359375 0.22685185185185186 0.04010416666666667 0.02962962962962963
1 0.7328125 0.1162037037037037 0.025 0.04351851851851852
1 0.8065104166666667 0.2023148148148148 0.0390625 0.05462962962962963
1 0.31276041666666665 0.09907407407407408 0.022395833333333334 0.03333333333333333
1 0.16744791666666667 0.08148148148148149 0.0328125 0.027777777777777776
1 0.17135416666666667 0.1736111111111111 0.03854166666666667 0.062037037037037036
1 0.7822916666666667 0.22592592592592592 0.046875 0.06666666666666667
1 0.7088541666666667 0.15185185185185185 0.03333333333333333 0.03518518518518519
1 0.26171875 0.14166666666666666 0.0234375 0.024074074074074074
1 0.5278645833333333 0.11851851851851852 0.016145833333333335 0.03518518518518519
1 0.9739583333333334 0.2949074074074074 0.051041666666666666 0.062037037037037036
1 0.4700520833333333 0.06296296296296296 0.019270833333333334 0.016666666666666666
1 0.33567708333333335 0.1175925925925926 0.024479166666666666 0.03888888888888889
1 0.37005208333333334 0.14629629629629629 0.0359375 0.05
1 0.2328125 0.13240740740740742 0.034375 0.04814814814814815
1 0.3768229166666667 0.1037037037037037 0.0265625 0.037037037037037035
1 0.9005208333333333 0.23287037037037037 0.051041666666666666 0.06018518518518518