1 0.20859375 0.575925925925926 0.11510416666666666 0.15185185185185185
1 0.49453125 0.7606481481481482 0.13697916666666668 0.18611111111111112
1 0.1921875 0.4652777777777778 0.08854166666666667 0.11203703703703703
1 0.6619791666666667 0.9578703703703704 0.17916666666666667 0.0824074074074074
1 0.6583333333333333 0.6319444444444444 0.11875 0.1675925925925926
1 0.4283854166666667 0.33287037037037037 0.05364583333333333 0.08796296296296297
1 0.7763020833333333 0.5180555555555556 0.09322916666666667 0.13240740740740742
1 0.4510416666666667 0.6532407407407408 0.12604166666666666 0.1638888888888889
1 0.5658854166666667 0.3421296296296296 0.06927083333333334 0.09166666666666666
1 0.96796875 0.3074074074074074 0.06302083333333333 0.08148148148148149
1 0.665625 0.4097222222222222 0.08854166666666667 0.1361111111111111
1 0.5010416666666667 0.275 0.05520833333333333 0.07407407407407407
1 0.59296875 0.5587962962962963 0.10364583333333334 0.13796296296296295
1 0.3177083333333333 0.34814814814814815 0.0625 0.09074074074074075
1 0.7005208333333334 0.3106481481481482 0.06770833333333333 0.09722222222222222
1 0.3645833333333333 0.4828703703703704 0.08854166666666667 0.12129629629629629
1 0.82890625 0.5657407407407408 0.12135416666666667 0.15925925925925927
1 0.7510416666666667 0.3560185185185185 0.07916666666666666 0.12129629629629629
1 0.8286458333333333 0.24675925925925926 0.053125 0.0712962962962963
1 0.9122395833333333 0.9023148148148148 0.1703125 0.1935185185185185
1 0.89296875 0.46944444444444444 0.09635416666666667 0.12962962962962962
1 0.35546875 0.4013888888888889 0.0734375 0.10277777777777777
1 0.2828125 0.26666666666666666 0.06145833333333333 0.10185185185185185
1 0.9307291666666667 0.6842592592592592 0.13541666666666666 0.19074074074074074
1 0.41302083333333334 0.3 0.052083333333333336 0.07962962962962963
1 0.44453125 0.15046296296296297 0.034895833333333334 0.04537037037037037
1 0.18645833333333334 0.3194444444444444 0.057291666666666664 0.08333333333333333
1 0.47760416666666666 0.3648148148148148 0.07083333333333333 0.11296296296296296
1 0.3859375 0.25462962962962965 0.05 0.08518518518518518
1 0.23828125 0.1486111111111111 0.03177083333333333 0.041666666666666664
1 0.853125 0.21805555555555556 0.042708333333333334 0.06388888888888888
1 0.39609375 0.11527777777777778 0.033854166666666664 0.05462962962962963
1 0.35260416666666666 0.23703703703703705 0.036458333333333336 0.05925925925925926
1 0.47578125 0.10972222222222222 0.0265625 0.03425925925925926
1 0.5591145833333333 0.47685185185185186 0.09947916666666666 0.14814814814814814
1 0.3763020833333333 0.10833333333333334 0.016145833333333335 0.03518518518518519
1 0.909375 0.1884259259259259 0.051041666666666666 0.06944444444444445
1 0.75390625 0.18009259259259258 0.03697916666666667 0.05277777777777778
1 0.44375 0.21064814814814814 0.046875 0.07314814814814814
1 0.4125 0.19027777777777777 0.03333333333333333 0.049074074074074076
1 0.640625 0.1925925925925926 0.040625 0.03888888888888889
1 0.3072916666666667 0.16111111111111112 0.035416666666666666 0.05
1 0.18645833333333334 0.275 0.053125 0.06481481481481481
1 0.665625 0.1486111111111111 0.034375 0.04537037037037037
1 0.6864583333333333 0.1287037037037037 0.029166666666666667 0.044444444444444446
1 0.28125 0.11435185185185186 0.03854166666666667 0.04722222222222222
1 0.3484375 0.13333333333333333 0.028125 0.04814814814814815
1 0.23020833333333332 0.12685185185185185 0.03229166666666667 0.040740740740740744
1 0.6018229166666667 0.1675925925925926 0.0390625 0.046296296296296294
1 0.6135416666666667 0.15138888888888888 0.03229166666666667 0.049074074074074076
1 0.37447916666666664 0.16018518518518518 0.03333333333333333 0.046296296296296294
1 0.35078125 0.20925925925925926 0.044270833333333336 0.07222222222222222
1 0.4359375 0.1375 0.030208333333333334 0.05277777777777778
1 0.6307291666666667 0.2800925925925926 0.057291666666666664 0.08981481481481482
1 0.9528645833333333 0.2462962962962963 0.05677083333333333 0.07037037037037037
1 0.17838541666666666 0.15231481481481482 0.0421875 0.062037037037037036
1 0.365625 0.09259259259259259 0.020833333333333332 0.03148148148148148
1 0.6802083333333333 0.1824074074074074 0.03125 0.06481481481481481
1 0.32786458333333335 0.07222222222222222 0.028645833333333332 0.025925925925925925
1 0.57578125 0.15648148148148147 0.028645833333333332 0.03518518518518519
1 0.7125 0.12037037037037036 0.026041666666666668 0.03333333333333333
1 0.6111979166666667 0.2564814814814815 0.05677083333333333 0.0962962962962963
1 0.253125 0.18009259259259258 0.036458333333333336 0.06759259259259259
1 0.1578125 0.08935185185185185 0.023958333333333335 0.03981481481481482
1 0.7223958333333333 0.14907407407407408 0.03229166666666667 0.04259259259259259
1 0.7997395833333333 0.16018518518518518 0.025520833333333333 0.03333333333333333
1 0.459375 0.24537037037037038 0.051041666666666666 0.06481481481481481
1 0.76953125 0.21805555555555556 0.0453125 0.06759259259259259
1 0.9783854166666667 0.19444444444444445 0.0421875 0.06111111111111111
1 0.26328125 0.09861111111111111 0.024479166666666666 0.03611111111111111
1 0.28541666666666665 0.1425925925925926 0.030208333333333334 0.04259259259259259
1 0.32786458333333335 0.11435185185185186 0.0265625 0.04537037037037037
1 0.5536458333333333 0.14537037037037037 0.023958333333333335 0.03148148148148148
1 0.6549479166666666 0.10046296296296296 0.024479166666666666 0.04537037037037037
1 0.6638020833333333 0.175 0.022395833333333334 0.05
1 0.17369791666666667 0.10185185185185185 0.025520833333333333 0.022222222222222223
1 0.35520833333333335 0.1527777777777778 0.020833333333333332 0.03888888888888889
1 0.6395833333333333 0.11574074074074074 0.025 0.037037037037037035
1 0.8109375 0.19305555555555556 0.04583333333333333 0.06574074074074074
1 0.6177083333333333 0.12916666666666668 0.034375 0.04351851851851852
1 0.5223958333333333 0.08888888888888889 0.025 0.03888888888888889
1 0.8635416666666667 0.15833333333333333 0.042708333333333334 0.06666666666666667
1 0.5768229166666666 0.1037037037037037 0.025520833333333333 0.03148148148148148
1 0.39557291666666666 0.18009259259259258 0.033854166666666664 0.058333333333333334
1 0.7114583333333333 0.18935185185185185 0.051041666666666666 0.07685185185185185
1 0.16979166666666667 0.13148148148148148 0.0375 0.040740740740740744
1 0.33151041666666664 0.19166666666666668 0.0328125 0.06666666666666667
1 0.26171875 0.18194444444444444 0.04010416666666667 0.04722222222222222
1 0.39791666666666664 0.07175925925925926 0.017708333333333333 0.023148148148148147
1 0.51328125 0.1287037037037037 0.025520833333333333 0.027777777777777776
1 0.5651041666666666 0.12175925925925926 0.026041666666666668 0.032407407407407406
1 0.5822916666666667 0.13148148148148148 0.029166666666666667 0.024074074074074074
1 0.17395833333333333 0.25092592592592594 0.04375 0.07777777777777778
1 0.4583333333333333 0.08564814814814815 0.022916666666666665 0.028703703703703703
1 0.21380208333333334 0.08611111111111111 0.028645833333333332 0.040740740740740744
1 0.17369791666666667 0.19814814814814816 0.04635416666666667 0.06481481481481481
1 0.27395833333333336 0.225 0.058333333333333334 0.07037037037037037