3 0.9356770833333333 0.6106481481481482 0.12760416666666666 0.3398148148148148
2 0.8510416666666667 0.14166666666666666 0.06979166666666667 0.1537037037037037
2 0.7432291666666667 0.1162037037037037 0.06354166666666666 0.11574074074074074
1 0.21223958333333334 0.8435185185185186 0.14947916666666666 0.17962962962962964
1 0.7705729166666667 0.5199074074074074 0.1015625 0.12685185185185185
1 0.7497395833333333 0.37916666666666665 0.07552083333333333 0.10277777777777777
1 0.29348958333333336 0.9407407407407408 0.15885416666666666 0.11666666666666667
1 0.6783854166666666 0.6597222222222222 0.1265625 0.16944444444444445
1 0.45807291666666666 0.674537037037037 0.1234375 0.16944444444444445
1 0.6481770833333333 0.4060185185185185 0.07760416666666667 0.10833333333333334
1 0.846875 0.6092592592592593 0.065625 0.15555555555555556
1 0.56875 0.3439814814814815 0.06979166666666667 0.09537037037037037
1 0.878125 0.2722222222222222 0.06145833333333333 0.07407407407407407
1 0.1875 0.34120370370370373 0.0625 0.09351851851851851
1 0.79296875 0.2657407407407407 0.0578125 0.05555555555555555
1 0.6330729166666667 0.5712962962962963 0.0984375 0.14444444444444443
1 0.5104166666666666 0.29398148148148145 0.05 0.0824074074074074
1 0.9427083333333334 0.3486111111111111 0.07395833333333333 0.09351851851851851
1 0.28463541666666664 0.26435185185185184 0.04739583333333333 0.06574074074074074
1 0.49453125 0.18425925925925926 0.04010416666666667 0.06111111111111111
1 0.40520833333333334 0.2861111111111111 0.0625 0.0962962962962963
1 0.6075520833333333 0.17777777777777778 0.04010416666666667 0.040740740740740744
1 0.49557291666666664 0.4351851851851852 0.09947916666666666 0.15555555555555556
1 0.22578125 0.6675925925925926 0.1109375 0.17037037037037037
1 0.19583333333333333 0.2722222222222222 0.04791666666666667 0.07407407407407407
1 0.65234375 0.1712962962962963 0.0390625 0.04814814814814815
1 0.7341145833333333 0.20416666666666666 0.04635416666666667 0.07314814814814814
1 0.44479166666666664 0.34814814814814815 0.06458333333333334 0.1111111111111111
1 0.5580729166666667 0.1550925925925926 0.034895833333333334 0.03981481481481482
1 0.3729166666666667 0.16157407407407406 0.03125 0.04351851851851852
1 0.7044270833333334 0.32685185185185184 0.06927083333333334 0.10185185185185185
1 0.40546875 0.5712962962962963 0.13072916666666667 0.2
1 0.46536458333333336 0.387037037037037 0.06510416666666667 0.10555555555555556
1 0.8372395833333334 0.2412037037037037 0.04635416666666667 0.06388888888888888
1 0.3359375 0.3421296296296296 0.06979166666666667 0.06944444444444445
1 0.53828125 0.3138888888888889 0.059895833333333336 0.09074074074074075
1 0.37447916666666664 0.2490740740740741 0.040625 0.06666666666666667
1 0.43255208333333334 0.14583333333333334 0.0359375 0.05092592592592592
1 0.20234375 0.562962962962963 0.10052083333333334 0.18333333333333332
1 0.4661458333333333 0.16898148148148148 0.030208333333333334 0.04537037037037037
1 0.3346354166666667 0.39537037037037037 0.0734375 0.0962962962962963
1 0.42473958333333334 0.2037037037037037 0.04635416666666667 0.06296296296296296
1 0.8953125 0.1712962962962963 0.028125 0.06666666666666667
1 0.2596354166666667 0.20092592592592592 0.04739583333333333 0.05740740740740741
1 0.35911458333333335 0.22175925925925927 0.04114583333333333 0.06759259259259259
1 0.7088541666666667 0.16435185185185186 0.036458333333333336 0.058333333333333334
1 0.4708333333333333 0.24722222222222223 0.051041666666666666 0.08518518518518518
1 0.48776041666666664 0.10138888888888889 0.025520833333333333 0.030555555555555555
1 0.4479166666666667 0.2263888888888889 0.03958333333333333 0.06574074074074074
1 0.39739583333333334 0.17777777777777778 0.03958333333333333 0.06111111111111111
1 0.9684895833333333 0.2972222222222222 0.06197916666666667 0.08703703703703704
1 0.2484375 0.16712962962962963 0.0375 0.05092592592592592
1 0.27734375 0.11527777777777778 0.028645833333333332 0.04537037037037037
1 0.27630208333333334 0.23981481481481481 0.04635416666666667 0.06111111111111111
1 0.35651041666666666 0.13796296296296295 0.030729166666666665 0.04259259259259259
1 0.5544270833333333 0.12175925925925926 0.0203125 0.032407407407407406
1 0.17213541666666668 0.1625 0.033854166666666664 0.03796296296296296
1 0.3372395833333333 0.19490740740740742 0.0390625 0.06759259259259259
1 0.46927083333333336 0.08935185185185185 0.030208333333333334 0.041666666666666664
1 0.5145833333333333 0.11018518518518519 0.029166666666666667 0.04259259259259259
1 0.34296875 0.07731481481481481 0.0234375 0.032407407407407406
1 0.34010416666666665 0.125 0.029166666666666667 0.037037037037037035
1 0.6479166666666667 0.13518518518518519 0.027083333333333334 0.027777777777777776
1 0.31692708333333336 0.1675925925925926 0.0359375 0.05925925925925926
1 0.23359375 0.1425925925925926 0.03802083333333333 0.06111111111111111
1 0.16692708333333334 0.09305555555555556 0.0296875 0.030555555555555555
1 0.2171875 0.08425925925925926 0.03229166666666667 0.03518518518518519
1 0.5895833333333333 0.11203703703703703 0.03229166666666667 0.05185185185185185
1 0.5645833333333333 0.10277777777777777 0.026041666666666668 0.040740740740740744
1 0.6541666666666667 0.10555555555555556 0.027083333333333334 0.03333333333333333
1 0.6328125 0.1550925925925926 0.029166666666666667 0.04537037037037037
1 0.9424479166666667 0.24212962962962964 0.058854166666666666 0.08611111111111111
1 0.5518229166666667 0.07175925925925926 0.025520833333333333 0.026851851851851852
1 0.16901041666666666 0.12037037037037036 0.03177083333333333 0.024074074074074074
1 0.8229166666666666 0.20879629629629629 0.046875 0.06018518518518518
1 0.32265625 0.07546296296296297 0.025520833333333333 0.030555555555555555
1 0.4440104166666667 0.0837962962962963 0.024479166666666666 0.026851851851851852
1 0.8065104166666667 0.1449074074074074 0.022395833333333334 0.058333333333333334
1 0.68359375 0.14583333333333334 0.033854166666666664 0.05648148148148148
1 0.5880208333333333 0.0837962962962963 0.023958333333333335 0.017592592592592594
1 0.17083333333333334 0.1425925925925926 0.03229166666666667 0.03518518518518519
1 0.34479166666666666 0.21435185185185185 0.026041666666666668 0.058333333333333334
1 0.5252604166666667 0.0837962962962963 0.025520833333333333 0.021296296296296296
1 0.4046875 0.11851851851851852 0.030208333333333334 0.05185185185185185
1 0.184375 0.24166666666666667 0.04791666666666667 0.08518518518518518
1 0.54609375 0.12361111111111112 0.03697916666666667 0.03611111111111111
1 0.20989583333333334 0.11666666666666667 0.025 0.03888888888888889
1 0.2955729166666667 0.1337962962962963 0.0328125 0.05092592592592592
1 0.30546875 0.15648148148148147 0.03177083333333333 0.05185185185185185
1 0.6234375 0.11064814814814815 0.026041666666666668 0.03611111111111111
1 0.23802083333333332 0.10972222222222222 0.027083333333333334 0.025
1 0.4203125 0.12962962962962962 0.03229166666666667 0.040740740740740744
1 0.17630208333333333 0.20925925925925926 0.049479166666666664 0.07037037037037037
1 0.61015625 0.14675925925925926 0.025520833333333333 0.026851851851851852