2 0.7268229166666667 0.1050925925925926 0.0578125 0.12129629629629629
2 0.6596354166666667 0.09259259259259259 0.0515625 0.1
1 0.8041666666666667 0.5425925925925926 0.11041666666666666 0.1388888888888889
1 0.35546875 0.5884259259259259 0.1140625 0.14537037037037037
1 0.48828125 0.41435185185185186 0.09322916666666667 0.13796296296296295
1 0.653125 0.6231481481481481 0.12604166666666666 0.1648148148148148
1 0.32734375 0.3648148148148148 0.06197916666666667 0.08518518518518518
1 0.7770833333333333 0.8060185185185185 0.18333333333333332 0.2861111111111111
1 0.9705729166666667 0.7282407407407407 0.0578125 0.18796296296296297
1 0.43984375 0.33796296296296297 0.0640625 0.08888888888888889
1 0.596875 0.5328703703703703 0.10833333333333334 0.1675925925925926
1 0.6653645833333334 0.4185185185185185 0.0859375 0.11481481481481481
1 0.20729166666666668 0.38333333333333336 0.06458333333333334 0.09814814814814815
1 0.022395833333333334 0.5055555555555555 0.04479166666666667 0.13148148148148148
1 0.42734375 0.6509259259259259 0.11510416666666666 0.15925925925925927
1 0.5390625 0.3013888888888889 0.057291666666666664 0.08611111111111111
1 0.421875 0.2037037037037037 0.03958333333333333 0.05740740740740741
1 0.7166666666666667 0.475462962962963 0.09583333333333334 0.1361111111111111
1 0.59375 0.24768518518518517 0.052083333333333336 0.08425925925925926
1 0.6291666666666667 0.18611111111111112 0.03854166666666667 0.044444444444444446
1 0.9330729166666667 0.19074074074074074 0.043229166666666666 0.05185185185185185
1 0.3111979166666667 0.3175925925925926 0.059895833333333336 0.07962962962962963
1 0.5002604166666667 0.1884259259259259 0.0421875 0.06574074074074074
1 0.8807291666666667 0.30324074074074076 0.065625 0.0712962962962963
1 0.40078125 0.28935185185185186 0.05677083333333333 0.0824074074074074
1 0.39296875 0.17037037037037037 0.03697916666666667 0.04814814814814815
1 0.5002604166666667 0.2662037037037037 0.05677083333333333 0.0787037037037037
1 0.5505208333333333 0.22592592592592592 0.04479166666666667 0.06481481481481481
1 0.6078125 0.3458333333333333 0.075 0.11574074074074074
1 0.684375 0.18425925925925926 0.040625 0.05740740740740741
1 0.18151041666666667 0.33194444444444443 0.0640625 0.11018518518518519
1 0.2890625 0.29398148148148145 0.04895833333333333 0.07685185185185185
1 0.9263020833333333 0.28425925925925927 0.05572916666666667 0.07222222222222222
1 0.8986979166666667 0.18009259259259258 0.03802083333333333 0.05092592592592592
1 0.7494791666666667 0.24259259259259258 0.052083333333333336 0.05555555555555555
1 0.19609375 0.1361111111111111 0.027604166666666666 0.046296296296296294
1 0.17265625 0.2013888888888889 0.03697916666666667 0.05092592592592592
1 0.4557291666666667 0.22407407407407406 0.04791666666666667 0.07777777777777778
1 0.2799479166666667 0.975925925925926 0.15052083333333333 0.046296296296296294
1 0.5197916666666667 0.13194444444444445 0.03125 0.03611111111111111
1 0.8533854166666667 0.18981481481481483 0.0390625 0.05740740740740741
1 0.35260416666666666 0.2101851851851852 0.040625 0.07222222222222222
1 0.978125 0.2638888888888889 0.042708333333333334 0.06666666666666667
1 0.71796875 0.19722222222222222 0.04635416666666667 0.05555555555555555
1 0.375 0.24583333333333332 0.046875 0.0824074074074074
1 0.24635416666666668 0.17175925925925925 0.04479166666666667 0.06944444444444445
1 0.5583333333333333 0.12916666666666668 0.026041666666666668 0.03796296296296296
1 0.49947916666666664 0.10092592592592593 0.025 0.03333333333333333
1 0.85390625 0.25555555555555554 0.05260416666666667 0.07222222222222222
1 0.8083333333333333 0.2689814814814815 0.051041666666666666 0.05462962962962963
1 0.478125 0.16666666666666666 0.035416666666666666 0.046296296296296294
1 0.45989583333333334 0.15833333333333333 0.03125 0.05185185185185185
1 0.8083333333333333 0.1824074074074074 0.040625 0.025925925925925925
1 0.33671875 0.075 0.0265625 0.03148148148148148
1 0.6958333333333333 0.1527777777777778 0.034375 0.040740740740740744
1 0.2596354166666667 0.20925925925925926 0.034895833333333334 0.05740740740740741
1 0.4080729166666667 0.06851851851851852 0.021354166666666667 0.024074074074074074
1 0.8075520833333333 0.22037037037037038 0.043229166666666666 0.053703703703703705
1 0.33151041666666664 0.19398148148148148 0.033854166666666664 0.06388888888888888
1 0.44765625 0.14583333333333334 0.033854166666666664 0.058333333333333334
1 0.97109375 0.35185185185185186 0.05677083333333333 0.11296296296296296
1 0.36666666666666664 0.15416666666666667 0.036458333333333336 0.041666666666666664
1 0.31328125 0.16157407407407406 0.04010416666666667 0.06018518518518518
1 0.3859375 0.2740740740740741 0.040625 0.07037037037037037
1 0.8421875 0.2111111111111111 0.042708333333333334 0.05740740740740741
1 0.78359375 0.1388888888888889 0.0359375 0.05740740740740741
1 0.22994791666666667 0.12638888888888888 0.0328125 0.04722222222222222
1 0.47734375 0.11064814814814815 0.024479166666666666 0.026851851851851852
1 0.27760416666666665 0.25324074074074077 0.046875 0.06944444444444445
1 0.56640625 0.11018518518518519 0.021354166666666667 0.03333333333333333
1 0.47708333333333336 0.25462962962962965 0.041666666666666664 0.06851851851851852
1 0.7520833333333333 0.16527777777777777 0.03854166666666667 0.03981481481481482
1 0.9411458333333333 0.32407407407407407 0.042708333333333334 0.05555555555555555
1 0.7166666666666667 0.22870370370370371 0.041666666666666664 0.05740740740740741
1 0.17760416666666667 0.27361111111111114 0.05625 0.05462962962962963
1 0.25364583333333335 0.0824074074074074 0.022916666666666665 0.03333333333333333
1 0.30494791666666665 0.09259259259259259 0.0234375 0.03333333333333333
1 0.33619791666666665 0.11064814814814815 0.0359375 0.03981481481481482
1 0.16953125 0.0837962962962963 0.03802083333333333 0.032407407407407406
1 0.36666666666666664 0.09537037037037037 0.025 0.03518518518518519
1 0.15416666666666667 0.09907407407407408 0.03229166666666667 0.020370370370370372
1 0.5325520833333334 0.09166666666666666 0.030729166666666665 0.046296296296296294
1 0.56484375 0.09027777777777778 0.024479166666666666 0.030555555555555555
1 0.4354166666666667 0.07268518518518519 0.021875 0.03425925925925926
1 0.5885416666666666 0.11435185185185186 0.03125 0.05277777777777778
1 0.7557291666666667 0.19675925925925927 0.03333333333333333 0.041666666666666664
1 0.35703125 0.0837962962962963 0.0234375 0.028703703703703703
1 0.61875 0.15324074074074073 0.036458333333333336 0.06018518518518518
1 0.35260416666666666 0.12962962962962962 0.03854166666666667 0.04259259259259259
1 0.15651041666666668 0.12268518518518519 0.0328125 0.03796296296296296
1 0.19921875 0.08287037037037037 0.021354166666666667 0.025
1 0.25416666666666665 0.12962962962962962 0.021875 0.018518518518518517
1 0.4822916666666667 0.06898148148148148 0.020833333333333332 0.023148148148148147
1 0.60546875 0.08425925925925926 0.021354166666666667 0.03148148148148148
1 0.17447916666666666 0.24675925925925926 0.05520833333333333 0.05462962962962963
1 0.27630208333333334 0.21805555555555556 0.044270833333333336 0.04537037037037037
1 0.2760416666666667 0.11064814814814815 0.027083333333333334 0.03611111111111111
1 0.6161458333333333 0.12129629629629629 0.034375 0.044444444444444446
1 0.29401041666666666 0.1361111111111111 0.03177083333333333 0.04814814814814815
1 0.17005208333333333 0.17175925925925925 0.0359375 0.041666666666666664
1 0.9908854166666666 0.5518518518518518 0.0171875 0.11851851851851852