2 0.6182291666666667 0.08842592592592592 0.09583333333333334 0.08981481481481482
1 0.22473958333333333 0.6574074074074074 0.12135416666666667 0.16666666666666666
1 0.41302083333333334 0.5949074074074074 0.10520833333333333 0.13796296296296295
1 0.5947916666666667 0.5337962962962963 0.096875 0.13425925925925927
1 0.5104166666666666 0.4236111111111111 0.07916666666666666 0.11574074074074074
1 0.7401041666666667 0.7949074074074074 0.171875 0.2601851851851852
1 0.19401041666666666 0.40046296296296297 0.0796875 0.10462962962962963
1 0.63671875 0.38981481481481484 0.08177083333333333 0.10925925925925926
1 0.6158854166666666 0.26342592592592595 0.058854166666666666 0.08981481481481482
1 0.6044270833333333 0.3662037037037037 0.0609375 0.09537037037037037
1 0.484375 0.2662037037037037 0.05520833333333333 0.06944444444444445
1 0.709375 0.44907407407407407 0.08645833333333333 0.1259259259259259
1 0.32083333333333336 0.3509259259259259 0.06770833333333333 0.08888888888888889
1 0.37213541666666666 0.48333333333333334 0.0859375 0.11851851851851852
1 0.8481770833333333 0.5685185185185185 0.11927083333333334 0.18888888888888888
1 0.46979166666666666 0.38796296296296295 0.059375 0.09814814814814815
1 0.6880208333333333 0.3287037037037037 0.06770833333333333 0.09074074074074075
1 0.54453125 0.3050925925925926 0.06822916666666666 0.10092592592592593
1 0.43802083333333336 0.2222222222222222 0.04583333333333333 0.06296296296296296
1 0.1703125 0.2587962962962963 0.04479166666666667 0.06388888888888888
1 0.7825520833333334 0.37407407407407406 0.0765625 0.12222222222222222
1 0.9505208333333334 0.2902777777777778 0.06458333333333334 0.09166666666666666
1 0.35390625 0.43333333333333335 0.08489583333333334 0.11296296296296296
1 0.76875 0.25462962962962965 0.05520833333333333 0.04814814814814815
1 0.3765625 0.2625 0.041666666666666664 0.06944444444444445
1 0.41171875 0.19907407407407407 0.0421875 0.05925925925925926
1 0.18880208333333334 0.32592592592592595 0.05572916666666667 0.053703703703703705
1 0.2786458333333333 0.2722222222222222 0.04583333333333333 0.07222222222222222
1 0.53515625 0.2152777777777778 0.043229166666666666 0.06944444444444445
1 0.7067708333333333 0.18194444444444444 0.035416666666666666 0.032407407407407406
1 0.146875 0.3680555555555556 0.06145833333333333 0.11018518518518519
1 0.4127604166666667 0.2800925925925926 0.05364583333333333 0.08981481481481482
1 0.7044270833333334 0.22407407407407406 0.0578125 0.07407407407407407
1 0.4473958333333333 0.3421296296296296 0.07083333333333333 0.10833333333333334
1 0.6265625 0.18703703703703703 0.0375 0.04259259259259259
1 0.36614583333333334 0.2388888888888889 0.042708333333333334 0.06481481481481481
1 0.52109375 0.13333333333333333 0.0328125 0.03518518518518519
1 0.40598958333333335 0.12222222222222222 0.030729166666666665 0.040740740740740744
1 0.7890625 0.14444444444444443 0.027083333333333334 0.040740740740740744
1 0.6705729166666666 0.19814814814814816 0.03802083333333333 0.04259259259259259
1 0.575 0.23796296296296296 0.05 0.07962962962962963
1 0.18151041666666667 0.18333333333333332 0.0359375 0.04259259259259259
1 0.17005208333333333 0.125 0.04010416666666667 0.044444444444444446
1 0.70546875 0.14027777777777778 0.0296875 0.04537037037037037
1 0.18177083333333333 0.22870370370370371 0.041666666666666664 0.06111111111111111
1 0.25859375 0.21805555555555556 0.0546875 0.08611111111111111
1 0.690625 0.15138888888888888 0.034375 0.03796296296296296
1 0.3260416666666667 0.19398148148148148 0.03229166666666667 0.05462962962962963
1 0.3502604166666667 0.2074074074074074 0.043229166666666666 0.07222222222222222
1 0.8197916666666667 0.23796296296296296 0.05 0.07962962962962963
1 0.2950520833333333 0.13287037037037036 0.028645833333333332 0.04351851851851852
1 0.7020833333333333 0.10833333333333334 0.03229166666666667 0.03888888888888889
1 0.4953125 0.10277777777777777 0.026041666666666668 0.03333333333333333
1 0.975 0.2300925925925926 0.04895833333333333 0.06574074074074074
1 0.28359375 0.12453703703703704 0.028645833333333332 0.041666666666666664
1 0.16796875 0.20324074074074075 0.03802083333333333 0.06574074074074074
1 0.36953125 0.09259259259259259 0.0296875 0.03888888888888889
1 0.34270833333333334 0.0787037037037037 0.019791666666666666 0.03148148148148148
1 0.35104166666666664 0.09398148148148149 0.0125 0.030555555555555555
1 0.6333333333333333 0.1287037037037037 0.030208333333333334 0.044444444444444446
1 0.52109375 0.19953703703703704 0.04635416666666667 0.07685185185185185
1 0.4317708333333333 0.08657407407407407 0.019791666666666666 0.026851851851851852
1 0.39791666666666664 0.10462962962962963 0.025 0.027777777777777776
1 0.6020833333333333 0.09907407407407408 0.028125 0.03148148148148148
1 0.9080729166666667 0.2037037037037037 0.034895833333333334 0.053703703703703705
1 0.5763020833333333 0.1597222222222222 0.03177083333333333 0.032407407407407406
1 0.58828125 0.13194444444444445 0.028645833333333332 0.030555555555555555
1 0.6744791666666666 0.13842592592592592 0.028125 0.028703703703703703
1 0.37786458333333334 0.1574074074074074 0.028645833333333332 0.040740740740740744
1 0.76171875 0.13796296296296295 0.028645833333333332 0.040740740740740744
1 0.23697916666666666 0.13425925925925927 0.036458333333333336 0.03148148148148148
1 0.56328125 0.0837962962962963 0.019270833333333334 0.041666666666666664
1 0.6763020833333333 0.10324074074074074 0.028645833333333332 0.04351851851851852
1 0.5223958333333333 0.09074074074074075 0.025 0.04259259259259259
1 0.6697916666666667 0.17453703703703705 0.03958333333333333 0.04351851851851852
1 0.21848958333333332 0.08333333333333333 0.0265625 0.02962962962962963
1 0.8046875 0.1814814814814815 0.035416666666666666 0.03333333333333333
1 0.40598958333333335 0.17453703703703705 0.04010416666666667 0.062037037037037036
1 0.2794270833333333 0.11481481481481481 0.0359375 0.03518518518518519
1 0.3299479166666667 0.11574074074074074 0.024479166666666666 0.040740740740740744
1 0.3494791666666667 0.13194444444444445 0.029166666666666667 0.03981481481481482
1 0.5989583333333334 0.16898148148148148 0.03125 0.03611111111111111
1 0.3265625 0.16342592592592592 0.03854166666666667 0.03981481481481482
1 0.540625 0.07083333333333333 0.022916666666666665 0.030555555555555555
1 0.17630208333333333 0.15648148148148147 0.03802083333333333 0.02962962962962963
1 0.26536458333333335 0.09814814814814815 0.0328125 0.040740740740740744
1 0.30807291666666664 0.1587962962962963 0.027604166666666666 0.05462962962962963
1 0.31015625 0.30324074074074076 0.05572916666666667 0.08055555555555556
1 0.24140625 0.1587962962962963 0.03802083333333333 0.05648148148148148
1 0.6283854166666667 0.14953703703703702 0.03177083333333333 0.041666666666666664
1 0.9825520833333333 0.17731481481481481 0.033854166666666664 0.041666666666666664
1 0.6002604166666666 0.11527777777777778 0.027604166666666666 0.026851851851851852
1 0.22447916666666667 0.11481481481481481 0.028125 0.03518518518518519
1 0.7559895833333333 0.18611111111111112 0.03177083333333333 0.05740740740740741
1 0.8713541666666667 0.25277777777777777 0.06458333333333334 0.09814814814814815
1 0.9380208333333333 0.2212962962962963 0.041666666666666664 0.06111111111111111
1 0.26197916666666665 0.18055555555555555 0.052083333333333336 0.05185185185185185
1 0.7690104166666667 0.14722222222222223 0.03177083333333333 0.025925925925925925
1 0.309375 0.09398148148148149 0.025 0.03796296296296296
1 0.37161458333333336 0.14722222222222223 0.030729166666666665 0.04814814814814815
1 0.4546875 0.08981481481481482 0.026041666666666668 0.040740740740740744
1 0.9940104166666667 0.28379629629629627 0.0109375 0.07314814814814814
1 0.88125 0.23148148148148148 0.06458333333333334 0.07037037037037037