3 0.8421875 0.2351851851851852 0.06041666666666667 0.09074074074074075
2 0.8375 0.16111111111111112 0.07916666666666666 0.16296296296296298
1 0.484375 0.7101851851851851 0.13020833333333334 0.17592592592592593
1 0.78984375 0.5430555555555555 0.11302083333333333 0.14166666666666666
1 0.6015625 0.9291666666666667 0.18229166666666666 0.1398148148148148
1 0.1875 0.4 0.07083333333333333 0.10555555555555556
1 0.5747395833333333 0.5175925925925926 0.09635416666666667 0.13148148148148148
1 0.5703125 0.3453703703703704 0.06979166666666667 0.08888888888888889
1 0.2609375 0.9152777777777777 0.16979166666666667 0.1675925925925926
1 0.4075520833333333 0.5606481481481481 0.1015625 0.14351851851851852
1 0.5322916666666667 0.20601851851851852 0.04479166666666667 0.062037037037037036
1 0.6817708333333333 0.6143518518518518 0.11666666666666667 0.18981481481481483
1 0.8934895833333333 0.4532407407407407 0.0953125 0.13796296296296295
1 0.7247395833333333 0.20277777777777778 0.043229166666666666 0.05555555555555555
1 0.64375 0.4027777777777778 0.08020833333333334 0.11296296296296296
1 0.9700520833333334 0.9305555555555556 0.058854166666666666 0.13703703703703704
1 0.026041666666666668 0.4787037037037037 0.052083333333333336 0.1111111111111111
1 0.65078125 0.1699074074074074 0.0390625 0.05277777777777778
1 0.9434895833333333 0.1912037037037037 0.04739583333333333 0.058333333333333334
1 0.94765625 0.2884259259259259 0.07135416666666666 0.10277777777777777
1 0.7440104166666667 0.17083333333333334 0.0390625 0.05277777777777778
1 0.48098958333333336 0.25555555555555554 0.044270833333333336 0.07037037037037037
1 0.428125 0.1375 0.026041666666666668 0.041666666666666664
1 0.32526041666666666 0.3731481481481482 0.0859375 0.1388888888888889
1 0.46536458333333336 0.3560185185185185 0.0703125 0.1175925925925926
1 0.40703125 0.19722222222222222 0.0359375 0.05
1 0.5283854166666667 0.45 0.0828125 0.11666666666666667
1 0.46067708333333335 0.23333333333333334 0.043229166666666666 0.07407407407407407
1 0.43046875 0.3226851851851852 0.0515625 0.08055555555555556
1 0.38958333333333334 0.16666666666666666 0.035416666666666666 0.05740740740740741
1 0.49973958333333335 0.1837962962962963 0.04010416666666667 0.062037037037037036
1 0.38125 0.25277777777777777 0.042708333333333334 0.08148148148148149
1 0.34401041666666665 0.2074074074074074 0.04739583333333333 0.06111111111111111
1 0.4036458333333333 0.2814814814814815 0.057291666666666664 0.09074074074074075
1 0.5432291666666667 0.2865740740740741 0.0625 0.09537037037037037
1 0.6895833333333333 0.12962962962962962 0.030208333333333334 0.04259259259259259
1 0.4375 0.2111111111111111 0.040625 0.06111111111111111
1 0.1765625 0.18796296296296297 0.040625 0.05925925925925926
1 0.6145833333333334 0.14907407407407408 0.035416666666666666 0.053703703703703705
1 0.4049479166666667 0.11435185185185186 0.0265625 0.03796296296296296
1 0.7067708333333333 0.16018518518518518 0.0375 0.05185185185185185
1 0.5171875 0.274537037037037 0.04375 0.0824074074074074
1 0.15520833333333334 0.09907407407407408 0.026041666666666668 0.03888888888888889
1 0.559375 0.12777777777777777 0.017708333333333333 0.05
1 0.2838541666666667 0.125 0.019791666666666666 0.040740740740740744
1 0.35390625 0.08287037037037037 0.024479166666666666 0.028703703703703703
1 0.7307291666666667 0.10324074074074074 0.035416666666666666 0.028703703703703703
1 0.6486979166666667 0.13425925925925927 0.033854166666666664 0.04814814814814815
1 0.3028645833333333 0.13564814814814816 0.03697916666666667 0.05277777777777778
1 0.240625 0.15138888888888888 0.03958333333333333 0.03981481481481482
1 0.17109375 0.28935185185185186 0.0578125 0.05648148148148148
1 0.23333333333333334 0.11944444444444445 0.03333333333333333 0.053703703703703705
1 0.2557291666666667 0.07222222222222222 0.022916666666666665 0.025925925925925925
1 0.17552083333333332 0.12638888888888888 0.036458333333333336 0.03796296296296296
1 0.5138020833333333 0.08055555555555556 0.021354166666666667 0.025925925925925925
1 0.2760416666666667 0.11342592592592593 0.030208333333333334 0.04537037037037037
1 0.5822916666666667 0.13148148148148148 0.03854166666666667 0.05925925925925926
1 0.4786458333333333 0.10601851851851851 0.020833333333333332 0.026851851851851852
1 0.45625 0.15416666666666667 0.042708333333333334 0.06759259259259259
1 0.17291666666666666 0.1638888888888889 0.040625 0.05
1 0.4674479166666667 0.06712962962962964 0.021354166666666667 0.030555555555555555
1 0.6255208333333333 0.12268518518518519 0.028125 0.032407407407407406
1 0.24635416666666668 0.18611111111111112 0.04479166666666667 0.07592592592592592
1 0.50625 0.11805555555555555 0.03125 0.03796296296296296
1 0.8385416666666666 0.3958333333333333 0.09375 0.13796296296296295
1 0.26979166666666665 0.2865740740740741 0.023958333333333335 0.062037037037037036
1 0.5643229166666667 0.08796296296296297 0.0234375 0.03148148148148148
1 0.52578125 0.1310185185185185 0.022395833333333334 0.028703703703703703
1 0.17161458333333332 0.08009259259259259 0.022395833333333334 0.021296296296296296
1 0.30078125 0.2953703703703704 0.05260416666666667 0.0962962962962963
1 0.27682291666666664 0.17222222222222222 0.025520833333333333 0.044444444444444446
1 0.26901041666666664 0.23425925925925925 0.0453125 0.08333333333333333
1 0.36171875 0.13333333333333333 0.04010416666666667 0.040740740740740744
1 0.36744791666666665 0.15 0.030729166666666665 0.04814814814814815
1 0.2825520833333333 0.2388888888888889 0.0515625 0.06666666666666667
1 0.165625 0.26296296296296295 0.058333333333333334 0.06851851851851852
1 0.6268229166666667 0.09305555555555556 0.016145833333333335 0.025
1 0.47604166666666664 0.08333333333333333 0.020833333333333332 0.018518518518518517
1 0.30703125 0.16435185185185186 0.0328125 0.03981481481481482
1 0.5263020833333333 0.10416666666666667 0.0203125 0.025
1 0.5963541666666666 0.07685185185185185 0.021875 0.02962962962962963
1 0.17786458333333333 0.3375 0.06302083333333333 0.10462962962962963
1 0.15572916666666667 0.2361111111111111 0.04375 0.04259259259259259
1 0.5942708333333333 0.09768518518518518 0.023958333333333335 0.03796296296296296
1 0.6419270833333334 0.09861111111111111 0.024479166666666666 0.025
1 0.7359375 0.1361111111111111 0.03333333333333333 0.040740740740740744
1 0.4005208333333333 0.06527777777777778 0.019791666666666666 0.023148148148148147
1 0.3223958333333333 0.30185185185185187 0.06666666666666667 0.08148148148148149