2 0.70234375 0.09768518518518518 0.05364583333333333 0.11574074074074074
2 0.6427083333333333 0.08981481481481482 0.04895833333333333 0.09259259259259259
1 0.3067708333333333 0.7314814814814815 0.13958333333333334 0.17962962962962964
1 0.4934895833333333 0.7898148148148149 0.14739583333333334 0.1925925925925926
1 0.9190104166666667 0.6398148148148148 0.13072916666666667 0.1648148148148148
1 0.6677083333333333 0.6212962962962963 0.12708333333333333 0.2
1 0.7341145833333333 0.47314814814814815 0.09739583333333333 0.12962962962962962
1 0.5260416666666666 0.4708333333333333 0.10416666666666667 0.15648148148148147
1 0.8057291666666667 0.549537037037037 0.11041666666666666 0.15648148148148147
1 0.9427083333333334 0.9282407407407407 0.11354166666666667 0.14166666666666666
1 0.20520833333333333 0.42962962962962964 0.07708333333333334 0.1111111111111111
1 0.46848958333333335 0.375 0.06927083333333334 0.0962962962962963
1 0.5260416666666666 0.2902777777777778 0.06145833333333333 0.08425925925925926
1 0.5669270833333333 0.33055555555555555 0.06197916666666667 0.09259259259259259
1 0.3263020833333333 0.3476851851851852 0.0640625 0.08796296296296297
1 0.40390625 0.18101851851851852 0.0390625 0.04722222222222222
1 0.62734375 0.2722222222222222 0.05677083333333333 0.09074074074074075
1 0.43854166666666666 0.21666666666666667 0.042708333333333334 0.06111111111111111
1 0.14817708333333332 0.37175925925925923 0.07239583333333334 0.11944444444444445
1 0.59453125 0.17083333333333334 0.04010416666666667 0.041666666666666664
1 0.42239583333333336 0.31527777777777777 0.06041666666666667 0.08611111111111111
1 0.8927083333333333 0.17731481481481481 0.03958333333333333 0.05092592592592592
1 0.9606770833333333 0.2587962962962963 0.05677083333333333 0.08425925925925926
1 0.65390625 0.38333333333333336 0.08072916666666667 0.12777777777777777
1 0.8544270833333333 0.2449074074074074 0.049479166666666664 0.04537037037037037
1 0.52421875 0.2050925925925926 0.0453125 0.0712962962962963
1 0.8643229166666667 0.1685185185185185 0.033854166666666664 0.05
1 0.30494791666666665 0.3199074074074074 0.0578125 0.0824074074074074
1 0.75390625 0.749537037037037 0.1484375 0.19537037037037036
1 0.9145833333333333 0.24027777777777778 0.05416666666666667 0.06759259259259259
1 0.7458333333333333 0.24675925925925926 0.053125 0.058333333333333334
1 0.8846354166666667 0.30185185185185187 0.08385416666666666 0.08518518518518518
1 0.47317708333333336 0.2412037037037037 0.049479166666666664 0.0824074074074074
1 0.8111979166666666 0.175 0.0390625 0.05555555555555555
1 0.38958333333333334 0.2652777777777778 0.05 0.08611111111111111
1 0.8130208333333333 0.2662037037037037 0.057291666666666664 0.05648148148148148
1 0.36692708333333335 0.22453703703703703 0.043229166666666666 0.075
1 0.5794270833333334 0.2462962962962963 0.049479166666666664 0.07037037037037037
1 0.2640625 0.2222222222222222 0.040625 0.06111111111111111
1 0.49713541666666666 0.1875 0.0390625 0.06574074074074074
1 0.17291666666666666 0.21481481481481482 0.03958333333333333 0.05555555555555555
1 0.34296875 0.07731481481481481 0.0296875 0.03611111111111111
1 0.37526041666666665 0.1638888888888889 0.0359375 0.044444444444444446
1 0.9856770833333334 0.30277777777777776 0.027604166666666666 0.06296296296296296
1 0.7588541666666667 0.18703703703703703 0.025 0.05555555555555555
1 0.19244791666666666 0.1425925925925926 0.024479166666666666 0.05
1 0.46067708333333335 0.15694444444444444 0.0390625 0.058333333333333334
1 0.50234375 0.27685185185185185 0.0453125 0.07407407407407407
1 0.5940104166666667 0.14212962962962963 0.0359375 0.05648148148148148
1 0.6666666666666666 0.14166666666666666 0.03229166666666667 0.037037037037037035
1 0.2859375 0.27037037037037037 0.052083333333333336 0.07592592592592592
1 0.7609375 0.13148148148148148 0.036458333333333336 0.053703703703703705
1 0.28020833333333334 0.11481481481481481 0.023958333333333335 0.03888888888888889
1 0.30078125 0.14583333333333334 0.03177083333333333 0.05277777777777778
1 0.4739583333333333 0.1699074074074074 0.03229166666666667 0.05648148148148148
1 0.340625 0.19722222222222222 0.03854166666666667 0.05555555555555555
1 0.17552083333333332 0.3060185185185185 0.06354166666666666 0.075
1 0.6854166666666667 0.17592592592592593 0.0375 0.037037037037037035
1 0.17604166666666668 0.19398148148148148 0.040625 0.05462962962962963
1 0.16119791666666666 0.11805555555555555 0.04010416666666667 0.05277777777777778
1 0.4864583333333333 0.09814814814814815 0.025 0.037037037037037035
1 0.7169270833333333 0.15416666666666667 0.034895833333333334 0.03796296296296296
1 0.65390625 0.17175925925925925 0.03802083333333333 0.05462962962962963
1 0.7380208333333333 0.1175925925925926 0.025 0.044444444444444446
1 0.675 0.20416666666666666 0.03854166666666667 0.03981481481481482
1 0.9755208333333333 0.37592592592592594 0.04791666666666667 0.08888888888888889
1 0.32317708333333334 0.17222222222222222 0.04114583333333333 0.06296296296296296
1 0.25546875 0.08611111111111111 0.024479166666666666 0.03518518518518519
1 0.4630208333333333 0.1050925925925926 0.023958333333333335 0.028703703703703703
1 0.8078125 0.20879629629629629 0.03958333333333333 0.06018518518518518
1 0.3341145833333333 0.11481481481481481 0.024479166666666666 0.03888888888888889
1 0.16979166666666667 0.17175925925925925 0.040625 0.062037037037037036
1 0.52109375 0.08055555555555556 0.028645833333333332 0.03888888888888889
1 0.5692708333333333 0.10694444444444444 0.03229166666666667 0.049074074074074076
1 0.23307291666666666 0.1310185185185185 0.033854166666666664 0.049074074074074076
1 0.5510416666666667 0.10185185185185185 0.015625 0.03333333333333333
1 0.44427083333333334 0.0787037037037037 0.01875 0.02962962962962963
1 0.17630208333333333 0.26157407407407407 0.05677083333333333 0.05277777777777778
1 0.503125 0.12175925925925926 0.030208333333333334 0.03611111111111111
1 0.703125 0.21898148148148147 0.04583333333333333 0.04722222222222222
1 0.7184895833333333 0.1925925925925926 0.03697916666666667 0.06111111111111111
1 0.59921875 0.10972222222222222 0.0265625 0.032407407407407406
1 0.4708333333333333 0.06342592592592593 0.01875 0.019444444444444445
1 0.61015625 0.09722222222222222 0.021354166666666667 0.04259259259259259
1 0.25078125 0.1824074074074074 0.0484375 0.07407407407407407
1 0.2942708333333333 0.13425925925925927 0.027083333333333334 0.05
1 0.7927083333333333 0.23194444444444445 0.05416666666666667 0.06759259259259259
1 0.3455729166666667 0.4060185185185185 0.07135416666666666 0.09351851851851851
1 0.6661458333333333 0.10694444444444444 0.021875 0.026851851851851852
1 0.403125 0.2967592592592593 0.04479166666666667 0.075
1 0.8510416666666667 0.28564814814814815 0.03333333333333333 0.05092592592592592
1 0.77734375 0.1865740740740741 0.06197916666666667 0.05648148148148148