2 0.66015625 0.09259259259259259 0.050520833333333334 0.1
2 0.7276041666666667 0.10648148148148148 0.057291666666666664 0.12222222222222222
1 0.8005208333333333 0.5398148148148149 0.109375 0.13703703703703704
1 0.6513020833333333 0.6180555555555556 0.1234375 0.16203703703703703
1 0.4861979166666667 0.41203703703703703 0.0921875 0.1388888888888889
1 0.3567708333333333 0.5847222222222223 0.11354166666666667 0.14537037037037037
1 0.7721354166666666 0.799537037037037 0.18072916666666666 0.2824074074074074
1 0.3265625 0.3638888888888889 0.0625 0.08333333333333333
1 0.6614583333333334 0.41712962962962963 0.08333333333333333 0.11388888888888889
1 0.4388020833333333 0.3375 0.06302083333333333 0.08796296296296297
1 0.96796875 0.7236111111111111 0.06302083333333333 0.18796296296296297
1 0.2078125 0.3814814814814815 0.06354166666666666 0.09814814814814815
1 0.4276041666666667 0.6458333333333334 0.128125 0.15833333333333333
1 0.27838541666666666 0.9717592592592592 0.1515625 0.05462962962962963
1 0.49895833333333334 0.2652777777777778 0.05625 0.0787037037037037
1 0.5947916666666667 0.5296296296296297 0.10833333333333334 0.1648148148148148
1 0.023958333333333335 0.5032407407407408 0.04791666666666667 0.13055555555555556
1 0.42135416666666664 0.2037037037037037 0.03958333333333333 0.05740740740740741
1 0.5921875 0.24722222222222223 0.051041666666666666 0.08333333333333333
1 0.5380208333333333 0.300462962962963 0.05625 0.08611111111111111
1 0.7140625 0.4726851851851852 0.09479166666666666 0.13425925925925927
1 0.49973958333333335 0.1884259259259259 0.0421875 0.06574074074074074
1 0.9346354166666667 0.19074074074074074 0.043229166666666666 0.05185185185185185
1 0.6299479166666667 0.18518518518518517 0.0390625 0.04259259259259259
1 0.88359375 0.3037037037037037 0.0640625 0.07037037037037037
1 0.3997395833333333 0.2884259259259259 0.05572916666666667 0.0824074074074074
1 0.17265625 0.20046296296296295 0.03802083333333333 0.05277777777777778
1 0.9291666666666667 0.2851851851851852 0.05520833333333333 0.07037037037037037
1 0.5494791666666666 0.22453703703703703 0.04479166666666667 0.06388888888888888
1 0.6854166666666667 0.18518518518518517 0.03958333333333333 0.05740740740740741
1 0.18229166666666666 0.33055555555555555 0.0625 0.10740740740740741
1 0.3921875 0.16944444444444445 0.036458333333333336 0.046296296296296294
1 0.8997395833333334 0.18055555555555555 0.0390625 0.05185185185185185
1 0.28880208333333335 0.2935185185185185 0.0484375 0.07777777777777778
1 0.45598958333333334 0.22361111111111112 0.04739583333333333 0.0787037037037037
1 0.7515625 0.24351851851851852 0.051041666666666666 0.053703703703703705
1 0.6067708333333334 0.34444444444444444 0.07291666666666667 0.11481481481481481
1 0.8096354166666667 0.2708333333333333 0.05260416666666667 0.05648148148148148
1 0.8546875 0.19027777777777777 0.03854166666666667 0.058333333333333334
1 0.5580729166666667 0.12962962962962962 0.0265625 0.037037037037037035
1 0.85625 0.2550925925925926 0.052083333333333336 0.0712962962962963
1 0.9799479166666667 0.26435185185185184 0.0390625 0.06759259259259259
1 0.9885416666666667 0.5319444444444444 0.021875 0.14722222222222223
1 0.6966145833333334 0.15324074074074073 0.034895833333333334 0.041666666666666664
1 0.259375 0.20787037037037037 0.034375 0.05648148148148148
1 0.19609375 0.13518518518518519 0.027604166666666666 0.046296296296296294
1 0.375 0.24537037037037038 0.046875 0.08148148148148149
1 0.33697916666666666 0.07407407407407407 0.027083333333333334 0.03148148148148148
1 0.4765625 0.25462962962962965 0.042708333333333334 0.06851851851851852
1 0.35234375 0.20972222222222223 0.04010416666666667 0.0712962962962963
1 0.47734375 0.16574074074074074 0.034895833333333334 0.046296296296296294
1 0.8432291666666667 0.21296296296296297 0.042708333333333334 0.05925925925925926
1 0.8078125 0.22037037037037038 0.042708333333333334 0.05185185185185185
1 0.49973958333333335 0.10138888888888889 0.025520833333333333 0.03425925925925926
1 0.459375 0.1574074074074074 0.03125 0.05185185185185185
1 0.7841145833333333 0.13935185185185187 0.0359375 0.05648148148148148
1 0.17473958333333334 0.24583333333333332 0.0546875 0.05277777777777778
1 0.6192708333333333 0.15324074074074073 0.0375 0.062037037037037036
1 0.2791666666666667 0.25324074074074077 0.05 0.06759259259259259
1 0.7192708333333333 0.23194444444444445 0.040625 0.06018518518518518
1 0.33151041666666664 0.1935185185185185 0.033854166666666664 0.06296296296296296
1 0.3848958333333333 0.27314814814814814 0.03958333333333333 0.06851851851851852
1 0.3651041666666667 0.15324074074074073 0.035416666666666666 0.041666666666666664
1 0.2296875 0.125 0.03229166666666667 0.04814814814814815
1 0.8119791666666667 0.18333333333333332 0.040625 0.027777777777777776
1 0.9434895833333333 0.32546296296296295 0.0421875 0.058333333333333334
1 0.7536458333333333 0.16574074074074074 0.036458333333333336 0.03888888888888889
1 0.446875 0.14583333333333334 0.03333333333333333 0.05648148148148148
1 0.40911458333333334 0.06805555555555555 0.0203125 0.023148148148148147
1 0.9729166666666667 0.35324074074074074 0.053125 0.11203703703703703
1 0.5669270833333333 0.1087962962962963 0.022395833333333334 0.03425925925925926
1 0.31354166666666666 0.16111111111111112 0.03958333333333333 0.06111111111111111
1 0.4778645833333333 0.11018518518518519 0.024479166666666666 0.025925925925925925
1 0.71875 0.19814814814814816 0.04583333333333333 0.05740740740740741
1 0.2453125 0.15185185185185185 0.04375 0.03333333333333333
1 0.16822916666666668 0.0824074074074074 0.035416666666666666 0.02962962962962963
1 0.25338541666666664 0.08287037037037037 0.0234375 0.03425925925925926
1 0.2755208333333333 0.2152777777777778 0.041666666666666664 0.041666666666666664
1 0.5885416666666666 0.11574074074074074 0.03125 0.05185185185185185
1 0.7557291666666667 0.19814814814814816 0.03333333333333333 0.04259259259259259
1 0.16770833333333332 0.16203703703703703 0.041666666666666664 0.05925925925925926
1 0.5192708333333333 0.13240740740740742 0.03125 0.03333333333333333
1 0.6057291666666667 0.08425925925925926 0.022916666666666665 0.03148148148148148
1 0.4361979166666667 0.07175925925925926 0.021354166666666667 0.032407407407407406
1 0.2950520833333333 0.13703703703703704 0.0296875 0.05185185185185185
1 0.33567708333333335 0.10972222222222222 0.034895833333333334 0.03981481481481482
1 0.19765625 0.08287037037037037 0.024479166666666666 0.026851851851851852
1 0.56484375 0.08935185185185185 0.0234375 0.028703703703703703
1 0.6166666666666667 0.12129629629629629 0.035416666666666666 0.044444444444444446
1 0.30520833333333336 0.09259259259259259 0.021875 0.03148148148148148
1 0.4822916666666667 0.06898148148148148 0.019791666666666666 0.021296296296296296
1 0.15598958333333332 0.12268518518518519 0.03177083333333333 0.03796296296296296
1 0.24947916666666667 0.18287037037037038 0.04791666666666667 0.04722222222222222
1 0.5328125 0.09166666666666666 0.029166666666666667 0.046296296296296294
1 0.15390625 0.09861111111111111 0.0328125 0.021296296296296296
1 0.7630208333333334 0.12268518518518519 0.01875 0.041666666666666664
1 0.17708333333333334 0.2828703703703704 0.057291666666666664 0.07314814814814814
1 0.27578125 0.11064814814814815 0.025520833333333333 0.03611111111111111
1 0.3104166666666667 0.31712962962962965 0.058333333333333334 0.0787037037037037