2 0.703125 0.09768518518518518 0.053125 0.11574074074074074
2 0.6434895833333333 0.09027777777777778 0.049479166666666664 0.09351851851851851
1 0.3078125 0.725 0.13854166666666667 0.17777777777777778
1 0.4903645833333333 0.7842592592592592 0.14739583333333334 0.19074074074074074
1 0.9145833333333333 0.6365740740740741 0.12916666666666668 0.1638888888888889
1 0.75 0.7439814814814815 0.146875 0.19166666666666668
1 0.6651041666666667 0.6189814814814815 0.12604166666666666 0.1935185185185185
1 0.5247395833333334 0.4689814814814815 0.1046875 0.15648148148148147
1 0.8026041666666667 0.5467592592592593 0.109375 0.15462962962962962
1 0.20572916666666666 0.4273148148148148 0.078125 0.11203703703703703
1 0.9377604166666667 0.9236111111111112 0.1234375 0.15092592592592594
1 0.525 0.2898148148148148 0.06145833333333333 0.08518518518518518
1 0.5651041666666666 0.3300925925925926 0.0625 0.09166666666666666
1 0.3455729166666667 0.4046296296296296 0.07135416666666666 0.09259259259259259
1 0.4671875 0.3731481481481482 0.06875 0.0962962962962963
1 0.4036458333333333 0.18101851851851852 0.03854166666666667 0.04722222222222222
1 0.62578125 0.2712962962962963 0.05677083333333333 0.08888888888888889
1 0.96328125 0.2601851851851852 0.05677083333333333 0.08518518518518518
1 0.5958333333333333 0.17083333333333334 0.03958333333333333 0.041666666666666664
1 0.3260416666666667 0.34629629629629627 0.06458333333333334 0.08703703703703704
1 0.421875 0.3143518518518518 0.06041666666666667 0.08611111111111111
1 0.43802083333333336 0.21666666666666667 0.041666666666666664 0.06111111111111111
1 0.8653645833333333 0.16944444444444445 0.033854166666666664 0.05
1 0.5236979166666667 0.2050925925925926 0.04635416666666667 0.0712962962962963
1 0.15 0.37037037037037035 0.07291666666666667 0.11851851851851852
1 0.89453125 0.17731481481481481 0.04010416666666667 0.05092592592592592
1 0.5013020833333334 0.2759259259259259 0.0453125 0.07222222222222222
1 0.6518229166666667 0.38287037037037036 0.0828125 0.1287037037037037
1 0.30390625 0.3189814814814815 0.0578125 0.0824074074074074
1 0.7473958333333334 0.2449074074074074 0.05416666666666667 0.05462962962962963
1 0.91640625 0.2412037037037037 0.05364583333333333 0.06759259259259259
1 0.89140625 0.30324074074074076 0.0765625 0.08425925925925926
1 0.7315104166666667 0.4699074074074074 0.09739583333333333 0.12685185185185185
1 0.8565104166666667 0.2462962962962963 0.049479166666666664 0.046296296296296294
1 0.47317708333333336 0.2412037037037037 0.050520833333333334 0.08055555555555556
1 0.6682291666666667 0.14166666666666666 0.03333333333333333 0.03888888888888889
1 0.40260416666666665 0.29583333333333334 0.04479166666666667 0.075
1 0.3919270833333333 0.26481481481481484 0.05572916666666667 0.08518518518518518
1 0.5770833333333333 0.24675925925925926 0.04791666666666667 0.0712962962962963
1 0.17265625 0.21435185185185185 0.0390625 0.05648148148148148
1 0.37526041666666665 0.16296296296296298 0.0359375 0.044444444444444446
1 0.2635416666666667 0.22268518518518518 0.03854166666666667 0.06018518518518518
1 0.7046875 0.2212962962962963 0.04583333333333333 0.05
1 0.8119791666666667 0.17592592592592593 0.03958333333333333 0.05555555555555555
1 0.496875 0.1875 0.03958333333333333 0.06574074074074074
1 0.36666666666666664 0.22407407407407406 0.042708333333333334 0.07592592592592592
1 0.65546875 0.17222222222222222 0.03802083333333333 0.05555555555555555
1 0.34296875 0.07824074074074074 0.030729166666666665 0.03611111111111111
1 0.46041666666666664 0.15648148148148147 0.03854166666666667 0.05740740740740741
1 0.1921875 0.14212962962962963 0.025 0.049074074074074076
1 0.28020833333333334 0.11574074074074074 0.025 0.03888888888888889
1 0.17604166666666668 0.3055555555555556 0.0625 0.07592592592592592
1 0.46380208333333334 0.1050925925925926 0.025520833333333333 0.028703703703703703
1 0.3026041666666667 0.1449074074074074 0.035416666666666666 0.05277777777777778
1 0.815625 0.2689814814814815 0.05625 0.058333333333333334
1 0.48723958333333334 0.09722222222222222 0.024479166666666666 0.03518518518518519
1 0.76171875 0.13194444444444445 0.0359375 0.05462962962962963
1 0.34036458333333336 0.19768518518518519 0.0390625 0.05648148148148148
1 0.4734375 0.17037037037037037 0.03229166666666667 0.05555555555555555
1 0.32421875 0.17175925925925925 0.0390625 0.062037037037037036
1 0.24947916666666667 0.1675925925925926 0.04791666666666667 0.04814814814814815
1 0.6770833333333334 0.20185185185185187 0.03854166666666667 0.044444444444444446
1 0.16041666666666668 0.11805555555555555 0.03854166666666667 0.05277777777777778
1 0.7385416666666667 0.11805555555555555 0.025 0.04537037037037037
1 0.17604166666666668 0.19398148148148148 0.03958333333333333 0.05462962962962963
1 0.7596354166666667 0.18703703703703703 0.0234375 0.05555555555555555
1 0.2552083333333333 0.08564814814814815 0.023958333333333335 0.03425925925925926
1 0.71796875 0.1550925925925926 0.034895833333333334 0.03981481481481482
1 0.9869791666666666 0.30416666666666664 0.025 0.06388888888888888
1 0.17630208333333333 0.262037037037037 0.05677083333333333 0.053703703703703705
1 0.8078125 0.20925925925925926 0.040625 0.06111111111111111
1 0.3098958333333333 0.09814814814814815 0.023958333333333335 0.03333333333333333
1 0.16979166666666667 0.17175925925925925 0.040625 0.062037037037037036
1 0.18255208333333334 0.10185185185185185 0.0203125 0.03148148148148148
1 0.1671875 0.08009259259259259 0.03125 0.025
1 0.7197916666666667 0.19305555555555556 0.0375 0.06018518518518518
1 0.5510416666666667 0.10277777777777777 0.015625 0.03518518518518519
1 0.5697916666666667 0.10740740740740741 0.03229166666666667 0.05
1 0.8552083333333333 0.2865740740740741 0.0375 0.05092592592592592
1 0.978125 0.3787037037037037 0.042708333333333334 0.08888888888888889
1 0.23203125 0.1287037037037037 0.034895833333333334 0.04814814814814815
1 0.27786458333333336 0.22962962962962963 0.0390625 0.044444444444444446
1 0.37057291666666664 0.09722222222222222 0.03177083333333333 0.040740740740740744
1 0.6885416666666667 0.17592592592592593 0.035416666666666666 0.037037037037037035
1 0.471875 0.06296296296296296 0.01875 0.018518518518518517
1 0.2942708333333333 0.13333333333333333 0.026041666666666668 0.05
1 0.2557291666666667 0.19444444444444445 0.052083333333333336 0.05
1 0.3671875 0.1439814814814815 0.036458333333333336 0.05462962962962963
1 0.77890625 0.1875 0.06197916666666667 0.05462962962962963
1 0.7953125 0.2337962962962963 0.052083333333333336 0.06759259259259259
1 0.5942708333333333 0.1425925925925926 0.036458333333333336 0.05925925925925926
1 0.28567708333333336 0.27037037037037037 0.05260416666666667 0.07592592592592592
1 0.5997395833333333 0.10833333333333334 0.0265625 0.02962962962962963
1 0.503125 0.12175925925925926 0.03125 0.03611111111111111