2 0.5973958333333333 0.3074074074074074 0.08854166666666667 0.17962962962962964
2 0.8921875 0.15787037037037038 0.0875 0.14537037037037037
2 0.8158854166666667 0.09861111111111111 0.06302083333333333 0.09166666666666666
1 0.7486979166666666 0.7342592592592593 0.14010416666666667 0.18333333333333332
1 0.60234375 0.5712962962962963 0.10052083333333334 0.1425925925925926
1 0.8744791666666667 0.6259259259259259 0.121875 0.1574074074074074
1 0.8510416666666667 0.2898148148148148 0.06145833333333333 0.06481481481481481
1 0.6713541666666667 0.4097222222222222 0.09583333333333334 0.15462962962962962
1 0.20026041666666666 0.47453703703703703 0.07864583333333333 0.10648148148148148
1 0.328125 0.3541666666666667 0.06458333333333334 0.08981481481481482
1 0.44895833333333335 0.3435185185185185 0.06458333333333334 0.09074074074074075
1 0.39114583333333336 0.5347222222222222 0.09791666666666667 0.15833333333333333
1 0.5619791666666667 0.5032407407407408 0.08541666666666667 0.11574074074074074
1 0.425 0.31157407407407406 0.052083333333333336 0.08425925925925926
1 0.51953125 0.29583333333333334 0.05677083333333333 0.075
1 0.9466145833333334 0.5115740740740741 0.10572916666666667 0.1361111111111111
1 0.27005208333333336 0.25277777777777777 0.050520833333333334 0.06666666666666667
1 0.88671875 0.25833333333333336 0.05677083333333333 0.07037037037037037
1 0.36171875 0.49074074074074076 0.07552083333333333 0.12037037037037036
1 0.6645833333333333 0.18101851851851852 0.03958333333333333 0.05462962962962963
1 0.9119791666666667 0.8967592592592593 0.175 0.20462962962962963
1 0.19244791666666666 0.42685185185185187 0.07760416666666667 0.0962962962962963
1 0.81484375 0.2388888888888889 0.050520833333333334 0.07037037037037037
1 0.5411458333333333 0.32407407407407407 0.0375 0.08333333333333333
1 0.31171875 0.3138888888888889 0.07135416666666666 0.11481481481481481
1 0.7354166666666667 0.23842592592592593 0.05625 0.049074074074074076
1 0.47369791666666666 0.24953703703703703 0.04635416666666667 0.06944444444444445
1 0.5588541666666667 0.2324074074074074 0.042708333333333334 0.06666666666666667
1 0.44609375 0.22453703703703703 0.0453125 0.062037037037037036
1 0.18411458333333333 0.1912037037037037 0.04010416666666667 0.049074074074074076
1 0.9822916666666667 0.31574074074074077 0.034375 0.10555555555555556
1 0.5630208333333333 0.13472222222222222 0.030208333333333334 0.03981481481481482
1 0.18697916666666667 0.23194444444444445 0.042708333333333334 0.06759259259259259
1 0.25494791666666666 0.1865740740740741 0.0359375 0.05462962962962963
1 0.17630208333333333 0.36203703703703705 0.059895833333333336 0.09814814814814815
1 0.39947916666666666 0.2625 0.059375 0.10092592592592593
1 0.6505208333333333 0.1685185185185185 0.035416666666666666 0.053703703703703705
1 0.596875 0.14722222222222223 0.03333333333333333 0.05
1 0.43854166666666666 0.0763888888888889 0.022916666666666665 0.03425925925925926
1 0.21692708333333333 0.11388888888888889 0.030729166666666665 0.04814814814814815
1 0.9325520833333333 0.2375 0.0515625 0.0824074074074074
1 0.2859375 0.12638888888888888 0.030208333333333334 0.04537037037037037
1 0.3307291666666667 0.11990740740740741 0.020833333333333332 0.03425925925925926
1 0.42552083333333335 0.1935185185185185 0.034375 0.040740740740740744
1 0.18984375 0.3143518518518518 0.0546875 0.10277777777777777
1 0.359375 0.08518518518518518 0.023958333333333335 0.037037037037037035
1 0.35963541666666665 0.22777777777777777 0.05572916666666667 0.06666666666666667
1 0.5036458333333333 0.1037037037037037 0.016666666666666666 0.04259259259259259
1 0.9653645833333333 0.16666666666666666 0.0421875 0.027777777777777776
1 0.31796875 0.17962962962962964 0.03177083333333333 0.04814814814814815
1 0.24036458333333333 0.14305555555555555 0.034895833333333334 0.028703703703703703
1 0.39739583333333334 0.16018518518518518 0.036458333333333336 0.044444444444444446
1 0.3731770833333333 0.14953703703703702 0.033854166666666664 0.049074074074074076
1 0.23072916666666668 0.12916666666666668 0.03125 0.03981481481481482
1 0.61328125 0.08472222222222223 0.0296875 0.025
1 0.3653645833333333 0.2523148148148148 0.03697916666666667 0.0712962962962963
1 0.3020833333333333 0.14583333333333334 0.03229166666666667 0.05277777777777778
1 0.6296875 0.1037037037037037 0.023958333333333335 0.020370370370370372
1 0.33359375 0.1986111111111111 0.0453125 0.06759259259259259
1 0.46432291666666664 0.08333333333333333 0.021354166666666667 0.040740740740740744
1 0.37994791666666666 0.10231481481481482 0.030729166666666665 0.04351851851851852
1 0.628125 0.15555555555555556 0.035416666666666666 0.06111111111111111
1 0.27057291666666666 0.10231481481481482 0.030729166666666665 0.03981481481481482
1 0.3171875 0.10462962962962963 0.03333333333333333 0.03148148148148148
1 0.41067708333333336 0.12824074074074074 0.0421875 0.049074074074074076
1 0.16927083333333334 0.1625 0.042708333333333334 0.04537037037037037
1 0.17083333333333334 0.1287037037037037 0.03958333333333333 0.037037037037037035
1 0.30390625 0.08611111111111111 0.0328125 0.03333333333333333
1 0.2453125 0.16944444444444445 0.041666666666666664 0.046296296296296294
1 0.9864583333333333 0.1962962962962963 0.026041666666666668 0.06111111111111111
1 0.7986979166666667 0.16342592592592592 0.0265625 0.03425925925925926
1 0.39817708333333335 0.19675925925925927 0.03697916666666667 0.03425925925925926
1 0.5268229166666667 0.2101851851851852 0.043229166666666666 0.06851851851851852
1 0.73046875 0.1476851851851852 0.0171875 0.04351851851851852
1 0.9583333333333334 0.22175925925925927 0.05416666666666667 0.08611111111111111
1 0.3140625 0.16064814814814815 0.041666666666666664 0.04537037037037037
1 0.6755208333333333 0.1111111111111111 0.027083333333333334 0.024074074074074074
1 0.52109375 0.1125 0.0296875 0.05092592592592592
1 0.6984375 0.1550925925925926 0.05416666666666667 0.06759259259259259
1 0.35 0.12777777777777777 0.03125 0.046296296296296294
1 0.7830729166666667 0.15462962962962962 0.0359375 0.046296296296296294
1 0.8315104166666667 0.1763888888888889 0.0453125 0.06944444444444445
1 0.6557291666666667 0.12685185185185185 0.03125 0.03888888888888889