2 0.6752604166666667 0.09212962962962963 0.050520833333333334 0.10277777777777777
1 0.8388020833333333 0.5574074074074075 0.1140625 0.15185185185185185
1 0.5846354166666666 0.5648148148148148 0.1203125 0.18703703703703703
1 0.3651041666666667 0.4666666666666667 0.08229166666666667 0.10740740740740741
1 0.20703125 0.4981481481481482 0.09427083333333333 0.12407407407407407
1 0.3109375 0.9421296296296297 0.18854166666666666 0.11388888888888889
1 0.6614583333333334 0.9569444444444445 0.16354166666666667 0.08425925925925926
1 0.509375 0.42592592592592593 0.07916666666666666 0.10925925925925926
1 0.07057291666666667 0.43148148148148147 0.0859375 0.1388888888888889
1 0.7890625 0.7847222222222222 0.15833333333333333 0.24537037037037038
1 0.565625 0.32407407407407407 0.06770833333333333 0.09259259259259259
1 0.9390625 0.6754629629629629 0.12083333333333333 0.18981481481481483
1 0.9286458333333333 0.9263888888888889 0.14166666666666666 0.14537037037037037
1 0.3455729166666667 0.39166666666666666 0.07239583333333334 0.0962962962962963
1 0.85 0.1638888888888889 0.0375 0.04814814814814815
1 0.6778645833333333 0.30416666666666664 0.06302083333333333 0.09907407407407408
1 0.45208333333333334 0.3509259259259259 0.06770833333333333 0.0962962962962963
1 0.55703125 0.225 0.049479166666666664 0.07777777777777778
1 0.5364583333333334 0.3060185185185185 0.051041666666666666 0.0824074074074074
1 0.3184895833333333 0.3578703703703704 0.0640625 0.08981481481481482
1 0.6135416666666667 0.37037037037037035 0.06979166666666667 0.10555555555555556
1 0.5630208333333333 0.15416666666666667 0.03229166666666667 0.03796296296296296
1 0.8856770833333333 0.3106481481481482 0.07239583333333334 0.058333333333333334
1 0.26536458333333335 0.23981481481481481 0.0390625 0.06666666666666667
1 0.41692708333333334 0.1925925925925926 0.0421875 0.05
1 0.4984375 0.26296296296296295 0.05625 0.08703703703703704
1 0.8440104166666667 0.2152777777777778 0.04635416666666667 0.062037037037037036
1 0.38697916666666665 0.17407407407407408 0.03958333333333333 0.053703703703703705
1 0.6161458333333333 0.2740740740740741 0.05625 0.07777777777777778
1 0.35546875 0.2300925925925926 0.03697916666666667 0.062037037037037036
1 0.17994791666666668 0.3388888888888889 0.0703125 0.08703703703703704
1 0.4549479166666667 0.23472222222222222 0.0484375 0.06388888888888888
1 0.5234375 0.20555555555555555 0.041666666666666664 0.06851851851851852
1 0.796875 0.2601851851851852 0.06458333333333334 0.07037037037037037
1 0.6880208333333333 0.2199074074074074 0.042708333333333334 0.049074074074074076
1 0.88359375 0.22962962962962963 0.050520833333333334 0.07592592592592592
1 0.17057291666666666 0.22962962962962963 0.04114583333333333 0.05925925925925926
1 0.8231770833333333 0.15324074074074073 0.03177083333333333 0.04351851851851852
1 0.7268229166666667 0.1699074074074074 0.0390625 0.05462962962962963
1 0.4276041666666667 0.3277777777777778 0.05 0.08148148148148149
1 0.896875 0.25925925925925924 0.052083333333333336 0.05
1 0.296875 0.3 0.05625 0.07777777777777778
1 0.35130208333333335 0.08333333333333333 0.03177083333333333 0.037037037037037035
1 0.34739583333333335 0.21157407407407408 0.036458333333333336 0.058333333333333334
1 0.18411458333333333 0.2861111111111111 0.05364583333333333 0.05925925925925926
1 0.6763020833333333 0.17037037037037037 0.0359375 0.05
1 0.71484375 0.44212962962962965 0.09322916666666667 0.14537037037037037
1 0.98203125 0.2324074074074074 0.034895833333333334 0.06666666666666667
1 0.6231770833333333 0.15833333333333333 0.0328125 0.05185185185185185
1 0.5197916666666667 0.11157407407407408 0.028125 0.03611111111111111
1 0.496875 0.18472222222222223 0.036458333333333336 0.062037037037037036
1 0.3859375 0.24351851851851852 0.046875 0.08148148148148149
1 0.48359375 0.17175925925925925 0.04010416666666667 0.06759259259259259
1 0.7471354166666667 0.23564814814814813 0.050520833333333334 0.05092592592592592
1 0.9859375 0.30833333333333335 0.027083333333333334 0.11666666666666667
1 0.9416666666666667 0.29074074074074074 0.06041666666666667 0.09259259259259259
1 0.3609375 0.1412037037037037 0.028125 0.041666666666666664
1 0.63515625 0.1300925925925926 0.033854166666666664 0.03796296296296296
1 0.18125 0.20601851851851852 0.03958333333333333 0.05462962962962963
1 0.71015625 0.1125 0.028645833333333332 0.04537037037037037
1 0.38567708333333334 0.10740740740740741 0.027604166666666666 0.03888888888888889
1 0.3182291666666667 0.10277777777777777 0.022916666666666665 0.03333333333333333
1 0.3390625 0.11990740740740741 0.026041666666666668 0.03981481481481482
1 0.73984375 0.2074074074074074 0.04635416666666667 0.06111111111111111
1 0.40703125 0.2916666666666667 0.05677083333333333 0.09444444444444444
1 0.6544270833333333 0.19583333333333333 0.03802083333333333 0.04351851851851852
1 0.44895833333333335 0.09583333333333334 0.023958333333333335 0.028703703703703703
1 0.7838541666666666 0.2101851851851852 0.03958333333333333 0.03148148148148148
1 0.2552083333333333 0.19490740740740742 0.04895833333333333 0.0787037037037037
1 0.19609375 0.10324074074074074 0.025520833333333333 0.030555555555555555
1 0.3770833333333333 0.09583333333333334 0.026041666666666668 0.032407407407407406
1 0.7369791666666666 0.11990740740740741 0.035416666666666666 0.04722222222222222
1 0.31536458333333334 0.17222222222222222 0.024479166666666666 0.04814814814814815
1 0.8 0.18888888888888888 0.03125 0.05740740740740741
1 0.47239583333333335 0.09259259259259259 0.025 0.037037037037037035
1 0.2875 0.12083333333333333 0.023958333333333335 0.041666666666666664
1 0.28828125 0.26342592592592595 0.050520833333333334 0.0712962962962963
1 0.33541666666666664 0.18425925925925926 0.0375 0.06666666666666667
1 0.7640625 0.15601851851851853 0.034375 0.04351851851851852
1 0.7458333333333333 0.1787037037037037 0.041666666666666664 0.053703703703703705
1 0.3104166666666667 0.15555555555555556 0.035416666666666666 0.05555555555555555
1 0.35833333333333334 0.125 0.028125 0.03518518518518519
1 0.3028645833333333 0.08518518518518518 0.027604166666666666 0.037037037037037035
1 0.17916666666666667 0.1537037037037037 0.03333333333333333 0.05555555555555555
1 0.21822916666666667 0.10324074074074074 0.03125 0.03796296296296296
1 0.16354166666666667 0.12175925925925926 0.04583333333333333 0.05648148148148148
1 0.24895833333333334 0.07824074074074074 0.025 0.030555555555555555
1 0.48463541666666665 0.1111111111111111 0.027604166666666666 0.02962962962962963
1 0.4625 0.0625 0.020833333333333332 0.021296296296296296
1 0.5903645833333333 0.0912037037037037 0.018229166666666668 0.04537037037037037
1 0.5346354166666667 0.08055555555555556 0.0203125 0.027777777777777776
1 0.16901041666666666 0.08981481481481482 0.030729166666666665 0.037037037037037035
1 0.5705729166666667 0.13333333333333333 0.030729166666666665 0.04814814814814815
1 0.3229166666666667 0.11712962962962963 0.016666666666666666 0.03425925925925926
1 0.5744791666666667 0.10833333333333334 0.028125 0.044444444444444446
1 0.27291666666666664 0.10462962962962963 0.03333333333333333 0.03333333333333333
1 0.2986979166666667 0.14305555555555555 0.027604166666666666 0.05092592592592592
1 0.21354166666666666 0.07731481481481481 0.023958333333333335 0.025
1 0.6411458333333333 0.10694444444444444 0.025 0.03981481481481482
1 0.6338541666666667 0.18101851851851852 0.040625 0.03796296296296296
1 0.17057291666666666 0.1763888888888889 0.03802083333333333 0.05092592592592592
1 0.6799479166666667 0.14212962962962963 0.033854166666666664 0.041666666666666664
1 0.3848958333333333 0.1537037037037037 0.0375 0.05740740740740741
1 0.17005208333333333 0.2962962962962963 0.050520833333333334 0.05925925925925926