2 0.94453125 0.17222222222222222 0.10052083333333334 0.1574074074074074
2 0.95234375 0.47129629629629627 0.09427083333333333 0.2037037037037037
2 0.5510416666666667 0.2773148148148148 0.08125 0.16203703703703703
2 0.8455729166666667 0.10555555555555556 0.06614583333333333 0.0962962962962963
1 0.76328125 0.5263888888888889 0.10364583333333334 0.13240740740740742
1 0.9473958333333333 0.6717592592592593 0.10416666666666667 0.225
1 0.42578125 0.3143518518518518 0.0609375 0.0824074074074074
1 0.5010416666666667 0.4398148148148148 0.08020833333333334 0.10555555555555556
1 0.021614583333333333 0.5064814814814815 0.043229166666666666 0.11481481481481481
1 0.31223958333333335 0.32222222222222224 0.06302083333333333 0.08518518518518518
1 0.46015625 0.8847222222222222 0.16927083333333334 0.22870370370370371
1 0.80234375 0.2675925925925926 0.0609375 0.05185185185185185
1 0.19817708333333334 0.4273148148148148 0.07239583333333334 0.09537037037037037
1 0.6989583333333333 0.1962962962962963 0.042708333333333334 0.05925925925925926
1 0.5455729166666666 0.48703703703703705 0.08802083333333334 0.12222222222222222
1 0.9755208333333333 0.28888888888888886 0.04791666666666667 0.07407407407407407
1 0.8783854166666667 0.26435185185185184 0.05572916666666667 0.0787037037037037
1 0.9309895833333334 0.3365740740740741 0.06927083333333334 0.08796296296296297
1 0.39791666666666664 0.2847222222222222 0.04895833333333333 0.0787037037037037
1 0.4270833333333333 0.2101851851851852 0.042708333333333334 0.05740740740740741
1 0.19427083333333334 0.3824074074074074 0.06979166666666667 0.08333333333333333
1 0.6401041666666667 0.6013888888888889 0.115625 0.1527777777777778
1 0.7328125 0.7337962962962963 0.140625 0.22870370370370371
1 0.49140625 0.2722222222222222 0.049479166666666664 0.07037037037037037
1 0.6151041666666667 0.3648148148148148 0.084375 0.13703703703703704
1 0.834375 0.43472222222222223 0.090625 0.11574074074074074
1 0.45598958333333334 0.2310185185185185 0.043229166666666666 0.06388888888888888
1 0.1984375 0.14074074074074075 0.029166666666666667 0.040740740740740744
1 0.25078125 0.17777777777777778 0.03697916666666667 0.04814814814814815
1 0.50546875 0.2967592592592593 0.0328125 0.075
1 0.2713541666666667 0.2351851851851852 0.052083333333333336 0.06296296296296296
1 0.365625 0.4648148148148148 0.0875 0.1388888888888889
1 0.6229166666666667 0.1574074074074074 0.03333333333333333 0.05185185185185185
1 0.17421875 0.3296296296296296 0.05364583333333333 0.08888888888888889
1 0.3802083333333333 0.24351851851851852 0.05520833333333333 0.09259259259259259
1 0.32395833333333335 0.18611111111111112 0.040625 0.06666666666666667
1 0.44895833333333335 0.0824074074074074 0.026041666666666668 0.03148148148148148
1 0.8552083333333333 0.2361111111111111 0.06979166666666667 0.08148148148148149
1 0.5888020833333333 0.14722222222222223 0.0359375 0.03888888888888889
1 0.68359375 0.1824074074074074 0.03697916666666667 0.05740740740740741
1 0.4049479166666667 0.1875 0.0421875 0.04537037037037037
1 0.5205729166666667 0.11435185185185186 0.021354166666666667 0.03796296296296296
1 0.4947916666666667 0.10138888888888889 0.022916666666666665 0.03611111111111111
1 0.1828125 0.18055555555555555 0.036458333333333336 0.046296296296296294
1 0.21536458333333333 0.10416666666666667 0.03177083333333333 0.041666666666666664
1 0.7372395833333333 0.16666666666666666 0.044270833333333336 0.07222222222222222
1 0.65546875 0.1685185185185185 0.0390625 0.06481481481481481
1 0.34296875 0.12453703703703704 0.0296875 0.04722222222222222
1 0.34713541666666664 0.23796296296296296 0.028645833333333332 0.06481481481481481
1 0.32395833333333335 0.11574074074074074 0.020833333333333332 0.03333333333333333
1 0.22942708333333334 0.12407407407407407 0.0296875 0.037037037037037035
1 0.6526041666666667 0.1125 0.026041666666666668 0.025
1 0.2981770833333333 0.287962962962963 0.06510416666666667 0.1037037037037037
1 0.5036458333333333 0.19490740740740742 0.042708333333333334 0.06574074074074074
1 0.23958333333333334 0.1597222222222222 0.042708333333333334 0.049074074074074076
1 0.40078125 0.12222222222222222 0.04010416666666667 0.05
1 0.54609375 0.12129629629629629 0.04114583333333333 0.053703703703703705
1 0.26875 0.09907407407407408 0.030208333333333334 0.040740740740740744
1 0.2552083333333333 0.08842592592592592 0.021875 0.03611111111111111
1 0.83671875 0.18703703703703703 0.03802083333333333 0.05740740740740741
1 0.16796875 0.12222222222222222 0.030729166666666665 0.03518518518518519
1 0.29635416666666664 0.13842592592592592 0.029166666666666667 0.05092592592592592
1 0.8755208333333333 0.1814814814814815 0.04791666666666667 0.06666666666666667
1 0.6291666666666667 0.09537037037037037 0.03333333333333333 0.037037037037037035
1 0.28203125 0.11990740740740741 0.03177083333333333 0.04351851851851852
1 0.35182291666666665 0.08101851851851852 0.024479166666666666 0.03611111111111111
1 0.8231770833333333 0.175 0.03802083333333333 0.06296296296296296
1 0.5075520833333333 0.10740740740740741 0.024479166666666666 0.04259259259259259
1 0.36614583333333334 0.1837962962962963 0.034375 0.025
1 0.3411458333333333 0.43148148148148147 0.07083333333333333 0.10740740740740741
1 0.3489583333333333 0.2152777777777778 0.04479166666666667 0.062037037037037036
1 0.6815104166666667 0.1361111111111111 0.03697916666666667 0.040740740740740744
1 0.17369791666666667 0.17037037037037037 0.03177083333333333 0.046296296296296294
1 0.39036458333333335 0.14814814814814814 0.0328125 0.03888888888888889
1 0.3072916666666667 0.15416666666666667 0.03333333333333333 0.04722222222222222
1 0.3890625 0.06898148148148148 0.020833333333333332 0.025
1 0.7005208333333334 0.12037037037037036 0.027083333333333334 0.02962962962962963
1 0.3645833333333333 0.1425925925925926 0.03333333333333333 0.04814814814814815
1 0.1859375 0.2152777777777778 0.040625 0.05648148148148148
1 0.5278645833333333 0.21898148148148147 0.03697916666666667 0.06018518518518518
1 0.17838541666666666 0.2875 0.06510416666666667 0.09537037037037037