2 0.8169270833333333 0.4925925925925926 0.14114583333333333 0.2777777777777778
2 0.778125 0.12638888888888888 0.06770833333333333 0.12685185185185185
2 0.90859375 0.15416666666666667 0.08697916666666666 0.1638888888888889
1 0.17395833333333333 0.6805555555555556 0.12291666666666666 0.14444444444444443
1 0.23359375 0.7800925925925926 0.12760416666666666 0.17314814814814813
1 0.6830729166666667 0.4361111111111111 0.0859375 0.10740740740740741
1 0.5885416666666666 0.5388888888888889 0.10416666666666667 0.14074074074074075
1 0.4044270833333333 0.5523148148148148 0.10052083333333334 0.13796296296296295
1 0.6690104166666667 0.32916666666666666 0.0640625 0.08981481481481482
1 0.3125 0.34675925925925927 0.06666666666666667 0.08611111111111111
1 0.9604166666666667 0.3060185185185185 0.06145833333333333 0.0824074074074074
1 0.5888020833333333 0.35138888888888886 0.06510416666666667 0.09351851851851851
1 0.57265625 0.9143518518518519 0.1671875 0.16944444444444445
1 0.63515625 0.2875 0.0640625 0.08611111111111111
1 0.5296875 0.30324074074074076 0.06145833333333333 0.0824074074074074
1 0.7302083333333333 0.5023148148148148 0.04583333333333333 0.1287037037037037
1 0.5598958333333334 0.4736111111111111 0.08229166666666667 0.11944444444444445
1 0.3567708333333333 0.3074074074074074 0.06145833333333333 0.07777777777777778
1 0.271875 0.2412037037037037 0.04479166666666667 0.06018518518518518
1 0.19322916666666667 0.30787037037037035 0.057291666666666664 0.07685185185185185
1 0.6526041666666667 0.19814814814814816 0.03958333333333333 0.046296296296296294
1 0.9677083333333333 0.7361111111111112 0.06354166666666666 0.27037037037037037
1 0.5708333333333333 0.13518518518518519 0.03229166666666667 0.044444444444444446
1 0.7825520833333334 0.22314814814814815 0.0515625 0.08333333333333333
1 0.4549479166666667 0.3736111111111111 0.08489583333333334 0.13425925925925927
1 0.69140625 0.18796296296296297 0.04010416666666667 0.05185185185185185
1 0.9057291666666667 0.3125 0.06979166666666667 0.07685185185185185
1 0.4661458333333333 0.1675925925925926 0.0375 0.05925925925925926
1 0.5934895833333333 0.16944444444444445 0.03697916666666667 0.04259259259259259
1 0.41796875 0.13240740740740742 0.0328125 0.046296296296296294
1 0.20026041666666666 0.5523148148148148 0.09427083333333333 0.14537037037037037
1 0.8869791666666667 0.2300925925925926 0.05520833333333333 0.06759259259259259
1 0.41458333333333336 0.3101851851851852 0.059375 0.1
1 0.7190104166666667 0.9824074074074074 0.14114583333333333 0.03333333333333333
1 0.7505208333333333 0.17777777777777778 0.03958333333333333 0.06481481481481481
1 0.5049479166666667 0.2800925925925926 0.050520833333333334 0.0824074074074074
1 0.6140625 0.11944444444444445 0.035416666666666666 0.05555555555555555
1 0.90078125 0.26851851851851855 0.05677083333333333 0.06851851851851852
1 0.37057291666666664 0.47314814814814815 0.10885416666666667 0.16296296296296298
1 0.35625 0.22685185185185186 0.03854166666666667 0.06296296296296296
1 0.4270833333333333 0.20925925925925926 0.0375 0.06296296296296296
1 0.28619791666666666 0.12407407407407407 0.0296875 0.04814814814814815
1 0.35989583333333336 0.1486111111111111 0.030208333333333334 0.03981481481481482
1 0.5578125 0.12777777777777777 0.025 0.044444444444444446
1 0.42630208333333336 0.3402777777777778 0.05572916666666667 0.09537037037037037
1 0.6427083333333333 0.11527777777777778 0.027083333333333334 0.04537037037037037
1 0.3463541666666667 0.12824074074074074 0.03125 0.03796296296296296
1 0.4432291666666667 0.1527777777777778 0.030208333333333334 0.046296296296296294
1 0.23958333333333334 0.15416666666666667 0.029166666666666667 0.04537037037037037
1 0.6799479166666667 0.1476851851851852 0.0296875 0.032407407407407406
1 0.34817708333333336 0.20324074074074075 0.04010416666666667 0.06018518518518518
1 0.18958333333333333 0.24814814814814815 0.04583333333333333 0.07037037037037037
1 0.4817708333333333 0.2657407407407407 0.04479166666666667 0.07222222222222222
1 0.2526041666666667 0.18518518518518517 0.03958333333333333 0.053703703703703705
1 0.23098958333333333 0.13287037037037036 0.034895833333333334 0.05648148148148148
1 0.33307291666666666 0.07268518518518519 0.0234375 0.026851851851851852
1 0.32708333333333334 0.18009259259259258 0.035416666666666666 0.06388888888888888
1 0.37604166666666666 0.1597222222222222 0.036458333333333336 0.05462962962962963
1 0.40520833333333334 0.06574074074074074 0.020833333333333332 0.022222222222222223
1 0.1921875 0.4703703703703704 0.08854166666666667 0.14074074074074075
1 0.41041666666666665 0.18518518518518517 0.04375 0.05740740740740741
1 0.40520833333333334 0.12314814814814815 0.03125 0.04814814814814815
1 0.4510416666666667 0.2222222222222222 0.04583333333333333 0.07777777777777778
1 0.58359375 0.10694444444444444 0.0296875 0.04351851851851852
1 0.16979166666666667 0.15555555555555556 0.034375 0.04259259259259259
1 0.4817708333333333 0.09351851851851851 0.03125 0.044444444444444446
1 0.7213541666666666 0.15925925925925927 0.036458333333333336 0.06111111111111111
1 0.38385416666666666 0.25324074074074077 0.057291666666666664 0.0824074074074074
1 0.5028645833333333 0.10555555555555556 0.0265625 0.037037037037037035
1 0.946875 0.18333333333333332 0.015625 0.06851851851851852
1 0.26927083333333335 0.10740740740740741 0.026041666666666668 0.04259259259259259
1 0.8453125 0.15324074074074073 0.034375 0.06018518518518518
1 0.71171875 0.13333333333333333 0.033854166666666664 0.053703703703703705
1 0.16666666666666666 0.08842592592592592 0.029166666666666667 0.032407407407407406
1 0.21171875 0.10648148148148148 0.0234375 0.04259259259259259
1 0.5643229166666667 0.07407407407407407 0.028645833333333332 0.027777777777777776
1 0.26536458333333335 0.21157407407407408 0.04010416666666667 0.049074074074074076
1 0.45598958333333334 0.08611111111111111 0.025520833333333333 0.037037037037037035
1 0.665625 0.16805555555555557 0.03333333333333333 0.04537037037037037
1 0.6770833333333334 0.11805555555555555 0.025 0.032407407407407406
1 0.3333333333333333 0.19675925925925927 0.022916666666666665 0.05277777777777778
1 0.4388020833333333 0.07731481481481481 0.018229166666666668 0.030555555555555555
1 0.390625 0.10648148148148148 0.029166666666666667 0.04814814814814815
1 0.68828125 0.12777777777777777 0.0203125 0.03148148148148148
1 0.18072916666666666 0.225 0.04583333333333333 0.06851851851851852
1 0.31953125 0.1037037037037037 0.0359375 0.03888888888888889
1 0.6067708333333334 0.09351851851851851 0.021875 0.02962962962962963
1 0.5255208333333333 0.11527777777777778 0.01875 0.041666666666666664
1 0.6427083333333333 0.1712962962962963 0.025 0.05
1 0.3026041666666667 0.15231481481481482 0.036458333333333336 0.05648148148148148
1 0.3294270833333333 0.1175925925925926 0.025520833333333333 0.03333333333333333
1 0.1765625 0.19305555555555556 0.04791666666666667 0.06388888888888888
1 0.85703125 0.1638888888888889 0.025520833333333333 0.05925925925925926