2 0.909375 0.16296296296296298 0.08958333333333333 0.15185185185185185
2 0.8270833333333333 0.10046296296296296 0.06354166666666666 0.09166666666666666
1 0.7044270833333334 0.6824074074074075 0.1296875 0.17222222222222222
1 0.8309895833333333 0.5861111111111111 0.11510416666666666 0.15
1 0.5794270833333334 0.5388888888888889 0.09427083333333333 0.13518518518518519
1 0.8778645833333333 0.30324074074074076 0.0640625 0.06944444444444445
1 0.5088541666666667 0.28703703703703703 0.05416666666666667 0.07222222222222222
1 0.2 0.45601851851851855 0.07604166666666666 0.10277777777777777
1 0.9200520833333333 0.27037037037037037 0.058854166666666666 0.07222222222222222
1 0.32317708333333334 0.34305555555555556 0.0640625 0.08796296296296297
1 0.44166666666666665 0.33287037037037037 0.06458333333333334 0.08981481481481482
1 0.47265625 0.9662037037037037 0.1578125 0.06574074074074074
1 0.65234375 0.3925925925925926 0.09010416666666667 0.14814814814814814
1 0.38177083333333334 0.5069444444444444 0.09375 0.14907407407407408
1 0.54140625 0.48009259259259257 0.08802083333333334 0.11018518518518519
1 0.9057291666666667 0.47962962962962963 0.103125 0.1259259259259259
1 0.8369791666666667 0.24722222222222223 0.05416666666666667 0.07407407407407407
1 0.5294270833333333 0.3138888888888889 0.03697916666666667 0.08148148148148149
1 0.8393229166666667 0.8629629629629629 0.16822916666666668 0.2722222222222222
1 0.3536458333333333 0.4699074074074074 0.07083333333333333 0.11574074074074074
1 0.6770833333333334 0.1865740740740741 0.040625 0.05648148148148148
1 0.41432291666666665 0.3013888888888889 0.050520833333333334 0.08055555555555556
1 0.26901041666666664 0.24675925925925926 0.049479166666666664 0.06388888888888888
1 0.25364583333333335 0.18564814814814815 0.035416666666666666 0.05092592592592592
1 0.5200520833333333 0.20555555555555555 0.04739583333333333 0.06851851851851852
1 0.7578125 0.24675925925925926 0.05520833333333333 0.04351851851851852
1 0.46770833333333334 0.24305555555555555 0.04375 0.06574074074074074
1 0.3067708333333333 0.3050925925925926 0.06875 0.10833333333333334
1 0.19348958333333333 0.4101851851851852 0.07447916666666667 0.09444444444444444
1 0.44088541666666664 0.21851851851851853 0.04635416666666667 0.06111111111111111
1 0.571875 0.13935185185185187 0.03125 0.03981481481481482
1 0.5471354166666667 0.2273148148148148 0.04114583333333333 0.06388888888888888
1 0.6065104166666667 0.15138888888888888 0.033854166666666664 0.05092592592592592
1 0.44296875 0.0787037037037037 0.0234375 0.03333333333333333
1 0.39296875 0.25601851851851853 0.05677083333333333 0.09722222222222222
1 0.6627604166666666 0.1736111111111111 0.03697916666666667 0.05462962962962963
1 0.17552083333333332 0.35 0.059375 0.0962962962962963
1 0.9567708333333333 0.24675925925925926 0.053125 0.08425925925925926
1 0.18697916666666667 0.2273148148148148 0.042708333333333334 0.06018518518518518
1 0.3578125 0.24814814814814815 0.03125 0.06666666666666667
1 0.7421875 0.15138888888888888 0.017708333333333333 0.04537037037037037
1 0.18333333333333332 0.18611111111111112 0.040625 0.046296296296296294
1 0.8190104166666666 0.22777777777777777 0.0640625 0.08333333333333333
1 0.18932291666666667 0.14722222222222223 0.0265625 0.040740740740740744
1 0.28489583333333335 0.12546296296296297 0.030208333333333334 0.04537037037037037
1 0.9828125 0.22453703703703703 0.03333333333333333 0.07685185185185185
1 0.18828125 0.30462962962962964 0.05260416666666667 0.1
1 0.21640625 0.1111111111111111 0.030729166666666665 0.05
1 0.34791666666666665 0.12824074074074074 0.030208333333333334 0.04722222222222222
1 0.4192708333333333 0.19212962962962962 0.036458333333333336 0.041666666666666664
1 0.39427083333333335 0.1587962962962963 0.035416666666666666 0.04351851851851852
1 0.4075520833333333 0.1259259259259259 0.0421875 0.05185185185185185
1 0.63828125 0.16018518518518518 0.0359375 0.06111111111111111
1 0.25677083333333334 0.09166666666666666 0.021875 0.037037037037037035
1 0.9783854166666667 0.18055555555555555 0.0421875 0.04814814814814815
1 0.36953125 0.1486111111111111 0.0328125 0.049074074074074076
1 0.26953125 0.10231481481481482 0.0296875 0.03611111111111111
1 0.3216145833333333 0.10648148148148148 0.03177083333333333 0.03148148148148148
1 0.509375 0.10740740740740741 0.016666666666666666 0.044444444444444446
1 0.23098958333333333 0.12777777777777777 0.03177083333333333 0.03888888888888889
1 0.24479166666666666 0.1685185185185185 0.042708333333333334 0.046296296296296294
1 0.48671875 0.09398148148148149 0.021354166666666667 0.041666666666666664
1 0.16953125 0.16157407407407406 0.04114583333333333 0.041666666666666664
1 0.3 0.1449074074074074 0.03125 0.05092592592592592
1 0.3575520833333333 0.08472222222222223 0.0234375 0.03611111111111111
1 0.33098958333333334 0.19490740740740742 0.044270833333333336 0.06759259259259259
1 0.41848958333333336 0.07175925925925926 0.024479166666666666 0.030555555555555555
1 0.37890625 0.10092592592592593 0.03177083333333333 0.04259259259259259
1 0.8109375 0.16944444444444445 0.03125 0.03888888888888889
1 0.32864583333333336 0.11990740740740741 0.019791666666666666 0.03425925925925926
1 0.6375 0.1050925925925926 0.023958333333333335 0.017592592592592594
1 0.38776041666666666 0.19398148148148148 0.0359375 0.028703703703703703
1 0.46822916666666664 0.08611111111111111 0.021875 0.037037037037037035
1 0.8010416666666667 0.1638888888888889 0.029166666666666667 0.05555555555555555
1 0.35651041666666666 0.22453703703703703 0.05260416666666667 0.06388888888888888
1 0.16666666666666666 0.12824074074074074 0.029166666666666667 0.03796296296296296
1 0.31223958333333335 0.1587962962962963 0.04114583333333333 0.04722222222222222
1 0.5825520833333333 0.31805555555555554 0.0765625 0.12685185185185185
1 0.30364583333333334 0.08611111111111111 0.03229166666666667 0.03333333333333333
1 0.684375 0.11388888888888889 0.027083333333333334 0.025925925925925925
1 0.6640625 0.12962962962962962 0.035416666666666666 0.037037037037037035
1 0.31666666666666665 0.06574074074074074 0.01875 0.014814814814814815