1 0.21041666666666667 0.6370370370370371 0.12708333333333333 0.16666666666666666
1 0.55859375 0.8648148148148148 0.15572916666666667 0.21296296296296297
1 0.4825520833333333 0.7319444444444444 0.14010416666666667 0.1824074074074074
1 0.19557291666666668 0.5046296296296297 0.0953125 0.12222222222222222
1 0.3763020833333333 0.525 0.0984375 0.13333333333333333
1 0.7171875 0.7046296296296296 0.13229166666666667 0.18888888888888888
1 0.3255208333333333 0.3699074074074074 0.06770833333333333 0.09537037037037037
1 0.58984375 0.36435185185185187 0.0734375 0.09351851851851851
1 0.9122395833333333 0.28564814814814815 0.059895833333333336 0.075
1 0.51796875 0.28935185185185186 0.059895833333333336 0.0787037037037037
1 0.47213541666666664 0.2569444444444444 0.05260416666666667 0.06944444444444445
1 0.83203125 0.5662037037037037 0.10364583333333334 0.14351851851851852
1 0.44375 0.35324074074074074 0.05625 0.09166666666666666
1 0.9005208333333333 0.6259259259259259 0.1375 0.17407407407407408
1 0.17786458333333333 0.3398148148148148 0.059895833333333336 0.08148148148148149
1 0.7013020833333333 0.4425925925925926 0.09427083333333333 0.15
1 0.7924479166666667 0.38425925925925924 0.0859375 0.12962962962962962
1 0.6330729166666667 0.6143518518518518 0.11197916666666667 0.15092592592592594
1 0.65859375 0.2986111111111111 0.0609375 0.09351851851851851
1 0.4947916666666667 0.3888888888888889 0.07395833333333333 0.12037037037037036
1 0.7369791666666666 0.3402777777777778 0.071875 0.11388888888888889
1 0.40546875 0.12037037037037036 0.0359375 0.05555555555555555
1 0.42526041666666664 0.31666666666666665 0.05572916666666667 0.08333333333333333
1 0.73984375 0.20601851851851852 0.0453125 0.06388888888888888
1 0.4552083333333333 0.15601851851851853 0.035416666666666666 0.05092592592592592
1 0.3109375 0.16666666666666666 0.03854166666666667 0.05185185185185185
1 0.97421875 0.774074074074074 0.050520833333333334 0.20555555555555555
1 0.3684895833333333 0.43194444444444446 0.07760416666666667 0.11018518518518519
1 0.4544270833333333 0.21944444444444444 0.0515625 0.07777777777777778
1 0.8234375 0.20879629629629629 0.042708333333333334 0.06388888888888888
1 0.3971354166666667 0.2638888888888889 0.0515625 0.09074074074074075
1 0.18802083333333333 0.2916666666666667 0.05416666666666667 0.07592592592592592
1 0.353125 0.13703703703703704 0.030208333333333334 0.04814814814814815
1 0.9518229166666666 0.5138888888888888 0.0953125 0.14074074074074075
1 0.42161458333333335 0.19675925925925927 0.034895833333333334 0.049074074074074076
1 0.7333333333333333 0.17175925925925925 0.041666666666666664 0.05092592592592592
1 0.61875 0.1824074074074074 0.03958333333333333 0.03888888888888889
1 0.5598958333333334 0.1486111111111111 0.026041666666666668 0.03425925925925926
1 0.28854166666666664 0.27870370370370373 0.06458333333333334 0.10740740740740741
1 0.8752604166666667 0.18287037037037038 0.04739583333333333 0.06759259259259259
1 0.18177083333333333 0.15601851851851853 0.04583333333333333 0.06388888888888888
1 0.5973958333333333 0.1425925925925926 0.03125 0.04259259259259259
1 0.2359375 0.1527777777777778 0.028125 0.044444444444444446
1 0.3828125 0.1675925925925926 0.034375 0.04814814814814815
1 0.5953125 0.5222222222222223 0.10729166666666666 0.16296296296296298
1 0.38333333333333336 0.11342592592592593 0.016666666666666666 0.03611111111111111
1 0.9088541666666666 0.23333333333333334 0.053125 0.07222222222222222
1 0.33255208333333336 0.11712962962962963 0.027604166666666666 0.049074074074074076
1 0.7075520833333333 0.14305555555555555 0.03177083333333333 0.041666666666666664
1 0.6705729166666666 0.12222222222222222 0.0296875 0.040740740740740744
1 0.44635416666666666 0.1449074074074074 0.03125 0.05462962962962963
1 0.37057291666666664 0.09722222222222222 0.021354166666666667 0.03518518518518519
1 0.60234375 0.12129629629629629 0.0359375 0.044444444444444446
1 0.365625 0.15833333333333333 0.029166666666666667 0.03888888888888889
1 0.58515625 0.15787037037037038 0.03802083333333333 0.04351851851851852
1 0.3375 0.07361111111111111 0.020833333333333332 0.026851851851851852
1 0.3614583333333333 0.2462962962962963 0.03854166666666667 0.06296296296296296
1 0.3578125 0.2175925925925926 0.04583333333333333 0.07407407407407407
1 0.7934895833333333 0.2324074074074074 0.050520833333333334 0.06851851851851852
1 0.9520833333333333 0.18981481481481483 0.04479166666666667 0.06851851851851852
1 0.6565104166666667 0.1736111111111111 0.024479166666666666 0.06018518518518518
1 0.6986979166666667 0.11805555555555555 0.027604166666666666 0.03796296296296296
1 0.28125 0.11712962962962963 0.034375 0.05092592592592592
1 0.25364583333333335 0.1865740740740741 0.0375 0.06944444444444445
1 0.63671875 0.2726851851851852 0.059895833333333336 0.10277777777777777
1 0.46848958333333335 0.10555555555555556 0.0234375 0.03148148148148148
1 0.6286458333333333 0.10833333333333334 0.029166666666666667 0.037037037037037035
1 0.6833333333333333 0.17916666666666667 0.04791666666666667 0.075
1 0.28203125 0.1550925925925926 0.028645833333333332 0.028703703703703703
1 0.5684895833333333 0.12314814814814815 0.0296875 0.025925925925925925
1 0.44296875 0.07592592592592592 0.021354166666666667 0.037037037037037035
1 0.17578125 0.25787037037037036 0.0453125 0.08425925925925926
1 0.5104166666666666 0.08657407407407407 0.026041666666666668 0.03796296296296296
1 0.5213541666666667 0.10416666666666667 0.026041666666666668 0.026851851851851852
1 0.2643229166666667 0.18611111111111112 0.04010416666666667 0.040740740740740744
1 0.6447916666666667 0.0962962962962963 0.022916666666666665 0.040740740740740744
1 0.453125 0.0824074074074074 0.023958333333333335 0.027777777777777776
1 0.40546875 0.1736111111111111 0.034895833333333334 0.03611111111111111
1 0.8026041666666667 0.17222222222222222 0.028125 0.046296296296296294
1 0.15729166666666666 0.09305555555555556 0.025 0.04351851851851852
1 0.5234375 0.12916666666666668 0.026041666666666668 0.032407407407407406
1 0.47734375 0.07175925925925926 0.021354166666666667 0.03425925925925926
1 0.7776041666666667 0.17546296296296296 0.041666666666666664 0.062037037037037036
1 0.8205729166666667 0.1736111111111111 0.04010416666666667 0.03981481481481482
1 0.2520833333333333 0.22361111111111112 0.023958333333333335 0.062037037037037036
1 0.3377604166666667 0.20092592592592592 0.033854166666666664 0.06481481481481481
1 0.50234375 0.11851851851851852 0.019270833333333334 0.03148148148148148
1 0.21380208333333334 0.08657407407407407 0.0265625 0.03981481481481482
1 0.8380208333333333 0.15046296296296297 0.04479166666666667 0.06388888888888888
1 0.2950520833333333 0.2125 0.030729166666666665 0.030555555555555555
1 0.23203125 0.1300925925925926 0.03177083333333333 0.03796296296296296
1 0.26796875 0.09953703703703703 0.0296875 0.03796296296296296
1 0.26484375 0.23472222222222222 0.03697916666666667 0.07685185185185185
1 0.5671875 0.09814814814814815 0.023958333333333335 0.027777777777777776
1 0.17265625 0.23564814814814813 0.049479166666666664 0.062037037037037036