2 0.6109375 0.08796296296296297 0.09479166666666666 0.08703703703703704
1 0.43463541666666666 0.6481481481481481 0.11822916666666666 0.14629629629629629
1 0.24114583333333334 0.7273148148148149 0.13229166666666667 0.18425925925925926
1 0.8158854166666667 0.8768518518518519 0.1953125 0.24444444444444444
1 0.5325520833333334 0.4527777777777778 0.08489583333333334 0.1259259259259259
1 0.6317708333333333 0.5777777777777777 0.10520833333333333 0.14444444444444443
1 0.903125 0.6231481481481481 0.12916666666666668 0.2037037037037037
1 0.7442708333333333 0.47824074074074074 0.09166666666666666 0.13425925925925927
1 0.49635416666666665 0.27870370370370373 0.057291666666666664 0.07222222222222222
1 0.6619791666666667 0.41435185185185186 0.08645833333333333 0.11574074074074074
1 0.32864583333333336 0.37083333333333335 0.06875 0.09166666666666666
1 0.19947916666666668 0.42453703703703705 0.08333333333333333 0.11018518518518519
1 0.62890625 0.3861111111111111 0.06614583333333333 0.10185185185185185
1 0.6359375 0.27685185185185185 0.06041666666666667 0.09444444444444444
1 0.7190104166666667 0.3486111111111111 0.07135416666666666 0.09537037037037037
1 0.4864583333333333 0.41203703703703703 0.065625 0.1037037037037037
1 0.2859375 0.28379629629629627 0.051041666666666666 0.07685185185185185
1 0.44895833333333335 0.2300925925925926 0.046875 0.06388888888888888
1 0.56171875 0.32083333333333336 0.0703125 0.10648148148148148
1 0.13229166666666667 0.38981481481481484 0.08229166666666667 0.11481481481481481
1 0.5130208333333334 0.12962962962962962 0.030208333333333334 0.03518518518518519
1 0.9513020833333333 0.2222222222222222 0.05364583333333333 0.06296296296296296
1 0.4203125 0.20833333333333334 0.042708333333333334 0.05925925925925926
1 0.7393229166666667 0.24259259259259258 0.05677083333333333 0.05185185185185185
1 0.9763020833333333 0.2662037037037037 0.04635416666666667 0.0787037037037037
1 0.42161458333333335 0.2935185185185185 0.05677083333333333 0.09259259259259259
1 0.35963541666666665 0.4648148148148148 0.0796875 0.12037037037037036
1 0.46171875 0.362962962962963 0.0734375 0.11481481481481481
1 0.9841145833333333 0.31805555555555554 0.030729166666666665 0.08796296296296297
1 0.37447916666666664 0.24953703703703703 0.04479166666666667 0.06759259259259259
1 0.82265625 0.40046296296296297 0.0828125 0.1287037037037037
1 0.18723958333333332 0.3449074074074074 0.06510416666666667 0.058333333333333334
1 0.9109375 0.27546296296296297 0.059375 0.08611111111111111
1 0.61171875 0.17685185185185184 0.034895833333333334 0.03333333333333333
1 0.37421875 0.10138888888888889 0.030729166666666665 0.04722222222222222
1 0.6526041666666667 0.19166666666666668 0.034375 0.040740740740740744
1 0.59609375 0.25 0.0484375 0.08333333333333333
1 0.6848958333333334 0.2101851851851852 0.05 0.06481481481481481
1 0.7416666666666667 0.17962962962962964 0.040625 0.05555555555555555
1 0.6877604166666667 0.175 0.0359375 0.03333333333333333
1 0.5497395833333333 0.22592592592592592 0.04635416666666667 0.07222222222222222
1 0.17239583333333333 0.26944444444444443 0.046875 0.06481481481481481
1 0.38359375 0.16342592592592592 0.03177083333333333 0.04351851851851852
1 0.31536458333333334 0.3194444444444444 0.05677083333333333 0.08148148148148149
1 0.4127604166666667 0.12777777777777777 0.0296875 0.04259259259259259
1 0.38203125 0.5157407407407407 0.0921875 0.12777777777777777
1 0.5341145833333333 0.20925925925925926 0.04739583333333333 0.07962962962962963
1 0.32916666666666666 0.2023148148148148 0.03125 0.05277777777777778
1 0.33255208333333336 0.17037037037037037 0.0390625 0.04259259259259259
1 0.2986979166666667 0.13796296296296295 0.03177083333333333 0.03888888888888889
1 0.22161458333333334 0.11435185185185186 0.034895833333333334 0.041666666666666664
1 0.8692708333333333 0.22083333333333333 0.025 0.06574074074074074
1 0.6916666666666667 0.13472222222222222 0.03125 0.04722222222222222
1 0.48932291666666666 0.09953703703703703 0.025520833333333333 0.032407407407407406
1 0.91328125 0.20879629629629629 0.0390625 0.049074074074074076
1 0.5872395833333334 0.09953703703703703 0.034895833333333334 0.041666666666666664
1 0.5557291666666667 0.08518518518518518 0.021875 0.04814814814814815
1 0.3346354166666667 0.11805555555555555 0.0265625 0.041666666666666664
1 0.9645833333333333 0.17592592592592593 0.05625 0.04814814814814815
1 0.8864583333333333 0.19768518518518519 0.034375 0.05462962962962963
1 0.1703125 0.13518518518518519 0.03958333333333333 0.05740740740740741
1 0.6203125 0.12546296296296297 0.03229166666666667 0.04537037037037037
1 0.38567708333333334 0.2740740740740741 0.044270833333333336 0.07222222222222222
1 0.3125 0.1638888888888889 0.028125 0.05740740740740741
1 0.26328125 0.22777777777777777 0.05260416666666667 0.08888888888888889
1 0.7721354166666666 0.1361111111111111 0.025520833333333333 0.02962962962962963
1 0.35651041666666666 0.21574074074074073 0.044270833333333336 0.07407407407407407
1 0.18151041666666667 0.19074074074074074 0.03697916666666667 0.040740740740740744
1 0.6169270833333333 0.1486111111111111 0.03177083333333333 0.04722222222222222
1 0.5885416666666666 0.16296296296296298 0.030208333333333334 0.03333333333333333
1 0.66328125 0.13518518518518519 0.0265625 0.027777777777777776
1 0.3533854166666667 0.1375 0.027604166666666666 0.03796296296296296
1 0.6770833333333334 0.14629629629629629 0.03333333333333333 0.03888888888888889
1 0.18203125 0.23935185185185184 0.044270833333333336 0.062037037037037036
1 0.53515625 0.06481481481481481 0.021354166666666667 0.025925925925925925
1 0.45026041666666666 0.08888888888888889 0.025520833333333333 0.040740740740740744
1 0.3375 0.13194444444444445 0.020833333333333332 0.03425925925925926
1 0.6934895833333333 0.10787037037037037 0.030729166666666665 0.041666666666666664
1 0.5135416666666667 0.08564814814814815 0.022916666666666665 0.041666666666666664
1 0.5778645833333333 0.12731481481481483 0.027604166666666666 0.028703703703703703
1 0.8388020833333333 0.23796296296296296 0.06197916666666667 0.0962962962962963
1 0.1703125 0.21064814814814814 0.03958333333333333 0.06944444444444445
1 0.37578125 0.15185185185185185 0.030729166666666665 0.05
1 0.40989583333333335 0.1814814814814815 0.0375 0.06666666666666667
1 0.47578125 0.09027777777777778 0.022395833333333334 0.03981481481481482
1 0.3463541666666667 0.0824074074074074 0.019791666666666666 0.03148148148148148
1 0.40598958333333335 0.10787037037037037 0.0265625 0.026851851851851852
1 0.7950520833333333 0.17546296296296296 0.0171875 0.028703703703703703
1 0.28125 0.11666666666666667 0.034375 0.03518518518518519
1 0.5640625 0.15555555555555556 0.026041666666666668 0.03148148148148148
1 0.21927083333333333 0.08611111111111111 0.027083333333333334 0.02962962962962963
1 0.16744791666666667 0.16064814814814815 0.027604166666666666 0.03611111111111111
1 0.5317708333333333 0.08101851851851852 0.017708333333333333 0.030555555555555555
1 0.6497395833333334 0.1699074074074074 0.04010416666666667 0.04722222222222222
1 0.3125 0.09814814814814815 0.027083333333333334 0.037037037037037035
1 0.42578125 0.08472222222222223 0.019270833333333334 0.023148148148148147
1 0.2453125 0.16157407407407406 0.03854166666666667 0.05462962962962963
1 0.7466145833333333 0.13240740740740742 0.027604166666666666 0.03888888888888889
1 0.52578125 0.11064814814814815 0.019270833333333334 0.041666666666666664
1 0.6677083333333333 0.10185185185185185 0.027083333333333334 0.040740740740740744
1 0.2713541666666667 0.1884259259259259 0.042708333333333334 0.049074074074074076
1 0.7989583333333333 0.22453703703703703 0.030208333333333334 0.0712962962962963
1 0.7481770833333333 0.12222222222222222 0.0234375 0.018518518518518517
1 0.7546875 0.15648148148148147 0.034375 0.05185185185185185