2 0.7046875 0.09768518518518518 0.05416666666666667 0.11574074074074074
2 0.64453125 0.09027777777777778 0.049479166666666664 0.09351851851851851
1 0.3104166666666667 0.7152777777777778 0.13541666666666666 0.17685185185185184
1 0.48411458333333335 0.7736111111111111 0.1453125 0.18981481481481483
1 0.7421875 0.7337962962962963 0.14479166666666668 0.18981481481481483
1 0.9057291666666667 0.6291666666666667 0.128125 0.16203703703703703
1 0.521875 0.46435185185185185 0.103125 0.15462962962962962
1 0.7265625 0.46620370370370373 0.09583333333333334 0.12685185185185185
1 0.79609375 0.5416666666666666 0.10885416666666667 0.1537037037037037
1 0.46588541666666666 0.37083333333333335 0.06822916666666666 0.09537037037037037
1 0.20494791666666667 0.4236111111111111 0.07552083333333333 0.10833333333333334
1 0.34296875 0.4013888888888889 0.06927083333333334 0.09166666666666666
1 0.6598958333333333 0.612037037037037 0.125 0.19074074074074074
1 0.5231770833333333 0.287962962962963 0.06197916666666667 0.08333333333333333
1 0.9682291666666667 0.26296296296296295 0.057291666666666664 0.08333333333333333
1 0.5630208333333333 0.3277777777777778 0.06145833333333333 0.09259259259259259
1 0.3260416666666667 0.34444444444444444 0.065625 0.08703703703703704
1 0.6236979166666666 0.2689814814814815 0.05572916666666667 0.08796296296296297
1 0.6473958333333333 0.37962962962962965 0.084375 0.1259259259259259
1 0.403125 0.18055555555555555 0.0375 0.04814814814814815
1 0.4205729166666667 0.31342592592592594 0.0609375 0.08611111111111111
1 0.5984375 0.17222222222222222 0.03854166666666667 0.04259259259259259
1 0.4375 0.2162037037037037 0.040625 0.06018518518518518
1 0.5221354166666666 0.2037037037037037 0.04635416666666667 0.07037037037037037
1 0.8963541666666667 0.1787037037037037 0.040625 0.05185185185185185
1 0.30182291666666666 0.31851851851851853 0.05364583333333333 0.08148148148148149
1 0.47213541666666664 0.24027777777777778 0.050520833333333334 0.0824074074074074
1 0.8674479166666667 0.16944444444444445 0.034895833333333334 0.05
1 0.15260416666666668 0.36342592592592593 0.07291666666666667 0.11203703703703703
1 0.6697916666666667 0.1425925925925926 0.03333333333333333 0.03888888888888889
1 0.26276041666666666 0.22083333333333333 0.03697916666666667 0.06018518518518518
1 0.81796875 0.2712962962962963 0.0609375 0.06111111111111111
1 0.6565104166666667 0.17314814814814813 0.03802083333333333 0.05740740740740741
1 0.8614583333333333 0.2490740740740741 0.05 0.04814814814814815
1 0.5763020833333333 0.2449074074074074 0.04739583333333333 0.06944444444444445
1 0.38984375 0.26342592592592595 0.05260416666666667 0.08611111111111111
1 0.76328125 0.13333333333333333 0.0359375 0.05555555555555555
1 0.81328125 0.1763888888888889 0.04114583333333333 0.05462962962962963
1 0.6783854166666666 0.2050925925925926 0.0421875 0.041666666666666664
1 0.375 0.1625 0.035416666666666666 0.04537037037037037
1 0.70703125 0.22962962962962963 0.04739583333333333 0.06481481481481481
1 0.7205729166666667 0.15555555555555556 0.034895833333333334 0.03888888888888889
1 0.4015625 0.29398148148148145 0.04479166666666667 0.07314814814814814
1 0.9807291666666667 0.3787037037037037 0.0375 0.08703703703703704
1 0.92890625 0.9157407407407407 0.14114583333333333 0.16666666666666666
1 0.4953125 0.18564814814814815 0.03854166666666667 0.06388888888888888
1 0.8981770833333333 0.3050925925925926 0.07552083333333333 0.0824074074074074
1 0.17317708333333334 0.21388888888888888 0.0390625 0.05555555555555555
1 0.3424479166666667 0.07824074074074074 0.028645833333333332 0.03425925925925926
1 0.19296875 0.14166666666666666 0.0234375 0.046296296296296294
1 0.36614583333333334 0.22314814814814815 0.042708333333333334 0.07407407407407407
1 0.7606770833333333 0.18888888888888888 0.0203125 0.053703703703703705
1 0.48776041666666664 0.09768518518518518 0.025520833333333333 0.03611111111111111
1 0.28619791666666666 0.26944444444444443 0.05260416666666667 0.07592592592592592
1 0.28020833333333334 0.11481481481481481 0.025 0.037037037037037035
1 0.47265625 0.16944444444444445 0.0328125 0.05555555555555555
1 0.30078125 0.1449074074074074 0.030729166666666665 0.05277777777777778
1 0.59609375 0.1425925925925926 0.0359375 0.05925925925925926
1 0.7526041666666666 0.24583333333333332 0.05 0.05092592592592592
1 0.92109375 0.24305555555555555 0.05364583333333333 0.06759259259259259
1 0.15989583333333332 0.11851851851851852 0.0375 0.05185185185185185
1 0.803125 0.2337962962962963 0.04583333333333333 0.06574074074074074
1 0.6869791666666667 0.17777777777777778 0.040625 0.03888888888888889
1 0.46510416666666665 0.10648148148148148 0.025 0.03148148148148148
1 0.3731770833333333 0.10185185185185185 0.025520833333333333 0.03518518518518519
1 0.859375 0.2902777777777778 0.036458333333333336 0.049074074074074076
1 0.33984375 0.19675925925925927 0.0390625 0.05648148148148148
1 0.7403645833333333 0.11712962962962963 0.0234375 0.04537037037037037
1 0.49973958333333335 0.275 0.0453125 0.07407407407407407
1 0.16979166666666667 0.17175925925925925 0.040625 0.062037037037037036
1 0.8080729166666667 0.20925925925925926 0.04010416666666667 0.05740740740740741
1 0.17552083333333332 0.19305555555555556 0.03958333333333333 0.05462962962962963
1 0.25546875 0.08657407407407407 0.024479166666666666 0.03425925925925926
1 0.5231770833333333 0.08009259259259259 0.0296875 0.03796296296296296
1 0.721875 0.19444444444444445 0.0375 0.05740740740740741
1 0.309375 0.09814814814814815 0.025 0.03518518518518519
1 0.46015625 0.15601851851851853 0.03697916666666667 0.058333333333333334
1 0.17578125 0.30324074074074076 0.06302083333333333 0.075
1 0.5713541666666667 0.10740740740740741 0.03125 0.05
1 0.5890625 0.0787037037037037 0.019791666666666666 0.027777777777777776
1 0.1671875 0.08055555555555556 0.03125 0.025925925925925925
1 0.2526041666666667 0.1935185185185185 0.04583333333333333 0.05
1 0.25885416666666666 0.1388888888888889 0.027083333333333334 0.022222222222222223
1 0.27890625 0.2300925925925926 0.04114583333333333 0.04537037037037037
1 0.47265625 0.062037037037037036 0.019270833333333334 0.018518518518518517
1 0.29453125 0.13287037037037036 0.025520833333333333 0.049074074074074076
1 0.5041666666666667 0.12268518518518519 0.029166666666666667 0.03425925925925926
1 0.6013020833333333 0.1087962962962963 0.0265625 0.030555555555555555
1 0.24817708333333333 0.16666666666666666 0.04635416666666667 0.046296296296296294
1 0.32057291666666665 0.1625 0.0421875 0.04722222222222222
1 0.17630208333333333 0.26157407407407407 0.05677083333333333 0.05648148148148148