1 0.221875 0.6412037037037037 0.11875 0.16018518518518518
1 0.40859375 0.5824074074074074 0.10364583333333334 0.13333333333333333
1 0.7229166666666667 0.7717592592592593 0.165625 0.25277777777777777
1 0.37083333333333335 0.475 0.084375 0.11851851851851852
1 0.5864583333333333 0.5231481481481481 0.09479166666666666 0.13518518518518519
1 0.9859375 0.7583333333333333 0.027083333333333334 0.18518518518518517
1 0.48203125 0.2638888888888889 0.05572916666666667 0.06851851851851852
1 0.5984375 0.3611111111111111 0.06041666666666667 0.09259259259259259
1 0.6096354166666667 0.2587962962962963 0.05572916666666667 0.08981481481481482
1 0.19270833333333334 0.39444444444444443 0.078125 0.1037037037037037
1 0.7744791666666667 0.2587962962962963 0.059375 0.049074074074074076
1 0.5393229166666667 0.30185185185185187 0.0671875 0.09814814814814815
1 0.7729166666666667 0.36666666666666664 0.07604166666666666 0.11851851851851852
1 0.5057291666666667 0.41805555555555557 0.07916666666666666 0.11388888888888889
1 0.46640625 0.3837962962962963 0.059895833333333336 0.09351851851851851
1 0.8364583333333333 0.5560185185185185 0.11458333333333333 0.18425925925925926
1 0.17083333333333334 0.2564814814814815 0.04479166666666667 0.06296296296296296
1 0.63125 0.3837962962962963 0.08125 0.10833333333333334
1 0.7005208333333334 0.44166666666666665 0.08541666666666667 0.1259259259259259
1 0.6809895833333334 0.3226851851851852 0.0671875 0.08981481481481482
1 0.27708333333333335 0.26990740740740743 0.04583333333333333 0.0712962962962963
1 0.346875 0.42685185185185187 0.075 0.1111111111111111
1 0.31796875 0.3476851851851852 0.06510416666666667 0.08425925925925926
1 0.37421875 0.25925925925925924 0.04114583333333333 0.06851851851851852
1 0.53125 0.2125 0.042708333333333334 0.06944444444444445
1 0.7114583333333333 0.18425925925925926 0.0375 0.03148148148148148
1 0.4432291666666667 0.3375 0.06770833333333333 0.10648148148148148
1 0.40989583333333335 0.27685185185185185 0.053125 0.09074074074074075
1 0.15182291666666667 0.3592592592592593 0.059895833333333336 0.10185185185185185
1 0.5703125 0.23472222222222222 0.04895833333333333 0.07685185185185185
1 0.67578125 0.20185185185185187 0.03802083333333333 0.04259259259259259
1 0.7096354166666666 0.22314814814814815 0.0546875 0.07222222222222222
1 0.18255208333333334 0.22824074074074074 0.04114583333333333 0.06018518518518518
1 0.4036458333333333 0.12037037037037036 0.030208333333333334 0.04259259259259259
1 0.6302083333333334 0.1875 0.0375 0.03981481481481482
1 0.79375 0.1449074074074074 0.027083333333333334 0.03981481481481482
1 0.9614583333333333 0.2953703703703704 0.065625 0.09259259259259259
1 0.18880208333333334 0.32175925925925924 0.0546875 0.05277777777777778
1 0.36380208333333336 0.23703703703703705 0.0421875 0.06481481481481481
1 0.80859375 0.18425925925925926 0.04010416666666667 0.037037037037037035
1 0.3953125 0.10925925925925926 0.026041666666666668 0.040740740740740744
1 0.6020833333333333 0.17175925925925925 0.030208333333333334 0.03611111111111111
1 0.16953125 0.12222222222222222 0.04010416666666667 0.04259259259259259
1 0.6734375 0.1787037037037037 0.040625 0.04814814814814815
1 0.3763020833333333 0.15555555555555556 0.027604166666666666 0.04259259259259259
1 0.32421875 0.19166666666666668 0.0328125 0.05185185185185185
1 0.49661458333333336 0.10277777777777777 0.0265625 0.03148148148148148
1 0.25729166666666664 0.21666666666666667 0.05416666666666667 0.08518518518518518
1 0.6942708333333333 0.15231481481481482 0.034375 0.03796296296296296
1 0.7091145833333333 0.14212962962962963 0.0296875 0.04537037037037037
1 0.5247395833333334 0.13796296296296295 0.0328125 0.03888888888888889
1 0.40130208333333334 0.1824074074074074 0.034895833333333334 0.04259259259259259
1 0.5885416666666666 0.13333333333333333 0.030208333333333334 0.02962962962962963
1 0.9783854166666667 0.2337962962962963 0.0421875 0.06759259259259259
1 0.2643229166666667 0.1787037037037037 0.0453125 0.05
1 0.325 0.16296296296296298 0.0375 0.04259259259259259
1 0.3489583333333333 0.20601851851851852 0.041666666666666664 0.0712962962962963
1 0.765625 0.1398148148148148 0.029166666666666667 0.04259259259259259
1 0.5174479166666667 0.19768518518518519 0.04635416666666667 0.07685185185185185
1 0.70390625 0.11018518518518519 0.03177083333333333 0.040740740740740744
1 0.6372395833333333 0.12962962962962962 0.030729166666666665 0.04259259259259259
1 0.4359375 0.21944444444444444 0.04479166666666667 0.05925925925925926
1 0.21848958333333332 0.0824074074074074 0.0265625 0.027777777777777776
1 0.43203125 0.08703703703703704 0.0203125 0.025925925925925925
1 0.9442708333333333 0.22407407407407406 0.042708333333333334 0.05925925925925926
1 0.82734375 0.24074074074074073 0.0515625 0.08148148148148149
1 0.60234375 0.11481481481481481 0.0265625 0.02962962962962963
1 0.18098958333333334 0.18009259259259258 0.03697916666666667 0.04351851851851852
1 0.578125 0.16111111111111112 0.030208333333333334 0.03333333333333333
1 0.2635416666666667 0.09675925925925925 0.030208333333333334 0.03796296296296296
1 0.32890625 0.11388888888888889 0.024479166666666666 0.03888888888888889
1 0.565625 0.08518518518518518 0.01875 0.04259259259259259
1 0.30833333333333335 0.29953703703703705 0.05625 0.08055555555555556
1 0.5234375 0.09166666666666666 0.025 0.04259259259259259
1 0.4588541666666667 0.09861111111111111 0.023958333333333335 0.030555555555555555
1 0.6052083333333333 0.10046296296296296 0.029166666666666667 0.03611111111111111
1 0.175 0.1537037037037037 0.03958333333333333 0.03333333333333333
1 0.2942708333333333 0.13240740740740742 0.029166666666666667 0.044444444444444446
1 0.34817708333333336 0.1310185185185185 0.027604166666666666 0.03981481481481482
1 0.9122395833333333 0.20324074074074075 0.03802083333333333 0.049074074074074076
1 0.30833333333333335 0.09398148148148149 0.027083333333333334 0.03796296296296296
1 0.40338541666666666 0.1550925925925926 0.03177083333333333 0.028703703703703703
1 0.278125 0.11388888888888889 0.03333333333333333 0.03518518518518519
1 0.24114583333333334 0.15694444444444444 0.03854166666666667 0.06018518518518518
1 0.30911458333333336 0.06944444444444445 0.024479166666666666 0.020370370370370372
1 0.4546875 0.08611111111111111 0.025 0.03333333333333333
1 0.6322916666666667 0.1550925925925926 0.03125 0.04351851851851852
1 0.30625 0.15694444444444444 0.027083333333333334 0.05648148148148148
1 0.8 0.22453703703703703 0.029166666666666667 0.05277777777777778
1 0.34140625 0.07824074074074074 0.0203125 0.030555555555555555
1 0.9859375 0.17962962962962964 0.027083333333333334 0.040740740740740744
1 0.7690104166666667 0.17824074074074073 0.04635416666666667 0.0787037037037037
1 0.3692708333333333 0.14537037037037037 0.028125 0.05
1 0.54296875 0.06666666666666667 0.021354166666666667 0.027777777777777776
1 0.16901041666666666 0.20092592592592592 0.0390625 0.06666666666666667
1 0.23619791666666667 0.13287037037037036 0.0359375 0.032407407407407406
1 0.6098958333333333 0.14305555555555555 0.027083333333333334 0.028703703703703703
1 0.4088541666666667 0.19722222222222222 0.03958333333333333 0.05925925925925926
1 0.6778645833333333 0.10555555555555556 0.028645833333333332 0.046296296296296294
1 0.8893229166666666 0.23333333333333334 0.0640625 0.07037037037037037
1 0.678125 0.1412037037037037 0.028125 0.028703703703703703
1 0.2171875 0.11064814814814815 0.036458333333333336 0.03796296296296296