2 0.9625 0.17222222222222222 0.07395833333333333 0.1814814814814815
2 0.7315104166666667 0.4162037037037037 0.1234375 0.2361111111111111
2 0.8140625 0.13518518518518519 0.06458333333333334 0.12962962962962962
2 0.7552083333333334 0.08564814814814815 0.05520833333333333 0.08425925925925926
1 0.796875 0.7944444444444444 0.14375 0.18518518518518517
1 0.6229166666666667 0.3768518518518518 0.075 0.0962962962962963
1 0.9713541666666666 0.30833333333333335 0.05625 0.09074074074074075
1 0.5255208333333333 0.45694444444444443 0.084375 0.12314814814814815
1 0.1828125 0.5740740740740741 0.10104166666666667 0.12407407407407407
1 0.6528645833333333 0.4305555555555556 0.050520833333333334 0.10740740740740741
1 0.3768229166666667 0.4726851851851852 0.0859375 0.12129629629629629
1 0.53828125 0.3125 0.05677083333333333 0.0824074074074074
1 0.5432291666666667 0.8421296296296297 0.16458333333333333 0.25833333333333336
1 0.9059895833333333 0.9333333333333333 0.1734375 0.13148148148148148
1 0.46588541666666666 0.7319444444444444 0.13072916666666667 0.1787037037037037
1 0.29296875 0.31342592592592594 0.059895833333333336 0.0787037037037037
1 0.628125 0.1884259259259259 0.04375 0.03981481481481482
1 0.6223958333333334 0.29398148148148145 0.057291666666666664 0.0787037037037037
1 0.840625 0.24861111111111112 0.05625 0.08796296296296297
1 0.19296875 0.2777777777777778 0.05260416666666667 0.07962962962962963
1 0.5013020833333334 0.275 0.05677083333333333 0.07407407407407407
1 0.70703125 0.22870370370370371 0.044270833333333336 0.06481481481481481
1 0.3536458333333333 0.40879629629629627 0.09166666666666666 0.14351851851851852
1 0.5973958333333333 0.14907407407407408 0.035416666666666666 0.04814814814814815
1 0.2671875 0.22361111111111112 0.040625 0.05648148148148148
1 0.5911458333333334 0.2601851851851852 0.05520833333333333 0.08148148148148149
1 0.43411458333333336 0.33101851851851855 0.07135416666666666 0.12129629629629629
1 0.5098958333333333 0.4064814814814815 0.071875 0.10925925925925926
1 0.74140625 0.20694444444444443 0.03802083333333333 0.058333333333333334
1 0.18984375 0.4759259259259259 0.08177083333333333 0.12222222222222222
1 0.39739583333333334 0.175 0.03854166666666667 0.05740740740740741
1 0.8567708333333334 0.586574074074074 0.13333333333333333 0.2175925925925926
1 0.6416666666666667 0.1300925925925926 0.0375 0.06018518518518518
1 0.21458333333333332 0.6472222222222223 0.10625 0.1425925925925926
1 0.6697916666666667 0.125 0.021875 0.03888888888888889
1 0.4484375 0.1550925925925926 0.034375 0.05462962962962963
1 0.18802083333333333 0.39861111111111114 0.07916666666666666 0.11203703703703703
1 0.29635416666666664 0.14351851851851852 0.03333333333333333 0.05555555555555555
1 0.9174479166666667 0.18425925925925926 0.024479166666666666 0.06851851851851852
1 0.40677083333333336 0.12453703703703704 0.029166666666666667 0.041666666666666664
1 0.36484375 0.15092592592592594 0.03697916666666667 0.05185185185185185
1 0.4114583333333333 0.19444444444444445 0.03229166666666667 0.05925925925925926
1 0.7036458333333333 0.12962962962962962 0.030208333333333334 0.03333333333333333
1 0.22864583333333333 0.1287037037037037 0.034375 0.053703703703703705
1 0.4356770833333333 0.20462962962962963 0.043229166666666666 0.07407407407407407
1 0.9591145833333333 0.2550925925925926 0.058854166666666666 0.075
1 0.5190104166666667 0.11574074074074074 0.0265625 0.03518518518518519
1 0.34296875 0.2111111111111111 0.0359375 0.05740740740740741
1 0.45234375 0.08287037037037037 0.018229166666666668 0.032407407407407406
1 0.24114583333333334 0.14675925925925926 0.036458333333333336 0.04351851851851852
1 0.8041666666666667 0.19398148148148148 0.034375 0.06944444444444445
1 0.459375 0.2412037037037037 0.040625 0.06388888888888888
1 0.26458333333333334 0.10462962962962963 0.023958333333333335 0.040740740740740744
1 0.4953125 0.10092592592592593 0.03125 0.044444444444444446
1 0.2799479166666667 0.11851851851851852 0.027604166666666666 0.044444444444444446
1 0.4703125 0.09212962962962963 0.026041666666666668 0.03425925925925926
1 0.3645833333333333 0.23796296296296296 0.052083333333333336 0.08148148148148149
1 0.3796875 0.10277777777777777 0.026041666666666668 0.04814814814814815
1 0.3223958333333333 0.1685185185185185 0.034375 0.06111111111111111
1 0.3380208333333333 0.19027777777777777 0.04375 0.05648148148148148
1 0.16875 0.08564814814814815 0.027083333333333334 0.028703703703703703
1 0.6872395833333333 0.17916666666666667 0.03802083333333333 0.06944444444444445
1 0.16510416666666666 0.11435185185185186 0.026041666666666668 0.032407407407407406
1 0.42890625 0.14305555555555555 0.0265625 0.03981481481481482
1 0.3515625 0.1388888888888889 0.029166666666666667 0.03888888888888889
1 0.1671875 0.1824074074074074 0.030208333333333334 0.05925925925925926
1 0.2635416666666667 0.2 0.04479166666666667 0.046296296296296294
1 0.6052083333333333 0.1175925925925926 0.03125 0.05185185185185185
1 0.8979166666666667 0.17592592592592593 0.0375 0.06296296296296296
1 0.16822916666666668 0.1486111111111111 0.034375 0.041666666666666664
1 0.39739583333333334 0.11712962962962963 0.028125 0.04722222222222222
1 0.5815104166666667 0.08055555555555556 0.028645833333333332 0.027777777777777776
1 0.5408854166666667 0.06712962962962964 0.024479166666666666 0.032407407407407406
1 0.18880208333333334 0.23148148148148148 0.0421875 0.06666666666666667
1 0.7453125 0.14537037037037037 0.0375 0.05555555555555555
1 0.6283854166666667 0.10555555555555556 0.0234375 0.03888888888888889
1 0.41432291666666665 0.0699074074074074 0.018229166666666668 0.021296296296296296
1 0.7171875 0.13657407407407407 0.026041666666666668 0.026851851851851852
1 0.71875 0.16296296296296298 0.028125 0.03518518518518519
1 0.33880208333333334 0.12037037037037036 0.028645833333333332 0.03518518518518519
1 0.4041666666666667 0.30972222222222223 0.04791666666666667 0.08425925925925926
1 0.32786458333333335 0.07083333333333333 0.022395833333333334 0.021296296296296296
1 0.8791666666666667 0.1648148148148148 0.036458333333333336 0.06296296296296296
1 0.37083333333333335 0.2791666666666667 0.03854166666666667 0.0712962962962963
1 0.24947916666666667 0.175 0.03958333333333333 0.05
1 0.43802083333333336 0.07314814814814814 0.01875 0.03148148148148148
1 0.57890625 0.13055555555555556 0.0328125 0.05740740740740741
1 0.4744791666666667 0.2523148148148148 0.042708333333333334 0.06759259259259259
1 0.5622395833333333 0.11203703703703703 0.034895833333333334 0.06111111111111111
1 0.4036458333333333 0.27314814814814814 0.05 0.06851851851851852
1 0.70234375 0.19583333333333333 0.0421875 0.05277777777777778