2 0.66796875 0.09305555555555556 0.05260416666666667 0.10277777777777777
1 0.8731770833333333 0.5884259259259259 0.1203125 0.16203703703703703
1 0.6065104166666667 0.5967592592592592 0.13072916666666667 0.19537037037037036
1 0.209375 0.5217592592592593 0.09895833333333333 0.13240740740740742
1 0.3734375 0.48703703703703705 0.08854166666666667 0.11296296296296296
1 0.9622395833333334 0.7217592592592592 0.07447916666666667 0.19907407407407407
1 0.45989583333333334 0.2412037037037037 0.051041666666666666 0.06574074074074074
1 0.7380208333333333 0.4615740740740741 0.09583333333333334 0.1527777777777778
1 0.83671875 0.8439814814814814 0.1703125 0.2675925925925926
1 0.5216145833333333 0.44305555555555554 0.08177083333333333 0.11203703703703703
1 0.5776041666666667 0.3351851851851852 0.07083333333333333 0.0962962962962963
1 0.35078125 0.4060185185185185 0.0734375 0.09907407407407408
1 0.32395833333333335 0.36944444444444446 0.065625 0.09444444444444444
1 0.1828125 0.34953703703703703 0.07083333333333333 0.09166666666666666
1 0.8611979166666667 0.300462962962963 0.06927083333333334 0.05648148148148148
1 0.4627604166666667 0.3638888888888889 0.07135416666666666 0.1
1 0.8390625 0.1597222222222222 0.036458333333333336 0.04537037037037037
1 0.56640625 0.23148148148148148 0.050520833333333334 0.07962962962962963
1 0.628125 0.2833333333333333 0.058333333333333334 0.07962962962962963
1 0.17083333333333334 0.2361111111111111 0.041666666666666664 0.06111111111111111
1 0.6765625 0.21157407407407408 0.041666666666666664 0.04537037037037037
1 0.5479166666666667 0.31574074074074077 0.053125 0.08333333333333333
1 0.30104166666666665 0.3087962962962963 0.058333333333333334 0.08055555555555556
1 0.421875 0.19814814814814816 0.041666666666666664 0.05
1 0.04296875 0.45185185185185184 0.0859375 0.14444444444444443
1 0.6953125 0.31527777777777777 0.065625 0.10277777777777777
1 0.5052083333333334 0.2708333333333333 0.058333333333333334 0.08981481481481482
1 0.4354166666666667 0.33796296296296297 0.052083333333333336 0.08333333333333333
1 0.18802083333333333 0.2935185185185185 0.051041666666666666 0.05740740740740741
1 0.26796875 0.24537037037037038 0.04114583333333333 0.06666666666666667
1 0.3919270833333333 0.25 0.04739583333333333 0.08148148148148149
1 0.5317708333333333 0.21203703703703702 0.04375 0.07037037037037037
1 0.359375 0.2351851851851852 0.0375 0.06296296296296296
1 0.6291666666666667 0.38333333333333336 0.07291666666666667 0.10740740740740741
1 0.81171875 0.1486111111111111 0.03177083333333333 0.03981481481481482
1 0.5036458333333333 0.18981481481481483 0.0375 0.06296296296296296
1 0.39140625 0.18101851851851852 0.03802083333333333 0.05277777777777778
1 0.9731770833333333 0.9662037037037037 0.05260416666666667 0.06574074074074074
1 0.3541666666666667 0.08703703703703704 0.03333333333333333 0.03888888888888889
1 0.6432291666666666 0.1912037037037037 0.036458333333333336 0.041666666666666664
1 0.82734375 0.2111111111111111 0.044270833333333336 0.05925925925925926
1 0.8666666666666667 0.22407407407407406 0.051041666666666666 0.07222222222222222
1 0.7171875 0.16712962962962963 0.0375 0.05277777777777778
1 0.35078125 0.2175925925925926 0.0390625 0.05925925925925926
1 0.5557291666666667 0.14953703703703702 0.03125 0.03611111111111111
1 0.7755208333333333 0.24814814814814815 0.0625 0.06481481481481481
1 0.6671875 0.16620370370370371 0.036458333333333336 0.04722222222222222
1 0.8002604166666667 0.1814814814814815 0.0296875 0.05
1 0.31536458333333334 0.17731481481481481 0.025520833333333333 0.049074074074074076
1 0.6708333333333333 0.13564814814814816 0.03333333333333333 0.030555555555555555
1 0.5151041666666667 0.11018518518518519 0.028125 0.03518518518518519
1 0.7260416666666667 0.2023148148148148 0.04375 0.06018518518518518
1 0.7317708333333334 0.23194444444444445 0.04895833333333333 0.05648148148148148
1 0.8755208333333333 0.2513888888888889 0.04895833333333333 0.05277777777777778
1 0.41510416666666666 0.300462962962963 0.06041666666666667 0.09537037037037037
1 0.365625 0.14537037037037037 0.027083333333333334 0.040740740740740744
1 0.62890625 0.12546296296296297 0.0328125 0.03425925925925926
1 0.7359375 0.17083333333333334 0.03854166666666667 0.04537037037037037
1 0.2557291666666667 0.19907407407407407 0.051041666666666666 0.07962962962962963
1 0.75390625 0.1550925925925926 0.0328125 0.049074074074074076
1 0.32083333333333336 0.10555555555555556 0.025 0.03518518518518519
1 0.9708333333333333 0.2972222222222222 0.057291666666666664 0.1111111111111111
1 0.38229166666666664 0.10092592592592593 0.025 0.037037037037037035
1 0.18098958333333334 0.2111111111111111 0.04010416666666667 0.05555555555555555
1 0.23203125 0.125 0.034895833333333334 0.03148148148148148
1 0.38958333333333334 0.11203703703703703 0.028125 0.037037037037037035
1 0.91796875 0.2796296296296296 0.058854166666666666 0.09074074074074075
1 0.7044270833333334 0.11064814814814815 0.028645833333333332 0.04537037037037037
1 0.7307291666666667 0.11805555555555555 0.035416666666666666 0.04351851851851852
1 0.6158854166666666 0.1550925925925926 0.0328125 0.05092592592592592
1 0.6200520833333333 0.17731481481481481 0.033854166666666664 0.03796296296296296
1 0.2890625 0.1259259259259259 0.025 0.040740740740740744
1 0.3 0.14583333333333334 0.026041666666666668 0.05277777777777778
1 0.20052083333333334 0.1050925925925926 0.023958333333333335 0.032407407407407406
1 0.7611979166666667 0.20601851851851852 0.0265625 0.032407407407407406
1 0.2203125 0.10462962962962963 0.028125 0.03888888888888889
1 0.63515625 0.10740740740740741 0.025520833333333333 0.040740740740740744
1 0.33828125 0.19907407407407407 0.03802083333333333 0.04814814814814815
1 0.46875 0.09212962962962963 0.023958333333333335 0.03611111111111111
1 0.34010416666666665 0.12268518518518519 0.025 0.03611111111111111
1 0.5645833333333333 0.12777777777777777 0.030208333333333334 0.05185185185185185
1 0.31354166666666666 0.16018518518518518 0.035416666666666666 0.05925925925925926
1 0.6403645833333333 0.15787037037037038 0.0265625 0.030555555555555555
1 0.44479166666666664 0.09583333333333334 0.025 0.026851851851851852
1 0.4908854166666667 0.1787037037037037 0.0421875 0.07037037037037037
1 0.3885416666666667 0.15092592592592594 0.035416666666666666 0.044444444444444446
1 0.23671875 0.15324074074074073 0.0359375 0.03981481481481482
1 0.33515625 0.07453703703703704 0.019270833333333334 0.028703703703703703
1 0.29270833333333335 0.2712962962962963 0.052083333333333336 0.07222222222222222
1 0.21458333333333332 0.07777777777777778 0.022916666666666665 0.024074074074074074
1 0.26067708333333334 0.09212962962962963 0.03177083333333333 0.03796296296296296
1 0.17005208333333333 0.0912037037037037 0.0328125 0.041666666666666664
1 0.4796875 0.11064814814814815 0.027083333333333334 0.026851851851851852
1 0.17994791666666668 0.15787037037037038 0.034895833333333334 0.05648148148148148
1 0.5854166666666667 0.09027777777777778 0.017708333333333333 0.04537037037037037
1 0.17083333333333334 0.18611111111111112 0.03958333333333333 0.06296296296296296
1 0.27447916666666666 0.10648148148148148 0.03229166666666667 0.03333333333333333
1 0.5690104166666666 0.10740740740740741 0.027604166666666666 0.04259259259259259
1 0.8315104166666667 0.19444444444444445 0.034895833333333334 0.027777777777777776
1 0.97421875 0.22685185185185186 0.050520833333333334 0.06111111111111111
1 0.16901041666666666 0.30833333333333335 0.050520833333333334 0.06666666666666667
1 0.16276041666666666 0.12407407407407407 0.044270833333333336 0.05555555555555555