2 0.9776041666666667 0.19027777777777777 0.04375 0.24537037037037038
1 0.215625 0.7027777777777777 0.13854166666666667 0.17962962962962964
1 0.52265625 0.8148148148148148 0.15364583333333334 0.20185185185185187
1 0.19739583333333333 0.5453703703703704 0.10208333333333333 0.13148148148148148
1 0.3924479166666667 0.5685185185185185 0.1078125 0.14074074074074075
1 0.6104166666666667 0.38564814814814813 0.07708333333333334 0.10092592592592593
1 0.7796875 0.7773148148148148 0.15208333333333332 0.21388888888888888
1 0.625 0.9287037037037037 0.17604166666666668 0.14074074074074075
1 0.7375 0.4773148148148148 0.10208333333333333 0.15833333333333333
1 0.5338541666666666 0.3050925925925926 0.0625 0.08425925925925926
1 0.48359375 0.26851851851851855 0.0546875 0.07222222222222222
1 0.8768229166666667 0.26944444444444443 0.05572916666666667 0.07037037037037037
1 0.67578125 0.6726851851851852 0.1203125 0.16203703703703703
1 0.9494791666666667 0.6884259259259259 0.1 0.18981481481481483
1 0.8895833333333333 0.6157407407407407 0.11458333333333333 0.1537037037037037
1 0.37786458333333334 0.4615740740740741 0.08489583333333334 0.11574074074074074
1 0.4583333333333333 0.37222222222222223 0.06145833333333333 0.0962962962962963
1 0.834375 0.4134259259259259 0.090625 0.13796296296296295
1 0.16979166666666667 0.3560185185185185 0.06041666666666667 0.08611111111111111
1 0.3338541666666667 0.39166666666666666 0.07083333333333333 0.1
1 0.5106770833333333 0.412962962962963 0.07864583333333333 0.12962962962962962
1 0.4356770833333333 0.3337962962962963 0.058854166666666666 0.08796296296296297
1 0.6841145833333333 0.31712962962962965 0.06510416666666667 0.09722222222222222
1 0.8744791666666667 0.22175925925925927 0.051041666666666666 0.06944444444444445
1 0.4669270833333333 0.1638888888888889 0.03697916666666667 0.05185185185185185
1 0.7713541666666667 0.3560185185185185 0.08020833333333334 0.10833333333333334
1 0.7658854166666667 0.22175925925925927 0.04739583333333333 0.06574074074074074
1 0.6028645833333334 0.17546296296296296 0.03802083333333333 0.03611111111111111
1 0.37109375 0.25787037037037036 0.04114583333333333 0.06574074074074074
1 0.43046875 0.2064814814814815 0.0359375 0.05185185185185185
1 0.18854166666666666 0.3050925925925926 0.05416666666666667 0.08055555555555556
1 0.29453125 0.29074074074074074 0.06614583333333333 0.11296296296296296
1 0.40677083333333336 0.2773148148148148 0.05416666666666667 0.09166666666666666
1 0.4127604166666667 0.125 0.0359375 0.05555555555555555
1 0.8049479166666667 0.20092592592592592 0.033854166666666664 0.06111111111111111
1 0.35651041666666666 0.14305555555555555 0.030729166666666665 0.04722222222222222
1 0.38984375 0.1175925925925926 0.018229166666666668 0.037037037037037035
1 0.7518229166666667 0.1736111111111111 0.0390625 0.058333333333333334
1 0.3151041666666667 0.1726851851851852 0.0375 0.05277777777777778
1 0.9309895833333334 0.18425925925925926 0.043229166666666666 0.06666666666666667
1 0.18828125 0.16018518518518518 0.043229166666666666 0.06481481481481481
1 0.38984375 0.17407407407407408 0.034895833333333334 0.04814814814814815
1 0.46328125 0.22916666666666666 0.05364583333333333 0.08055555555555556
1 0.84921875 0.175 0.04635416666666667 0.06481481481481481
1 0.71484375 0.16018518518518518 0.0390625 0.04259259259259259
1 0.6611979166666667 0.287962962962963 0.0640625 0.10740740740740741
1 0.9755208333333333 0.538425925925926 0.04791666666666667 0.11203703703703703
1 0.37135416666666665 0.16574074074074074 0.027083333333333334 0.04259259259259259
1 0.6984375 0.1375 0.03125 0.041666666666666664
1 0.5854166666666667 0.1375 0.029166666666666667 0.03981481481481482
1 0.23723958333333334 0.1574074074074074 0.028645833333333332 0.046296296296296294
1 0.5924479166666666 0.11944444444444445 0.033854166666666664 0.044444444444444446
1 0.6291666666666667 0.5638888888888889 0.11145833333333334 0.17777777777777778
1 0.34348958333333335 0.20787037037037037 0.034895833333333334 0.06759259259259259
1 0.8192708333333333 0.14074074074074075 0.04375 0.05185185185185185
1 0.71328125 0.19768518518518519 0.044270833333333336 0.062037037037037036
1 0.375 0.09907407407407408 0.022916666666666665 0.03518518518518519
1 0.68984375 0.11481481481481481 0.027604166666666666 0.03518518518518519
1 0.3640625 0.22824074074074074 0.04791666666666667 0.07685185185185185
1 0.765625 0.15046296296296297 0.025 0.032407407407407406
1 0.2825520833333333 0.11712962962962963 0.03802083333333333 0.041666666666666664
1 0.16536458333333334 0.24444444444444444 0.04010416666666667 0.06296296296296296
1 0.5252604166666667 0.1337962962962963 0.024479166666666666 0.028703703703703703
1 0.26510416666666664 0.10185185185185185 0.021875 0.037037037037037035
1 0.25442708333333336 0.19398148148148148 0.0390625 0.0712962962962963
1 0.41432291666666665 0.19490740740740742 0.0359375 0.06018518518518518
1 0.3377604166666667 0.12268518518518519 0.030729166666666665 0.05092592592592592
1 0.6161458333333333 0.10555555555555556 0.025 0.03518518518518519
1 0.49270833333333336 0.1162037037037037 0.01875 0.026851851851851852
1 0.22265625 0.10787037037037037 0.0265625 0.04722222222222222
1 0.4609375 0.10092592592592593 0.023958333333333335 0.027777777777777776
1 0.66328125 0.17175925925925925 0.04635416666666667 0.0712962962962963
1 0.6375 0.12638888888888888 0.028125 0.026851851851851852
1 0.5494791666666666 0.14305555555555555 0.023958333333333335 0.03425925925925926
1 0.45234375 0.15 0.0328125 0.05555555555555555
1 0.6744791666666666 0.1087962962962963 0.016666666666666666 0.032407407407407406
1 0.5015625 0.08287037037037037 0.025 0.03981481481481482
1 0.34036458333333336 0.07685185185185185 0.021354166666666667 0.03148148148148148
1 0.23333333333333334 0.13333333333333333 0.03229166666666667 0.040740740740740744
1 0.6359375 0.09259259259259259 0.021875 0.037037037037037035
1 0.6393229166666666 0.16574074074074074 0.021354166666666667 0.05925925925925926
1 0.2799479166666667 0.1625 0.0328125 0.03796296296296296
1 0.17786458333333333 0.25092592592592594 0.0453125 0.05740740740740741
1 0.25494791666666666 0.23194444444444445 0.0265625 0.06388888888888888
1 0.5140625 0.10277777777777777 0.025 0.025925925925925925
1 0.29296875 0.07916666666666666 0.0234375 0.03425925925925926
1 0.8046875 0.1638888888888889 0.034375 0.03333333333333333
1 0.21458333333333332 0.0875 0.028125 0.03981481481481482
1 0.6578125 0.11712962962962963 0.028125 0.03796296296296296
1 0.6276041666666666 0.15833333333333333 0.023958333333333335 0.046296296296296294
1 0.5716145833333334 0.15231481481481482 0.03697916666666667 0.04351851851851852
1 0.17578125 0.2074074074074074 0.043229166666666666 0.040740740740740744
1 0.2674479166666667 0.19212962962962962 0.043229166666666666 0.04351851851851852
1 0.31145833333333334 0.10833333333333334 0.013541666666666667 0.027777777777777776
1 0.16770833333333332 0.1962962962962963 0.035416666666666666 0.037037037037037035
1 0.15755208333333334 0.09537037037037037 0.025520833333333333 0.04259259259259259
1 0.2838541666666667 0.2449074074074074 0.06666666666666667 0.07685185185185185