1 0.4713541666666667 0.7199074074074074 0.12916666666666668 0.17314814814814813
1 0.20677083333333332 0.5513888888888889 0.109375 0.14166666666666666
1 0.6377604166666667 0.6018518518518519 0.1109375 0.16296296296296298
1 0.4393229166666667 0.6194444444444445 0.11927083333333334 0.15925925925925927
1 0.7541666666666667 0.4962962962962963 0.090625 0.1259259259259259
1 0.4947916666666667 0.2675925925925926 0.05520833333333333 0.07222222222222222
1 0.55625 0.33194444444444443 0.06770833333333333 0.08981481481481482
1 0.19036458333333334 0.45 0.08489583333333334 0.1111111111111111
1 0.5723958333333333 0.5365740740740741 0.090625 0.13055555555555556
1 0.6174479166666667 0.27175925925925926 0.05677083333333333 0.08611111111111111
1 0.6505208333333333 0.3958333333333333 0.08541666666666667 0.13240740740740742
1 0.42213541666666665 0.324537037037037 0.050520833333333334 0.08425925925925926
1 0.8588541666666667 0.8564814814814815 0.159375 0.21851851851851853
1 0.45390625 0.23935185185185184 0.0484375 0.06388888888888888
1 0.8018229166666667 0.5402777777777777 0.11510416666666666 0.15462962962962962
1 0.31536458333333334 0.3384259259259259 0.06197916666666667 0.08796296296296297
1 0.9723958333333333 0.2537037037037037 0.05416666666666667 0.07407407407407407
1 0.7341145833333333 0.3449074074074074 0.0765625 0.11574074074074074
1 0.4078125 0.29212962962962963 0.052083333333333336 0.0787037037037037
1 0.46901041666666665 0.3537037037037037 0.0703125 0.1111111111111111
1 0.9828125 0.31851851851851853 0.03333333333333333 0.08333333333333333
1 0.35703125 0.4675925925925926 0.08697916666666666 0.11851851851851852
1 0.8661458333333333 0.44907407407407407 0.09166666666666666 0.11851851851851852
1 0.43984375 0.14675925925925926 0.034895833333333334 0.04722222222222222
1 0.28072916666666664 0.2611111111111111 0.06354166666666666 0.1
1 0.8942708333333333 0.649074074074074 0.128125 0.1814814814814815
1 0.65390625 0.19814814814814816 0.0421875 0.040740740740740744
1 0.6854166666666667 0.3037037037037037 0.065625 0.09814814814814815
1 0.30572916666666666 0.15601851851851853 0.035416666666666666 0.04722222222222222
1 0.38177083333333334 0.24768518518518517 0.05 0.08425925925925926
1 0.615625 0.9287037037037037 0.17083333333333334 0.14074074074074075
1 0.3731770833333333 0.10740740740740741 0.0140625 0.03518518518518519
1 0.6098958333333333 0.17083333333333334 0.041666666666666664 0.04722222222222222
1 0.4078125 0.18611111111111112 0.03229166666666667 0.046296296296296294
1 0.34869791666666666 0.38935185185185184 0.07239583333333334 0.09722222222222222
1 0.8658854166666666 0.22361111111111112 0.0453125 0.06759259259259259
1 0.6747395833333333 0.15231481481481482 0.034895833333333334 0.049074074074074076
1 0.3924479166666667 0.11435185185185186 0.0328125 0.05277777777777778
1 0.7841145833333333 0.2212962962962963 0.04739583333333333 0.07592592592592592
1 0.4393229166666667 0.2064814814814815 0.04739583333333333 0.07407407407407407
1 0.54375 0.4564814814814815 0.09583333333333334 0.14814814814814814
1 0.2390625 0.14629629629629629 0.03333333333333333 0.04259259259259259
1 0.7606770833333333 0.1837962962962963 0.024479166666666666 0.05092592592592592
1 0.9268229166666667 0.19212962962962962 0.0515625 0.0712962962962963
1 0.6940104166666666 0.13055555555555556 0.030729166666666665 0.044444444444444446
1 0.55859375 0.14814814814814814 0.028645833333333332 0.03148148148148148
1 0.33046875 0.1884259259259259 0.033854166666666664 0.06388888888888888
1 0.73046875 0.1449074074074074 0.030729166666666665 0.025
1 0.6223958333333334 0.1550925925925926 0.03229166666666667 0.049074074074074076
1 0.7192708333333333 0.12037037037037036 0.025 0.03518518518518519
1 0.4296875 0.13564814814814816 0.030208333333333334 0.05277777777777778
1 0.3927083333333333 0.17592592592592593 0.03229166666666667 0.05555555555555555
1 0.6453125 0.1162037037037037 0.028125 0.03981481481481482
1 0.6932291666666667 0.1875 0.034375 0.06388888888888888
1 0.37109375 0.15601851851851853 0.033854166666666664 0.04351851851851852
1 0.5838541666666667 0.16157407407407406 0.028125 0.03796296296296296
1 0.8052083333333333 0.17175925925925925 0.035416666666666666 0.049074074074074076
1 0.5989583333333334 0.2490740740740741 0.05520833333333333 0.09444444444444444
1 0.15885416666666666 0.08888888888888889 0.022916666666666665 0.037037037037037035
1 0.2869791666666667 0.13657407407407407 0.03229166666666667 0.05092592592592592
1 0.36354166666666665 0.0912037037037037 0.020833333333333332 0.032407407407407406
1 0.325 0.07268518518518519 0.029166666666666667 0.025
1 0.49921875 0.10138888888888889 0.024479166666666666 0.04351851851851852
1 0.3268229166666667 0.11018518518518519 0.027604166666666666 0.040740740740740744
1 0.8419270833333333 0.19814814814814816 0.0703125 0.07037037037037037
1 0.34791666666666665 0.20416666666666666 0.042708333333333334 0.06944444444444445
1 0.17682291666666666 0.1587962962962963 0.04114583333333333 0.04722222222222222
1 0.35052083333333334 0.14953703703703702 0.025 0.03611111111111111
1 0.5299479166666666 0.0912037037037037 0.024479166666666666 0.041666666666666664
1 0.590625 0.1337962962962963 0.03125 0.028703703703703703
1 0.175 0.10277777777777777 0.027083333333333334 0.027777777777777776
1 0.48046875 0.10972222222222222 0.0265625 0.032407407407407406
1 0.26119791666666664 0.17916666666666667 0.04114583333333333 0.049074074074074076
1 0.7265625 0.19537037037037036 0.052083333333333336 0.07962962962962963
1 0.6252604166666667 0.13148148148148148 0.033854166666666664 0.04259259259259259
1 0.5822916666666667 0.1037037037037037 0.025 0.02962962962962963
1 0.8471354166666667 0.2550925925925926 0.05572916666666667 0.07314814814814814
1 0.67578125 0.1787037037037037 0.0234375 0.05
1 0.18697916666666667 0.2953703703703704 0.05625 0.11296296296296296
1 0.9854166666666667 0.1962962962962963 0.028125 0.05925925925925926
1 0.27630208333333334 0.1111111111111111 0.03177083333333333 0.046296296296296294
1 0.5567708333333333 0.09814814814814815 0.022916666666666665 0.025925925925925925
1 0.5200520833333333 0.13287037037037036 0.030729166666666665 0.032407407407407406
1 0.6598958333333333 0.10138888888888889 0.025 0.04351851851851852
1 0.39947916666666666 0.07314814814814814 0.01875 0.022222222222222223
1 0.34817708333333336 0.13055555555555556 0.0296875 0.046296296296296294
1 0.6328125 0.09027777777777778 0.026041666666666668 0.03425925925925926
1 0.5723958333333333 0.12407407407407407 0.028125 0.03518518518518519
1 0.46119791666666665 0.0875 0.022395833333333334 0.028703703703703703
1 0.17447916666666666 0.19907407407407407 0.04791666666666667 0.07407407407407407
1 0.17421875 0.23981481481481481 0.044270833333333336 0.08703703703703704
1 0.8736979166666666 0.1625 0.04635416666666667 0.06759259259259259
1 0.3489583333333333 0.23194444444444445 0.036458333333333336 0.058333333333333334
1 0.27317708333333335 0.2199074074074074 0.0578125 0.07314814814814814
1 0.9893229166666667 0.5555555555555556 0.0203125 0.16111111111111112