2 0.7716145833333333 0.11527777777777778 0.06614583333333333 0.12685185185185185
2 0.6869791666666667 0.1 0.053125 0.10740740740740741
1 0.9440104166666666 0.5064814814814815 0.10052083333333334 0.13518518518518519
1 0.80703125 0.5476851851851852 0.1046875 0.14537037037037037
1 0.9734375 0.7555555555555555 0.052083333333333336 0.17777777777777778
1 0.3578125 0.46064814814814814 0.09166666666666666 0.11574074074074074
1 0.4466145833333333 0.34814814814814815 0.0796875 0.11851851851851852
1 0.26901041666666664 0.9388888888888889 0.16822916666666668 0.12037037037037036
1 0.8791666666666667 0.8708333333333333 0.15520833333333334 0.22314814814814815
1 0.1203125 0.4199074074074074 0.078125 0.1175925925925926
1 0.6770833333333334 0.43703703703703706 0.08854166666666667 0.11296296296296296
1 0.20286458333333332 0.3277777777777778 0.05677083333333333 0.08703703703703704
1 0.5479166666666667 0.8472222222222222 0.20208333333333334 0.28703703703703703
1 0.5565104166666667 0.49444444444444446 0.09739583333333333 0.12777777777777777
1 0.8625 0.42314814814814816 0.09166666666666666 0.12962962962962962
1 0.30416666666666664 0.31574074074074077 0.05520833333333333 0.07407407407407407
1 0.40859375 0.2953703703703704 0.0546875 0.07777777777777778
1 0.9638020833333333 0.9537037037037037 0.07135416666666666 0.09074074074074075
1 0.5830729166666667 0.35648148148148145 0.06302083333333333 0.1
1 0.6205729166666667 0.5916666666666667 0.13385416666666666 0.20925925925925926
1 0.375 0.25555555555555554 0.052083333333333336 0.07407407407407407
1 0.6260416666666667 0.3902777777777778 0.07916666666666666 0.11388888888888889
1 0.29453125 0.27824074074074073 0.05364583333333333 0.0712962962962963
1 0.96953125 0.3023148148148148 0.059895833333333336 0.07685185185185185
1 0.68671875 0.2152777777777778 0.044270833333333336 0.05092592592592592
1 0.4703125 0.16805555555555557 0.040625 0.058333333333333334
1 0.8416666666666667 0.2865740740740741 0.05625 0.06388888888888888
1 0.46380208333333334 0.23657407407407408 0.050520833333333334 0.06944444444444445
1 0.5908854166666667 0.14351851851851852 0.033854166666666664 0.04259259259259259
1 0.37890625 0.5097222222222222 0.09322916666666667 0.125
1 0.7421875 0.20694444444444443 0.042708333333333334 0.062037037037037036
1 0.8778645833333333 0.2175925925925926 0.050520833333333334 0.05
1 0.7955729166666666 0.25925925925925924 0.050520833333333334 0.05555555555555555
1 0.66328125 0.17175925925925925 0.04010416666666667 0.06759259259259259
1 0.92890625 0.2439814814814815 0.04739583333333333 0.06944444444444445
1 0.5372395833333333 0.2967592592592593 0.06302083333333333 0.09907407407407408
1 0.5096354166666667 0.19768518518518519 0.03697916666666667 0.05462962962962963
1 0.9296875 0.20833333333333334 0.05 0.05185185185185185
1 0.37578125 0.15555555555555556 0.033854166666666664 0.04814814814814815
1 0.20078125 0.12546296296296297 0.027604166666666666 0.04537037037037037
1 0.275 0.25972222222222224 0.04479166666666667 0.06944444444444445
1 0.50078125 0.2625 0.04739583333333333 0.07685185185185185
1 0.51796875 0.4361111111111111 0.08802083333333334 0.14074074074074075
1 0.7783854166666667 0.22407407407407406 0.05364583333333333 0.06296296296296296
1 0.21822916666666667 0.8125 0.14270833333333333 0.2657407407407407
1 0.8856770833333333 0.25925925925925924 0.05364583333333333 0.06851851851851852
1 0.36302083333333335 0.22083333333333333 0.04375 0.075
1 0.51953125 0.11018518518518519 0.0265625 0.03888888888888889
1 0.17057291666666666 0.1837962962962963 0.034895833333333334 0.05092592592592592
1 0.24140625 0.15787037037037038 0.0421875 0.06759259259259259
1 0.6494791666666667 0.1375 0.034375 0.05462962962962963
1 0.44921875 0.1476851851851852 0.0359375 0.04351851851851852
1 0.4315104166666667 0.2023148148148148 0.0421875 0.0712962962962963
1 0.8221354166666667 0.15046296296296297 0.04010416666666667 0.06018518518518518
1 0.5041666666666667 0.12361111111111112 0.030208333333333334 0.030555555555555555
1 0.3184895833333333 0.17592592592592593 0.03177083333333333 0.05925925925925926
1 0.33645833333333336 0.18935185185185185 0.03854166666666667 0.06388888888888888
1 0.5466145833333333 0.2162037037037037 0.04635416666666667 0.07314814814814814
1 0.9182291666666667 0.3212962962962963 0.06458333333333334 0.06666666666666667
1 0.7390625 0.1763888888888889 0.041666666666666664 0.05277777777777778
1 0.9697916666666667 0.19768518518518519 0.03958333333333333 0.05277777777777778
1 0.35260416666666666 0.13935185185185187 0.03125 0.03796296296296296
1 0.28828125 0.1259259259259259 0.027604166666666666 0.046296296296296294
1 0.35833333333333334 0.08657407407407407 0.023958333333333335 0.03425925925925926
1 0.28046875 0.11851851851851852 0.0234375 0.04259259259259259
1 0.6723958333333333 0.9583333333333334 0.18333333333333332 0.08148148148148149
1 0.47109375 0.0787037037037037 0.0328125 0.05
1 0.17005208333333333 0.1388888888888889 0.03697916666666667 0.03518518518518519
1 0.17682291666666666 0.2523148148148148 0.04635416666666667 0.06944444444444445
1 0.25885416666666666 0.18935185185185185 0.040625 0.05462962962962963
1 0.6223958333333334 0.12314814814814815 0.030208333333333334 0.05
1 0.8174479166666667 0.1925925925925926 0.0421875 0.05185185185185185
1 0.98515625 0.3726851851851852 0.028645833333333332 0.09722222222222222
1 0.7216145833333333 0.11527777777777778 0.019270833333333334 0.05277777777777778
1 0.6372395833333333 0.09074074074074075 0.021354166666666667 0.027777777777777776
1 0.6127604166666667 0.09675925925925925 0.0203125 0.026851851851851852
1 0.15911458333333334 0.10740740740740741 0.0328125 0.04814814814814815
1 0.22552083333333334 0.11203703703703703 0.028125 0.04259259259259259
1 0.2674479166666667 0.22685185185185186 0.0453125 0.06481481481481481
1 0.5971354166666667 0.1175925925925926 0.0234375 0.027777777777777776
1 0.4479166666666667 0.07685185185185185 0.026041666666666668 0.03888888888888889
1 0.30442708333333335 0.14074074074074075 0.0359375 0.04259259259259259
1 0.43203125 0.13935185185185187 0.03802083333333333 0.04537037037037037
1 0.56484375 0.11481481481481481 0.028645833333333332 0.03518518518518519
1 0.2518229166666667 0.07685185185185185 0.0203125 0.02962962962962963
1 0.3299479166666667 0.07361111111111111 0.0234375 0.023148148148148147
1 0.28072916666666664 0.07175925925925926 0.01875 0.023148148148148147
1 0.19010416666666666 0.08101851851851852 0.016666666666666666 0.025
1 0.528125 0.06435185185185185 0.029166666666666667 0.025
1 0.325 0.10138888888888889 0.026041666666666668 0.03611111111111111
1 0.34765625 0.08009259259259259 0.021354166666666667 0.032407407407407406
1 0.4434895833333333 0.22777777777777777 0.0328125 0.06111111111111111
1 0.40625 0.06712962962962964 0.017708333333333333 0.025
1 0.5453125 0.19722222222222222 0.041666666666666664 0.037037037037037035
1 0.16692708333333334 0.07546296296296297 0.028645833333333332 0.017592592592592594
1 0.19453125 0.28703703703703703 0.05364583333333333 0.09444444444444444
1 0.2484375 0.12222222222222222 0.025 0.027777777777777776
1 0.6526041666666667 0.09675925925925925 0.01875 0.025
1 0.4200520833333333 0.06944444444444445 0.022395833333333334 0.02962962962962963
1 0.57578125 0.13055555555555556 0.025520833333333333 0.03888888888888889
1 0.17526041666666667 0.22777777777777777 0.0484375 0.06111111111111111
1 0.39609375 0.1837962962962963 0.03802083333333333 0.05277777777777778
1 0.5513020833333333 0.1476851851851852 0.034895833333333334 0.03611111111111111
1 0.9911458333333333 0.21157407407407408 0.016666666666666666 0.05648148148148148
1 0.83046875 0.2263888888888889 0.04739583333333333 0.05648148148148148