1 0.21979166666666666 0.6268518518518519 0.11666666666666667 0.16111111111111112
1 0.7075520833333333 0.7486111111111111 0.16197916666666667 0.24722222222222223
1 0.40520833333333334 0.5708333333333333 0.103125 0.13055555555555556
1 0.97578125 0.7287037037037037 0.04739583333333333 0.1925925925925926
1 0.8255208333333334 0.5449074074074074 0.1125 0.18055555555555555
1 0.50078125 0.4111111111111111 0.07760416666666667 0.11296296296296296
1 0.6252604166666667 0.37824074074074077 0.0796875 0.10648148148148148
1 0.5796875 0.5138888888888888 0.09375 0.12962962962962962
1 0.3671875 0.4671296296296296 0.08125 0.11388888888888889
1 0.2765625 0.2671296296296296 0.04479166666666667 0.0712962962962963
1 0.6924479166666667 0.4356481481481482 0.08385416666666666 0.12129629629629629
1 0.47994791666666664 0.2611111111111111 0.0546875 0.06666666666666667
1 0.59296875 0.35648148148148145 0.059895833333333336 0.09074074074074075
1 0.4348958333333333 0.21712962962962962 0.04583333333333333 0.062037037037037036
1 0.4627604166666667 0.3787037037037037 0.0578125 0.09259259259259259
1 0.1921875 0.38981481481481484 0.07708333333333334 0.1037037037037037
1 0.6049479166666667 0.25601851851851853 0.05572916666666667 0.08796296296296297
1 0.346875 0.42083333333333334 0.078125 0.10833333333333334
1 0.37265625 0.2569444444444444 0.04114583333333333 0.06944444444444445
1 0.5361979166666667 0.29953703703703705 0.0640625 0.09537037037037037
1 0.7645833333333333 0.36064814814814816 0.075 0.11574074074074074
1 0.7828125 0.26296296296296295 0.06041666666666667 0.04814814814814815
1 0.17083333333333334 0.25324074074074077 0.04479166666666667 0.06388888888888888
1 0.96953125 0.29907407407407405 0.059895833333333336 0.09444444444444444
1 0.40859375 0.274537037037037 0.05260416666666667 0.08796296296296297
1 0.7151041666666667 0.2212962962962963 0.05520833333333333 0.06666666666666667
1 0.18307291666666667 0.22685185185185186 0.04010416666666667 0.05925925925925926
1 0.565625 0.23472222222222222 0.04895833333333333 0.08055555555555556
1 0.5283854166666667 0.2101851851851852 0.0421875 0.06666666666666667
1 0.4075520833333333 0.1962962962962963 0.04010416666666667 0.05740740740740741
1 0.3625 0.23425925925925925 0.041666666666666664 0.06481481481481481
1 0.7986979166666667 0.1476851851851852 0.027604166666666666 0.04351851851851852
1 0.15598958333333332 0.35694444444444445 0.0578125 0.10462962962962963
1 0.6338541666666667 0.1912037037037037 0.03854166666666667 0.04351851851851852
1 0.31588541666666664 0.3439814814814815 0.0640625 0.08425925925925926
1 0.34791666666666665 0.20277777777777778 0.041666666666666664 0.07037037037037037
1 0.403125 0.11898148148148148 0.029166666666666667 0.041666666666666664
1 0.6739583333333333 0.3189814814814815 0.065625 0.08796296296296297
1 0.5151041666666667 0.19444444444444445 0.04375 0.07592592592592592
1 0.2565104166666667 0.21481481481481482 0.05260416666666667 0.08333333333333333
1 0.6815104166666667 0.20462962962962963 0.03697916666666667 0.04259259259259259
1 0.9817708333333334 0.2300925925925926 0.035416666666666666 0.05648148148148148
1 0.9518229166666666 0.2263888888888889 0.043229166666666666 0.062037037037037036
1 0.4427083333333333 0.3333333333333333 0.06666666666666667 0.10555555555555556
1 0.7169270833333333 0.18518518518518517 0.03697916666666667 0.03148148148148148
1 0.37552083333333336 0.15462962962962962 0.028125 0.04259259259259259
1 0.1890625 0.31805555555555554 0.05520833333333333 0.05092592592592592
1 0.67890625 0.1814814814814815 0.04114583333333333 0.05
1 0.16979166666666667 0.12453703703703704 0.03958333333333333 0.04537037037037037
1 0.39375 0.10833333333333334 0.027083333333333334 0.040740740740740744
1 0.71328125 0.1439814814814815 0.0296875 0.04537037037037037
1 0.5828125 0.1625 0.03333333333333333 0.03425925925925926
1 0.76953125 0.14166666666666666 0.0296875 0.044444444444444446
1 0.8356770833333333 0.24537037037037038 0.0515625 0.08148148148148149
1 0.6984375 0.1537037037037037 0.035416666666666666 0.037037037037037035
1 0.81171875 0.20092592592592592 0.044270833333333336 0.06296296296296296
1 0.6057291666666667 0.1736111111111111 0.03125 0.03611111111111111
1 0.640625 0.13240740740740742 0.03229166666666667 0.04814814814814815
1 0.43385416666666665 0.0875 0.01875 0.025
1 0.8880208333333334 0.25972222222222224 0.06770833333333333 0.10092592592592593
1 0.4984375 0.1037037037037037 0.027083333333333334 0.03333333333333333
1 0.5932291666666667 0.13333333333333333 0.028125 0.02962962962962963
1 0.21822916666666667 0.08333333333333333 0.026041666666666668 0.027777777777777776
1 0.29401041666666666 0.13194444444444445 0.028645833333333332 0.04537037037037037
1 0.265625 0.17824074074074073 0.040625 0.049074074074074076
1 0.30572916666666666 0.15648148148148147 0.027083333333333334 0.053703703703703705
1 0.6809895833333334 0.10324074074074074 0.027604166666666666 0.04351851851851852
1 0.7736979166666667 0.18101851851851852 0.043229166666666666 0.07685185185185185
1 0.45677083333333335 0.08842592592592592 0.026041666666666668 0.03796296296296296
1 0.32890625 0.11388888888888889 0.025520833333333333 0.040740740740740744
1 0.60546875 0.11574074074074074 0.028645833333333332 0.02962962962962963
1 0.32395833333333335 0.19027777777777777 0.03229166666666667 0.05277777777777778
1 0.16953125 0.2 0.0390625 0.06666666666666667
1 0.26276041666666666 0.09722222222222222 0.0296875 0.03888888888888889
1 0.7059895833333333 0.1111111111111111 0.03177083333333333 0.040740740740740744
1 0.30807291666666664 0.09305555555555556 0.027604166666666666 0.03611111111111111
1 0.34765625 0.13055555555555556 0.0265625 0.03888888888888889
1 0.63515625 0.1527777777777778 0.030729166666666665 0.04259259259259259
1 0.5677083333333334 0.08472222222222223 0.017708333333333333 0.04351851851851852
1 0.5447916666666667 0.06805555555555555 0.028125 0.028703703703703703
1 0.27786458333333336 0.11296296296296296 0.033854166666666664 0.03518518518518519
1 0.6825520833333333 0.1439814814814815 0.021354166666666667 0.026851851851851852
1 0.48203125 0.09398148148148149 0.0265625 0.04351851851851852
1 0.21692708333333333 0.11064814814814815 0.0359375 0.03611111111111111
1 0.3684895833333333 0.1439814814814815 0.027604166666666666 0.049074074074074076
1 0.30911458333333336 0.0699074074074074 0.024479166666666666 0.021296296296296296
1 0.2375 0.13425925925925927 0.034375 0.03148148148148148
1 0.5268229166666667 0.13472222222222222 0.0296875 0.030555555555555555
1 0.5268229166666667 0.0912037037037037 0.0265625 0.041666666666666664
1 0.40182291666666664 0.17083333333333334 0.03802083333333333 0.062037037037037036
1 0.9174479166666667 0.20416666666666666 0.04114583333333333 0.04722222222222222
1 0.553125 0.09953703703703703 0.016666666666666666 0.03981481481481482
1 0.6098958333333333 0.10324074074074074 0.028125 0.03981481481481482
1 0.89765625 0.23703703703703705 0.06614583333333333 0.07037037037037037
1 0.3416666666666667 0.07685185185185185 0.019791666666666666 0.02962962962962963
1 0.24036458333333333 0.16527777777777777 0.03697916666666667 0.041666666666666664
1 0.30703125 0.2962962962962963 0.0546875 0.07777777777777778
1 0.16510416666666666 0.09861111111111111 0.0375 0.05648148148148148
1 0.17734375 0.1675925925925926 0.044270833333333336 0.06296296296296296
1 0.9893229166666667 0.1824074074074074 0.0203125 0.040740740740740744