1 0.47161458333333334 0.7333333333333333 0.12864583333333332 0.1648148148148148
1 0.68671875 0.6518518518518519 0.11822916666666666 0.1648148148148148
1 0.078125 0.42407407407407405 0.07916666666666666 0.12407407407407407
1 0.5143229166666666 0.2953703703703704 0.06302083333333333 0.07592592592592592
1 0.20416666666666666 0.46111111111111114 0.08958333333333333 0.12037037037037036
1 0.403125 0.5745370370370371 0.10416666666666667 0.13796296296296295
1 0.5645833333333333 0.49537037037037035 0.090625 0.13333333333333333
1 0.33828125 0.399537037037037 0.0734375 0.09722222222222222
1 0.9434895833333333 0.29305555555555557 0.06197916666666667 0.0824074074074074
1 0.9640625 0.7111111111111111 0.07083333333333333 0.24259259259259258
1 0.79140625 0.5277777777777778 0.09947916666666666 0.14814814814814814
1 0.5088541666666667 0.45046296296296295 0.07395833333333333 0.11018518518518519
1 0.6653645833333334 0.4203703703703704 0.07239583333333334 0.10740740740740741
1 0.296875 0.30092592592592593 0.05416666666666667 0.08148148148148149
1 0.7018229166666666 0.4532407407407407 0.0953125 0.12685185185185185
1 0.5885416666666666 0.3421296296296296 0.075 0.11574074074074074
1 0.18515625 0.387037037037037 0.07447916666666667 0.0962962962962963
1 0.9276041666666667 0.9601851851851851 0.14375 0.07777777777777778
1 0.5684895833333333 0.23981481481481481 0.049479166666666664 0.07592592592592592
1 0.665625 0.2967592592592593 0.06458333333333334 0.10092592592592593
1 0.8854166666666666 0.4439814814814815 0.09270833333333334 0.13796296296296295
1 0.3963541666666667 0.28888888888888886 0.04479166666666667 0.07777777777777778
1 0.32421875 0.34120370370370373 0.0609375 0.08796296296296297
1 0.42083333333333334 0.13333333333333333 0.03229166666666667 0.044444444444444446
1 0.76328125 0.3768518518518518 0.0765625 0.1037037037037037
1 0.2674479166666667 0.8472222222222222 0.15364583333333334 0.21481481481481482
1 0.43020833333333336 0.21712962962962962 0.04583333333333333 0.062037037037037036
1 0.6221354166666667 0.26435185185185184 0.05677083333333333 0.08611111111111111
1 0.38177083333333334 0.5083333333333333 0.09583333333333334 0.12962962962962962
1 0.43307291666666664 0.31203703703703706 0.0609375 0.1
1 0.17369791666666667 0.2814814814814815 0.0515625 0.07407407407407407
1 0.33671875 0.20972222222222223 0.03697916666666667 0.058333333333333334
1 0.484375 0.3902777777777778 0.078125 0.12314814814814815
1 0.5 0.12083333333333333 0.028125 0.03611111111111111
1 0.7080729166666667 0.23055555555555557 0.0484375 0.05555555555555555
1 0.86171875 0.25277777777777777 0.0546875 0.08148148148148149
1 0.55234375 0.22083333333333333 0.049479166666666664 0.08425925925925926
1 0.8291666666666667 0.20416666666666666 0.03229166666666667 0.06388888888888888
1 0.4635416666666667 0.24074074074074073 0.051041666666666666 0.06666666666666667
1 0.7494791666666667 0.13055555555555556 0.025 0.037037037037037035
1 0.3796875 0.10416666666666667 0.03125 0.049074074074074076
1 0.62578125 0.17916666666666667 0.0328125 0.041666666666666664
1 0.7151041666666667 0.16898148148148148 0.0375 0.05092592592592592
1 0.29921875 0.1449074074074074 0.03177083333333333 0.04351851851851852
1 0.6734375 0.12777777777777777 0.029166666666666667 0.044444444444444446
1 0.36380208333333336 0.22685185185185186 0.0453125 0.07777777777777778
1 0.41302083333333334 0.12222222222222222 0.028125 0.046296296296296294
1 0.3377604166666667 0.1787037037037037 0.0390625 0.046296296296296294
1 0.9294270833333333 0.1625 0.05260416666666667 0.041666666666666664
1 0.93828125 0.24768518518518517 0.06197916666666667 0.075
1 0.3848958333333333 0.26342592592592595 0.04583333333333333 0.0712962962962963
1 0.9098958333333333 0.2111111111111111 0.040625 0.06296296296296296
1 0.8565104166666667 0.1875 0.0328125 0.05092592592592592
1 0.39114583333333336 0.17083333333333334 0.03125 0.04351851851851852
1 0.16302083333333334 0.07777777777777778 0.023958333333333335 0.022222222222222223
1 0.6609375 0.16527777777777777 0.035416666666666666 0.03611111111111111
1 0.590625 0.16620370370370371 0.03333333333333333 0.03611111111111111
1 0.23307291666666666 0.13518518518518519 0.028645833333333332 0.03888888888888889
1 0.6057291666666667 0.11574074074074074 0.028125 0.03888888888888889
1 0.2708333333333333 0.10462962962962963 0.03333333333333333 0.04259259259259259
1 0.17994791666666668 0.24814814814814815 0.0484375 0.06481481481481481
1 0.5705729166666667 0.15138888888888888 0.0296875 0.03425925925925926
1 0.6572916666666667 0.1388888888888889 0.03333333333333333 0.037037037037037035
1 0.3606770833333333 0.09814814814814815 0.0140625 0.03333333333333333
1 0.94453125 0.20185185185185187 0.049479166666666664 0.03518518518518519
1 0.17135416666666667 0.13333333333333333 0.0375 0.044444444444444446
1 0.41901041666666666 0.18935185185185185 0.04114583333333333 0.06759259259259259
1 0.4783854166666667 0.09537037037037037 0.024479166666666666 0.02962962962962963
1 0.22447916666666667 0.11851851851851852 0.030208333333333334 0.037037037037037035
1 0.2484375 0.16666666666666666 0.040625 0.053703703703703705
1 0.3424479166666667 0.1361111111111111 0.027604166666666666 0.03518518518518519
1 0.5770833333333333 0.10555555555555556 0.025 0.027777777777777776
1 0.3572916666666667 0.14212962962962963 0.028125 0.03796296296296296
1 0.6442708333333333 0.12685185185185185 0.026041666666666668 0.027777777777777776
1 0.6815104166666667 0.10740740740740741 0.027604166666666666 0.046296296296296294
1 0.38046875 0.1587962962962963 0.03177083333333333 0.05648148148148148
1 0.6252604166666667 0.15601851851851853 0.0359375 0.041666666666666664
1 0.5697916666666667 0.0912037037037037 0.026041666666666668 0.028703703703703703
1 0.503125 0.08333333333333333 0.022916666666666665 0.040740740740740744
1 0.7278645833333334 0.1162037037037037 0.022395833333333334 0.01574074074074074
1 0.28359375 0.11990740740740741 0.034895833333333334 0.03425925925925926
1 0.26875 0.23703703703703705 0.057291666666666664 0.09074074074074075
1 0.16614583333333333 0.16666666666666666 0.028125 0.03518518518518519
1 0.8830729166666667 0.1986111111111111 0.03697916666666667 0.05277777777777778
1 0.525 0.0625 0.020833333333333332 0.023148148148148147
1 0.7510416666666667 0.21203703703703702 0.03958333333333333 0.07037037037037037
1 0.35130208333333335 0.08333333333333333 0.0203125 0.03148148148148148
1 0.47708333333333336 0.06342592592592593 0.021875 0.025
1 0.4421875 0.08425925925925926 0.025 0.03888888888888889
1 0.6552083333333333 0.09490740740740741 0.026041666666666668 0.03611111111111111
1 0.22005208333333334 0.10416666666666667 0.030729166666666665 0.03425925925925926
1 0.7591145833333334 0.16342592592592592 0.024479166666666666 0.028703703703703703
1 0.5190104166666667 0.10277777777777777 0.0265625 0.05185185185185185
1 0.31614583333333335 0.10046296296296296 0.028125 0.03981481481481482
1 0.33984375 0.12083333333333333 0.028645833333333332 0.041666666666666664
1 0.7328125 0.20879629629629629 0.03229166666666667 0.07314814814814814
1 0.7958333333333333 0.21944444444444444 0.057291666666666664 0.09074074074074075
1 0.1703125 0.2222222222222222 0.041666666666666664 0.07777777777777778
1 0.6005208333333333 0.13564814814814816 0.030208333333333334 0.03611111111111111
1 0.19088541666666667 0.0763888888888889 0.0171875 0.021296296296296296
1 0.6557291666666667 0.1912037037037037 0.04583333333333333 0.05277777777777778
1 0.18203125 0.18796296296296297 0.03802083333333333 0.06111111111111111
1 0.2609375 0.1962962962962963 0.05520833333333333 0.05740740740740741
1 0.3182291666666667 0.1736111111111111 0.030208333333333334 0.058333333333333334
1 0.7265625 0.12407407407407407 0.026041666666666668 0.03148148148148148
1 0.7322916666666667 0.14629629629629629 0.03333333333333333 0.04814814814814815
1 0.5591145833333333 0.12962962962962962 0.028645833333333332 0.046296296296296294
1 0.9901041666666667 0.20972222222222223 0.01875 0.07314814814814814