2 0.8625 0.14675925925925926 0.08020833333333334 0.13425925925925927
2 0.6325520833333333 0.33935185185185185 0.0953125 0.1935185185185185
2 0.7916666666666666 0.09259259259259259 0.058333333333333334 0.09259259259259259
1 0.9005208333333333 0.8949074074074074 0.17604166666666668 0.20833333333333334
1 0.6716145833333333 0.6722222222222223 0.11822916666666666 0.16666666666666666
1 0.6276041666666666 0.5787037037037037 0.10520833333333333 0.13518518518518519
1 0.796875 0.26296296296296295 0.053125 0.06481481481481481
1 0.5526041666666667 0.32083333333333336 0.06145833333333333 0.0824074074074074
1 0.42291666666666666 0.6171296296296296 0.115625 0.1824074074074074
1 0.20364583333333333 0.5226851851851851 0.08645833333333333 0.1175925925925926
1 0.3450520833333333 0.38935185185185184 0.07447916666666667 0.09907407407407408
1 0.4713541666666667 0.37777777777777777 0.07083333333333333 0.10185185185185185
1 0.49505208333333334 0.26944444444444443 0.05260416666666667 0.07222222222222222
1 0.5489583333333333 0.22685185185185186 0.04791666666666667 0.07407407407407407
1 0.19088541666666667 0.47129629629629627 0.08697916666666666 0.10555555555555556
1 0.9692708333333333 0.750462962962963 0.06041666666666667 0.18055555555555555
1 0.6393229166666666 0.16944444444444445 0.03802083333333333 0.05185185185185185
1 0.8231770833333333 0.23796296296296296 0.0484375 0.06296296296296296
1 0.1890625 0.24953703703703703 0.04583333333333333 0.06574074074074074
1 0.9346354166666667 0.2865740740740741 0.0671875 0.10462962962962963
1 0.46458333333333335 0.23981481481481481 0.04895833333333333 0.06481481481481481
1 0.6908854166666667 0.21898148148148147 0.050520833333333334 0.04351851851851852
1 0.45390625 0.34120370370370373 0.059895833333333336 0.08796296296296297
1 0.41458333333333336 0.2851851851851852 0.0625 0.10555555555555556
1 0.32708333333333334 0.34120370370370373 0.078125 0.125
1 0.5736979166666667 0.3587962962962963 0.0328125 0.08796296296296297
1 0.584375 0.25046296296296294 0.05 0.06759259259259259
1 0.2752604166666667 0.2722222222222222 0.05260416666666667 0.07037037037037037
1 0.26015625 0.19907407407407407 0.03697916666666667 0.05185185185185185
1 0.1859375 0.20324074074074075 0.03958333333333333 0.049074074074074076
1 0.5778645833333333 0.14027777777777778 0.0328125 0.049074074074074076
1 0.8768229166666667 0.2212962962962963 0.0515625 0.07777777777777778
1 0.4239583333333333 0.21944444444444444 0.042708333333333334 0.05
1 0.62265625 0.15787037037037038 0.034895833333333334 0.05277777777777778
1 0.3419270833333333 0.225 0.0453125 0.04814814814814815
1 0.35442708333333334 0.24351851851851852 0.028645833333333332 0.06666666666666667
1 0.3809895833333333 0.1587962962962963 0.0359375 0.05277777777777778
1 0.22369791666666666 0.11851851851851852 0.03802083333333333 0.05
1 0.70625 0.1398148148148148 0.020833333333333332 0.044444444444444446
1 0.9513020833333333 0.1912037037037037 0.044270833333333336 0.06759259259259259
1 0.26015625 0.09583333333333334 0.022395833333333334 0.03611111111111111
1 0.18020833333333333 0.39675925925925926 0.06458333333333334 0.10462962962962963
1 0.6151041666666667 0.10092592592592593 0.022916666666666665 0.020370370370370372
1 0.3377604166666667 0.12731481481481483 0.021354166666666667 0.03611111111111111
1 0.5127604166666667 0.10740740740740741 0.033854166666666664 0.04814814814814815
1 0.49140625 0.10277777777777777 0.016145833333333335 0.03518518518518519
1 0.16848958333333333 0.0824074074074074 0.0296875 0.02962962962962963
1 0.23411458333333332 0.13564814814814816 0.03177083333333333 0.03981481481481482
1 0.35520833333333335 0.13518518518518519 0.03333333333333333 0.05
1 0.27395833333333336 0.10740740740740741 0.030208333333333334 0.040740740740740744
1 0.44192708333333336 0.20185185185185187 0.03802083333333333 0.03333333333333333
1 0.24375 0.15925925925925927 0.0375 0.04814814814814815
1 0.3234375 0.11018518518518519 0.030208333333333334 0.03148148148148148
1 0.46796875 0.09027777777777778 0.015104166666666667 0.03425925925925926
1 0.25416666666666665 0.18009259259259258 0.04791666666666667 0.04351851851851852
1 0.9294270833333333 0.17962962962962964 0.04114583333333333 0.06851851851851852
1 0.7690104166666667 0.2212962962962963 0.04739583333333333 0.06666666666666667
1 0.2890625 0.13055555555555556 0.03229166666666667 0.046296296296296294
1 0.37890625 0.27175925925925926 0.028645833333333332 0.07314814814814814
1 0.41067708333333336 0.18055555555555555 0.03802083333333333 0.06296296296296296
1 0.7486979166666666 0.20416666666666666 0.044270833333333336 0.07685185185185185
1 0.98203125 0.19814814814814816 0.034895833333333334 0.08148148148148149
1 0.63671875 0.12175925925925926 0.030729166666666665 0.041666666666666664
1 0.7515625 0.14675925925925926 0.035416666666666666 0.04351851851851852
1 0.16822916666666668 0.13287037037037036 0.034375 0.041666666666666664
1 0.30911458333333336 0.15324074074074073 0.03177083333333333 0.05462962962962963
1 0.38697916666666665 0.175 0.023958333333333335 0.053703703703703705
1 0.6083333333333333 0.14212962962962963 0.034375 0.06574074074074074
1 0.6747395833333333 0.14722222222222223 0.050520833333333334 0.06481481481481481
1 0.3078125 0.0912037037037037 0.034375 0.032407407407407406
1 0.3221354166666667 0.16944444444444445 0.044270833333333336 0.04814814814814815
1 0.19088541666666667 0.34305555555555556 0.06614583333333333 0.11203703703703703
1 0.41067708333333336 0.12685185185185185 0.024479166666666666 0.03518518518518519
1 0.15729166666666666 0.17314814814814813 0.017708333333333333 0.03888888888888889
1 0.4546875 0.08287037037037037 0.019791666666666666 0.032407407407407406
1 0.8002604166666667 0.16712962962962963 0.03802083333333333 0.06574074074074074
1 0.5533854166666666 0.1259259259259259 0.015104166666666667 0.03888888888888889
1 0.6018229166666667 0.08518518518518518 0.027604166666666666 0.02962962962962963
1 0.3859375 0.10787037037037037 0.029166666666666667 0.04537037037037037
1 0.428125 0.13842592592592592 0.030208333333333334 0.05092592592592592
1 0.6583333333333333 0.10462962962962963 0.023958333333333335 0.022222222222222223
1 0.3893229166666667 0.5564814814814815 0.0828125 0.13703703703703704
1 0.72890625 0.4587962962962963 0.10572916666666667 0.1712962962962963
1 0.36614583333333334 0.09259259259259259 0.025 0.04259259259259259
1 0.6583333333333333 0.13657407407407407 0.021875 0.04537037037037037
1 0.17317708333333334 0.17037037037037037 0.0484375 0.046296296296296294
1 0.38255208333333335 0.25092592592592594 0.044270833333333336 0.07962962962962963