2 0.8619791666666666 0.14351851851851852 0.07083333333333333 0.15555555555555556
2 0.9184895833333333 0.5805555555555556 0.1609375 0.32592592592592595
2 0.7513020833333334 0.11527777777777778 0.06510416666666667 0.11203703703703703
1 0.19921875 0.8013888888888889 0.1421875 0.1712962962962963
1 0.7497395833333333 0.4981481481481482 0.0984375 0.12037037037037036
1 0.2786458333333333 0.9166666666666666 0.153125 0.1648148148148148
1 0.7307291666666667 0.3675925925925926 0.07291666666666667 0.1
1 0.44375 0.6444444444444445 0.11770833333333333 0.15925925925925927
1 0.6557291666666667 0.6291666666666667 0.12083333333333333 0.16203703703703703
1 0.8174479166666667 0.5819444444444445 0.05677083333333333 0.14722222222222223
1 0.5596354166666667 0.3337962962962963 0.06927083333333334 0.08796296296296297
1 0.9638020833333333 0.36018518518518516 0.07135416666666666 0.09814814814814815
1 0.18984375 0.3351851851851852 0.0609375 0.08518518518518518
1 0.8934895833333333 0.27824074074074073 0.06302083333333333 0.075
1 0.6333333333333333 0.3912037037037037 0.07291666666666667 0.10648148148148148
1 0.6158854166666666 0.5481481481481482 0.0953125 0.14074074074074075
1 0.50390625 0.2865740740740741 0.0484375 0.08055555555555556
1 0.48880208333333336 0.18101851851851852 0.0390625 0.062037037037037036
1 0.39348958333333334 0.5472222222222223 0.12447916666666667 0.1925925925925926
1 0.3294270833333333 0.38333333333333336 0.0734375 0.0962962962962963
1 0.6606770833333333 0.17314814814814813 0.0390625 0.05185185185185185
1 0.33880208333333334 0.3398148148148148 0.0671875 0.08518518518518518
1 0.21953125 0.6388888888888888 0.10885416666666667 0.15925925925925927
1 0.68671875 0.31851851851851853 0.06510416666666667 0.09814814814814815
1 0.6158854166666666 0.1814814814814815 0.04010416666666667 0.040740740740740744
1 0.43828125 0.3384259259259259 0.06510416666666667 0.11018518518518519
1 0.19973958333333333 0.5388888888888889 0.09947916666666666 0.17222222222222222
1 0.74296875 0.20833333333333334 0.04739583333333333 0.07592592592592592
1 0.4010416666666667 0.2796296296296296 0.06145833333333333 0.09259259259259259
1 0.5317708333333333 0.3055555555555556 0.05625 0.08888888888888889
1 0.37109375 0.2439814814814815 0.04010416666666667 0.06574074074074074
1 0.48359375 0.4212962962962963 0.09427083333333333 0.15185185185185185
1 0.19348958333333333 0.2662037037037037 0.0484375 0.07314814814814814
1 0.5677083333333334 0.15694444444444444 0.03229166666666667 0.03981481481481482
1 0.45625 0.37592592592592594 0.06354166666666666 0.10185185185185185
1 0.8135416666666667 0.275 0.058333333333333334 0.06111111111111111
1 0.28177083333333336 0.25833333333333336 0.046875 0.06296296296296296
1 0.36875 0.1597222222222222 0.03229166666666667 0.04351851851851852
1 0.9044270833333333 0.1726851851851852 0.028645833333333332 0.06759259259259259
1 0.42213541666666665 0.19953703703703704 0.0453125 0.06388888888888888
1 0.71796875 0.16620370370370371 0.03802083333333333 0.06018518518518518
1 0.35703125 0.21712962962962962 0.04010416666666667 0.06388888888888888
1 0.85234375 0.24675925925925926 0.04635416666666667 0.06388888888888888
1 0.5955729166666667 0.11435185185185186 0.0359375 0.05277777777777778
1 0.3546875 0.1375 0.03229166666666667 0.04351851851851852
1 0.42916666666666664 0.14305555555555555 0.034375 0.049074074074074076
1 0.39114583333333336 0.17314814814814813 0.03854166666666667 0.06111111111111111
1 0.46015625 0.16574074074074074 0.0296875 0.044444444444444446
1 0.4708333333333333 0.08842592592592592 0.029166666666666667 0.041666666666666664
1 0.46510416666666665 0.24074074074074073 0.04895833333333333 0.08333333333333333
1 0.5567708333333333 0.1259259259259259 0.025 0.03888888888888889
1 0.24817708333333333 0.16435185185185186 0.03802083333333333 0.04722222222222222
1 0.4432291666666667 0.2222222222222222 0.0375 0.06481481481481481
1 0.5190104166666667 0.10972222222222222 0.028645833333333332 0.04351851851851852
1 0.25833333333333336 0.1962962962962963 0.04479166666666667 0.05555555555555555
1 0.49140625 0.10231481481481482 0.0265625 0.032407407407407406
1 0.33697916666666666 0.12407407407407407 0.026041666666666668 0.03518518518518519
1 0.29375 0.1310185185185185 0.03125 0.05092592592592592
1 0.171875 0.1597222222222222 0.03333333333333333 0.03981481481481482
1 0.33515625 0.19166666666666668 0.03802083333333333 0.06296296296296296
1 0.9791666666666666 0.2902777777777778 0.040625 0.058333333333333334
1 0.16640625 0.09166666666666666 0.0296875 0.02962962962962963
1 0.21067708333333332 0.1125 0.0234375 0.03796296296296296
1 0.5692708333333333 0.10277777777777777 0.026041666666666668 0.040740740740740744
1 0.3419270833333333 0.2101851851851852 0.024479166666666666 0.053703703703703705
1 0.6526041666666667 0.10694444444444444 0.028125 0.03425925925925926
1 0.33932291666666664 0.07592592592592592 0.025520833333333333 0.03333333333333333
1 0.27630208333333334 0.11435185185185186 0.027604166666666666 0.04351851851851852
1 0.41796875 0.125 0.0296875 0.03888888888888889
1 0.4002604166666667 0.06759259259259259 0.022395833333333334 0.022222222222222223
1 0.303125 0.15324074074074073 0.030208333333333334 0.05462962962962963
1 0.3143229166666667 0.1638888888888889 0.033854166666666664 0.05740740740740741
1 0.6377604166666667 0.15925925925925927 0.03177083333333333 0.04259259259259259
1 0.18177083333333333 0.2490740740740741 0.04375 0.06111111111111111
1 0.6533854166666667 0.13657407407407407 0.0296875 0.026851851851851852
1 0.69140625 0.1486111111111111 0.033854166666666664 0.05648148148148148
1 0.178125 0.18703703703703703 0.04375 0.03518518518518519
1 0.5552083333333333 0.0712962962962963 0.026041666666666668 0.025925925925925925
1 0.81640625 0.14583333333333334 0.025520833333333333 0.058333333333333334
1 0.23333333333333334 0.1412037037037037 0.0375 0.058333333333333334
1 0.3263020833333333 0.11157407407407408 0.03697916666666667 0.041666666666666664
1 0.8354166666666667 0.2125 0.04895833333333333 0.062037037037037036
1 0.5911458333333334 0.08472222222222223 0.021875 0.017592592592592594
1 0.4471354166666667 0.08194444444444444 0.0234375 0.032407407407407406
1 0.6213541666666667 0.14074074074074075 0.03333333333333333 0.04259259259259259
1 0.82109375 0.15555555555555556 0.016145833333333335 0.05555555555555555
1 0.9611979166666667 0.2490740740740741 0.0609375 0.08518518518518518
1 0.1765625 0.20416666666666666 0.04895833333333333 0.06759259259259259
1 0.16901041666666666 0.1361111111111111 0.030729166666666665 0.037037037037037035
1 0.7640625 0.15046296296296297 0.03854166666666667 0.04537037037037037
1 0.6169270833333333 0.15046296296296297 0.024479166666666666 0.026851851851851852
1 0.27734375 0.2351851851851852 0.05677083333333333 0.06296296296296296