3 0.9221354166666667 0.2662037037037037 0.0671875 0.10092592592592593
2 0.8971354166666666 0.17777777777777778 0.08697916666666666 0.17777777777777778
2 0.9265625 0.13796296296296295 0.08020833333333334 0.15925925925925927
1 0.42916666666666664 0.586574074074074 0.10729166666666666 0.14537037037037037
1 0.7013020833333333 0.46805555555555556 0.09322916666666667 0.12129629629629629
1 0.09791666666666667 0.42268518518518516 0.07604166666666666 0.10277777777777777
1 0.22265625 0.7361111111111112 0.13385416666666666 0.17407407407407408
1 0.29010416666666666 0.9518518518518518 0.2 0.09444444444444444
1 0.6921875 0.18981481481481483 0.040625 0.05740740740740741
1 0.5302083333333333 0.31157407407407406 0.06354166666666666 0.0824074074074074
1 0.36875 0.4810185185185185 0.0875 0.12129629629629629
1 0.9861979166666667 0.2074074074074074 0.0265625 0.06111111111111111
1 0.18854166666666666 0.3587962962962963 0.06458333333333334 0.09166666666666666
1 0.7950520833333333 0.38796296296296295 0.08177083333333333 0.11851851851851852
1 0.5955729166666667 0.5175925925925926 0.09947916666666666 0.15925925925925927
1 0.4825520833333333 0.3962962962962963 0.0734375 0.10185185185185185
1 0.4125 0.12916666666666668 0.023958333333333335 0.03981481481481482
1 0.50234375 0.1884259259259259 0.04010416666666667 0.058333333333333334
1 0.4078125 0.29444444444444445 0.046875 0.07407407407407407
1 0.51953125 0.45046296296296295 0.08385416666666666 0.11574074074074074
1 0.45703125 0.2351851851851852 0.03802083333333333 0.06296296296296296
1 0.5927083333333333 0.3592592592592593 0.07083333333333333 0.1
1 0.47994791666666664 0.7689814814814815 0.1421875 0.1935185185185185
1 0.4393229166666667 0.3194444444444444 0.06302083333333333 0.10555555555555556
1 0.9125 0.924074074074074 0.17395833333333333 0.15
1 0.31145833333333334 0.337037037037037 0.07708333333333334 0.1259259259259259
1 0.39479166666666665 0.1837962962962963 0.034375 0.04722222222222222
1 0.3299479166666667 0.19444444444444445 0.0453125 0.05740740740740741
1 0.98671875 0.5351851851851852 0.025520833333333333 0.17222222222222222
1 0.6466145833333333 0.16666666666666666 0.03697916666666667 0.05740740740740741
1 0.38567708333333334 0.25787037037037036 0.0546875 0.08425925925925926
1 0.4778645833333333 0.1699074074074074 0.03697916666666667 0.05648148148148148
1 0.17630208333333333 0.17592592592592593 0.04010416666666667 0.05555555555555555
1 0.37734375 0.15694444444444444 0.033854166666666664 0.05277777777777778
1 0.4197916666666667 0.1962962962962963 0.03854166666666667 0.05740740740740741
1 0.5567708333333333 0.15046296296296297 0.03229166666666667 0.032407407407407406
1 0.71640625 0.1388888888888889 0.030729166666666665 0.040740740740740744
1 0.3919270833333333 0.10972222222222222 0.025520833333333333 0.03611111111111111
1 0.36484375 0.2324074074074074 0.0390625 0.07777777777777778
1 0.6822916666666666 0.15046296296296297 0.036458333333333336 0.05462962962962963
1 0.3572916666666667 0.1361111111111111 0.03333333333333333 0.053703703703703705
1 0.7419270833333333 0.17546296296296296 0.04114583333333333 0.05462962962962963
1 0.9278645833333333 0.45925925925925926 0.10885416666666667 0.15185185185185185
1 0.44296875 0.21712962962962962 0.0390625 0.06759259259259259
1 0.16692708333333334 0.274537037037037 0.0515625 0.06944444444444445
1 0.5614583333333333 0.10648148148148148 0.03125 0.03888888888888889
1 0.15598958333333332 0.10138888888888889 0.0265625 0.04351851851851852
1 0.43854166666666666 0.1425925925925926 0.03958333333333333 0.06296296296296296
1 0.22395833333333334 0.17685185185185184 0.04583333333333333 0.07222222222222222
1 0.6583333333333333 0.13425925925925927 0.03333333333333333 0.03333333333333333
1 0.23697916666666666 0.13703703703703704 0.03333333333333333 0.044444444444444446
1 0.2669270833333333 0.16666666666666666 0.04010416666666667 0.04814814814814815
1 0.7783854166666667 0.22592592592592592 0.04739583333333333 0.06111111111111111
1 0.2716145833333333 0.11203703703703703 0.025520833333333333 0.04259259259259259
1 0.35 0.08287037037037037 0.021875 0.032407407407407406
1 0.184375 0.300462962962963 0.058333333333333334 0.08796296296296297
1 0.43802083333333336 0.09212962962962963 0.022916666666666665 0.028703703703703703
1 0.6453125 0.10138888888888889 0.019791666666666666 0.03425925925925926
1 0.8080729166666667 0.7828703703703703 0.15989583333333332 0.2490740740740741
1 0.5841145833333333 0.09444444444444444 0.024479166666666666 0.03333333333333333
1 0.76171875 0.11435185185185186 0.03697916666666667 0.030555555555555555
1 0.49296875 0.1162037037037037 0.024479166666666666 0.028703703703703703
1 0.29609375 0.12453703703703704 0.030729166666666665 0.03981481481481482
1 0.7580729166666667 0.34814814814814815 0.07864583333333333 0.12777777777777777
1 0.15729166666666666 0.22592592592592592 0.040625 0.05
1 0.7799479166666666 0.15231481481481482 0.04010416666666667 0.05092592592592592
1 0.17552083333333332 0.23472222222222222 0.04895833333333333 0.04537037037037037
1 0.32005208333333335 0.1125 0.015104166666666667 0.032407407407407406
1 0.6158854166666666 0.10555555555555556 0.024479166666666666 0.037037037037037035
1 0.509375 0.125 0.01875 0.03148148148148148
1 0.609375 0.14675925925925926 0.041666666666666664 0.06388888888888888
1 0.27447916666666666 0.22314814814814815 0.04895833333333333 0.06481481481481481
1 0.3125 0.27685185185185185 0.065625 0.07592592592592592
1 0.609375 0.0837962962962963 0.026041666666666668 0.032407407407407406
1 0.4796875 0.075 0.021875 0.03518518518518519
1 0.17630208333333333 0.11990740740740741 0.0296875 0.03425925925925926
1 0.6661458333333333 0.11157407407407408 0.027083333333333334 0.023148148148148147
1 0.4049479166666667 0.06805555555555555 0.0203125 0.023148148148148147
1 0.5236979166666667 0.1287037037037037 0.0265625 0.03518518518518519
1 0.17161458333333332 0.08518518518518518 0.022395833333333334 0.027777777777777776
1 0.5802083333333333 0.14027777777777778 0.014583333333333334 0.04537037037037037
1 0.55234375 0.11805555555555555 0.0171875 0.032407407407407406
1 0.91484375 0.6310185185185185 0.1390625 0.2101851851851852
1 0.28671875 0.27175925925925926 0.04739583333333333 0.08981481481481482
1 0.2604166666666667 0.21805555555555556 0.042708333333333334 0.07685185185185185
1 0.85234375 0.16342592592592592 0.011979166666666667 0.058333333333333334
1 0.49114583333333334 0.2513888888888889 0.046875 0.075