2 0.8625 0.1476851851851852 0.07916666666666666 0.13425925925925927
2 0.7927083333333333 0.09212962962962963 0.058333333333333334 0.08981481481481482
1 0.66875 0.6671296296296296 0.11770833333333333 0.16574074074074074
1 0.8953125 0.8921296296296296 0.178125 0.21388888888888888
1 0.5518229166666667 0.3199074074074074 0.06197916666666667 0.0824074074074074
1 0.6255208333333333 0.575462962962963 0.10416666666666667 0.13425925925925927
1 0.6921875 0.22083333333333333 0.052083333333333336 0.04722222222222222
1 0.20338541666666668 0.5208333333333334 0.0859375 0.11574074074074074
1 0.34453125 0.38796296296296295 0.0734375 0.1
1 0.42109375 0.611574074074074 0.1140625 0.18425925925925926
1 0.7268229166666667 0.45740740740740743 0.1046875 0.17037037037037037
1 0.47109375 0.3773148148148148 0.0703125 0.10092592592592593
1 0.49322916666666666 0.2689814814814815 0.051041666666666666 0.07314814814814814
1 0.5479166666666667 0.22685185185185186 0.04791666666666667 0.07407407407407407
1 0.93671875 0.2884259259259259 0.06822916666666666 0.10462962962962963
1 0.7981770833333334 0.26481481481481484 0.0546875 0.06666666666666667
1 0.19088541666666667 0.4703703703703704 0.0859375 0.10555555555555556
1 0.63984375 0.1699074074074074 0.03802083333333333 0.05092592592592592
1 0.8255208333333334 0.2388888888888889 0.04791666666666667 0.06296296296296296
1 0.45234375 0.3388888888888889 0.05677083333333333 0.08888888888888889
1 0.9669270833333333 0.7462962962962963 0.06510416666666667 0.1814814814814815
1 0.3875 0.5550925925925926 0.0875 0.13796296296296295
1 0.3265625 0.34120370370370373 0.07916666666666666 0.125
1 0.41432291666666665 0.2833333333333333 0.06302083333333333 0.10555555555555556
1 0.2747395833333333 0.2708333333333333 0.05364583333333333 0.06944444444444445
1 0.4635416666666667 0.23935185185185184 0.05 0.06388888888888888
1 0.6236979166666666 0.15787037037037038 0.033854166666666664 0.05092592592592592
1 0.18854166666666666 0.24814814814814815 0.04583333333333333 0.06666666666666667
1 0.5729166666666666 0.3578703703703704 0.034375 0.08611111111111111
1 0.35442708333333334 0.24351851851851852 0.0296875 0.06481481481481481
1 0.9520833333333333 0.1912037037037037 0.04479166666666667 0.06759259259259259
1 0.5783854166666667 0.1398148148148148 0.0328125 0.04814814814814815
1 0.22369791666666666 0.11898148148148148 0.03802083333333333 0.05092592592592592
1 0.2596354166666667 0.19907407407407407 0.03697916666666667 0.05185185185185185
1 0.7705729166666667 0.22175925925925927 0.04739583333333333 0.06388888888888888
1 0.8786458333333333 0.2222222222222222 0.053125 0.07962962962962963
1 0.49140625 0.10324074074074074 0.016145833333333335 0.03425925925925926
1 0.2609375 0.09537037037037037 0.023958333333333335 0.037037037037037035
1 0.5127604166666667 0.10787037037037037 0.033854166666666664 0.049074074074074076
1 0.7528645833333333 0.14675925925925926 0.034895833333333334 0.04537037037037037
1 0.3807291666666667 0.1574074074074074 0.035416666666666666 0.05185185185185185
1 0.32708333333333334 0.16666666666666666 0.034375 0.04259259259259259
1 0.9825520833333333 0.1986111111111111 0.033854166666666664 0.08055555555555556
1 0.615625 0.10092592592592593 0.022916666666666665 0.022222222222222223
1 0.27369791666666665 0.10694444444444444 0.0296875 0.03981481481481482
1 0.40989583333333335 0.1259259259259259 0.023958333333333335 0.03518518518518519
1 0.3653645833333333 0.09259259259259259 0.025520833333333333 0.040740740740740744
1 0.6377604166666667 0.12175925925925926 0.030729166666666665 0.041666666666666664
1 0.18619791666666666 0.2023148148148148 0.0390625 0.049074074074074076
1 0.7072916666666667 0.1398148148148148 0.020833333333333332 0.04259259259259259
1 0.44036458333333334 0.20046296296296295 0.03802083333333333 0.028703703703703703
1 0.16953125 0.08055555555555556 0.0265625 0.024074074074074074
1 0.40963541666666664 0.17962962962962964 0.03802083333333333 0.06296296296296296
1 0.38567708333333334 0.17453703703703705 0.024479166666666666 0.05277777777777778
1 0.42265625 0.21435185185185185 0.04114583333333333 0.041666666666666664
1 0.23333333333333334 0.13472222222222222 0.030208333333333334 0.03796296296296296
1 0.35494791666666664 0.13564814814814816 0.03177083333333333 0.04722222222222222
1 0.32265625 0.11064814814814815 0.030729166666666665 0.030555555555555555
1 0.24453125 0.15925925925925927 0.03802083333333333 0.04814814814814815
1 0.309375 0.1537037037037037 0.03125 0.05555555555555555
1 0.28984375 0.13194444444444445 0.03177083333333333 0.049074074074074076
1 0.93046875 0.17962962962962964 0.04010416666666667 0.07037037037037037
1 0.3078125 0.09259259259259259 0.035416666666666666 0.037037037037037035
1 0.3372395833333333 0.12685185185185185 0.0203125 0.03518518518518519
1 0.19296875 0.3421296296296296 0.0609375 0.11203703703703703
1 0.17942708333333332 0.39444444444444443 0.0640625 0.10740740740740741
1 0.659375 0.10462962962962963 0.023958333333333335 0.022222222222222223
1 0.5536458333333333 0.12546296296296297 0.016666666666666666 0.03796296296296296
1 0.1578125 0.1736111111111111 0.017708333333333333 0.03981481481481482
1 0.6091145833333333 0.1425925925925926 0.034895833333333334 0.06481481481481481
1 0.6809895833333334 0.14722222222222223 0.04010416666666667 0.06481481481481481
1 0.8005208333333333 0.16620370370370371 0.03854166666666667 0.06574074074074074
1 0.76015625 0.20462962962962963 0.0640625 0.07592592592592592
1 0.16770833333333332 0.14074074074074075 0.03333333333333333 0.027777777777777776
1 0.25494791666666666 0.18055555555555555 0.0484375 0.046296296296296294
1 0.38229166666666664 0.25046296296296294 0.04479166666666667 0.0787037037037037
1 0.34322916666666664 0.2111111111111111 0.04895833333333333 0.07222222222222222
1 0.37890625 0.2712962962962963 0.028645833333333332 0.07222222222222222
1 0.42604166666666665 0.13796296296296295 0.03229166666666667 0.05
1 0.8736979166666666 0.19768518518518519 0.059895833333333336 0.06388888888888888
1 0.58359375 0.24953703703703703 0.049479166666666664 0.06574074074074074