2 0.8729166666666667 0.1486111111111111 0.08020833333333334 0.13425925925925927
2 0.6208333333333333 0.32731481481481484 0.09583333333333334 0.18796296296296297
2 0.8005208333333333 0.09583333333333334 0.06041666666666667 0.09351851851851851
1 0.9432291666666667 0.6972222222222222 0.1125 0.17037037037037037
1 0.64375 0.6310185185185185 0.11041666666666666 0.15648148148148147
1 0.8369791666666667 0.8328703703703704 0.16145833333333334 0.21203703703703702
1 0.5403645833333334 0.31157407407407406 0.059895833333333336 0.0787037037037037
1 0.3390625 0.37453703703703706 0.071875 0.09537037037037037
1 0.8182291666666667 0.2726851851851852 0.053125 0.06944444444444445
1 0.6036458333333333 0.55 0.09895833333333333 0.1259259259259259
1 0.20208333333333334 0.5046296296296297 0.08333333333333333 0.10925925925925926
1 0.41015625 0.5837962962962963 0.1078125 0.1712962962962963
1 0.27317708333333335 0.26481481481481484 0.05260416666666667 0.06851851851851852
1 0.4864583333333333 0.262037037037037 0.04895833333333333 0.07037037037037037
1 0.46458333333333335 0.3648148148148148 0.06979166666666667 0.09814814814814815
1 0.37838541666666664 0.5291666666666667 0.0828125 0.13240740740740742
1 0.8455729166666667 0.24537037037037038 0.050520833333333334 0.06481481481481481
1 0.6489583333333333 0.17222222222222222 0.03958333333333333 0.053703703703703705
1 0.56171875 0.34444444444444444 0.033854166666666664 0.08703703703703704
1 0.575 0.24212962962962964 0.046875 0.06388888888888888
1 0.4432291666666667 0.3296296296296296 0.057291666666666664 0.08703703703703704
1 0.18828125 0.24259259259259258 0.044270833333333336 0.07037037037037037
1 0.70703125 0.43842592592592594 0.10052083333333334 0.16203703703703703
1 0.9578125 0.2962962962962963 0.07083333333333333 0.10740740740740741
1 0.9828125 0.5601851851851852 0.03333333333333333 0.13148148148148148
1 0.1921875 0.45416666666666666 0.08125 0.10277777777777777
1 0.4578125 0.23472222222222222 0.046875 0.062037037037037036
1 0.6328125 0.16064814814814815 0.034375 0.05277777777777778
1 0.7153645833333333 0.1425925925925926 0.0203125 0.04259259259259259
1 0.17916666666666667 0.3851851851851852 0.06354166666666666 0.10555555555555556
1 0.35078125 0.24027777777777778 0.028645833333333332 0.06388888888888888
1 0.5846354166666666 0.14212962962962963 0.033854166666666664 0.049074074074074076
1 0.340625 0.21851851851851853 0.04791666666666667 0.04814814814814815
1 0.18541666666666667 0.19953703703703704 0.03958333333333333 0.05092592592592592
1 0.3234375 0.3314814814814815 0.07395833333333333 0.11666666666666667
1 0.409375 0.2773148148148148 0.059375 0.10277777777777777
1 0.5416666666666666 0.22037037037037038 0.04791666666666667 0.07407407407407407
1 0.35 0.13240740740740742 0.0375 0.046296296296296294
1 0.21953125 0.1162037037037037 0.0328125 0.05277777777777778
1 0.23333333333333334 0.13287037037037036 0.03229166666666667 0.03981481481481482
1 0.7731770833333333 0.20972222222222223 0.06302083333333333 0.0787037037037037
1 0.7078125 0.2324074074074074 0.052083333333333336 0.05925925925925926
1 0.259375 0.09398148148148149 0.022916666666666665 0.03611111111111111
1 0.51640625 0.10925925925925926 0.0359375 0.04814814814814815
1 0.36354166666666665 0.09166666666666666 0.025 0.044444444444444446
1 0.378125 0.1550925925925926 0.035416666666666666 0.05092592592592592
1 0.9442708333333333 0.1787037037037037 0.036458333333333336 0.06296296296296296
1 0.8096354166666667 0.17083333333333334 0.0421875 0.06759259259259259
1 0.7856770833333333 0.22870370370370371 0.0484375 0.06481481481481481
1 0.6208333333333333 0.10277777777777777 0.022916666666666665 0.022222222222222223
1 0.89765625 0.22824074074074074 0.0515625 0.08055555555555556
1 0.40598958333333335 0.17546296296296296 0.03802083333333333 0.062037037037037036
1 0.4375 0.2 0.0375 0.03888888888888889
1 0.6440104166666667 0.12268518518518519 0.0296875 0.03981481481481482
1 0.32083333333333336 0.10925925925925926 0.03229166666666667 0.03333333333333333
1 0.4171875 0.13472222222222222 0.042708333333333334 0.05277777777777778
1 0.6151041666666667 0.14953703703703702 0.034375 0.06018518518518518
1 0.378125 0.2638888888888889 0.0375 0.07407407407407407
1 0.3848958333333333 0.10555555555555556 0.03125 0.044444444444444446
1 0.28932291666666665 0.13055555555555556 0.0296875 0.04814814814814815
1 0.9645833333333333 0.19490740740740742 0.04583333333333333 0.06944444444444445
1 0.3065104166666667 0.15231481481481482 0.030729166666666665 0.05277777777777778
1 0.3065104166666667 0.09074074074074075 0.034895833333333334 0.03518518518518519
1 0.25286458333333334 0.17731481481481481 0.0484375 0.04537037037037037
1 0.31953125 0.16620370370370371 0.044270833333333336 0.04722222222222222
1 0.6065104166666667 0.08472222222222223 0.028645833333333332 0.026851851851851852
1 0.24401041666666667 0.15787037037037038 0.0390625 0.04722222222222222
1 0.1671875 0.13194444444444445 0.035416666666666666 0.04351851851851852
1 0.38229166666666664 0.1712962962962963 0.025 0.053703703703703705
1 0.6645833333333333 0.10694444444444444 0.025 0.023148148148148147
1 0.17864583333333334 0.18564814814814815 0.0375 0.05462962962962963
1 0.17109375 0.16805555555555557 0.0453125 0.04537037037037037
1 0.5609375 0.07268518518518519 0.034375 0.041666666666666664
1 0.5559895833333334 0.12731481481481483 0.021354166666666667 0.03981481481481482
1 0.4166666666666667 0.22314814814814815 0.04479166666666667 0.07222222222222222
1 0.25833333333333336 0.19583333333333333 0.036458333333333336 0.05092592592592592
1 0.7622395833333333 0.1625 0.0390625 0.06944444444444445
1 0.9885416666666667 0.20416666666666666 0.021875 0.08055555555555556
1 0.18359375 0.33194444444444443 0.07552083333333333 0.11018518518518519