1 0.9158854166666667 0.912962962962963 0.1671875 0.17222222222222222
1 0.57890625 0.5518518518518518 0.12239583333333333 0.1814814814814815
1 0.8263020833333333 0.5467592592592593 0.11197916666666667 0.14907407407407408
1 0.36380208333333336 0.4583333333333333 0.08385416666666666 0.10740740740740741
1 0.928125 0.6583333333333333 0.13229166666666667 0.18333333333333332
1 0.20651041666666667 0.4898148148148148 0.0921875 0.12407407407407407
1 0.77265625 0.762962962962963 0.15364583333333334 0.2388888888888889
1 0.5044270833333333 0.41898148148148145 0.07760416666666667 0.10648148148148148
1 0.30572916666666666 0.9254629629629629 0.18125 0.14722222222222223
1 0.08359375 0.42314814814814816 0.08802083333333334 0.13703703703703704
1 0.7072916666666667 0.4361111111111111 0.090625 0.14629629629629629
1 0.44817708333333334 0.34629629629629627 0.06614583333333333 0.09444444444444444
1 0.64296875 0.9453703703703704 0.19010416666666666 0.10740740740740741
1 0.34322916666666664 0.3861111111111111 0.07083333333333333 0.09444444444444444
1 0.45260416666666664 0.23287037037037037 0.04583333333333333 0.06388888888888888
1 0.4158854166666667 0.19212962962962962 0.04114583333333333 0.05092592592592592
1 0.5606770833333333 0.3199074074074074 0.0671875 0.09166666666666666
1 0.67109375 0.30092592592592593 0.06302083333333333 0.1
1 0.5528645833333333 0.22361111111111112 0.049479166666666664 0.07685185185185185
1 0.1796875 0.33564814814814814 0.06770833333333333 0.08611111111111111
1 0.4947916666666667 0.25925925925925924 0.05416666666666667 0.08888888888888889
1 0.8963541666666667 0.3162037037037037 0.07291666666666667 0.058333333333333334
1 0.31744791666666666 0.3523148148148148 0.0640625 0.09166666666666666
1 0.8546875 0.16435185185185186 0.03854166666666667 0.049074074074074076
1 0.53203125 0.3037037037037037 0.049479166666666664 0.08148148148148149
1 0.8510416666666667 0.21851851851851853 0.04791666666666667 0.06296296296296296
1 0.5661458333333333 0.15601851851851853 0.03229166666666667 0.03981481481481482
1 0.42552083333333335 0.3236111111111111 0.05 0.08055555555555556
1 0.8916666666666667 0.23287037037037037 0.051041666666666666 0.07685185185185185
1 0.3859375 0.1726851851851852 0.0375 0.05092592592592592
1 0.7302083333333333 0.17175925925925925 0.0375 0.05277777777777778
1 0.6114583333333333 0.27037037037037037 0.057291666666666664 0.07592592592592592
1 0.26510416666666664 0.23796296296296296 0.03854166666666667 0.06481481481481481
1 0.4947916666666667 0.18425925925925926 0.036458333333333336 0.06111111111111111
1 0.6078125 0.36666666666666664 0.06875 0.10185185185185185
1 0.5192708333333333 0.20277777777777778 0.04375 0.06666666666666667
1 0.828125 0.15555555555555556 0.03229166666666667 0.046296296296296294
1 0.7546875 0.2388888888888889 0.052083333333333336 0.05185185185185185
1 0.81015625 0.2657407407407407 0.05572916666666667 0.07407407407407407
1 0.17083333333333334 0.2273148148148148 0.041666666666666664 0.058333333333333334
1 0.9065104166666667 0.2652777777777778 0.05260416666666667 0.05277777777777778
1 0.6940104166666666 0.2212962962962963 0.043229166666666666 0.04814814814814815
1 0.9859375 0.2324074074074074 0.027083333333333334 0.05925925925925926
1 0.66015625 0.1986111111111111 0.03802083333333333 0.04351851851851852
1 0.35442708333333334 0.2273148148148148 0.03697916666666667 0.062037037037037036
1 0.36171875 0.13935185185185187 0.025520833333333333 0.03981481481481482
1 0.5216145833333333 0.11296296296296296 0.027604166666666666 0.037037037037037035
1 0.17864583333333334 0.20462962962962963 0.042708333333333334 0.05555555555555555
1 0.34791666666666665 0.20925925925925926 0.03854166666666667 0.05925925925925926
1 0.6263020833333334 0.15925925925925927 0.0359375 0.05185185185185185
1 0.18541666666666667 0.2824074074074074 0.05 0.05740740740740741
1 0.48203125 0.17037037037037037 0.03802083333333333 0.06666666666666667
1 0.6807291666666667 0.17083333333333334 0.0375 0.05092592592592592
1 0.80078125 0.19166666666666668 0.030729166666666665 0.05740740740740741
1 0.33880208333333334 0.12083333333333333 0.025520833333333333 0.03981481481481482
1 0.384375 0.2412037037037037 0.04583333333333333 0.0787037037037037
1 0.6322916666666667 0.1865740740740741 0.028125 0.032407407407407406
1 0.29609375 0.2986111111111111 0.05572916666666667 0.075
1 0.25494791666666666 0.1935185185185185 0.0515625 0.07962962962962963
1 0.2869791666666667 0.12083333333333333 0.025 0.041666666666666664
1 0.2747395833333333 0.1111111111111111 0.028645833333333332 0.037037037037037035
1 0.7447916666666666 0.2101851851851852 0.04583333333333333 0.06296296296296296
1 0.19583333333333333 0.10277777777777777 0.025 0.03148148148148148
1 0.35 0.0837962962962963 0.03229166666666667 0.03796296296296296
1 0.40625 0.2884259259259259 0.057291666666666664 0.09351851851851851
1 0.9552083333333333 0.29583333333333334 0.0625 0.09537037037037037
1 0.7502604166666667 0.18009259259259258 0.0421875 0.05462962962962963
1 0.4505208333333333 0.09722222222222222 0.023958333333333335 0.027777777777777776
1 0.3828125 0.10462962962962963 0.03125 0.04259259259259259
1 0.7401041666666667 0.12268518518518519 0.036458333333333336 0.049074074074074076
1 0.79921875 0.21481481481481482 0.024479166666666666 0.03333333333333333
1 0.22005208333333334 0.10324074074074074 0.027604166666666666 0.03796296296296296
1 0.7138020833333333 0.11157407407407408 0.0265625 0.04351851851851852
1 0.16354166666666667 0.12037037037037036 0.04479166666666667 0.05555555555555555
1 0.24947916666666667 0.07685185185185185 0.025 0.02962962962962963
1 0.6833333333333333 0.14629629629629629 0.034375 0.046296296296296294
1 0.33515625 0.1824074074074074 0.03802083333333333 0.06481481481481481
1 0.4739583333333333 0.09305555555555556 0.026041666666666668 0.03611111111111111
1 0.3221354166666667 0.11712962962962963 0.016145833333333335 0.032407407407407406
1 0.3580729166666667 0.12546296296296297 0.028645833333333332 0.03796296296296296
1 0.5736979166666667 0.1300925925925926 0.03177083333333333 0.05462962962962963
1 0.2565104166666667 0.08981481481481482 0.024479166666666666 0.037037037037037035
1 0.6390625 0.1300925925925926 0.03125 0.03611111111111111
1 0.30026041666666664 0.14212962962962963 0.030729166666666665 0.05092592592592592
1 0.30963541666666666 0.15416666666666667 0.0359375 0.05648148148148148
1 0.5921875 0.09212962962962963 0.01875 0.04351851851851852
1 0.64375 0.10740740740740741 0.023958333333333335 0.037037037037037035
1 0.3033854166666667 0.08611111111111111 0.028645833333333332 0.037037037037037035
1 0.7697916666666667 0.15416666666666667 0.03333333333333333 0.03981481481481482
1 0.3140625 0.17175925925925925 0.022916666666666665 0.04722222222222222
1 0.28671875 0.26157407407407407 0.050520833333333334 0.0712962962962963
1 0.21223958333333334 0.07407407407407407 0.022395833333333334 0.020370370370370372
1 0.23515625 0.1412037037037037 0.0359375 0.05277777777777778
1 0.48671875 0.11064814814814815 0.0265625 0.032407407407407406
1 0.22994791666666667 0.11898148148148148 0.033854166666666664 0.032407407407407406
1 0.17083333333333334 0.1736111111111111 0.040625 0.05462962962962963
1 0.3182291666666667 0.10231481481481482 0.022916666666666665 0.032407407407407406
1 0.9911458333333333 0.3199074074074074 0.016666666666666666 0.10648148148148148
1 0.1703125 0.2949074074074074 0.05 0.06018518518518518