1 0.9104166666666667 0.6222222222222222 0.128125 0.17037037037037037
1 0.6291666666666667 0.6328703703703704 0.13854166666666667 0.2101851851851852
1 0.21171875 0.5486111111111112 0.10260416666666666 0.13796296296296295
1 0.38203125 0.5074074074074074 0.0921875 0.11851851851851852
1 0.8953125 0.8856481481481482 0.184375 0.22685185185185186
1 0.590625 0.3476851851851852 0.07291666666666667 0.09722222222222222
1 0.35572916666666665 0.4217592592592593 0.07604166666666666 0.10462962962962963
1 0.7614583333333333 0.48148148148148145 0.1 0.15925925925925927
1 0.5776041666666667 0.23842592592592593 0.052083333333333336 0.0824074074074074
1 0.47239583333333335 0.3768518518518518 0.07083333333333333 0.1037037037037037
1 0.53671875 0.4634259259259259 0.08489583333333334 0.1175925925925926
1 0.18567708333333333 0.36064814814814816 0.07135416666666666 0.09351851851851851
1 0.56015625 0.3263888888888889 0.0546875 0.08796296296296297
1 0.6458333333333334 0.39537037037037037 0.075 0.11296296296296296
1 0.42526041666666664 0.2037037037037037 0.043229166666666666 0.053703703703703705
1 0.026822916666666665 0.4736111111111111 0.05364583333333333 0.14907407407407408
1 0.7135416666666666 0.3282407407407407 0.06875 0.10648148148148148
1 0.33125 0.3819444444444444 0.07083333333333333 0.09907407407407408
1 0.46510416666666665 0.24583333333333332 0.052083333333333336 0.06388888888888888
1 0.26979166666666665 0.2518518518518518 0.041666666666666664 0.06851851851851852
1 0.5140625 0.2777777777777778 0.058333333333333334 0.09074074074074075
1 0.8377604166666667 0.287962962962963 0.06614583333333333 0.053703703703703705
1 0.8283854166666667 0.15648148148148147 0.0328125 0.046296296296296294
1 0.5106770833333333 0.19722222222222222 0.0390625 0.06481481481481481
1 0.3611979166666667 0.24166666666666667 0.03802083333333333 0.06481481481481481
1 0.1828125 0.2152777777777778 0.03854166666666667 0.058333333333333334
1 0.18828125 0.3013888888888889 0.05260416666666667 0.058333333333333334
1 0.8106770833333333 0.20462962962962963 0.044270833333333336 0.05925925925925926
1 0.98828125 0.7800925925925926 0.022395833333333334 0.19907407407407407
1 0.3580729166666667 0.08796296296296297 0.03177083333333333 0.040740740740740744
1 0.7411458333333333 0.15138888888888888 0.03229166666666667 0.049074074074074076
1 0.4234375 0.30972222222222223 0.06458333333333334 0.09907407407407408
1 0.17083333333333334 0.24074074074074073 0.042708333333333334 0.06296296296296296
1 0.7541666666666667 0.24027777777777778 0.058333333333333334 0.06574074074074074
1 0.3966145833333333 0.1837962962962963 0.0390625 0.05648148148148148
1 0.6640625 0.20462962962962963 0.040625 0.04259259259259259
1 0.63984375 0.2935185185185185 0.0609375 0.08148148148148149
1 0.39765625 0.25601851851851853 0.050520833333333334 0.08611111111111111
1 0.7520833333333333 0.19953703703703704 0.0375 0.028703703703703703
1 0.3046875 0.31666666666666665 0.059375 0.08148148148148149
1 0.63203125 0.18611111111111112 0.033854166666666664 0.03888888888888889
1 0.540625 0.21851851851851853 0.04479166666666667 0.07592592592592592
1 0.6609375 0.13842592592592592 0.03229166666666667 0.04537037037037037
1 0.3533854166666667 0.22268518518518518 0.03802083333333333 0.062037037037037036
1 0.7231770833333333 0.11666666666666667 0.033854166666666664 0.044444444444444446
1 0.70625 0.1638888888888889 0.034375 0.05185185185185185
1 0.31796875 0.1814814814814815 0.027604166666666666 0.05
1 0.290625 0.12824074074074074 0.027083333333333334 0.041666666666666664
1 0.8494791666666667 0.21712962962962962 0.04791666666666667 0.0712962962962963
1 0.7125 0.19583333333333333 0.042708333333333334 0.058333333333333334
1 0.8919270833333334 0.26944444444444443 0.05572916666666667 0.08703703703703704
1 0.725 0.16620370370370371 0.036458333333333336 0.04351851851851852
1 0.7984375 0.1685185185185185 0.028125 0.03333333333333333
1 0.2559895833333333 0.20324074074074075 0.049479166666666664 0.0824074074074074
1 0.14817708333333332 0.12685185185185185 0.013020833333333334 0.044444444444444446
1 0.340625 0.19444444444444445 0.03958333333333333 0.06851851851851852
1 0.44192708333333336 0.09351851851851851 0.024479166666666666 0.027777777777777776
1 0.49713541666666666 0.18287037037037038 0.043229166666666666 0.07314814814814814
1 0.8536458333333333 0.24166666666666667 0.04583333333333333 0.046296296296296294
1 0.6979166666666666 0.10972222222222222 0.028125 0.04351851851851852
1 0.5596354166666667 0.12453703703703704 0.027604166666666666 0.05277777777777778
1 0.32317708333333334 0.10648148148148148 0.024479166666666666 0.037037037037037035
1 0.628125 0.10648148148148148 0.026041666666666668 0.040740740740740744
1 0.5098958333333333 0.10740740740740741 0.027083333333333334 0.03518518518518519
1 0.95703125 0.20972222222222223 0.050520833333333334 0.03796296296296296
1 0.34322916666666664 0.12638888888888888 0.026041666666666668 0.03796296296296296
1 0.7161458333333334 0.22592592592592592 0.04583333333333333 0.05740740740740741
1 0.3375 0.075 0.019791666666666666 0.02962962962962963
1 0.16796875 0.12546296296296297 0.034895833333333334 0.05648148148148148
1 0.44296875 0.3476851851851852 0.05364583333333333 0.08611111111111111
1 0.315625 0.16296296296296298 0.035416666666666666 0.05925925925925926
1 0.9533854166666667 0.2865740740740741 0.0765625 0.11018518518518519
1 0.38515625 0.10416666666666667 0.025520833333333333 0.03796296296296296
1 0.39375 0.11435185185185186 0.029166666666666667 0.03796296296296296
1 0.17760416666666667 0.1425925925925926 0.03229166666666667 0.025925925925925925
1 0.3690104166666667 0.1476851851851852 0.0234375 0.041666666666666664
1 0.22161458333333334 0.10833333333333334 0.028645833333333332 0.037037037037037035
1 0.1703125 0.1986111111111111 0.036458333333333336 0.04537037037037037
1 0.60859375 0.17222222222222222 0.0296875 0.037037037037037035
1 0.46536458333333336 0.0912037037037037 0.024479166666666666 0.03796296296296296
1 0.3020833333333333 0.14814814814814814 0.028125 0.05185185185185185
1 0.8 0.1412037037037037 0.029166666666666667 0.030555555555555555
1 0.26015625 0.09490740740740741 0.0296875 0.03981481481481482
1 0.17161458333333332 0.17222222222222222 0.03802083333333333 0.03148148148148148
1 0.6580729166666667 0.16296296296296298 0.0328125 0.04259259259259259
1 0.1671875 0.33240740740740743 0.053125 0.1
1 0.54609375 0.1449074074074074 0.033854166666666664 0.03611111111111111
1 0.36328125 0.13842592592592592 0.030729166666666665 0.04722222222222222
1 0.621875 0.12361111111111112 0.030208333333333334 0.032407407407407406
1 0.60859375 0.15092592592592594 0.0328125 0.04814814814814815
1 0.2015625 0.10740740740740741 0.021875 0.03518518518518519
1 0.56328125 0.10555555555555556 0.025520833333333333 0.040740740740740744
1 0.96796875 0.24305555555555555 0.0515625 0.05277777777777778
1 0.23645833333333333 0.15 0.035416666666666666 0.05555555555555555
1 0.3924479166666667 0.16111111111111112 0.0390625 0.06111111111111111
1 0.5802083333333333 0.08888888888888889 0.017708333333333333 0.04259259259259259
1 0.23307291666666666 0.12731481481481483 0.033854166666666664 0.030555555555555555
1 0.2950520833333333 0.27824074074074073 0.0515625 0.07314814814814814
1 0.21614583333333334 0.07777777777777778 0.023958333333333335 0.024074074074074074
1 0.9924479166666667 0.23564814814814813 0.0140625 0.05462962962962963