2 0.8020833333333334 0.1287037037037037 0.06979166666666667 0.1425925925925926
1 0.8872395833333333 0.6324074074074074 0.1265625 0.15185185185185185
1 0.7255208333333333 0.4759259259259259 0.090625 0.12407407407407407
1 0.8473958333333333 0.4444444444444444 0.0875 0.12037037037037036
1 0.82734375 0.8351851851851851 0.15989583333333332 0.21481481481481482
1 0.73984375 0.7101851851851851 0.1234375 0.17962962962962964
1 0.9796875 0.7578703703703704 0.03958333333333333 0.18611111111111112
1 0.6216145833333333 0.3912037037037037 0.07864583333333333 0.10092592592592593
1 0.5479166666666667 0.8513888888888889 0.15520833333333334 0.21574074074074073
1 0.4278645833333333 0.31851851851851853 0.0703125 0.10740740740740741
1 0.16458333333333333 0.38055555555555554 0.07083333333333333 0.10925925925925926
1 0.3411458333333333 0.40879629629629627 0.08125 0.10277777777777777
1 0.46640625 0.7064814814814815 0.1671875 0.2462962962962963
1 0.7239583333333334 0.23564814814814813 0.051041666666666666 0.05462962962962963
1 0.58203125 0.35462962962962963 0.0640625 0.10185185185185185
1 0.3580729166666667 0.45416666666666666 0.08385416666666666 0.11203703703703703
1 0.8497395833333333 0.29074074074074074 0.06510416666666667 0.06481481481481481
1 0.39401041666666664 0.27546296296296297 0.050520833333333334 0.07314814814814814
1 0.7872395833333333 0.37592592592592594 0.07760416666666667 0.11481481481481481
1 0.48125 0.39351851851851855 0.07291666666666667 0.1259259259259259
1 0.5455729166666666 0.32685185185185184 0.05677083333333333 0.09259259259259259
1 0.5611979166666666 0.5138888888888888 0.1171875 0.17962962962962964
1 0.5135416666666667 0.4412037037037037 0.08854166666666667 0.11574074074074074
1 0.23697916666666666 0.8282407407407407 0.14166666666666666 0.21203703703703702
1 0.29609375 0.2912037037037037 0.050520833333333334 0.0712962962962963
1 0.8184895833333333 0.2439814814814815 0.0546875 0.06759259259259259
1 0.4518229166666667 0.15787037037037038 0.04010416666666667 0.05648148148148148
1 0.9111979166666667 0.31851851851851853 0.06510416666666667 0.07407407407407407
1 0.38567708333333334 0.17453703703703705 0.033854166666666664 0.049074074074074076
1 0.5755208333333334 0.16157407407407406 0.035416666666666666 0.03796296296296296
1 0.44609375 0.22268518518518518 0.04739583333333333 0.06759259259259259
1 0.97734375 0.37222222222222223 0.044270833333333336 0.08888888888888889
1 0.5036458333333333 0.274537037037037 0.059375 0.09351851851851851
1 0.69296875 0.18611111111111112 0.0421875 0.07037037037037037
1 0.36640625 0.24074074074074073 0.050520833333333334 0.07222222222222222
1 0.28541666666666665 0.262037037037037 0.05 0.06851851851851852
1 0.6169270833333333 0.15648148148148147 0.0359375 0.044444444444444446
1 0.4739583333333333 0.24675925925925926 0.04375 0.0712962962962963
1 0.7791666666666667 0.22453703703703703 0.04583333333333333 0.06759259259259259
1 0.20546875 0.12268518518518519 0.027604166666666666 0.04537037037037037
1 0.9502604166666667 0.2912037037037037 0.06197916666666667 0.0824074074074074
1 0.4895833333333333 0.18518518518518517 0.03333333333333333 0.05
1 0.3671875 0.14814814814814814 0.03333333333333333 0.044444444444444446
1 0.17083333333333334 0.17546296296296296 0.035416666666666666 0.04722222222222222
1 0.2713541666666667 0.24444444444444444 0.040625 0.06666666666666667
1 0.31223958333333335 0.16666666666666666 0.03177083333333333 0.05925925925925926
1 0.27890625 0.9810185185185185 0.13072916666666667 0.03611111111111111
1 0.8864583333333333 0.25601851851851853 0.05520833333333333 0.06944444444444445
1 0.6734375 0.1486111111111111 0.035416666666666666 0.05648148148148148
1 0.23385416666666667 0.15092592592592594 0.0375 0.06481481481481481
1 0.2638020833333333 0.2152777777777778 0.0484375 0.06018518518518518
1 0.5223958333333333 0.2023148148148148 0.04375 0.06944444444444445
1 0.4578125 0.0837962962962963 0.026041666666666668 0.041666666666666664
1 0.3528645833333333 0.08425925925925926 0.022395833333333334 0.03148148148148148
1 0.32760416666666664 0.18055555555555555 0.035416666666666666 0.06296296296296296
1 0.9864583333333333 0.2652777777777778 0.026041666666666668 0.06759259259259259
1 0.35078125 0.20925925925925926 0.04114583333333333 0.07037037037037037
1 0.25416666666666665 0.17824074074074073 0.0375 0.05648148148148148
1 0.34609375 0.13287037037037036 0.030729166666666665 0.03796296296296296
1 0.8518229166666667 0.15648148148148147 0.03802083333333333 0.05555555555555555
1 0.98359375 0.2273148148148148 0.03177083333333333 0.06018518518518518
1 0.5252604166666667 0.1337962962962963 0.025520833333333333 0.030555555555555555
1 0.41770833333333335 0.19305555555555556 0.040625 0.06759259259259259
1 0.47578125 0.09490740740740741 0.0234375 0.028703703703703703
1 0.4270833333333333 0.21574074074074073 0.025 0.05925925925925926
1 0.28463541666666664 0.12222222222222222 0.03177083333333333 0.046296296296296294
1 0.5677083333333334 0.10601851851851851 0.03125 0.05092592592592592
1 0.77109375 0.1912037037037037 0.0421875 0.05648148148148148
1 0.41848958333333336 0.1111111111111111 0.030729166666666665 0.024074074074074074
1 0.6171875 0.12453703703703704 0.025 0.028703703703703703
1 0.19869791666666667 0.3013888888888889 0.0515625 0.07685185185185185
1 0.8645833333333334 0.21157407407407408 0.053125 0.05648148148148148
1 0.6466145833333333 0.13333333333333333 0.0328125 0.05185185185185185
1 0.43645833333333334 0.13842592592592592 0.03125 0.041666666666666664
1 0.6013020833333333 0.10231481481481482 0.0234375 0.030555555555555555
1 0.5697916666666667 0.07824074074074074 0.022916666666666665 0.01574074074074074
1 0.30052083333333335 0.14212962962962963 0.03333333333333333 0.05462962962962963
1 0.521875 0.11527777777777778 0.028125 0.03981481481481482
1 0.16588541666666667 0.09814814814814815 0.033854166666666664 0.03518518518518519
1 0.6296875 0.10555555555555556 0.021875 0.03148148148148148
1 0.65546875 0.09675925925925925 0.022395833333333334 0.028703703703703703
1 0.17526041666666667 0.225 0.049479166666666664 0.07592592592592592
1 0.41822916666666665 0.13472222222222222 0.030208333333333334 0.04351851851851852
1 0.18619791666666666 0.08055555555555556 0.0140625 0.022222222222222223
1 0.9341145833333333 0.24074074074074073 0.050520833333333334 0.06666666666666667
1 0.5119791666666667 0.08055555555555556 0.020833333333333332 0.024074074074074074
1 0.2078125 0.6847222222222222 0.121875 0.22314814814814815
1 0.41302083333333334 0.06898148148148148 0.015625 0.023148148148148147
1 0.3359375 0.11712962962962963 0.029166666666666667 0.041666666666666664
1 0.6723958333333333 0.10601851851851851 0.017708333333333333 0.026851851851851852
1 0.59765625 0.14027777777777778 0.028645833333333332 0.041666666666666664
1 0.19036458333333334 0.2657407407407407 0.0484375 0.08888888888888889
1 0.1703125 0.1310185185185185 0.03333333333333333 0.030555555555555555
1 0.16875 0.1439814814814815 0.03229166666666667 0.049074074074074076