2 0.8080729166666667 0.13055555555555556 0.06822916666666666 0.14444444444444443
2 0.7171875 0.10833333333333334 0.06770833333333333 0.1111111111111111
1 0.8716145833333333 0.6171296296296296 0.12239583333333333 0.14907407407407408
1 0.96953125 0.737037037037037 0.059895833333333336 0.18518518518518517
1 0.83515625 0.4356481481481482 0.0859375 0.1175925925925926
1 0.5354166666666667 0.8263888888888888 0.15104166666666666 0.20462962962962963
1 0.80625 0.812962962962963 0.15520833333333334 0.20925925925925926
1 0.7247395833333333 0.6916666666666667 0.1203125 0.17777777777777778
1 0.6151041666666667 0.38472222222222224 0.078125 0.10277777777777777
1 0.27630208333333334 0.9662037037037037 0.1703125 0.06574074074074074
1 0.7161458333333334 0.4671296296296296 0.08854166666666667 0.12129629629629629
1 0.3385416666666667 0.4013888888888889 0.07916666666666666 0.10277777777777777
1 0.425 0.3148148148148148 0.06979166666666667 0.10555555555555556
1 0.9229166666666667 0.3236111111111111 0.06458333333333334 0.075
1 0.23958333333333334 0.8074074074074075 0.13229166666666667 0.2037037037037037
1 0.16848958333333333 0.37546296296296294 0.06927083333333334 0.10833333333333334
1 0.45729166666666665 0.6893518518518519 0.16354166666666667 0.23981481481481481
1 0.35703125 0.44675925925925924 0.07864583333333333 0.11018518518518519
1 0.7307291666666667 0.23564814814814813 0.051041666666666666 0.049074074074074076
1 0.5408854166666667 0.3226851851851852 0.05572916666666667 0.08981481481481482
1 0.39010416666666664 0.2722222222222222 0.046875 0.07222222222222222
1 0.8244791666666667 0.2462962962962963 0.05520833333333333 0.06666666666666667
1 0.45026041666666666 0.15694444444444444 0.03802083333333333 0.05462962962962963
1 0.47682291666666665 0.38657407407407407 0.07239583333333334 0.12129629629629629
1 0.51875 0.20092592592592592 0.042708333333333334 0.06851851851851852
1 0.5075520833333333 0.43425925925925923 0.08489583333333334 0.11481481481481481
1 0.1984375 0.29768518518518516 0.052083333333333336 0.07685185185185185
1 0.4869791666666667 0.18333333333333332 0.034375 0.05
1 0.5528645833333333 0.5032407407407408 0.1140625 0.1787037037037037
1 0.49947916666666664 0.27175925925925926 0.05625 0.09166666666666666
1 0.36614583333333334 0.2375 0.04791666666666667 0.0712962962962963
1 0.5776041666666667 0.3486111111111111 0.06458333333333334 0.10092592592592593
1 0.6973958333333333 0.18611111111111112 0.042708333333333334 0.07222222222222222
1 0.4440104166666667 0.2212962962962963 0.04739583333333333 0.06666666666666667
1 0.5783854166666667 0.16342592592592592 0.03697916666666667 0.03981481481481482
1 0.62109375 0.15787037037037038 0.03697916666666667 0.04537037037037037
1 0.8583333333333333 0.29583333333333334 0.065625 0.06388888888888888
1 0.9419270833333333 0.24259259259259258 0.05260416666666667 0.06666666666666667
1 0.2950520833333333 0.287962962962963 0.050520833333333334 0.06851851851851852
1 0.20598958333333334 0.12129629629629629 0.027604166666666666 0.04259259259259259
1 0.4708333333333333 0.24444444444444444 0.042708333333333334 0.07222222222222222
1 0.3846354166666667 0.17314814814814813 0.03697916666666667 0.04814814814814815
1 0.31171875 0.16435185185185186 0.0328125 0.05648148148148148
1 0.28229166666666666 0.25925925925925924 0.046875 0.06481481481481481
1 0.9609375 0.2962962962962963 0.0625 0.08518518518518518
1 0.98359375 0.37824074074074077 0.03177083333333333 0.08796296296296297
1 0.3268229166666667 0.17916666666666667 0.0359375 0.062037037037037036
1 0.4161458333333333 0.19027777777777777 0.040625 0.06574074074074074
1 0.6765625 0.15092592592592594 0.035416666666666666 0.05555555555555555
1 0.7770833333333333 0.36944444444444446 0.07604166666666666 0.11296296296296296
1 0.17109375 0.17407407407407408 0.0359375 0.046296296296296294
1 0.43515625 0.13842592592592592 0.0296875 0.041666666666666664
1 0.2635416666666667 0.21481481481481482 0.04895833333333333 0.06296296296296296
1 0.3658854166666667 0.1476851851851852 0.034895833333333334 0.049074074074074076
1 0.4583333333333333 0.08425925925925926 0.027083333333333334 0.040740740740740744
1 0.25338541666666664 0.17731481481481481 0.03697916666666667 0.05462962962962963
1 0.23489583333333333 0.15046296296296297 0.03854166666666667 0.06388888888888888
1 0.8565104166666667 0.15787037037037038 0.0359375 0.05648148148148148
1 0.6208333333333333 0.12546296296296297 0.026041666666666668 0.026851851851851852
1 0.27578125 0.24305555555555555 0.0484375 0.062037037037037036
1 0.89453125 0.26157407407407407 0.05572916666666667 0.06944444444444445
1 0.3458333333333333 0.13194444444444445 0.03229166666666667 0.03796296296296296
1 0.55234375 0.09814814814814815 0.0171875 0.037037037037037035
1 0.47682291666666665 0.09490740740740741 0.024479166666666666 0.032407407407407406
1 0.60390625 0.10277777777777777 0.022395833333333334 0.03148148148148148
1 0.5700520833333333 0.10601851851851851 0.03177083333333333 0.05092592592592592
1 0.3515625 0.08287037037037037 0.022916666666666665 0.028703703703703703
1 0.16640625 0.10324074074074074 0.0328125 0.04537037037037037
1 0.42526041666666664 0.21342592592592594 0.024479166666666666 0.05648148148148148
1 0.34817708333333336 0.20787037037037037 0.04114583333333333 0.06944444444444445
1 0.29973958333333334 0.14027777777777778 0.0328125 0.05277777777777778
1 0.58671875 0.12685185185185185 0.0296875 0.037037037037037035
1 0.18619791666666666 0.24444444444444444 0.05260416666666667 0.05185185185185185
1 0.28359375 0.12222222222222222 0.0296875 0.046296296296296294
1 0.6510416666666666 0.13564814814814816 0.03229166666666667 0.05277777777777778
1 0.7760416666666666 0.19305555555555556 0.04375 0.058333333333333334
1 0.63125 0.10648148148148148 0.025 0.02962962962962963
1 0.65703125 0.09537037037037037 0.022395833333333334 0.025925925925925925
1 0.675 0.10648148148148148 0.01875 0.03333333333333333
1 0.7848958333333333 0.22592592592592592 0.04583333333333333 0.06666666666666667
1 0.4158854166666667 0.13425925925925927 0.028645833333333332 0.040740740740740744
1 0.20703125 0.6689814814814815 0.11927083333333334 0.21944444444444444
1 0.603125 0.14212962962962963 0.027083333333333334 0.041666666666666664
1 0.17578125 0.2222222222222222 0.049479166666666664 0.07407407407407407
1 0.19010416666666666 0.2638888888888889 0.04895833333333333 0.08703703703703704
1 0.8723958333333334 0.22083333333333333 0.053125 0.07314814814814814
1 0.5234375 0.11527777777777778 0.025 0.03796296296296296
1 0.9890625 0.21805555555555556 0.020833333333333332 0.03796296296296296
1 0.99140625 0.27175925925925926 0.016145833333333335 0.075