1 0.22109375 0.638425925925926 0.11822916666666666 0.1638888888888889
1 0.4078125 0.5791666666666667 0.103125 0.13240740740740742
1 0.9833333333333333 0.749537037037037 0.03229166666666667 0.19166666666666668
1 0.71875 0.7648148148148148 0.16458333333333333 0.25555555555555554
1 0.36875 0.4736111111111111 0.08125 0.11574074074074074
1 0.584375 0.5212962962962963 0.09375 0.13333333333333333
1 0.4817708333333333 0.26342592592592595 0.05520833333333333 0.06944444444444445
1 0.5041666666666667 0.4162037037037037 0.078125 0.11388888888888889
1 0.5963541666666666 0.3597222222222222 0.06041666666666667 0.09166666666666666
1 0.53828125 0.30185185185185187 0.06510416666666667 0.0962962962962963
1 0.46588541666666666 0.38287037037037036 0.059895833333333336 0.09351851851851851
1 0.19270833333333334 0.39351851851851855 0.078125 0.1037037037037037
1 0.7765625 0.26064814814814813 0.06041666666666667 0.05092592592592592
1 0.6984375 0.44027777777777777 0.084375 0.125
1 0.6294270833333333 0.3824074074074074 0.08177083333333333 0.10740740740740741
1 0.8338541666666667 0.5532407407407407 0.11458333333333333 0.1824074074074074
1 0.2765625 0.26851851851851855 0.04479166666666667 0.07222222222222222
1 0.60859375 0.25833333333333336 0.05572916666666667 0.09074074074074075
1 0.4359375 0.21851851851851853 0.04479166666666667 0.06111111111111111
1 0.17057291666666666 0.25555555555555554 0.0453125 0.06296296296296296
1 0.77109375 0.36527777777777776 0.0765625 0.1175925925925926
1 0.3177083333333333 0.34675925925925927 0.06458333333333334 0.08425925925925926
1 0.6791666666666667 0.32222222222222224 0.06666666666666667 0.08888888888888889
1 0.346875 0.42407407407407405 0.075 0.10925925925925926
1 0.63125 0.18981481481481483 0.0375 0.04259259259259259
1 0.153125 0.36018518518518516 0.059375 0.10555555555555556
1 0.37395833333333334 0.25833333333333336 0.041666666666666664 0.06851851851851852
1 0.5692708333333333 0.2351851851851852 0.04895833333333333 0.07962962962962963
1 0.53046875 0.21203703703703702 0.0421875 0.06851851851851852
1 0.40989583333333335 0.2763888888888889 0.053125 0.08796296296296297
1 0.40911458333333334 0.19722222222222222 0.04010416666666667 0.05925925925925926
1 0.4427083333333333 0.33611111111111114 0.06666666666666667 0.10555555555555556
1 0.7130208333333333 0.18472222222222223 0.036458333333333336 0.032407407407407406
1 0.9643229166666667 0.29583333333333334 0.06614583333333333 0.09351851851851851
1 0.18255208333333334 0.22777777777777777 0.04114583333333333 0.05925925925925926
1 0.6770833333333334 0.20185185185185187 0.0375 0.040740740740740744
1 0.79453125 0.14583333333333334 0.028645833333333332 0.041666666666666664
1 0.18880208333333334 0.32037037037037036 0.0546875 0.05185185185185185
1 0.7104166666666667 0.22083333333333333 0.05625 0.06574074074074074
1 0.7666666666666667 0.14027777777777778 0.029166666666666667 0.04351851851851852
1 0.4036458333333333 0.11944444444444445 0.030208333333333334 0.04259259259259259
1 0.3765625 0.15462962962962962 0.028125 0.04259259259259259
1 0.16953125 0.12268518518518519 0.04010416666666667 0.041666666666666664
1 0.36354166666666665 0.23657407407407408 0.041666666666666664 0.06574074074074074
1 0.6953125 0.15185185185185185 0.034375 0.03518518518518519
1 0.5247395833333334 0.13796296296296295 0.0328125 0.03888888888888889
1 0.2565104166666667 0.2162037037037037 0.05260416666666667 0.08425925925925926
1 0.6377604166666667 0.1300925925925926 0.030729166666666665 0.04537037037037037
1 0.9794270833333333 0.2324074074074074 0.04010416666666667 0.06296296296296296
1 0.3489583333333333 0.2050925925925926 0.041666666666666664 0.0712962962962963
1 0.5802083333333333 0.16203703703703703 0.03125 0.03333333333333333
1 0.603125 0.1726851851851852 0.03125 0.03611111111111111
1 0.7104166666666667 0.14166666666666666 0.029166666666666667 0.046296296296296294
1 0.58984375 0.13333333333333333 0.028645833333333332 0.03148148148148148
1 0.32447916666666665 0.19074074074074074 0.03333333333333333 0.05185185185185185
1 0.49661458333333336 0.1037037037037037 0.025520833333333333 0.03333333333333333
1 0.9455729166666667 0.22407407407407406 0.0421875 0.06111111111111111
1 0.30911458333333336 0.29953703703703705 0.0578125 0.08055555555555556
1 0.3059895833333333 0.1574074074074074 0.0265625 0.053703703703703705
1 0.26328125 0.17916666666666667 0.04739583333333333 0.05092592592592592
1 0.32526041666666666 0.16157407407407406 0.03697916666666667 0.041666666666666664
1 0.2830729166666667 0.12453703703703704 0.027604166666666666 0.03796296296296296
1 0.3953125 0.10925925925925926 0.026041666666666668 0.040740740740740744
1 0.18046875 0.18009259259259258 0.03802083333333333 0.04351851851851852
1 0.675 0.17962962962962964 0.040625 0.05
1 0.7049479166666667 0.11064814814814815 0.030729166666666665 0.03981481481481482
1 0.21848958333333332 0.08287037037037037 0.027604166666666666 0.028703703703703703
1 0.3294270833333333 0.11388888888888889 0.024479166666666666 0.040740740740740744
1 0.6778645833333333 0.10694444444444444 0.028645833333333332 0.04722222222222222
1 0.8294270833333334 0.24212962962962964 0.05260416666666667 0.08055555555555556
1 0.6325520833333333 0.15462962962962962 0.0328125 0.044444444444444446
1 0.5658854166666667 0.08564814814814815 0.018229166666666668 0.04351851851851852
1 0.3098958333333333 0.09398148148148149 0.028125 0.03796296296296296
1 0.36822916666666666 0.09259259259259259 0.029166666666666667 0.040740740740740744
1 0.9151041666666667 0.20185185185185187 0.03854166666666667 0.046296296296296294
1 0.809375 0.18564814814814815 0.040625 0.03611111111111111
1 0.6033854166666667 0.11527777777777778 0.028645833333333332 0.030555555555555555
1 0.27890625 0.11388888888888889 0.034895833333333334 0.03333333333333333
1 0.34817708333333336 0.1310185185185185 0.027604166666666666 0.03981481481481482
1 0.54296875 0.06759259259259259 0.022395833333333334 0.027777777777777776
1 0.2947916666666667 0.13240740740740742 0.030208333333333334 0.044444444444444446
1 0.60625 0.10138888888888889 0.029166666666666667 0.03796296296296296
1 0.5166666666666667 0.19675925925925927 0.04583333333333333 0.07685185185185185
1 0.17552083333333332 0.1527777777777778 0.03958333333333333 0.03148148148148148
1 0.52421875 0.09259259259259259 0.0265625 0.04259259259259259
1 0.16848958333333333 0.20185185185185187 0.0390625 0.06851851851851852
1 0.3416666666666667 0.07731481481481481 0.01875 0.030555555555555555
1 0.3502604166666667 0.09212962962962963 0.011979166666666667 0.030555555555555555
1 0.30911458333333336 0.07037037037037037 0.024479166666666666 0.022222222222222223
1 0.8817708333333333 0.25555555555555554 0.06666666666666667 0.10185185185185185
1 0.4322916666666667 0.0875 0.019791666666666666 0.026851851851851852
1 0.2643229166666667 0.0962962962962963 0.0328125 0.03888888888888889
1 0.3690104166666667 0.14444444444444443 0.027604166666666666 0.05
1 0.45859375 0.1 0.022395833333333334 0.02962962962962963
1 0.5518229166666667 0.09953703703703703 0.0140625 0.041666666666666664
1 0.4546875 0.08564814814814815 0.025 0.03425925925925926
1 0.23645833333333333 0.13287037037037036 0.035416666666666666 0.032407407407407406
1 0.21692708333333333 0.11064814814814815 0.03697916666666667 0.03796296296296296
1 0.225 0.11574074074074074 0.029166666666666667 0.03333333333333333
1 0.8919270833333334 0.2337962962962963 0.06510416666666667 0.0712962962962963
1 0.24088541666666666 0.16527777777777777 0.03697916666666667 0.041666666666666664
1 0.9861979166666667 0.18009259259259258 0.0265625 0.041666666666666664
1 0.8010416666666667 0.22592592592592592 0.030208333333333334 0.053703703703703705
1 0.6104166666666667 0.14305555555555555 0.025 0.026851851851851852
1 0.7598958333333333 0.18796296296296297 0.026041666666666668 0.05925925925925926
1 0.40260416666666665 0.1712962962962963 0.0375 0.06481481481481481
1 0.67890625 0.14074074074074075 0.025520833333333333 0.027777777777777776