2 0.6661458333333333 0.36527777777777776 0.10729166666666666 0.20833333333333334
2 0.8447916666666667 0.12731481481481483 0.071875 0.10092592592592593
2 0.7763020833333333 0.08935185185185185 0.058854166666666666 0.09166666666666666
1 0.67890625 0.6435185185185185 0.11614583333333334 0.15
1 0.7427083333333333 0.7648148148148148 0.13645833333333332 0.18888888888888888
1 0.45625 0.6861111111111111 0.12708333333333333 0.2037037037037037
1 0.35625 0.4166666666666667 0.07916666666666666 0.10555555555555556
1 0.57734375 0.3398148148148148 0.0671875 0.08703703703703704
1 0.20677083333333332 0.5638888888888889 0.09270833333333334 0.1259259259259259
1 0.28072916666666664 0.2861111111111111 0.05520833333333333 0.07222222222222222
1 0.6653645833333334 0.20833333333333334 0.0484375 0.04259259259259259
1 0.48854166666666665 0.40370370370370373 0.07291666666666667 0.10740740740740741
1 0.59765625 0.26296296296296295 0.0515625 0.06666666666666667
1 0.5083333333333333 0.28425925925925927 0.053125 0.07592592592592592
1 0.896875 0.2708333333333333 0.0625 0.09907407407407408
1 0.7723958333333333 0.5013888888888889 0.11458333333333333 0.18611111111111112
1 0.3390625 0.36342592592592593 0.084375 0.13055555555555556
1 0.5997395833333333 0.3824074074074074 0.03802083333333333 0.09444444444444444
1 0.5645833333333333 0.23796296296296296 0.05416666666666667 0.07777777777777778
1 0.19166666666666668 0.5055555555555555 0.09166666666666666 0.10925925925925926
1 0.19088541666666667 0.2574074074074074 0.04739583333333333 0.07407407407407407
1 0.4765625 0.2523148148148148 0.053125 0.06574074074074074
1 0.62265625 0.16157407407407406 0.03697916666666667 0.05092592592592592
1 0.2635416666666667 0.20879629629629629 0.03854166666666667 0.05277777777777778
1 0.4747395833333333 0.36342592592592593 0.06510416666666667 0.09537037037037037
1 0.93046875 0.18564814814814815 0.0421875 0.06574074074074074
1 0.6916666666666667 0.13333333333333333 0.020833333333333332 0.04259259259259259
1 0.79765625 0.225 0.0296875 0.06111111111111111
1 0.35104166666666664 0.22037037037037038 0.04895833333333333 0.07777777777777778
1 0.18151041666666667 0.425 0.07135416666666666 0.11296296296296296
1 0.26223958333333336 0.09814814814814815 0.0234375 0.03888888888888889
1 0.484375 0.09907407407407408 0.020833333333333332 0.03518518518518519
1 0.9783854166666667 0.9666666666666667 0.0421875 0.06481481481481481
1 0.38619791666666664 0.1638888888888889 0.034895833333333334 0.053703703703703705
1 0.8466145833333333 0.21203703703703702 0.04739583333333333 0.07592592592592592
1 0.7434895833333334 0.21157407407407408 0.0453125 0.06018518518518518
1 0.4231770833333333 0.3013888888888889 0.0640625 0.11018518518518519
1 0.6065104166666667 0.15 0.0328125 0.05
1 0.4421875 0.22546296296296298 0.04583333333333333 0.05277777777777778
1 0.41015625 0.6106481481481482 0.09739583333333333 0.15092592592592594
1 0.18697916666666667 0.20787037037037037 0.03958333333333333 0.05092592592592592
1 0.31484375 0.1587962962962963 0.033854166666666664 0.05462962962962963
1 0.7317708333333334 0.13935185185185187 0.03229166666666667 0.03796296296296296
1 0.35390625 0.14074074074074075 0.043229166666666666 0.05
1 0.3966145833333333 0.1814814814814815 0.0296875 0.05555555555555555
1 0.32578125 0.11388888888888889 0.033854166666666664 0.03518518518518519
1 0.5505208333333333 0.06759259259259259 0.026041666666666668 0.03333333333333333
1 0.6653645833333334 0.1398148148148148 0.04010416666666667 0.06296296296296296
1 0.9091145833333333 0.1736111111111111 0.0390625 0.06759259259259259
1 0.5677083333333334 0.13425925925925927 0.03229166666666667 0.04814814814814815
1 0.5276041666666667 0.12268518518518519 0.014583333333333334 0.03425925925925926
1 0.73515625 0.1935185185185185 0.06510416666666667 0.07407407407407407
1 0.36223958333333334 0.2564814814814815 0.0328125 0.06666666666666667
1 0.8255208333333334 0.19027777777777777 0.04479166666666667 0.06759259259259259
1 0.29244791666666664 0.13518518518518519 0.033854166666666664 0.05185185185185185
1 0.5065104166666666 0.10601851851851851 0.030729166666666665 0.04722222222222222
1 0.33151041666666664 0.1986111111111111 0.0296875 0.05277777777777778
1 0.24609375 0.16527777777777777 0.03802083333333333 0.049074074074074076
1 0.23645833333333333 0.1398148148148148 0.03333333333333333 0.040740740740740744
1 0.77734375 0.16018518518518518 0.04010416666666667 0.06481481481481481
1 0.96796875 0.19212962962962962 0.05260416666666667 0.07685185185185185
1 0.428125 0.1449074074074074 0.04583333333333333 0.05462962962962963
1 0.42265625 0.0712962962962963 0.022395833333333334 0.03148148148148148
1 0.39453125 0.11342592592592593 0.034895833333333334 0.04537037037037037
1 0.3859375 0.28703703703703703 0.028125 0.07407407407407407
1 0.6458333333333334 0.13148148148148148 0.019791666666666666 0.044444444444444446
1 0.17083333333333334 0.10138888888888889 0.030208333333333334 0.032407407407407406
1 0.2565104166666667 0.1875 0.043229166666666666 0.04537037037037037
1 0.5932291666666667 0.0824074074074074 0.028125 0.02962962962962963
1 0.7625 0.24675925925925926 0.04791666666666667 0.058333333333333334
1 0.37109375 0.09675925925925925 0.0265625 0.04537037037037037
1 0.16927083333333334 0.07916666666666666 0.025 0.019444444444444445
1 0.7466145833333333 0.14675925925925926 0.028645833333333332 0.030555555555555555
1 0.325 0.0699074074074074 0.01875 0.017592592592592594
1 0.39296875 0.262037037037037 0.0484375 0.08148148148148149
1 0.22578125 0.13055555555555556 0.03697916666666667 0.037037037037037035
1 0.6052083333333333 0.09537037037037037 0.022916666666666665 0.016666666666666666
1 0.6473958333333333 0.10046296296296296 0.022916666666666665 0.021296296296296296
1 0.47161458333333334 0.09259259259259259 0.015104166666666667 0.03518518518518519
1 0.5958333333333333 0.1375 0.03333333333333333 0.06388888888888888
1 0.21979166666666666 0.10601851851851851 0.03854166666666667 0.026851851851851852
1 0.33125 0.175 0.03333333333333333 0.046296296296296294
1 0.44869791666666664 0.07916666666666666 0.019270833333333334 0.03425925925925926
1 0.17473958333333334 0.17824074074074073 0.04635416666666667 0.04722222222222222
1 0.42109375 0.18888888888888888 0.04114583333333333 0.06666666666666667
1 0.18671875 0.3662037037037037 0.07760416666666667 0.12129629629629629
1 0.40182291666666664 0.06712962962962964 0.021354166666666667 0.023148148148148147
1 0.6236979166666666 0.1175925925925926 0.030729166666666665 0.040740740740740744
1 0.16848958333333333 0.13935185185185187 0.033854166666666664 0.041666666666666664