1 0.20833333333333334 0.5819444444444445 0.11666666666666667 0.1527777777777778
1 0.5005208333333333 0.7699074074074074 0.13958333333333334 0.18796296296296297
1 0.4546875 0.6601851851851852 0.12708333333333333 0.1648148148148148
1 0.6630208333333333 0.638425925925926 0.12083333333333333 0.16944444444444445
1 0.56875 0.34444444444444444 0.06979166666666667 0.09259259259259259
1 0.9627604166666667 0.3050925925925926 0.0640625 0.08055555555555556
1 0.19244791666666666 0.4703703703703704 0.0890625 0.11481481481481481
1 0.9190104166666667 0.9087962962962963 0.1609375 0.18055555555555555
1 0.31796875 0.350462962962963 0.06302083333333333 0.09166666666666666
1 0.6635416666666667 0.9689814814814814 0.14583333333333334 0.06018518518518518
1 0.7817708333333333 0.524074074074074 0.09375 0.13333333333333333
1 0.36354166666666665 0.4875 0.09166666666666666 0.12314814814814815
1 0.5958333333333333 0.5652777777777778 0.103125 0.13796296296296295
1 0.503125 0.2763888888888889 0.05625 0.075
1 0.6330729166666667 0.2828703703703704 0.0578125 0.08796296296296297
1 0.8361979166666667 0.5712962962962963 0.1234375 0.16296296296296298
1 0.8997395833333334 0.47175925925925927 0.09635416666666667 0.12685185185185185
1 0.66875 0.4134259259259259 0.08854166666666667 0.1398148148148148
1 0.43020833333333336 0.3347222222222222 0.05416666666666667 0.08796296296296297
1 0.7549479166666667 0.36018518518518516 0.0796875 0.12037037037037036
1 0.18567708333333333 0.3212962962962963 0.05677083333333333 0.08333333333333333
1 0.4791666666666667 0.3675925925925926 0.07083333333333333 0.11296296296296296
1 0.41432291666666665 0.3013888888888889 0.05364583333333333 0.08055555555555556
1 0.8497395833333333 0.21666666666666667 0.043229166666666666 0.06481481481481481
1 0.3572916666666667 0.4041666666666667 0.07291666666666667 0.10277777777777777
1 0.7033854166666667 0.3138888888888889 0.06822916666666666 0.09814814814814815
1 0.2833333333333333 0.2671296296296296 0.0625 0.10277777777777777
1 0.4453125 0.15046296296296297 0.035416666666666666 0.04722222222222222
1 0.9348958333333334 0.6921296296296297 0.12916666666666668 0.19537037037037036
1 0.39739583333333334 0.1162037037037037 0.034375 0.05462962962962963
1 0.8247395833333333 0.24444444444444444 0.05260416666666667 0.07222222222222222
1 0.2375 0.1486111111111111 0.03125 0.04351851851851852
1 0.3765625 0.10740740740740741 0.015625 0.03333333333333333
1 0.38671875 0.25462962962962965 0.050520833333333334 0.08518518518518518
1 0.44479166666666664 0.21157407407407408 0.046875 0.075
1 0.3536458333333333 0.2375 0.0375 0.06018518518518518
1 0.17864583333333334 0.1527777777777778 0.041666666666666664 0.06111111111111111
1 0.7513020833333334 0.17962962962962964 0.04010416666666667 0.053703703703703705
1 0.30755208333333334 0.16157407407407406 0.0359375 0.05092592592592592
1 0.4609375 0.24537037037037038 0.05 0.06481481481481481
1 0.3515625 0.21064814814814814 0.04375 0.0712962962962963
1 0.9484375 0.24444444444444444 0.05625 0.07037037037037037
1 0.28125 0.11527777777777778 0.03854166666666667 0.049074074074074076
1 0.475 0.11666666666666667 0.026041666666666668 0.04814814814814815
1 0.5997395833333333 0.16666666666666666 0.04010416666666667 0.04814814814814815
1 0.22994791666666667 0.12731481481481483 0.03177083333333333 0.041666666666666664
1 0.3484375 0.1337962962962963 0.029166666666666667 0.049074074074074076
1 0.61171875 0.15 0.03177083333333333 0.04814814814814815
1 0.39739583333333334 0.18009259259259258 0.035416666666666666 0.058333333333333334
1 0.6778645833333333 0.1814814814814815 0.0296875 0.06481481481481481
1 0.8088541666666667 0.19166666666666668 0.042708333333333334 0.06666666666666667
1 0.6135416666666667 0.25833333333333336 0.05625 0.09814814814814815
1 0.1875 0.27824074074074073 0.05416666666666667 0.06944444444444445
1 0.37552083333333336 0.16111111111111112 0.034375 0.046296296296296294
1 0.7223958333333333 0.14675925925925926 0.03125 0.03981481481481482
1 0.63828125 0.19074074074074074 0.04114583333333333 0.037037037037037035
1 0.6635416666666667 0.14814814814814814 0.035416666666666666 0.046296296296296294
1 0.28567708333333336 0.14305555555555555 0.028645833333333332 0.041666666666666664
1 0.84296875 0.17314814814814813 0.04010416666666667 0.02962962962962963
1 0.5611979166666666 0.48194444444444445 0.09635416666666667 0.15462962962962962
1 0.36614583333333334 0.09351851851851851 0.021875 0.03333333333333333
1 0.63828125 0.11435185185185186 0.0265625 0.03796296296296296
1 0.1578125 0.08981481481481482 0.023958333333333335 0.040740740740740744
1 0.32916666666666666 0.07314814814814814 0.027083333333333334 0.027777777777777776
1 0.7666666666666667 0.21666666666666667 0.04583333333333333 0.06666666666666667
1 0.33229166666666665 0.19212962962962962 0.03229166666666667 0.06574074074074074
1 0.9059895833333333 0.1884259259259259 0.050520833333333334 0.06944444444444445
1 0.35833333333333334 0.15324074074074073 0.026041666666666668 0.041666666666666664
1 0.17317708333333334 0.18518518518518517 0.0421875 0.037037037037037035
1 0.7083333333333334 0.1875 0.051041666666666666 0.07685185185185185
1 0.3294270833333333 0.1175925925925926 0.0265625 0.04259259259259259
1 0.6536458333333334 0.10046296296296296 0.023958333333333335 0.04351851851851852
1 0.26328125 0.09768518518518518 0.0234375 0.03425925925925926
1 0.57421875 0.15601851851851853 0.0265625 0.03611111111111111
1 0.43776041666666665 0.1375 0.03177083333333333 0.05277777777777778
1 0.7109375 0.11944444444444445 0.026041666666666668 0.03518518518518519
1 0.61640625 0.12824074074074074 0.033854166666666664 0.04537037037037037
1 0.5760416666666667 0.10185185185185185 0.026041666666666668 0.03333333333333333
1 0.684375 0.1287037037037037 0.030208333333333334 0.044444444444444446
1 0.58046875 0.13055555555555556 0.028645833333333332 0.025925925925925925
1 0.32369791666666664 0.09398148148148149 0.0296875 0.04351851851851852
1 0.7984375 0.15648148148148147 0.022916666666666665 0.025925925925925925
1 0.9484375 0.22361111111111112 0.053125 0.030555555555555555
1 0.521875 0.08796296296296297 0.025 0.03888888888888889
1 0.51171875 0.12824074074074074 0.027604166666666666 0.028703703703703703
1 0.259375 0.18611111111111112 0.046875 0.05925925925925926
1 0.41380208333333335 0.19074074074074074 0.03177083333333333 0.05
1 0.175 0.10648148148148148 0.028125 0.02962962962962963
1 0.3971354166666667 0.06944444444444445 0.015104166666666667 0.018518518518518517
1 0.8583333333333333 0.15787037037037038 0.04895833333333333 0.06759259259259259
1 0.21380208333333334 0.08703703703703704 0.028645833333333332 0.03888888888888889
1 0.28619791666666666 0.20462962962962963 0.0359375 0.02962962962962963
1 0.17369791666666667 0.25092592592592594 0.043229166666666666 0.07777777777777778
1 0.275 0.22546296296296298 0.058333333333333334 0.0712962962962963
1 0.4934895833333333 0.09768518518518518 0.024479166666666666 0.041666666666666664
1 0.16458333333333333 0.13148148148148148 0.026041666666666668 0.03888888888888889
1 0.9768229166666667 0.19675925925925927 0.0453125 0.06759259259259259
1 0.553125 0.1439814814814815 0.020833333333333332 0.030555555555555555
1 0.17421875 0.19953703703703704 0.04739583333333333 0.06759259259259259