3 0.9411458333333333 0.27361111111111114 0.06979166666666667 0.10462962962962963
2 0.91171875 0.1824074074074074 0.08697916666666666 0.17962962962962964
1 0.4609375 0.7282407407407407 0.13541666666666666 0.1824074074074074
1 0.6841145833333333 0.4546296296296296 0.09010416666666667 0.11666666666666667
1 0.1140625 0.40879629629629627 0.071875 0.09907407407407408
1 0.21614583333333334 0.6986111111111111 0.12708333333333333 0.16574074074074074
1 0.8640625 0.8967592592592593 0.165625 0.20462962962962963
1 0.271875 0.9231481481481482 0.1875 0.15185185185185185
1 0.4205729166666667 0.562962962962963 0.10364583333333334 0.14074074074074075
1 0.3609375 0.4638888888888889 0.08333333333333333 0.11851851851851852
1 0.5221354166666666 0.3037037037037037 0.0609375 0.07962962962962963
1 0.18854166666666666 0.3490740740740741 0.0625 0.08888888888888889
1 0.5828125 0.3490740740740741 0.06875 0.0962962962962963
1 0.5791666666666667 0.49675925925925923 0.09583333333333334 0.15462962962962962
1 0.50859375 0.4356481481481482 0.08177083333333333 0.11203703703703703
1 0.7020833333333333 0.19305555555555556 0.042708333333333334 0.058333333333333334
1 0.7752604166666667 0.3736111111111111 0.08072916666666667 0.11574074074074074
1 0.8786458333333333 0.5995370370370371 0.13020833333333334 0.20277777777777778
1 0.47369791666666666 0.38425925925925924 0.07135416666666666 0.1
1 0.49713541666666666 0.18287037037037038 0.04010416666666667 0.05462962962962963
1 0.40963541666666664 0.12638888888888888 0.0234375 0.03981481481481482
1 0.453125 0.22870370370370371 0.0375 0.06111111111111111
1 0.38229166666666664 0.2523148148148148 0.053125 0.0824074074074074
1 0.30833333333333335 0.32731481481481484 0.07291666666666667 0.12314814814814815
1 0.9690104166666667 0.5120370370370371 0.0609375 0.1685185185185185
1 0.8989583333333333 0.44074074074074077 0.10520833333333333 0.14444444444444443
1 0.5630208333333333 0.1527777777777778 0.03333333333333333 0.03333333333333333
1 0.6549479166666666 0.1699074074074074 0.03802083333333333 0.058333333333333334
1 0.39088541666666665 0.18055555555555555 0.0328125 0.044444444444444446
1 0.4744791666666667 0.1638888888888889 0.036458333333333336 0.05555555555555555
1 0.7927083333333333 0.23055555555555557 0.04791666666666667 0.06296296296296296
1 0.4348958333333333 0.3106481481481482 0.06041666666666667 0.10277777777777777
1 0.175 0.17175925925925925 0.040625 0.05648148148148148
1 0.4401041666666667 0.2125 0.03958333333333333 0.06759259259259259
1 0.37447916666666664 0.15416666666666667 0.034375 0.05277777777777778
1 0.43463541666666666 0.13935185185185187 0.0390625 0.06018518518518518
1 0.6916666666666667 0.15462962962962962 0.03854166666666667 0.05555555555555555
1 0.4158854166666667 0.19305555555555556 0.03802083333333333 0.05648148148148148
1 0.21848958333333332 0.1726851851851852 0.04739583333333333 0.0712962962962963
1 0.32838541666666665 0.1875 0.0453125 0.062037037037037036
1 0.38984375 0.10601851851851851 0.025520833333333333 0.03796296296296296
1 0.7244791666666667 0.1398148148148148 0.029166666666666667 0.040740740740740744
1 0.16328125 0.26851851851851855 0.0453125 0.06666666666666667
1 0.56640625 0.10740740740740741 0.03177083333333333 0.03888888888888889
1 0.15598958333333332 0.09722222222222222 0.025520833333333333 0.040740740740740744
1 0.18177083333333333 0.2967592592592593 0.052083333333333336 0.09351851851851851
1 0.79140625 0.14629629629629629 0.03697916666666667 0.03888888888888889
1 0.5549479166666667 0.11898148148148148 0.021354166666666667 0.03425925925925926
1 0.4953125 0.2537037037037037 0.06354166666666666 0.08888888888888889
1 0.515625 0.1259259259259259 0.01875 0.02962962962962963
1 0.7427083333333333 0.337037037037037 0.075 0.12777777777777777
1 0.7705729166666667 0.11481481481481481 0.03802083333333333 0.02962962962962963
1 0.34869791666666666 0.12407407407407407 0.0359375 0.04259259259259259
1 0.8640625 0.16435185185185186 0.017708333333333333 0.06018518518518518
1 0.6619791666666667 0.10648148148148148 0.025 0.03518518518518519
1 0.2734375 0.21898148148148147 0.046875 0.062037037037037036
1 0.7505208333333333 0.1787037037037037 0.041666666666666664 0.05555555555555555
1 0.6213541666666667 0.10416666666666667 0.025 0.03425925925925926
1 0.43984375 0.09166666666666666 0.0234375 0.027777777777777776
1 0.27057291666666666 0.11018518518518519 0.024479166666666666 0.04259259259259259
1 0.40208333333333335 0.2884259259259259 0.04479166666666667 0.07314814814814814
1 0.34921875 0.08148148148148149 0.021354166666666667 0.03333333333333333
1 0.8010416666666667 0.19212962962962962 0.03125 0.058333333333333334
1 0.66796875 0.13240740740740742 0.03177083333333333 0.025925925925925925
1 0.6510416666666666 0.10092592592592593 0.021875 0.03518518518518519
1 0.2598958333333333 0.21342592592592594 0.041666666666666664 0.07685185185185185
1 0.76953125 0.7398148148148148 0.14635416666666667 0.2351851851851852
1 0.496875 0.11666666666666667 0.025 0.027777777777777776
1 0.6169270833333333 0.1486111111111111 0.04114583333333333 0.06574074074074074
1 0.5877604166666667 0.09537037037037037 0.0234375 0.03148148148148148
1 0.2942708333333333 0.12129629629629629 0.03125 0.03888888888888889
1 0.9598958333333333 0.20833333333333334 0.015625 0.02962962962962963
1 0.5908854166666667 0.1439814814814815 0.024479166666666666 0.05277777777777778
1 0.17005208333333333 0.08009259259259259 0.0234375 0.023148148148148147
1 0.3619791666666667 0.22870370370370371 0.03854166666666667 0.07592592592592592
1 0.17578125 0.11712962962962963 0.028645833333333332 0.03611111111111111
1 0.2838541666666667 0.2657407407407407 0.046875 0.09074074074074075
1 0.23828125 0.13935185185185187 0.03177083333333333 0.03796296296296296
1 0.35572916666666665 0.1375 0.034375 0.04537037037037037
1 0.6122395833333333 0.08425925925925926 0.025520833333333333 0.03518518518518519
1 0.17760416666666667 0.22916666666666666 0.046875 0.04537037037037037
1 0.3385416666666667 0.11064814814814815 0.03125 0.05648148148148148
1 0.30911458333333336 0.27037037037037037 0.06302083333333333 0.07222222222222222
1 0.1578125 0.22361111111111112 0.03958333333333333 0.05462962962962963
1 0.4609375 0.08518518518518518 0.022916666666666665 0.037037037037037035
1 0.27005208333333336 0.1638888888888889 0.034895833333333334 0.05
1 0.9924479166666667 0.21064814814814814 0.0140625 0.06018518518518518