2 0.8880208333333334 0.1574074074074074 0.08645833333333333 0.14629629629629629
1 0.7677083333333333 0.7569444444444444 0.14479166666666668 0.18796296296296297
1 0.6119791666666666 0.5847222222222223 0.103125 0.14351851851851852
1 0.8924479166666667 0.6416666666666667 0.12552083333333333 0.15925925925925927
1 0.5244791666666667 0.30092592592592593 0.057291666666666664 0.07777777777777778
1 0.5716145833333334 0.513425925925926 0.08802083333333334 0.12129629629629629
1 0.2015625 0.4824074074074074 0.08020833333333334 0.10740740740740741
1 0.8427083333333333 0.28564814814814815 0.06145833333333333 0.06574074074074074
1 0.3958333333333333 0.5462962962962963 0.10104166666666667 0.15925925925925927
1 0.45338541666666665 0.34953703703703703 0.06927083333333334 0.09351851851851851
1 0.6802083333333333 0.41759259259259257 0.09583333333333334 0.1574074074074074
1 0.87734375 0.25462962962962965 0.05572916666666667 0.06851851851851852
1 0.36614583333333334 0.5 0.07708333333333334 0.12222222222222222
1 0.42864583333333334 0.31574074074074077 0.052083333333333336 0.08333333333333333
1 0.19270833333333334 0.43425925925925923 0.07916666666666666 0.09814814814814815
1 0.47734375 0.25324074074074077 0.04739583333333333 0.06944444444444445
1 0.3138020833333333 0.31805555555555554 0.07239583333333334 0.11574074074074074
1 0.6609375 0.17962962962962964 0.040625 0.053703703703703705
1 0.72890625 0.2351851851851852 0.05364583333333333 0.046296296296296294
1 0.2708333333333333 0.25601851851851853 0.051041666666666666 0.06759259259259259
1 0.9546875 0.5212962962962963 0.08958333333333333 0.13148148148148148
1 0.5317708333333333 0.2125 0.046875 0.0712962962962963
1 0.5942708333333333 0.14629629629629629 0.034375 0.05
1 0.97734375 0.3101851851851852 0.044270833333333336 0.1037037037037037
1 0.5627604166666667 0.23564814814814813 0.0453125 0.06759259259259259
1 0.5458333333333333 0.3300925925925926 0.035416666666666666 0.0824074074074074
1 0.178125 0.3680555555555556 0.06145833333333333 0.10092592592592593
1 0.33255208333333336 0.3587962962962963 0.06822916666666666 0.09166666666666666
1 0.5609375 0.13333333333333333 0.030208333333333334 0.03888888888888889
1 0.9247395833333333 0.23703703703703705 0.0515625 0.08333333333333333
1 0.1875 0.23425925925925925 0.04375 0.06666666666666667
1 0.45078125 0.22777777777777777 0.04635416666666667 0.06296296296296296
1 0.9817708333333334 0.19722222222222222 0.035416666666666666 0.06481481481481481
1 0.40208333333333335 0.26805555555555555 0.059375 0.09907407407407408
1 0.8072916666666666 0.23657407407407408 0.051041666666666666 0.06944444444444445
1 0.5200520833333333 0.1125 0.03177083333333333 0.05092592592592592
1 0.43723958333333335 0.07685185185185185 0.022395833333333334 0.03333333333333333
1 0.38177083333333334 0.10462962962962963 0.03229166666666667 0.04259259259259259
1 0.39921875 0.1648148148148148 0.0359375 0.046296296296296294
1 0.18541666666666667 0.1935185185185185 0.0375 0.05
1 0.4125 0.0699074074074074 0.019791666666666666 0.026851851851851852
1 0.36692708333333335 0.25833333333333336 0.030729166666666665 0.06851851851851852
1 0.6283854166666667 0.10555555555555556 0.024479166666666666 0.022222222222222223
1 0.27239583333333334 0.10555555555555556 0.030208333333333334 0.04259259259259259
1 0.2296875 0.12962962962962962 0.027083333333333334 0.03888888888888889
1 0.28671875 0.12685185185185185 0.030729166666666665 0.046296296296296294
1 0.7263020833333333 0.14629629629629629 0.0203125 0.046296296296296294
1 0.2559895833333333 0.18981481481481483 0.034895833333333334 0.05
1 0.6252604166666667 0.1527777777777778 0.033854166666666664 0.06111111111111111
1 0.17630208333333333 0.1824074074074074 0.033854166666666664 0.05185185185185185
1 0.34453125 0.23425925925925925 0.0234375 0.05555555555555555
1 0.4627604166666667 0.08472222222222223 0.021354166666666667 0.03611111111111111
1 0.33151041666666664 0.12175925925925926 0.019270833333333334 0.032407407407407406
1 0.9458333333333333 0.22083333333333333 0.053125 0.08611111111111111
1 0.21692708333333333 0.11435185185185186 0.030729166666666665 0.05277777777777778
1 0.31614583333333335 0.16157407407407406 0.042708333333333334 0.04722222222222222
1 0.6466145833333333 0.16574074074074074 0.0359375 0.053703703703703705
1 0.3028645833333333 0.1476851851851852 0.030729166666666665 0.05277777777777778
1 0.7791666666666667 0.16111111111111112 0.036458333333333336 0.05740740740740741
1 0.35078125 0.12962962962962962 0.0328125 0.04259259259259259
1 0.37447916666666664 0.15046296296296297 0.035416666666666666 0.049074074074074076
1 0.6013020833333333 0.33564814814814814 0.08177083333333333 0.13240740740740742
1 0.9635416666666666 0.16342592592592592 0.035416666666666666 0.023148148148148147
1 0.4010416666666667 0.19953703703703704 0.0375 0.03611111111111111
1 0.8252604166666667 0.17453703703703705 0.043229166666666666 0.06759259259259259
1 0.31744791666666666 0.10648148148148148 0.0328125 0.03518518518518519
1 0.42916666666666664 0.19490740740740742 0.03229166666666667 0.03796296296296296
1 0.3609375 0.08842592592592592 0.025 0.04351851851851852
1 0.6125 0.08472222222222223 0.029166666666666667 0.025
1 0.31796875 0.06805555555555555 0.019270833333333334 0.017592592592592594
1 0.6940104166666666 0.1537037037037037 0.05572916666666667 0.06666666666666667
1 0.9294270833333333 0.9208333333333333 0.14010416666666667 0.15648148148148147
1 0.1703125 0.16157407407407406 0.042708333333333334 0.05092592592592592
1 0.3770833333333333 0.16620370370370371 0.022916666666666665 0.049074074074074076
1 0.79296875 0.2175925925925926 0.0640625 0.08333333333333333
1 0.1703125 0.12916666666666668 0.0375 0.03796296296296296
1 0.6739583333333333 0.10925925925925926 0.028125 0.024074074074074074
1 0.37838541666666664 0.06759259259259259 0.018229166666666668 0.020370370370370372
1 0.24088541666666666 0.15416666666666667 0.0359375 0.04722222222222222
1 0.8145833333333333 0.19166666666666668 0.021875 0.02962962962962963
1 0.49192708333333335 0.09953703703703703 0.022395833333333334 0.03981481481481482
1 0.4205729166666667 0.13333333333333333 0.0265625 0.046296296296296294
1 0.3692708333333333 0.2361111111111111 0.042708333333333334 0.07407407407407407
1 0.25 0.17222222222222222 0.04791666666666667 0.044444444444444446
1 0.33515625 0.20046296296296295 0.04635416666666667 0.0712962962962963
1 0.18255208333333334 0.31851851851851853 0.07135416666666666 0.10555555555555556