2 0.9614583333333333 0.1736111111111111 0.07604166666666666 0.18425925925925926
2 0.81328125 0.13518518518518519 0.06510416666666667 0.12962962962962962
2 0.73359375 0.41805555555555557 0.12135416666666667 0.2361111111111111
2 0.7541666666666667 0.08611111111111111 0.05416666666666667 0.08518518518518518
1 0.8026041666666667 0.8 0.14583333333333334 0.18518518518518517
1 0.6244791666666667 0.37916666666666665 0.07604166666666666 0.09722222222222222
1 0.9705729166666667 0.30787037037037035 0.0578125 0.08796296296296297
1 0.18203125 0.5763888888888888 0.1015625 0.12129629629629629
1 0.46822916666666664 0.7356481481481482 0.13125 0.1824074074074074
1 0.52734375 0.46111111111111114 0.0859375 0.12222222222222222
1 0.21484375 0.6504629629629629 0.10677083333333333 0.14351851851851852
1 0.5393229166666667 0.3143518518518518 0.0578125 0.0824074074074074
1 0.5489583333333333 0.8476851851851852 0.16041666666666668 0.2601851851851852
1 0.37734375 0.4740740740740741 0.08697916666666666 0.12037037037037036
1 0.6276041666666666 0.1875 0.042708333333333334 0.03796296296296296
1 0.6229166666666667 0.29583333333333334 0.058333333333333334 0.08055555555555556
1 0.29348958333333336 0.3138888888888889 0.059895833333333336 0.07777777777777778
1 0.19244791666666666 0.2791666666666667 0.0515625 0.0787037037037037
1 0.3541666666666667 0.41064814814814815 0.09270833333333334 0.14537037037037037
1 0.5015625 0.2759259259259259 0.05625 0.07407407407407407
1 0.9130208333333333 0.937962962962963 0.171875 0.12222222222222222
1 0.86015625 0.5902777777777778 0.13489583333333333 0.2175925925925926
1 0.5106770833333333 0.40925925925925927 0.07239583333333334 0.10925925925925926
1 0.8385416666666666 0.24675925925925926 0.05625 0.08981481481481482
1 0.2671875 0.22453703703703703 0.041666666666666664 0.05648148148148148
1 0.5924479166666666 0.2611111111111111 0.05572916666666667 0.08333333333333333
1 0.5971354166666667 0.1486111111111111 0.034895833333333334 0.04722222222222222
1 0.7046875 0.22777777777777777 0.04479166666666667 0.06296296296296296
1 0.43411458333333336 0.33194444444444443 0.07135416666666666 0.12129629629629629
1 0.73984375 0.20555555555555555 0.03802083333333333 0.05925925925925926
1 0.640625 0.13055555555555556 0.0375 0.05925925925925926
1 0.39791666666666664 0.17592592592592593 0.03854166666666667 0.05555555555555555
1 0.18828125 0.4013888888888889 0.0796875 0.11388888888888889
1 0.66875 0.12453703703703704 0.022916666666666665 0.03611111111111111
1 0.8971354166666666 0.17592592592592593 0.03697916666666667 0.06111111111111111
1 0.34348958333333335 0.2111111111111111 0.0359375 0.05925925925925926
1 0.9567708333333333 0.25416666666666665 0.059375 0.075
1 0.46901041666666665 0.09212962962962963 0.0265625 0.03611111111111111
1 0.296875 0.1439814814814815 0.034375 0.05462962962962963
1 0.22942708333333334 0.12824074074074074 0.0359375 0.05462962962962963
1 0.3653645833333333 0.15092592592592594 0.03697916666666667 0.05
1 0.4942708333333333 0.10092592592592593 0.03125 0.044444444444444446
1 0.703125 0.12916666666666668 0.030208333333333334 0.032407407407407406
1 0.9158854166666667 0.1824074074074074 0.0234375 0.07222222222222222
1 0.4484375 0.15601851851851853 0.034375 0.05462962962962963
1 0.24114583333333334 0.14814814814814814 0.035416666666666666 0.04259259259259259
1 0.5809895833333333 0.14027777777777778 0.0296875 0.04722222222222222
1 0.18880208333333334 0.23148148148148148 0.0421875 0.06481481481481481
1 0.25026041666666665 0.175 0.04010416666666667 0.05185185185185185
1 0.26614583333333336 0.1037037037037037 0.025 0.040740740740740744
1 0.40677083333333336 0.12546296296296297 0.030208333333333334 0.041666666666666664
1 0.3372395833333333 0.18935185185185185 0.044270833333333336 0.05648148148148148
1 0.51796875 0.11527777777777778 0.027604166666666666 0.03611111111111111
1 0.16875 0.08611111111111111 0.028125 0.02962962962962963
1 0.3802083333333333 0.10416666666666667 0.026041666666666668 0.049074074074074076
1 0.45260416666666664 0.08425925925925926 0.01875 0.03148148148148148
1 0.2799479166666667 0.11851851851851852 0.027604166666666666 0.044444444444444446
1 0.47239583333333335 0.25277777777777777 0.05 0.06851851851851852
1 0.8033854166666666 0.19490740740740742 0.0328125 0.0712962962962963
1 0.4359375 0.20555555555555555 0.042708333333333334 0.07407407407407407
1 0.37057291666666664 0.27870370370370373 0.0390625 0.07222222222222222
1 0.7177083333333333 0.16342592592592592 0.028125 0.03611111111111111
1 0.3229166666666667 0.1699074074074074 0.034375 0.06018518518518518
1 0.35234375 0.13657407407407407 0.027604166666666666 0.03425925925925926
1 0.33932291666666664 0.12083333333333333 0.028645833333333332 0.03611111111111111
1 0.58125 0.08055555555555556 0.028125 0.02962962962962963
1 0.3177083333333333 0.1 0.029166666666666667 0.037037037037037035
1 0.6044270833333333 0.1175925925925926 0.03177083333333333 0.053703703703703705
1 0.4140625 0.07037037037037037 0.01875 0.022222222222222223
1 0.17630208333333333 0.1884259259259259 0.04635416666666667 0.049074074074074076
1 0.56171875 0.11157407407407408 0.0359375 0.062037037037037036
1 0.2643229166666667 0.20046296296296295 0.0453125 0.04722222222222222
1 0.70078125 0.19212962962962962 0.04114583333333333 0.05648148148148148
1 0.7161458333333334 0.1375 0.027083333333333334 0.026851851851851852
1 0.7442708333333333 0.1449074074074074 0.036458333333333336 0.05277777777777778
1 0.39739583333333334 0.11712962962962963 0.028125 0.04722222222222222
1 0.328125 0.07175925925925926 0.020833333333333332 0.021296296296296296
1 0.3651041666666667 0.2388888888888889 0.052083333333333336 0.08333333333333333
1 0.41041666666666665 0.19490740740740742 0.029166666666666667 0.058333333333333334
1 0.40520833333333334 0.30972222222222223 0.05 0.08425925925925926
1 0.628125 0.10555555555555556 0.022916666666666665 0.03888888888888889
1 0.43802083333333336 0.075 0.017708333333333333 0.03148148148148148
1 0.42942708333333335 0.14351851851851852 0.0265625 0.040740740740740744
1 0.16796875 0.1476851851851852 0.0328125 0.04351851851851852
1 0.878125 0.1648148148148148 0.0375 0.06481481481481481
1 0.18958333333333333 0.48009259259259257 0.08333333333333333 0.12129629629629629
1 0.4588541666666667 0.24166666666666667 0.040625 0.06481481481481481
1 0.18177083333333333 0.2152777777777778 0.042708333333333334 0.05462962962962963
1 0.540625 0.06712962962962964 0.023958333333333335 0.03425925925925926
1 0.6861979166666666 0.17777777777777778 0.0390625 0.06666666666666667
1 0.7604166666666666 0.1763888888888889 0.027083333333333334 0.06388888888888888
1 0.4049479166666667 0.27314814814814814 0.050520833333333334 0.06851851851851852
1 0.6544270833333333 0.43287037037037035 0.050520833333333334 0.11018518518518519