2 0.9544270833333334 0.47453703703703703 0.09010416666666667 0.2101851851851852
2 0.9403645833333333 0.17175925925925925 0.0953125 0.15648148148148147
2 0.5528645833333333 0.2773148148148148 0.0796875 0.16203703703703703
2 0.8455729166666667 0.1050925925925926 0.06510416666666667 0.09537037037037037
1 0.7666666666666667 0.5296296296296297 0.10416666666666667 0.13333333333333333
1 0.64296875 0.6050925925925926 0.1171875 0.15462962962962962
1 0.19817708333333334 0.4287037037037037 0.07135416666666666 0.09444444444444444
1 0.5015625 0.44074074074074077 0.078125 0.10555555555555556
1 0.8 0.26805555555555555 0.06041666666666667 0.05277777777777778
1 0.42578125 0.31527777777777777 0.0609375 0.08425925925925926
1 0.928125 0.32731481481481484 0.06875 0.07314814814814814
1 0.8377604166666667 0.43657407407407406 0.09114583333333333 0.1175925925925926
1 0.9502604166666667 0.6759259259259259 0.0984375 0.22592592592592592
1 0.31197916666666664 0.32314814814814813 0.06145833333333333 0.08703703703703704
1 0.5463541666666667 0.4888888888888889 0.08854166666666667 0.12407407407407407
1 0.019791666666666666 0.5083333333333333 0.03958333333333333 0.11296296296296296
1 0.6979166666666666 0.19583333333333333 0.042708333333333334 0.058333333333333334
1 0.87578125 0.26296296296296295 0.05572916666666667 0.07962962962962963
1 0.3984375 0.28564814814814815 0.04895833333333333 0.0787037037037037
1 0.42734375 0.21064814814814814 0.043229166666666666 0.058333333333333334
1 0.9739583333333334 0.2884259259259259 0.051041666666666666 0.075
1 0.49296875 0.27314814814814814 0.0515625 0.07037037037037037
1 0.46067708333333335 0.888425925925926 0.1703125 0.2212962962962963
1 0.7369791666666666 0.7402777777777778 0.14375 0.23055555555555557
1 0.25052083333333336 0.17777777777777778 0.0375 0.04814814814814815
1 0.19401041666666666 0.3837962962962963 0.0703125 0.08425925925925926
1 0.45651041666666664 0.2310185185185185 0.043229166666666666 0.06388888888888888
1 0.6166666666666667 0.36666666666666664 0.084375 0.13518518518518519
1 0.5065104166666666 0.29814814814814816 0.0328125 0.07407407407407407
1 0.2713541666666667 0.2361111111111111 0.05416666666666667 0.06296296296296296
1 0.6229166666666667 0.15787037037037038 0.034375 0.05277777777777778
1 0.36692708333333335 0.4675925925925926 0.0859375 0.14074074074074075
1 0.3802083333333333 0.2439814814814815 0.05520833333333333 0.09351851851851851
1 0.3419270833333333 0.43425925925925923 0.07135416666666666 0.10925925925925926
1 0.18307291666666667 0.18009259259259258 0.03697916666666667 0.04722222222222222
1 0.44869791666666664 0.0824074074074074 0.025520833333333333 0.03148148148148148
1 0.19791666666666666 0.14212962962962963 0.029166666666666667 0.03796296296296296
1 0.6825520833333333 0.1814814814814815 0.03697916666666667 0.05740740740740741
1 0.17421875 0.3300925925925926 0.05364583333333333 0.08981481481481482
1 0.32421875 0.1865740740740741 0.04114583333333333 0.06574074074074074
1 0.2986979166666667 0.287962962962963 0.0640625 0.1037037037037037
1 0.8533854166666667 0.2361111111111111 0.06822916666666666 0.08148148148148149
1 0.5888020833333333 0.14629629629629629 0.034895833333333334 0.040740740740740744
1 0.32447916666666665 0.11574074074074074 0.020833333333333332 0.03333333333333333
1 0.16796875 0.12407407407407407 0.030729166666666665 0.03333333333333333
1 0.24010416666666667 0.16064814814814815 0.041666666666666664 0.04722222222222222
1 0.40651041666666665 0.1875 0.0421875 0.04537037037037037
1 0.21510416666666668 0.10601851851851851 0.029166666666666667 0.04351851851851852
1 0.29635416666666664 0.13842592592592592 0.030208333333333334 0.05092592592592592
1 0.3424479166666667 0.125 0.028645833333333332 0.04814814814814815
1 0.2682291666666667 0.09861111111111111 0.029166666666666667 0.03981481481481482
1 0.35208333333333336 0.08009259259259259 0.023958333333333335 0.03611111111111111
1 0.25494791666666666 0.08796296296296297 0.021354166666666667 0.03518518518518519
1 0.41015625 0.12314814814814815 0.021354166666666667 0.046296296296296294
1 0.73515625 0.16574074074074074 0.04635416666666667 0.07222222222222222
1 0.4940104166666667 0.09537037037037037 0.024479166666666666 0.044444444444444446
1 0.1859375 0.21481481481481482 0.03958333333333333 0.05925925925925926
1 0.6518229166666667 0.1125 0.0265625 0.023148148148148147
1 0.6549479166666666 0.1675925925925926 0.03802083333333333 0.06296296296296296
1 0.8356770833333333 0.1865740740740741 0.03802083333333333 0.05648148148148148
1 0.821875 0.17546296296296296 0.03854166666666667 0.06388888888888888
1 0.28151041666666665 0.12037037037037036 0.030729166666666665 0.040740740740740744
1 0.8736979166666666 0.17685185185185184 0.0484375 0.05740740740740741
1 0.5200520833333333 0.11388888888888889 0.022395833333333334 0.03888888888888889
1 0.34739583333333335 0.2388888888888889 0.029166666666666667 0.06481481481481481
1 0.98671875 0.2361111111111111 0.025520833333333333 0.037037037037037035
1 0.6802083333333333 0.1361111111111111 0.036458333333333336 0.037037037037037035
1 0.36432291666666666 0.1425925925925926 0.0328125 0.04814814814814815
1 0.4747395833333333 0.08842592592592592 0.024479166666666666 0.04351851851851852
1 0.3880208333333333 0.06851851851851852 0.020833333333333332 0.024074074074074074
1 0.36640625 0.18425925925925926 0.0359375 0.025925925925925925
1 0.30755208333333334 0.1550925925925926 0.0328125 0.04722222222222222
1 0.3494791666666667 0.21574074074074073 0.046875 0.06296296296296296
1 0.3924479166666667 0.11203703703703703 0.024479166666666666 0.03148148148148148
1 0.5372395833333333 0.08009259259259259 0.022395833333333334 0.030555555555555555
1 0.5067708333333333 0.10648148148148148 0.023958333333333335 0.04259259259259259
1 0.6997395833333333 0.11898148148148148 0.027604166666666666 0.028703703703703703
1 0.5291666666666667 0.2199074074074074 0.0375 0.058333333333333334
1 0.50390625 0.1962962962962963 0.0421875 0.06666666666666667
1 0.3802083333333333 0.15138888888888888 0.052083333333333336 0.04537037037037037
1 0.17838541666666666 0.287962962962963 0.0640625 0.0962962962962963