3 0.9692708333333333 0.6703703703703704 0.06041666666666667 0.3611111111111111
2 0.8322916666666667 0.1375 0.06770833333333333 0.14907407407407408
2 0.7307291666666667 0.11296296296296296 0.06666666666666667 0.11666666666666667
1 0.8109375 0.5583333333333333 0.11041666666666666 0.13333333333333333
1 0.48541666666666666 0.7342592592592593 0.1375 0.1814814814814815
1 0.7848958333333333 0.4013888888888889 0.08020833333333334 0.10648148148148148
1 0.7265625 0.7194444444444444 0.1375 0.18703703703703703
1 0.9036458333333334 0.6583333333333333 0.084375 0.1685185185185185
1 0.675 0.4310185185185185 0.08125 0.11388888888888889
1 0.5875 0.36203703703703705 0.07291666666666667 0.0962962962962963
1 0.18177083333333333 0.3527777777777778 0.065625 0.10185185185185185
1 0.9033854166666667 0.3162037037037037 0.06927083333333334 0.06574074074074074
1 0.97109375 0.35648148148148145 0.05677083333333333 0.08888888888888889
1 0.52265625 0.3060185185185185 0.0515625 0.08611111111111111
1 0.33567708333333335 0.37222222222222223 0.07552083333333333 0.0962962962962963
1 0.5057291666666667 0.19027777777777777 0.040625 0.06574074074074074
1 0.85390625 0.2601851851851852 0.0578125 0.06851851851851852
1 0.6684895833333333 0.6175925925925926 0.10677083333333333 0.15925925925925927
1 0.42552083333333335 0.6148148148148148 0.14791666666666667 0.20925925925925926
1 0.41380208333333335 0.29814814814814816 0.06510416666666667 0.1
1 0.45703125 0.36527777777777776 0.0671875 0.11574074074074074
1 0.73671875 0.3458333333333333 0.07552083333333333 0.10648148148148148
1 0.7177083333333333 0.19537037037037036 0.04583333333333333 0.07407407407407407
1 0.48125 0.4050925925925926 0.06875 0.10648148148148148
1 0.8127604166666667 0.23703703703703705 0.04739583333333333 0.06851851851851852
1 0.5591145833333333 0.32685185185185184 0.0640625 0.09444444444444444
1 0.6377604166666667 0.16574074074074074 0.0390625 0.04814814814814815
1 0.51875 0.46064814814814814 0.10520833333333333 0.1638888888888889
1 0.5947916666666667 0.17175925925925925 0.03854166666666667 0.03981481481481482
1 0.43984375 0.15 0.0359375 0.05185185185185185
1 0.9765625 0.2564814814814815 0.04583333333333333 0.06666666666666667
1 0.4747395833333333 0.1736111111111111 0.0328125 0.04722222222222222
1 0.23723958333333334 0.7217592592592592 0.1171875 0.18611111111111112
1 0.4322916666666667 0.2111111111111111 0.04791666666666667 0.06481481481481481
1 0.3776041666666667 0.16620370370370371 0.03125 0.04722222222222222
1 0.7635416666666667 0.2523148148148148 0.05625 0.05648148148148148
1 0.36354166666666665 0.22870370370370371 0.04375 0.06666666666666667
1 0.8057291666666667 0.19907407407407407 0.035416666666666666 0.05740740740740741
1 0.9338541666666667 0.2828703703703704 0.06041666666666667 0.0824074074074074
1 0.28932291666666665 0.27314814814814814 0.049479166666666664 0.06851851851851852
1 0.38255208333333335 0.2587962962962963 0.0453125 0.06759259259259259
1 0.196875 0.2810185185185185 0.05 0.07685185185185185
1 0.20494791666666667 0.6050925925925926 0.1078125 0.19722222222222222
1 0.4825520833333333 0.09907407407407408 0.025520833333333333 0.03148148148148148
1 0.32135416666666666 0.17175925925925925 0.034375 0.06018518518518518
1 0.17213541666666668 0.16527777777777777 0.034895833333333334 0.03981481481481482
1 0.23854166666666668 0.9101851851851852 0.16145833333333334 0.17777777777777778
1 0.6955729166666667 0.1574074074074074 0.03802083333333333 0.05925925925925926
1 0.40703125 0.18194444444444444 0.0421875 0.06574074074074074
1 0.23307291666666666 0.1449074074074074 0.03697916666666667 0.06388888888888888
1 0.5815104166666667 0.08518518518518518 0.024479166666666666 0.024074074074074074
1 0.8778645833333333 0.16666666666666666 0.03177083333333333 0.06481481481481481
1 0.2791666666666667 0.24768518518518517 0.046875 0.062037037037037036
1 0.25 0.16898148148148148 0.0375 0.049074074074074076
1 0.4817708333333333 0.2574074074074074 0.053125 0.08888888888888889
1 0.6010416666666667 0.13240740740740742 0.03229166666666667 0.03888888888888889
1 0.3450520833333333 0.4162037037037037 0.07447916666666667 0.10277777777777777
1 0.28072916666666664 0.1175925925925926 0.027083333333333334 0.046296296296296294
1 0.18723958333333332 0.26157407407407407 0.0484375 0.06388888888888888
1 0.46510416666666665 0.08657407407407407 0.027083333333333334 0.041666666666666664
1 0.20833333333333334 0.1175925925925926 0.026041666666666668 0.040740740740740744
1 0.34479166666666666 0.07777777777777778 0.026041666666666668 0.03333333333333333
1 0.30807291666666664 0.1587962962962963 0.030729166666666665 0.05648148148148148
1 0.66953125 0.1398148148148148 0.033854166666666664 0.05555555555555555
1 0.55703125 0.09953703703703703 0.025520833333333333 0.041666666666666664
1 0.26015625 0.2064814814814815 0.04739583333333333 0.05925925925925926
1 0.5807291666666666 0.11064814814814815 0.03333333333333333 0.04722222222222222
1 0.184375 0.22777777777777777 0.052083333333333336 0.04259259259259259
1 0.29765625 0.1337962962962963 0.0328125 0.05092592592592592
1 0.5421875 0.12083333333333333 0.030208333333333334 0.03981481481481482
1 0.6182291666666667 0.14953703703703702 0.030208333333333334 0.04351851851851852
1 0.34791666666666665 0.22037037037037038 0.026041666666666668 0.05555555555555555
1 0.16979166666666667 0.12268518518518519 0.03229166666666667 0.023148148148148147
1 0.5205729166666667 0.11203703703703703 0.024479166666666666 0.044444444444444446
1 0.42734375 0.1310185185185185 0.03177083333333333 0.03796296296296296
1 0.32890625 0.11157407407407408 0.034895833333333334 0.03796296296296296
1 0.6432291666666666 0.10648148148148148 0.021875 0.027777777777777776
1 0.6161458333333333 0.10694444444444444 0.026041666666666668 0.030555555555555555
1 0.6346354166666667 0.12916666666666668 0.0265625 0.026851851851851852
1 0.16744791666666667 0.09351851851851851 0.028645833333333332 0.02962962962962963
1 0.9109375 0.23287037037037037 0.057291666666666664 0.08055555555555556
1 0.3424479166666667 0.12824074074074074 0.0296875 0.03611111111111111
1 0.17578125 0.1925925925925926 0.0421875 0.02962962962962963
1 0.6598958333333333 0.09212962962962963 0.020833333333333332 0.01574074074074074
1 0.40703125 0.12962962962962962 0.024479166666666666 0.03888888888888889
1 0.5067708333333333 0.10648148148148148 0.021875 0.03888888888888889
1 0.16979166666666667 0.1425925925925926 0.03125 0.03518518518518519
1 0.45703125 0.23333333333333334 0.04114583333333333 0.06851851851851852
1 0.34140625 0.19953703703703704 0.04010416666666667 0.06944444444444445
1 0.3151041666666667 0.9898148148148148 0.11354166666666667 0.018518518518518517
1 0.35963541666666665 0.13935185185185187 0.028645833333333332 0.03981481481481482
1 0.546875 0.1449074074074074 0.03125 0.03796296296296296
1 0.9890625 0.29398148148148145 0.020833333333333332 0.04351851851851852