1 0.9591145833333333 0.6898148148148148 0.08072916666666667 0.19814814814814816
1 0.68203125 0.7134259259259259 0.15572916666666667 0.23425925925925925
1 0.3971354166666667 0.5532407407407407 0.09322916666666667 0.12685185185185185
1 0.36484375 0.45231481481481484 0.08072916666666667 0.11203703703703703
1 0.56640625 0.4976851851851852 0.09010416666666667 0.125
1 0.5828125 0.3476851851851852 0.058333333333333334 0.08981481481481482
1 0.475 0.2564814814814815 0.05416666666666667 0.06851851851851852
1 0.8065104166666667 0.5268518518518519 0.10885416666666667 0.17222222222222222
1 0.6145833333333334 0.3699074074074074 0.078125 0.10462962962962963
1 0.18984375 0.38101851851851853 0.07447916666666667 0.10092592592592593
1 0.97890625 0.30694444444444446 0.04114583333333333 0.09537037037037037
1 0.21640625 0.6032407407407407 0.11197916666666667 0.1527777777777778
1 0.7971354166666667 0.26990740740740743 0.06197916666666667 0.05092592592592592
1 0.5966145833333333 0.2513888888888889 0.0546875 0.08611111111111111
1 0.49244791666666665 0.4 0.0765625 0.10925925925925926
1 0.45651041666666664 0.36944444444444446 0.05677083333333333 0.09259259259259259
1 0.18776041666666668 0.31157407407407406 0.05364583333333333 0.05277777777777778
1 0.43125 0.21388888888888888 0.04375 0.05925925925925926
1 0.5296875 0.29212962962962963 0.0625 0.09722222222222222
1 0.3450520833333333 0.4097222222222222 0.08177083333333333 0.10648148148148148
1 0.6783854166666666 0.42407407407407405 0.08072916666666667 0.12037037037037036
1 0.31302083333333336 0.33611111111111114 0.06354166666666666 0.08333333333333333
1 0.7255208333333333 0.22685185185185186 0.05520833333333333 0.06481481481481481
1 0.35989583333333336 0.2310185185185185 0.040625 0.06388888888888888
1 0.66328125 0.31157407407407406 0.0640625 0.08611111111111111
1 0.1703125 0.24953703703703703 0.04375 0.06388888888888888
1 0.27447916666666666 0.2625 0.04479166666666667 0.0712962962962963
1 0.1609375 0.350462962962963 0.05625 0.10462962962962963
1 0.74921875 0.35185185185185186 0.0734375 0.11296296296296296
1 0.3684895833333333 0.2518518518518518 0.0390625 0.06666666666666667
1 0.5591145833333333 0.22777777777777777 0.0453125 0.07592592592592592
1 0.52265625 0.2064814814814815 0.04114583333333333 0.06666666666666667
1 0.97109375 0.9532407407407407 0.05677083333333333 0.09166666666666666
1 0.7263020833333333 0.1884259259259259 0.03697916666666667 0.032407407407407406
1 0.8075520833333333 0.14953703703703702 0.028645833333333332 0.04351851851851852
1 0.6416666666666667 0.19398148148148148 0.03854166666666667 0.04351851851851852
1 0.4044270833333333 0.19398148148148148 0.04010416666666667 0.05648148148148148
1 0.4005208333333333 0.1175925925925926 0.030208333333333334 0.040740740740740744
1 0.5096354166666667 0.1912037037037037 0.0453125 0.07314814814814814
1 0.7200520833333334 0.14537037037037037 0.03177083333333333 0.04814814814814815
1 0.82421875 0.19212962962962962 0.04010416666666667 0.03981481481481482
1 0.61171875 0.1763888888888889 0.0328125 0.03796296296296296
1 0.32135416666666666 0.1884259259259259 0.027083333333333334 0.05092592592592592
1 0.37083333333333335 0.15416666666666667 0.03229166666666667 0.04351851851851852
1 0.43645833333333334 0.3263888888888889 0.06458333333333334 0.10462962962962963
1 0.2557291666666667 0.21203703703703702 0.052083333333333336 0.08333333333333333
1 0.965625 0.2300925925925926 0.03958333333333333 0.062037037037037036
1 0.29348958333333336 0.13055555555555556 0.027604166666666666 0.046296296296296294
1 0.6901041666666666 0.20925925925925926 0.03958333333333333 0.046296296296296294
1 0.596875 0.1361111111111111 0.029166666666666667 0.02962962962962963
1 0.59140625 0.1638888888888889 0.03697916666666667 0.037037037037037035
1 0.4354166666666667 0.09027777777777778 0.021875 0.028703703703703703
1 0.1828125 0.22268518518518518 0.03958333333333333 0.058333333333333334
1 0.16796875 0.125 0.04114583333333333 0.04814814814814815
1 0.9278645833333333 0.20046296296296295 0.044270833333333336 0.03425925925925926
1 0.3640625 0.09259259259259259 0.029166666666666667 0.04259259259259259
1 0.6408854166666667 0.1587962962962963 0.0328125 0.04537037037037037
1 0.30416666666666664 0.2912037037037037 0.05520833333333333 0.07685185185185185
1 0.7109375 0.11203703703703703 0.03229166666666667 0.040740740740740744
1 0.5013020833333334 0.10555555555555556 0.0265625 0.03333333333333333
1 0.21510416666666668 0.10787037037037037 0.03854166666666667 0.03796296296296296
1 0.32734375 0.10972222222222222 0.024479166666666666 0.03796296296296296
1 0.17708333333333334 0.17777777777777778 0.04375 0.040740740740740744
1 0.26276041666666666 0.09537037037037037 0.030729166666666665 0.040740740740740744
1 0.8515625 0.2518518518518518 0.05416666666666667 0.08333333333333333
1 0.34609375 0.12824074074074074 0.0265625 0.03981481481481482
1 0.39140625 0.10740740740740741 0.025520833333333333 0.03888888888888889
1 0.5546875 0.10185185185185185 0.020833333333333332 0.040740740740740744
1 0.4583333333333333 0.08796296296296297 0.026041666666666668 0.037037037037037035
1 0.6450520833333333 0.13425925925925927 0.030729166666666665 0.046296296296296294
1 0.4 0.1675925925925926 0.03958333333333333 0.06111111111111111
1 0.234375 0.1287037037037037 0.034375 0.03518518518518519
1 0.17708333333333334 0.15 0.03958333333333333 0.02962962962962963
1 0.7049479166666667 0.15787037037037038 0.034895833333333334 0.03981481481481482
1 0.57109375 0.08611111111111111 0.019270833333333334 0.04259259259259259
1 0.6846354166666667 0.10462962962962963 0.027604166666666666 0.04259259259259259
1 0.3455729166666667 0.20046296296296295 0.04114583333333333 0.0712962962962963
1 0.615625 0.1037037037037037 0.026041666666666668 0.040740740740740744
1 0.30520833333333336 0.15231481481481482 0.028125 0.058333333333333334
1 0.21848958333333332 0.08101851851851852 0.025520833333333333 0.026851851851851852
1 0.6875 0.18472222222222223 0.041666666666666664 0.05277777777777778
1 0.7776041666666667 0.14166666666666666 0.030208333333333334 0.040740740740740744
1 0.6895833333333333 0.14675925925925926 0.029166666666666667 0.028703703703703703
1 0.81796875 0.22916666666666666 0.0390625 0.049074074074074076
1 0.61875 0.14583333333333334 0.025 0.028703703703703703
1 0.5270833333333333 0.13657407407407407 0.01875 0.025
1 0.16848958333333333 0.08611111111111111 0.0296875 0.03148148148148148
1 0.40520833333333334 0.26805555555555555 0.051041666666666666 0.08796296296296297
1 0.34791666666666665 0.09027777777777778 0.010416666666666666 0.030555555555555555
1 0.33958333333333335 0.07685185185185185 0.01875 0.02962962962962963
1 0.48515625 0.09490740740740741 0.0265625 0.04537037037037037
1 0.2390625 0.15416666666666667 0.036458333333333336 0.058333333333333334
1 0.52890625 0.09212962962962963 0.0234375 0.04351851851851852
1 0.33098958333333334 0.12314814814814815 0.0171875 0.03333333333333333
1 0.32135416666666666 0.1685185185185185 0.0375 0.06111111111111111
1 0.5473958333333333 0.06898148148148148 0.023958333333333335 0.025
1 0.7848958333333333 0.15925925925925927 0.034375 0.03333333333333333
1 0.5533854166666666 0.12824074074074074 0.016145833333333335 0.03425925925925926
1 0.16953125 0.20879629629629629 0.03802083333333333 0.05277777777777778
1 0.27734375 0.10972222222222222 0.0328125 0.03425925925925926
1 0.9135416666666667 0.24305555555555555 0.065625 0.07314814814814814
1 0.609375 0.1175925925925926 0.028125 0.02962962962962963
1 0.7833333333333333 0.19722222222222222 0.041666666666666664 0.06296296296296296
1 0.9880208333333333 0.23287037037037037 0.022916666666666665 0.05648148148148148
1 0.25833333333333336 0.1736111111111111 0.053125 0.05092592592592592