2 0.6104166666666667 0.31805555555555554 0.09375 0.1824074074074074
2 0.8809895833333333 0.1527777777777778 0.08177083333333333 0.1425925925925926
1 0.62578125 0.6027777777777777 0.10677083333333333 0.15
1 0.7971354166666667 0.7912037037037037 0.15260416666666668 0.19722222222222222
1 0.9197916666666667 0.6662037037037037 0.13125 0.16574074074074074
1 0.8291666666666667 0.27870370370370373 0.059375 0.06666666666666667
1 0.20078125 0.4925925925925926 0.08072916666666667 0.10925925925925926
1 0.3346354166666667 0.36574074074074076 0.06927083333333334 0.09444444444444444
1 0.53125 0.30416666666666664 0.059375 0.0787037037037037
1 0.6919270833333333 0.42777777777777776 0.09739583333333333 0.16111111111111112
1 0.9669270833333333 0.5388888888888889 0.06510416666666667 0.13703703703703704
1 0.4348958333333333 0.32175925925925924 0.05416666666666667 0.08611111111111111
1 0.8609375 0.25046296296296294 0.05520833333333333 0.06759259259259259
1 0.7171875 0.23472222222222222 0.053125 0.05277777777777778
1 0.27109375 0.25972222222222224 0.0515625 0.06574074074074074
1 0.4010416666666667 0.562037037037037 0.103125 0.1648148148148148
1 0.4583333333333333 0.35555555555555557 0.06875 0.09444444444444444
1 0.48072916666666665 0.25601851851851853 0.04791666666666667 0.0712962962962963
1 0.6544270833333333 0.175 0.04010416666666667 0.053703703703703705
1 0.5846354166666666 0.5291666666666667 0.09114583333333333 0.12314814814814815
1 0.959375 0.9495370370370371 0.08020833333333334 0.09907407407407408
1 0.371875 0.512962962962963 0.08020833333333334 0.1259259259259259
1 0.19166666666666668 0.44212962962962965 0.07916666666666666 0.09907407407407408
1 0.55390625 0.3347222222222222 0.03697916666666667 0.08425925925925926
1 0.5356770833333333 0.21481481481481482 0.04739583333333333 0.07222222222222222
1 0.96953125 0.30324074074074076 0.059895833333333336 0.10648148148148148
1 0.45338541666666665 0.22870370370370371 0.0484375 0.06296296296296296
1 0.3177083333333333 0.3236111111111111 0.07604166666666666 0.1175925925925926
1 0.5692708333333333 0.23842592592592593 0.046875 0.06574074074074074
1 0.5888020833333333 0.1439814814814815 0.034895833333333334 0.049074074074074076
1 0.33645833333333336 0.21435185185185185 0.04583333333333333 0.04722222222222222
1 0.18697916666666667 0.23796296296296296 0.042708333333333334 0.06851851851851852
1 0.25677083333333334 0.1925925925925926 0.036458333333333336 0.05
1 0.640625 0.1638888888888889 0.0375 0.05555555555555555
1 0.7856770833333333 0.21481481481481482 0.0703125 0.08148148148148149
1 0.91171875 0.23194444444444445 0.0515625 0.0824074074074074
1 0.40130208333333334 0.17175925925925925 0.03697916666666667 0.058333333333333334
1 0.18463541666666666 0.19537037037037036 0.0390625 0.05185185185185185
1 0.17786458333333333 0.3768518518518518 0.06197916666666667 0.10555555555555556
1 0.5578125 0.13055555555555556 0.026041666666666668 0.03518518518518519
1 0.22942708333333334 0.12962962962962962 0.027604166666666666 0.03888888888888889
1 0.62421875 0.1037037037037037 0.0234375 0.022222222222222223
1 0.4986979166666667 0.10555555555555556 0.0140625 0.037037037037037035
1 0.21979166666666666 0.11481481481481481 0.036458333333333336 0.05185185185185185
1 0.434375 0.07592592592592592 0.022916666666666665 0.03148148148148148
1 0.3453125 0.12962962962962962 0.04375 0.046296296296296294
1 0.6083333333333333 0.08518518518518518 0.030208333333333334 0.027777777777777776
1 0.37552083333333336 0.15185185185185185 0.034375 0.05185185185185185
1 0.9541666666666667 0.16666666666666666 0.036458333333333336 0.03518518518518519
1 0.38203125 0.10416666666666667 0.03177083333333333 0.04351851851851852
1 0.40520833333333334 0.2708333333333333 0.059375 0.09907407407407408
1 0.5184895833333333 0.10972222222222222 0.033854166666666664 0.05277777777777778
1 0.62109375 0.15092592592592594 0.034895833333333334 0.06296296296296296
1 0.2708333333333333 0.10462962962962963 0.030208333333333334 0.040740740740740744
1 0.2578125 0.09351851851851851 0.022916666666666665 0.03888888888888889
1 0.3729166666666667 0.2587962962962963 0.040625 0.0712962962962963
1 0.31875 0.10694444444444444 0.035416666666666666 0.03425925925925926
1 0.24791666666666667 0.17175925925925925 0.041666666666666664 0.04537037037037037
1 0.41354166666666664 0.13148148148148148 0.04375 0.053703703703703705
1 0.16822916666666668 0.1287037037037037 0.035416666666666666 0.03888888888888889
1 0.7197916666666667 0.14305555555555555 0.021875 0.04537037037037037
1 0.36171875 0.08935185185185185 0.024479166666666666 0.041666666666666664
1 0.97421875 0.20925925925925926 0.043229166666666666 0.04814814814814815
1 0.43359375 0.19675925925925927 0.03697916666666667 0.03796296296296296
1 0.3182291666666667 0.06805555555555555 0.01875 0.019444444444444445
1 0.8018229166666667 0.1884259259259259 0.027604166666666666 0.030555555555555555
1 0.33177083333333335 0.18796296296296297 0.052083333333333336 0.04259259259259259
1 0.6479166666666667 0.12407407407407407 0.03125 0.03888888888888889
1 0.40703125 0.20277777777777778 0.04010416666666667 0.037037037037037035
1 0.4125 0.0699074074074074 0.022916666666666665 0.028703703703703703
1 0.37864583333333335 0.1685185185185185 0.023958333333333335 0.05
1 0.2864583333333333 0.12685185185185185 0.03333333333333333 0.044444444444444446
1 0.34713541666666664 0.23657407407407408 0.0265625 0.058333333333333334
1 0.30390625 0.14814814814814814 0.03177083333333333 0.053703703703703705
1 0.6692708333333334 0.10694444444444444 0.025 0.023148148148148147
1 0.36354166666666665 0.23472222222222222 0.059375 0.06388888888888888
1 0.3171875 0.16296296296296298 0.04375 0.046296296296296294
1 0.3731770833333333 0.06666666666666667 0.025520833333333333 0.022222222222222223
1 0.7713541666666667 0.15833333333333333 0.036458333333333336 0.05925925925925926
1 0.16979166666666667 0.16666666666666666 0.042708333333333334 0.04259259259259259
1 0.9270833333333334 0.21481481481481482 0.053125 0.08518518518518518
1 0.18255208333333334 0.325 0.07239583333333334 0.10925925925925926