2 0.9020833333333333 0.15231481481481482 0.08854166666666667 0.1638888888888889
2 0.7747395833333334 0.125 0.06510416666666667 0.1259259259259259
2 0.83046875 0.5050925925925925 0.1421875 0.28425925925925927
1 0.69296875 0.4444444444444444 0.08802083333333334 0.10925925925925926
1 0.17526041666666667 0.6986111111111111 0.1265625 0.14907407407407408
1 0.23932291666666666 0.8037037037037037 0.13177083333333334 0.17592592592592593
1 0.5973958333333333 0.5518518518518518 0.109375 0.1425925925925926
1 0.41119791666666666 0.5652777777777778 0.10364583333333334 0.14166666666666666
1 0.6783854166666666 0.3347222222222222 0.06614583333333333 0.09166666666666666
1 0.353125 0.3125 0.0625 0.08055555555555556
1 0.9473958333333333 0.3023148148148148 0.06145833333333333 0.08055555555555556
1 0.74375 0.5143518518518518 0.04895833333333333 0.13055555555555556
1 0.53359375 0.30925925925925923 0.06197916666666667 0.08148148148148149
1 0.19322916666666667 0.3125 0.058333333333333334 0.0787037037037037
1 0.5963541666666666 0.3578703703703704 0.06666666666666667 0.09537037037037037
1 0.315625 0.3527777777777778 0.06875 0.08703703703703704
1 0.6434895833333333 0.2912037037037037 0.06510416666666667 0.08611111111111111
1 0.8864583333333333 0.3013888888888889 0.06770833333333333 0.07314814814814814
1 0.5875 0.16712962962962963 0.03854166666666667 0.03981481481481482
1 0.3729166666666667 0.48564814814814816 0.10729166666666666 0.1675925925925926
1 0.98359375 0.7652777777777777 0.03177083333333333 0.2712962962962963
1 0.6856770833333333 0.18518518518518517 0.04010416666666667 0.05185185185185185
1 0.5671875 0.1337962962962963 0.03229166666666667 0.04351851851851852
1 0.5942708333333333 0.9319444444444445 0.175 0.13425925925925927
1 0.89375 0.25787037037037036 0.053125 0.05462962962962963
1 0.27369791666666665 0.2439814814814815 0.0453125 0.06018518518518518
1 0.46979166666666666 0.1699074074074074 0.0375 0.06018518518518518
1 0.4588541666666667 0.3824074074074074 0.08541666666666667 0.13518518518518519
1 0.484375 0.26944444444444443 0.04479166666666667 0.07222222222222222
1 0.38645833333333335 0.25787037037037036 0.058333333333333334 0.08425925925925926
1 0.775 0.2199074074074074 0.051041666666666666 0.08055555555555556
1 0.7442708333333333 0.17546296296296296 0.03854166666666667 0.06388888888888888
1 0.5088541666666667 0.28379629629629627 0.05 0.08425925925925926
1 0.4200520833333333 0.31527777777777777 0.06302083333333333 0.10092592592592593
1 0.42916666666666664 0.20972222222222223 0.036458333333333336 0.058333333333333334
1 0.44583333333333336 0.1550925925925926 0.029166666666666667 0.04537037037037037
1 0.6458333333333334 0.19305555555555556 0.03958333333333333 0.041666666666666664
1 0.4197916666666667 0.1337962962962963 0.03333333333333333 0.04537037037037037
1 0.47890625 0.09398148148148149 0.03177083333333333 0.04351851851851852
1 0.45260416666666664 0.22592592592592592 0.04583333333333333 0.07962962962962963
1 0.19036458333333334 0.2513888888888889 0.0453125 0.0712962962962963
1 0.28854166666666664 0.12546296296296297 0.030208333333333334 0.049074074074074076
1 0.25494791666666666 0.18796296296296297 0.043229166666666666 0.053703703703703705
1 0.35859375 0.2300925925925926 0.03802083333333333 0.06388888888888888
1 0.24088541666666666 0.15601851851851853 0.0296875 0.04722222222222222
1 0.6434895833333333 0.11203703703703703 0.027604166666666666 0.040740740740740744
1 0.3614583333333333 0.15185185185185185 0.03125 0.04259259259259259
1 0.6114583333333333 0.11990740740740741 0.0375 0.05648148148148148
1 0.328125 0.18287037037037038 0.035416666666666666 0.062037037037037036
1 0.34791666666666665 0.13194444444444445 0.029166666666666667 0.03611111111111111
1 0.6734375 0.11805555555555555 0.026041666666666668 0.032407407407407406
1 0.4119791666666667 0.18703703703703703 0.04375 0.05555555555555555
1 0.5682291666666667 0.4837962962962963 0.08333333333333333 0.125
1 0.8505208333333333 0.16296296296296298 0.022916666666666665 0.05740740740740741
1 0.7169270833333333 0.15694444444444444 0.03697916666666667 0.058333333333333334
1 0.23177083333333334 0.13425925925925927 0.034375 0.05555555555555555
1 0.27109375 0.10972222222222222 0.025520833333333333 0.041666666666666664
1 0.4078125 0.12546296296296297 0.030208333333333334 0.049074074074074076
1 0.26848958333333334 0.21666666666666667 0.0453125 0.05
1 0.37838541666666664 0.16203703703703703 0.03697916666666667 0.053703703703703705
1 0.49973958333333335 0.10555555555555556 0.0265625 0.03333333333333333
1 0.6755208333333333 0.14629629629629629 0.030208333333333334 0.03148148148148148
1 0.34791666666666665 0.2050925925925926 0.04375 0.062037037037037036
1 0.39296875 0.11018518518518519 0.028645833333333332 0.04814814814814815
1 0.52421875 0.11388888888888889 0.0203125 0.04259259259259259
1 0.4049479166666667 0.06666666666666667 0.0203125 0.022222222222222223
1 0.19973958333333333 0.5671296296296297 0.0921875 0.14537037037037037
1 0.840625 0.1527777777777778 0.035416666666666666 0.05925925925925926
1 0.5627604166666667 0.0712962962962963 0.0265625 0.022222222222222223
1 0.5807291666666666 0.10694444444444444 0.029166666666666667 0.04722222222222222
1 0.55546875 0.125 0.0234375 0.04259259259259259
1 0.9390625 0.18194444444444444 0.017708333333333333 0.06944444444444445
1 0.8763020833333334 0.2273148148148148 0.050520833333333334 0.06759259259259259
1 0.19322916666666667 0.47638888888888886 0.09166666666666666 0.14166666666666666
1 0.30625 0.1550925925925926 0.03229166666666667 0.05648148148148148
1 0.6036458333333333 0.09166666666666666 0.022916666666666665 0.025925925925925925
1 0.16640625 0.08981481481481482 0.028645833333333332 0.03333333333333333
1 0.16979166666666667 0.15694444444444444 0.034375 0.04351851851851852
1 0.6609375 0.16805555555555557 0.03229166666666667 0.04537037037037037
1 0.33255208333333336 0.12037037037037036 0.022395833333333334 0.03333333333333333
1 0.43828125 0.07453703703703704 0.019270833333333334 0.03425925925925926
1 0.7080729166666667 0.13240740740740742 0.033854166666666664 0.05185185185185185
1 0.5557291666666667 0.09444444444444444 0.023958333333333335 0.037037037037037035
1 0.6859375 0.12777777777777777 0.021875 0.037037037037037035
1 0.2994791666666667 0.14629629629629629 0.029166666666666667 0.05
1 0.21119791666666668 0.10648148148148148 0.0234375 0.040740740740740744
1 0.5361979166666667 0.08518518518518518 0.022395833333333334 0.020370370370370372
1 0.4309895833333333 0.34629629629629627 0.0578125 0.09444444444444444
1 0.4546875 0.08564814814814815 0.025 0.03425925925925926
1 0.6434895833333333 0.15555555555555556 0.034895833333333334 0.05555555555555555
1 0.5278645833333333 0.06388888888888888 0.021354166666666667 0.027777777777777776
1 0.32369791666666664 0.10740740740740741 0.0296875 0.040740740740740744
1 0.18046875 0.23425925925925925 0.044270833333333336 0.05925925925925926
1 0.5052083333333334 0.06666666666666667 0.026041666666666668 0.03148148148148148
1 0.334375 0.075 0.022916666666666665 0.02962962962962963
1 0.1765625 0.19398148148148148 0.04895833333333333 0.06574074074074074
1 0.9950520833333333 0.2851851851851852 0.008854166666666666 0.06666666666666667