1 0.2203125 0.6300925925925925 0.11666666666666667 0.16018518518518518
1 0.40625 0.5740740740740741 0.103125 0.12962962962962962
1 0.7106770833333333 0.7555555555555555 0.16197916666666667 0.24814814814814815
1 0.9783854166666667 0.7351851851851852 0.0421875 0.1962962962962963
1 0.5809895833333333 0.5162037037037037 0.09427083333333333 0.13055555555555556
1 0.828125 0.5472222222222223 0.1125 0.17962962962962964
1 0.5015625 0.41203703703703703 0.07708333333333334 0.11296296296296296
1 0.48072916666666665 0.26157407407407407 0.05416666666666667 0.06759259259259259
1 0.36744791666666665 0.4699074074074074 0.08072916666666667 0.11574074074074074
1 0.6268229166666667 0.37916666666666665 0.08072916666666667 0.10648148148148148
1 0.46432291666666664 0.37962962962962965 0.058854166666666666 0.09444444444444444
1 0.27630208333333334 0.2675925925925926 0.044270833333333336 0.07037037037037037
1 0.5942708333333333 0.3574074074074074 0.06041666666666667 0.09074074074074075
1 0.19244791666666666 0.3912037037037037 0.07760416666666667 0.10462962962962963
1 0.69453125 0.43703703703703706 0.08385416666666666 0.12222222222222222
1 0.7807291666666667 0.262037037037037 0.06041666666666667 0.04814814814814815
1 0.4354166666666667 0.21712962962962962 0.04583333333333333 0.06018518518518518
1 0.60625 0.2564814814814815 0.05520833333333333 0.08888888888888889
1 0.9682291666666667 0.29768518518518516 0.0625 0.09537037037037037
1 0.3458333333333333 0.4217592592592593 0.075 0.10833333333333334
1 0.5369791666666667 0.29953703703703705 0.06458333333333334 0.09722222222222222
1 0.7661458333333333 0.3625 0.075 0.1175925925925926
1 0.5286458333333334 0.21064814814814814 0.041666666666666664 0.06759259259259259
1 0.5671875 0.23333333333333334 0.04791666666666667 0.07962962962962963
1 0.18203125 0.22685185185185186 0.0421875 0.05925925925925926
1 0.40911458333333334 0.274537037037037 0.05260416666666667 0.08796296296296297
1 0.63359375 0.19074074074074074 0.03802083333333333 0.044444444444444446
1 0.6755208333333333 0.3199074074074074 0.065625 0.08981481481481482
1 0.4083333333333333 0.1962962962962963 0.03958333333333333 0.05740740740740741
1 0.15494791666666666 0.35833333333333334 0.058854166666666666 0.10555555555555556
1 0.7145833333333333 0.22083333333333333 0.053125 0.06574074074074074
1 0.2559895833333333 0.2152777777777778 0.05260416666666667 0.08425925925925926
1 0.7153645833333333 0.18425925925925926 0.03697916666666667 0.03148148148148148
1 0.76875 0.1412037037037037 0.029166666666666667 0.04351851851851852
1 0.40338541666666666 0.11898148148148148 0.0296875 0.041666666666666664
1 0.7971354166666667 0.14722222222222223 0.028645833333333332 0.04259259259259259
1 0.5817708333333333 0.16342592592592592 0.03229166666666667 0.032407407407407406
1 0.95 0.22546296296296298 0.042708333333333334 0.062037037037037036
1 0.44296875 0.3347222222222222 0.06822916666666666 0.10648148148148148
1 0.39453125 0.10833333333333334 0.0265625 0.03888888888888889
1 0.18880208333333334 0.31851851851851853 0.0546875 0.05
1 0.16979166666666667 0.12361111111111112 0.03958333333333333 0.04537037037037037
1 0.9807291666666667 0.2300925925925926 0.0375 0.058333333333333334
1 0.6794270833333333 0.20416666666666666 0.03802083333333333 0.041666666666666664
1 0.6770833333333334 0.18009259259259258 0.041666666666666664 0.049074074074074076
1 0.515625 0.19490740740740742 0.04479166666666667 0.07685185185185185
1 0.7122395833333334 0.14305555555555555 0.0296875 0.04537037037037037
1 0.6395833333333333 0.13240740740740742 0.03125 0.04814814814814815
1 0.37578125 0.15462962962962962 0.028645833333333332 0.04259259259259259
1 0.43359375 0.08796296296296297 0.019270833333333334 0.025925925925925925
1 0.6046875 0.1736111111111111 0.03125 0.03611111111111111
1 0.36328125 0.2351851851851852 0.04114583333333333 0.06481481481481481
1 0.5919270833333333 0.1337962962962963 0.027604166666666666 0.030555555555555555
1 0.6971354166666667 0.1537037037037037 0.034895833333333334 0.037037037037037035
1 0.7059895833333333 0.1111111111111111 0.03177083333333333 0.03888888888888889
1 0.18098958333333334 0.17962962962962964 0.03802083333333333 0.04259259259259259
1 0.3484375 0.20462962962962963 0.042708333333333334 0.07222222222222222
1 0.6794270833333333 0.10601851851851851 0.030729166666666665 0.04722222222222222
1 0.21848958333333332 0.08287037037037037 0.027604166666666666 0.028703703703703703
1 0.4981770833333333 0.10324074074074074 0.0265625 0.032407407407407406
1 0.6041666666666666 0.1162037037037037 0.029166666666666667 0.030555555555555555
1 0.27786458333333336 0.11296296296296296 0.033854166666666664 0.03518518518518519
1 0.7721354166666666 0.18055555555555555 0.044270833333333336 0.07592592592592592
1 0.83359375 0.24351851851851852 0.0515625 0.08148148148148149
1 0.30572916666666666 0.15694444444444444 0.027083333333333334 0.05462962962962963
1 0.26119791666666664 0.17777777777777778 0.049479166666666664 0.05
1 0.8861979166666667 0.2564814814814815 0.06822916666666666 0.10555555555555556
1 0.32916666666666666 0.11296296296296296 0.025 0.04259259259259259
1 0.45677083333333335 0.08935185185185185 0.026041666666666668 0.03981481481481482
1 0.6341145833333334 0.15138888888888888 0.03177083333333333 0.03981481481481482
1 0.29453125 0.13240740740740742 0.0296875 0.044444444444444446
1 0.9169270833333333 0.2 0.0390625 0.040740740740740744
1 0.5263020833333333 0.13703703703703704 0.03177083333333333 0.037037037037037035
1 0.32447916666666665 0.1912037037037037 0.03229166666666667 0.05277777777777778
1 0.5669270833333333 0.08425925925925926 0.018229166666666668 0.04259259259259259
1 0.68046875 0.1439814814814815 0.022395833333333334 0.026851851851851852
1 0.6080729166666666 0.1037037037037037 0.030729166666666665 0.040740740740740744
1 0.36953125 0.1439814814814815 0.028645833333333332 0.05092592592592592
1 0.17083333333333334 0.2537037037037037 0.04479166666666667 0.06481481481481481
1 0.3067708333333333 0.29768518518518516 0.05416666666666667 0.0787037037037037
1 0.5263020833333333 0.09212962962962963 0.0265625 0.041666666666666664
1 0.31666666666666665 0.3449074074074074 0.06458333333333334 0.08425925925925926
1 0.23541666666666666 0.13287037037037036 0.035416666666666666 0.032407407407407406
1 0.37265625 0.2574074074074074 0.04010416666666667 0.06666666666666667
1 0.340625 0.07685185185185185 0.019791666666666666 0.02962962962962963
1 0.30546875 0.27361111111111114 0.0421875 0.030555555555555555
1 0.9885416666666667 0.1814814814814815 0.021875 0.04259259259259259
1 0.34791666666666665 0.1300925925925926 0.027083333333333334 0.03796296296296296
1 0.8106770833333333 0.19907407407407407 0.043229166666666666 0.06111111111111111
1 0.30755208333333334 0.09351851851851851 0.0265625 0.037037037037037035
1 0.26328125 0.0962962962962963 0.030729166666666665 0.03888888888888889
1 0.8958333333333334 0.2351851851851852 0.065625 0.07037037037037037
1 0.16927083333333334 0.19953703703703704 0.03958333333333333 0.06574074074074074
1 0.80390625 0.22268518518518518 0.0328125 0.04537037037037037
1 0.40286458333333336 0.1712962962962963 0.0390625 0.06296296296296296
1 0.16588541666666667 0.09722222222222222 0.03802083333333333 0.053703703703703705