1 0.40963541666666664 0.5851851851851851 0.1046875 0.13518518518518519
1 0.22265625 0.6458333333333334 0.11927083333333334 0.1638888888888889
1 0.7276041666666667 0.774074074074074 0.16875 0.25925925925925924
1 0.37057291666666664 0.47685185185185186 0.08489583333333334 0.12037037037037036
1 0.58828125 0.5263888888888889 0.09427083333333333 0.13240740740740742
1 0.4825520833333333 0.2638888888888889 0.0546875 0.06851851851851852
1 0.6106770833333334 0.25972222222222224 0.05677083333333333 0.08981481481481482
1 0.6 0.36203703703703705 0.06041666666666667 0.09259259259259259
1 0.9885416666666667 0.7643518518518518 0.021875 0.16574074074074074
1 0.8393229166666667 0.5597222222222222 0.11510416666666666 0.18425925925925926
1 0.540625 0.30277777777777776 0.065625 0.1
1 0.19296875 0.39537037037037037 0.07760416666666667 0.1037037037037037
1 0.7028645833333333 0.4439814814814815 0.0859375 0.12685185185185185
1 0.5067708333333333 0.41898148148148145 0.07916666666666666 0.11388888888888889
1 0.43671875 0.21944444444444444 0.0453125 0.06111111111111111
1 0.7744791666666667 0.2564814814814815 0.05520833333333333 0.05
1 0.17057291666666666 0.2574074074074074 0.0453125 0.06296296296296296
1 0.4669270833333333 0.3851851851851852 0.058854166666666666 0.0962962962962963
1 0.34765625 0.42824074074074076 0.07552083333333333 0.11203703703703703
1 0.6322916666666667 0.38564814814814813 0.08125 0.10833333333333334
1 0.775 0.3685185185185185 0.07708333333333334 0.12037037037037036
1 0.27708333333333335 0.27037037037037037 0.04583333333333333 0.07222222222222222
1 0.31875 0.34814814814814815 0.065625 0.08518518518518518
1 0.6822916666666666 0.32407407407407407 0.06666666666666667 0.08888888888888889
1 0.15078125 0.3611111111111111 0.0609375 0.1037037037037037
1 0.5328125 0.21296296296296297 0.042708333333333334 0.06851851851851852
1 0.37473958333333335 0.25972222222222224 0.04114583333333333 0.06944444444444445
1 0.95859375 0.2935185185185185 0.06510416666666667 0.09259259259259259
1 0.41015625 0.19722222222222222 0.0421875 0.05925925925925926
1 0.4114583333333333 0.27824074074074073 0.05520833333333333 0.08981481481481482
1 0.7098958333333333 0.18333333333333332 0.0375 0.03333333333333333
1 0.70859375 0.22314814814814815 0.05364583333333333 0.07407407407407407
1 0.4046875 0.12037037037037036 0.03125 0.04259259259259259
1 0.6291666666666667 0.18796296296296297 0.0375 0.04259259259259259
1 0.7924479166666667 0.14583333333333334 0.027604166666666666 0.041666666666666664
1 0.4434895833333333 0.3384259259259259 0.06822916666666666 0.10833333333333334
1 0.67421875 0.2 0.03697916666666667 0.040740740740740744
1 0.5716145833333334 0.2361111111111111 0.049479166666666664 0.07962962962962963
1 0.1890625 0.32222222222222224 0.05520833333333333 0.053703703703703705
1 0.52421875 0.13796296296296295 0.0328125 0.037037037037037035
1 0.25729166666666664 0.2162037037037037 0.05416666666666667 0.08425925925925926
1 0.16953125 0.12453703703703704 0.0390625 0.04537037037037037
1 0.7080729166666667 0.14074074074074075 0.0296875 0.046296296296296294
1 0.18203125 0.22824074074074074 0.04114583333333333 0.06018518518518518
1 0.8067708333333333 0.19444444444444445 0.03958333333333333 0.05555555555555555
1 0.9427083333333334 0.22361111111111112 0.041666666666666664 0.06018518518518518
1 0.6010416666666667 0.17222222222222222 0.03125 0.03518518518518519
1 0.97734375 0.2324074074074074 0.044270833333333336 0.06666666666666667
1 0.36432291666666666 0.2375 0.04114583333333333 0.06388888888888888
1 0.39557291666666666 0.10972222222222222 0.025520833333333333 0.041666666666666664
1 0.3768229166666667 0.15601851851851853 0.027604166666666666 0.041666666666666664
1 0.7645833333333333 0.13935185185185187 0.029166666666666667 0.041666666666666664
1 0.32369791666666664 0.19212962962962962 0.03177083333333333 0.05092592592592592
1 0.2825520833333333 0.12361111111111112 0.028645833333333332 0.041666666666666664
1 0.6927083333333334 0.15231481481481482 0.035416666666666666 0.03796296296296296
1 0.4317708333333333 0.08703703703703704 0.021875 0.025925925925925925
1 0.6721354166666667 0.17777777777777778 0.04010416666666667 0.04814814814814815
1 0.21744791666666666 0.11157407407407408 0.03697916666666667 0.03796296296296296
1 0.5791666666666667 0.16064814814814815 0.03333333333333333 0.03425925925925926
1 0.5885416666666666 0.13333333333333333 0.030208333333333334 0.03148148148148148
1 0.49609375 0.10277777777777777 0.025520833333333333 0.03148148148148148
1 0.3489583333333333 0.20601851851851852 0.041666666666666664 0.0712962962962963
1 0.26223958333333336 0.1787037037037037 0.050520833333333334 0.05
1 0.2947916666666667 0.13240740740740742 0.030208333333333334 0.044444444444444446
1 0.18125 0.18101851851851852 0.036458333333333336 0.04351851851851852
1 0.9114583333333334 0.20416666666666666 0.0375 0.05277777777777778
1 0.21770833333333334 0.08194444444444444 0.026041666666666668 0.026851851851851852
1 0.825 0.24074074074074073 0.052083333333333336 0.07962962962962963
1 0.56484375 0.08518518518518518 0.019270833333333334 0.04259259259259259
1 0.52265625 0.0912037037037037 0.0234375 0.041666666666666664
1 0.6354166666666666 0.1310185185185185 0.030208333333333334 0.04722222222222222
1 0.36822916666666666 0.09259259259259259 0.029166666666666667 0.040740740740740744
1 0.3424479166666667 0.0787037037037037 0.021354166666666667 0.03148148148148148
1 0.60546875 0.10138888888888889 0.028645833333333332 0.03796296296296296
1 0.3484375 0.1310185185185185 0.027083333333333334 0.03981481481481482
1 0.7036458333333333 0.10972222222222222 0.03125 0.03981481481481482
1 0.32916666666666666 0.11388888888888889 0.025 0.040740740740740744
1 0.6020833333333333 0.11435185185185186 0.026041666666666668 0.030555555555555555
1 0.30885416666666665 0.300462962962963 0.05625 0.08055555555555556
1 0.6768229166666667 0.10462962962962963 0.030729166666666665 0.046296296296296294
1 0.27890625 0.11342592592592593 0.034895833333333334 0.03425925925925926
1 0.17526041666666667 0.1537037037037037 0.0390625 0.03148148148148148
1 0.3065104166666667 0.15787037037037038 0.027604166666666666 0.05462962962962963
1 0.30885416666666665 0.09305555555555556 0.027083333333333334 0.03796296296296296
1 0.3260416666666667 0.1625 0.0375 0.03981481481481482
1 0.2638020833333333 0.09675925925925925 0.030729166666666665 0.03796296296296296
1 0.30963541666666666 0.07037037037037037 0.024479166666666666 0.020370370370370372
1 0.5182291666666666 0.19768518518518519 0.04583333333333333 0.0787037037037037
1 0.7583333333333333 0.18611111111111112 0.027083333333333334 0.05740740740740741
1 0.9859375 0.17777777777777778 0.027083333333333334 0.040740740740740744
1 0.6778645833333333 0.14027777777777778 0.027604166666666666 0.028703703703703703
1 0.240625 0.1574074074074074 0.03854166666666667 0.06111111111111111
1 0.7997395833333333 0.2222222222222222 0.0265625 0.05
1 0.2359375 0.13333333333333333 0.036458333333333336 0.03148148148148148
1 0.4557291666666667 0.08935185185185185 0.026041666666666668 0.041666666666666664
1 0.16822916666666668 0.20046296296296295 0.0375 0.06574074074074074
1 0.87734375 0.25416666666666665 0.0671875 0.10092592592592593
1 0.6307291666666667 0.15185185185185185 0.03229166666666667 0.04259259259259259
1 0.8872395833333333 0.23333333333333334 0.0640625 0.07037037037037037
1 0.36953125 0.14537037037037037 0.028645833333333332 0.05
1 0.40286458333333336 0.17222222222222222 0.03697916666666667 0.06296296296296296
1 0.33177083333333335 0.12685185185185185 0.017708333333333333 0.03333333333333333
1 0.49114583333333334 0.06944444444444445 0.023958333333333335 0.03333333333333333