2 0.9057291666666667 0.15324074074074073 0.08854166666666667 0.16203703703703703
2 0.82578125 0.49907407407407406 0.1421875 0.2814814814814815
2 0.7765625 0.12546296296296297 0.06458333333333334 0.1287037037037037
1 0.6888020833333334 0.44074074074074077 0.08697916666666666 0.10925925925925926
1 0.17447916666666666 0.6907407407407408 0.12395833333333334 0.14629629629629629
1 0.23723958333333334 0.7939814814814815 0.13072916666666667 0.17685185185185184
1 0.5940104166666667 0.5462962962962963 0.10677083333333333 0.1425925925925926
1 0.40677083333333336 0.5601851851851852 0.09791666666666667 0.1388888888888889
1 0.6747395833333333 0.33194444444444443 0.06510416666666667 0.09166666666666666
1 0.35494791666666664 0.3111111111111111 0.06197916666666667 0.07962962962962963
1 0.5315104166666667 0.30648148148148147 0.06197916666666667 0.08148148148148149
1 0.5927083333333333 0.35509259259259257 0.065625 0.09351851851851851
1 0.7385416666666667 0.5092592592592593 0.04791666666666667 0.12962962962962962
1 0.3145833333333333 0.3490740740740741 0.06875 0.08888888888888889
1 0.5645833333333333 0.47824074074074074 0.08333333333333333 0.125
1 0.6403645833333333 0.28935185185185186 0.06510416666666667 0.08425925925925926
1 0.19322916666666667 0.31203703703703706 0.057291666666666664 0.07777777777777778
1 0.9520833333333333 0.30277777777777776 0.06145833333333333 0.08148148148148149
1 0.5846354166666666 0.924537037037037 0.1703125 0.14907407407407408
1 0.89375 0.3060185185185185 0.071875 0.075
1 0.58984375 0.16805555555555557 0.03802083333333333 0.041666666666666664
1 0.6877604166666667 0.1865740740740741 0.04010416666666667 0.05092592592592592
1 0.37213541666666666 0.47962962962962963 0.10885416666666667 0.16666666666666666
1 0.45703125 0.37824074074074077 0.08489583333333334 0.13425925925925927
1 0.8966145833333333 0.2564814814814815 0.0546875 0.05185185185185185
1 0.27317708333333335 0.24305555555555555 0.0453125 0.06018518518518518
1 0.6481770833333333 0.19537037037037036 0.04114583333333333 0.04259259259259259
1 0.5692708333333333 0.13518518518518519 0.03229166666666667 0.044444444444444446
1 0.7778645833333333 0.22175925925925927 0.0515625 0.0824074074074074
1 0.9770833333333333 0.7532407407407408 0.04479166666666667 0.27314814814814814
1 0.4153645833333333 0.3125 0.0578125 0.10092592592592593
1 0.41901041666666666 0.1337962962962963 0.0328125 0.04537037037037037
1 0.19270833333333334 0.4675925925925926 0.08958333333333333 0.13148148148148148
1 0.5067708333333333 0.2824074074074074 0.05 0.08333333333333333
1 0.20026041666666666 0.5615740740740741 0.0890625 0.14351851851851852
1 0.38567708333333334 0.2550925925925926 0.058854166666666666 0.0824074074074074
1 0.746875 0.17592592592592593 0.03958333333333333 0.06481481481481481
1 0.4828125 0.26805555555555555 0.04375 0.07314814814814814
1 0.44505208333333335 0.1537037037037037 0.030729166666666665 0.04259259259259259
1 0.3578125 0.22962962962962963 0.0375 0.06296296296296296
1 0.24036458333333333 0.1550925925925926 0.030729166666666665 0.049074074074074076
1 0.41119791666666666 0.18703703703703703 0.043229166666666666 0.05555555555555555
1 0.40677083333333336 0.12361111111111112 0.030208333333333334 0.04722222222222222
1 0.28802083333333334 0.12453703703703704 0.030208333333333334 0.05092592592592592
1 0.23125 0.13333333333333333 0.034375 0.05740740740740741
1 0.34713541666666664 0.13055555555555556 0.027604166666666666 0.037037037037037035
1 0.46796875 0.16898148148148148 0.03802083333333333 0.06018518518518518
1 0.27005208333333336 0.10833333333333334 0.025520833333333333 0.04259259259259259
1 0.253125 0.18611111111111112 0.040625 0.053703703703703705
1 0.6778645833333333 0.14722222222222223 0.0296875 0.03148148148148148
1 0.853125 0.16342592592592592 0.023958333333333335 0.058333333333333334
1 0.2669270833333333 0.2175925925925926 0.043229166666666666 0.05555555555555555
1 0.55625 0.12824074074074074 0.025 0.04351851851851852
1 0.5005208333333333 0.10740740740740741 0.025 0.03333333333333333
1 0.42916666666666664 0.34444444444444444 0.05625 0.09444444444444444
1 0.18984375 0.25046296296296294 0.0453125 0.0712962962962963
1 0.45260416666666664 0.22361111111111112 0.046875 0.0787037037037037
1 0.4044270833333333 0.06574074074074074 0.0203125 0.022222222222222223
1 0.45546875 0.0875 0.024479166666666666 0.03611111111111111
1 0.3338541666666667 0.07361111111111111 0.022916666666666665 0.026851851851851852
1 0.32760416666666664 0.1814814814814815 0.035416666666666666 0.06296296296296296
1 0.84296875 0.15324074074074073 0.034895833333333334 0.062037037037037036
1 0.3776041666666667 0.16157407407407406 0.036458333333333336 0.05462962962962963
1 0.4796875 0.09444444444444444 0.03125 0.044444444444444446
1 0.61171875 0.11990740740740741 0.03697916666666667 0.05648148148148148
1 0.6755208333333333 0.11851851851851852 0.025 0.03148148148148148
1 0.30364583333333334 0.1527777777777778 0.036458333333333336 0.05925925925925926
1 0.21119791666666668 0.10601851851851851 0.0234375 0.04351851851851852
1 0.6049479166666667 0.09305555555555556 0.021354166666666667 0.026851851851851852
1 0.16640625 0.09027777777777778 0.028645833333333332 0.03425925925925926
1 0.5822916666666667 0.10833333333333334 0.029166666666666667 0.046296296296296294
1 0.3489583333333333 0.2050925925925926 0.040625 0.06018518518518518
1 0.7190104166666667 0.1574074074074074 0.0359375 0.05925925925925926
1 0.6424479166666667 0.1162037037037037 0.028645833333333332 0.04537037037037037
1 0.3919270833333333 0.1087962962962963 0.028645833333333332 0.049074074074074076
1 0.6630208333333333 0.1685185185185185 0.03333333333333333 0.04814814814814815
1 0.5643229166666667 0.07361111111111111 0.0265625 0.025
1 0.6458333333333334 0.15787037037037038 0.034375 0.06018518518518518
1 0.334375 0.19814814814814816 0.021875 0.05185185185185185
1 0.440625 0.07777777777777778 0.022916666666666665 0.03518518518518519
1 0.8796875 0.22824074074074074 0.051041666666666666 0.06759259259259259
1 0.17552083333333332 0.2050925925925926 0.04479166666666667 0.04537037037037037
1 0.9416666666666667 0.1824074074074074 0.016666666666666666 0.06851851851851852
1 0.17890625 0.23194444444444445 0.04114583333333333 0.058333333333333334
1 0.16979166666666667 0.15601851851851853 0.034375 0.03981481481481482
1 0.7098958333333333 0.13240740740740742 0.03333333333333333 0.05185185185185185
1 0.52421875 0.11435185185185186 0.019270833333333334 0.04351851851851852
1 0.3203125 0.10416666666666667 0.036458333333333336 0.03981481481481482
1 0.6861979166666666 0.1287037037037037 0.021354166666666667 0.03518518518518519
1 0.5565104166666667 0.09537037037037037 0.024479166666666666 0.037037037037037035
1 0.4276041666666667 0.20972222222222223 0.036458333333333336 0.06018518518518518
1 0.3611979166666667 0.15 0.030729166666666665 0.03888888888888889