2 0.8322916666666667 0.14305555555555555 0.06875 0.13796296296296295
2 0.9799479166666667 0.1787037037037037 0.0390625 0.18518518518518517
2 0.7671875 0.08796296296296297 0.05520833333333333 0.08518518518518518
1 0.5955729166666667 0.35555555555555557 0.0703125 0.09074074074074075
1 0.7231770833333333 0.700462962962963 0.1265625 0.16203703703703703
1 0.8059895833333334 0.8481481481481481 0.15052083333333333 0.2111111111111111
1 0.3645833333333333 0.43796296296296294 0.08229166666666667 0.1111111111111111
1 0.21015625 0.5976851851851852 0.0984375 0.13240740740740742
1 0.18932291666666667 0.5328703703703703 0.09635416666666667 0.1175925925925926
1 0.28515625 0.29814814814814816 0.05677083333333333 0.07407407407407407
1 0.73828125 0.2361111111111111 0.04739583333333333 0.05740740740740741
1 0.5028645833333333 0.42592592592592593 0.07552083333333333 0.11296296296296296
1 0.8067708333333333 0.5356481481481481 0.121875 0.20092592592592592
1 0.5203125 0.2962962962962963 0.05416666666666667 0.07777777777777778
1 0.6213541666666667 0.4009259259259259 0.04375 0.10185185185185185
1 0.6080729166666666 0.2759259259259259 0.05364583333333333 0.07407407407407407
1 0.19140625 0.26666666666666666 0.0484375 0.07407407407407407
1 0.4890625 0.7476851851851852 0.14166666666666666 0.225
1 0.61171875 0.15648148148148147 0.0359375 0.04814814814814815
1 0.4875 0.262037037037037 0.05520833333333333 0.07037037037037037
1 0.6489583333333333 0.1962962962962963 0.046875 0.037037037037037035
1 0.26536458333333335 0.21481481481481482 0.04010416666666667 0.053703703703703705
1 0.5770833333333333 0.24814814814814815 0.05625 0.07962962962962963
1 0.8716145833333333 0.26064814814814813 0.059895833333333336 0.09351851851851851
1 0.3450520833333333 0.38333333333333336 0.0859375 0.13703703703703704
1 0.4276041666666667 0.3138888888888889 0.06770833333333333 0.11481481481481481
1 0.4552083333333333 0.23425925925925925 0.04895833333333333 0.06851851851851852
1 0.36692708333333335 0.2662037037037037 0.034895833333333334 0.06944444444444445
1 0.48984375 0.3819444444444444 0.0671875 0.10092592592592593
1 0.5958333333333333 0.14675925925925926 0.03333333333333333 0.049074074074074076
1 0.18463541666666666 0.44537037037037036 0.07239583333333334 0.11296296296296296
1 0.3575520833333333 0.22962962962962963 0.0515625 0.07777777777777778
1 0.9158854166666667 0.1814814814814815 0.0390625 0.06481481481481481
1 0.24791666666666667 0.1685185185185185 0.03854166666666667 0.05185185185185185
1 0.39166666666666666 0.16944444444444445 0.03854166666666667 0.05555555555555555
1 0.25755208333333335 0.1912037037037037 0.04114583333333333 0.04537037037037037
1 0.35625 0.1449074074074074 0.041666666666666664 0.05277777777777778
1 0.5018229166666667 0.10462962962962963 0.030729166666666665 0.044444444444444446
1 0.5606770833333333 0.1300925925925926 0.030729166666666665 0.04537037037037037
1 0.6833333333333333 0.13055555555555556 0.019791666666666666 0.03888888888888889
1 0.18723958333333332 0.21481481481481482 0.04010416666666667 0.04814814814814815
1 0.9455729166666667 0.1865740740740741 0.0390625 0.07685185185185185
1 0.40182291666666664 0.1875 0.0296875 0.05648148148148148
1 0.26328125 0.10046296296296296 0.025520833333333333 0.03796296296296296
1 0.4283854166666667 0.19583333333333333 0.0421875 0.06759259259259259
1 0.4401041666666667 0.14953703703703702 0.035416666666666666 0.05277777777777778
1 0.7270833333333333 0.2023148148148148 0.04583333333333333 0.062037037037037036
1 0.3307291666666667 0.18287037037037038 0.04479166666666667 0.05277777777777778
1 0.478125 0.09814814814814815 0.023958333333333335 0.03333333333333333
1 0.3296875 0.11574074074074074 0.03854166666666667 0.03333333333333333
1 0.16927083333333334 0.08333333333333333 0.027083333333333334 0.027777777777777776
1 0.7182291666666667 0.13472222222222222 0.03125 0.03425925925925926
1 0.27708333333333335 0.11435185185185186 0.028125 0.04351851851851852
1 0.459375 0.08657407407407407 0.017708333333333333 0.032407407407407406
1 0.8015625 0.18425925925925926 0.030208333333333334 0.06666666666666667
1 0.41875 0.0712962962962963 0.020833333333333332 0.027777777777777776
1 0.5872395833333334 0.13240740740740742 0.0328125 0.06111111111111111
1 0.52421875 0.12037037037037036 0.0203125 0.03518518518518519
1 0.29322916666666665 0.13796296296296295 0.03333333333333333 0.05185185185185185
1 0.42265625 0.13564814814814816 0.024479166666666666 0.03796296296296296
1 0.1671875 0.14583333333333334 0.03333333333333333 0.04351851851851852
1 0.22786458333333334 0.1300925925925926 0.0359375 0.041666666666666664
1 0.18671875 0.38425925925925924 0.07864583333333333 0.12407407407407407
1 0.3182291666666667 0.16296296296296298 0.03333333333333333 0.05740740740740741
1 0.7080729166666667 0.1875 0.0421875 0.06944444444444445
1 0.5677083333333334 0.10092592592592593 0.0375 0.03888888888888889
1 0.6166666666666667 0.11898148148148148 0.03229166666666667 0.04537037037037037
1 0.76328125 0.15092592592592594 0.03697916666666667 0.053703703703703705
1 0.39010416666666664 0.29768518518518516 0.030208333333333334 0.0787037037037037
1 0.3927083333333333 0.11296296296296296 0.028125 0.04259259259259259
1 0.7346354166666667 0.1412037037037037 0.027604166666666666 0.026851851851851852
1 0.5981770833333333 0.09444444444444444 0.021354166666666667 0.018518518518518517
1 0.40078125 0.11990740740740741 0.028645833333333332 0.03981481481481482
1 0.32578125 0.0712962962962963 0.021354166666666667 0.020370370370370372
1 0.5463541666666667 0.06712962962962964 0.027083333333333334 0.03425925925925926
1 0.31171875 0.09722222222222222 0.03697916666666667 0.037037037037037035
1 0.6536458333333334 0.13564814814814816 0.042708333333333334 0.062037037037037036
1 0.17552083333333332 0.1814814814814815 0.04791666666666667 0.046296296296296294
1 0.5880208333333333 0.07962962962962963 0.029166666666666667 0.025925925925925925
1 0.6393229166666666 0.10324074074074074 0.0234375 0.030555555555555555
1 0.896875 0.17037037037037037 0.03854166666666667 0.06666666666666667
1 0.42916666666666664 0.6578703703703703 0.10729166666666666 0.16018518518518518
1 0.8255208333333334 0.2050925925925926 0.046875 0.075
1 0.23880208333333333 0.1439814814814815 0.034895833333333334 0.03981481481481482
1 0.37395833333333334 0.1 0.026041666666666668 0.046296296296296294
1 0.15989583333333332 0.18425925925925926 0.017708333333333333 0.040740740740740744
1 0.9828125 0.26851851851851855 0.03333333333333333 0.07777777777777778
1 0.9927083333333333 0.33101851851851855 0.013541666666666667 0.08425925925925926
1 0.33619791666666665 0.20462962962962963 0.0328125 0.05555555555555555
1 0.39791666666666664 0.2708333333333333 0.051041666666666666 0.08425925925925926
1 0.4432291666666667 0.07824074074074074 0.019791666666666666 0.03425925925925926
1 0.7682291666666666 0.21574074074074073 0.03958333333333333 0.053703703703703705