1 0.5234375 0.8231481481481482 0.14375 0.18888888888888888
1 0.7479166666666667 0.7300925925925926 0.13333333333333333 0.18425925925925926
1 0.29322916666666665 0.9268518518518518 0.17604166666666668 0.14444444444444443
1 0.5307291666666667 0.3111111111111111 0.06458333333333334 0.08148148148148149
1 0.70078125 0.4532407407407407 0.07864583333333333 0.11574074074074074
1 0.42552083333333335 0.6296296296296297 0.11354166666666667 0.1537037037037037
1 0.2046875 0.49583333333333335 0.1 0.12685185185185185
1 0.18619791666666666 0.41203703703703703 0.07864583333333333 0.10185185185185185
1 0.8328125 0.5745370370370371 0.10833333333333334 0.16203703703703703
1 0.59296875 0.538425925925926 0.09635416666666667 0.14537037037037037
1 0.8044270833333333 0.4050925925925926 0.0828125 0.11018518518518519
1 0.5364583333333334 0.4824074074074074 0.08854166666666667 0.11851851851851852
1 0.69375 0.31527777777777777 0.06770833333333333 0.10648148148148148
1 0.7424479166666667 0.48657407407407405 0.10364583333333334 0.1361111111111111
1 0.4765625 0.25277777777777777 0.052083333333333336 0.06851851851851852
1 0.440625 0.22685185185185186 0.046875 0.06111111111111111
1 0.035416666666666666 0.4513888888888889 0.07083333333333333 0.1287037037037037
1 0.40859375 0.5537037037037037 0.1046875 0.14074074074074075
1 0.18072916666666666 0.29259259259259257 0.053125 0.07777777777777778
1 0.30755208333333334 0.3162037037037037 0.059895833333333336 0.0824074074074074
1 0.97265625 0.20185185185185187 0.05364583333333333 0.07407407407407407
1 0.5872395833333334 0.25277777777777777 0.0515625 0.07962962962962963
1 0.34609375 0.42592592592592593 0.07760416666666667 0.10555555555555556
1 0.4484375 0.3287037037037037 0.06458333333333334 0.10185185185185185
1 0.4078125 0.30416666666666664 0.046875 0.08055555555555556
1 0.8247395833333333 0.23935185185185184 0.0515625 0.0787037037037037
1 0.9442708333333333 0.48518518518518516 0.1 0.1537037037037037
1 0.6481770833333333 0.28194444444444444 0.058854166666666666 0.09166666666666666
1 0.6341145833333334 0.1814814814814815 0.043229166666666666 0.04814814814814815
1 0.42916666666666664 0.13796296296296295 0.03333333333333333 0.046296296296296294
1 0.39505208333333336 0.275 0.0484375 0.07407407407407407
1 0.6822916666666666 0.2111111111111111 0.04375 0.04259259259259259
1 0.34140625 0.22037037037037038 0.03697916666666667 0.05925925925925926
1 0.49114583333333334 0.11712962962962963 0.026041666666666668 0.03425925925925926
1 0.275 0.24675925925925926 0.058333333333333334 0.09351851851851851
1 0.6606770833333333 0.12314814814814815 0.028645833333333332 0.040740740740740744
1 0.3984375 0.17731481481481481 0.03229166666666667 0.04722222222222222
1 0.61484375 0.36342592592592593 0.07864583333333333 0.12129629629629629
1 0.9 0.2759259259259259 0.059375 0.07777777777777778
1 0.3020833333333333 0.15138888888888888 0.03333333333333333 0.03981481481481482
1 0.50625 0.41712962962962963 0.084375 0.13240740740740742
1 0.16171875 0.0837962962962963 0.024479166666666666 0.030555555555555555
1 0.9020833333333333 0.2324074074074074 0.05416666666666667 0.06111111111111111
1 0.3424479166666667 0.1875 0.04114583333333333 0.049074074074074076
1 0.22682291666666668 0.12175925925925926 0.030729166666666665 0.03796296296296296
1 0.3846354166666667 0.1087962962962963 0.03177083333333333 0.05092592592592592
1 0.8596354166666667 0.19212962962962962 0.03177083333333333 0.049074074074074076
1 0.5768229166666666 0.15925925925925927 0.0328125 0.03333333333333333
1 0.64296875 0.16574074074074074 0.033854166666666664 0.05185185185185185
1 0.34713541666666664 0.1412037037037037 0.025520833333333333 0.03796296296296296
1 0.365625 0.10185185185185185 0.013541666666666667 0.03148148148148148
1 0.41953125 0.12685185185185185 0.028645833333333332 0.05
1 0.7356770833333334 0.12777777777777777 0.024479166666666666 0.037037037037037035
1 0.5705729166666667 0.23287037037037037 0.05364583333333333 0.08981481481481482
1 0.71484375 0.13935185185185187 0.0328125 0.04537037037037037
1 0.428125 0.19675925925925927 0.04479166666666667 0.06944444444444445
1 0.6065104166666667 0.17083333333333334 0.028645833333333332 0.03796296296296296
1 0.36302083333333335 0.14907407407407408 0.03125 0.040740740740740744
1 0.7486979166666666 0.15694444444444444 0.0328125 0.028703703703703703
1 0.5528645833333333 0.1162037037037037 0.018229166666666668 0.026851851851851852
1 0.18177083333333333 0.2569444444444444 0.051041666666666666 0.06018518518518518
1 0.27369791666666665 0.10694444444444444 0.033854166666666664 0.041666666666666664
1 0.8901041666666667 0.21064814814814814 0.052083333333333336 0.07685185185185185
1 0.3859375 0.16620370370370371 0.03125 0.05462962962962963
1 0.5291666666666667 0.13796296296296295 0.014583333333333334 0.024074074074074074
1 0.8333333333333334 0.1824074074074074 0.03229166666666667 0.05555555555555555
1 0.3229166666666667 0.17962962962962964 0.03229166666666667 0.06111111111111111
1 0.3341145833333333 0.36018518518518516 0.0640625 0.08888888888888889
1 0.671875 0.10648148148148148 0.026041666666666668 0.046296296296296294
1 0.8026041666666667 0.19537037037037036 0.03125 0.05740740740740741
1 0.64375 0.13287037037037036 0.03229166666666667 0.03425925925925926
1 0.23489583333333333 0.13935185185185187 0.026041666666666668 0.03981481481481482
1 0.5690104166666666 0.10138888888888889 0.022395833333333334 0.025
1 0.4361979166666667 0.08055555555555556 0.0234375 0.03333333333333333
1 0.4708333333333333 0.09259259259259259 0.023958333333333335 0.02962962962962963
1 0.5096354166666667 0.10277777777777777 0.028645833333333332 0.05185185185185185
1 0.7244791666666667 0.2 0.03958333333333333 0.06851851851851852
1 0.6955729166666667 0.16203703703703703 0.0359375 0.05
1 0.35651041666666666 0.08703703703703704 0.0203125 0.03148148148148148
1 0.2955729166666667 0.1398148148148148 0.0390625 0.04259259259259259
1 0.61171875 0.1439814814814815 0.030729166666666665 0.028703703703703703
1 0.25703125 0.16435185185185186 0.034895833333333334 0.03425925925925926
1 0.5533854166666666 0.08703703703703704 0.022395833333333334 0.025925925925925925
1 0.5591145833333333 0.1439814814814815 0.028645833333333332 0.03425925925925926
1 0.34401041666666665 0.125 0.0296875 0.044444444444444446
1 0.28567708333333336 0.125 0.03697916666666667 0.03518518518518519
1 0.6315104166666666 0.12546296296296297 0.025520833333333333 0.030555555555555555
1 0.17708333333333334 0.20601851851851852 0.04583333333333333 0.04537037037037037
1 0.7171875 0.1111111111111111 0.019791666666666666 0.016666666666666666
1 0.64375 0.09490740740740741 0.029166666666666667 0.03611111111111111
1 0.16770833333333332 0.17314814814814813 0.029166666666666667 0.037037037037037035
1 0.18463541666666666 0.07962962962962963 0.021354166666666667 0.024074074074074074
1 0.171875 0.2324074074074074 0.041666666666666664 0.07777777777777778
1 0.9052083333333333 0.1712962962962963 0.04895833333333333 0.07222222222222222
1 0.5395833333333333 0.07824074074074074 0.020833333333333332 0.03981481481481482
1 0.17421875 0.1486111111111111 0.03697916666666667 0.028703703703703703
1 0.33307291666666666 0.33425925925925926 0.05260416666666667 0.037037037037037035
1 0.7638020833333333 0.20833333333333334 0.0546875 0.08518518518518518
1 0.3221354166666667 0.10555555555555556 0.0265625 0.040740740740740744
1 0.2677083333333333 0.21064814814814814 0.053125 0.06759259259259259
1 0.5895833333333333 0.13240740740740742 0.030208333333333334 0.03888888888888889
1 0.37057291666666664 0.23564814814814813 0.04739583333333333 0.08055555555555556
1 0.5947916666666667 0.11018518518518519 0.027083333333333334 0.03518518518518519
1 0.49609375 0.07916666666666666 0.0203125 0.03611111111111111