2 0.6856770833333333 0.09444444444444444 0.05260416666666667 0.10740740740740741
2 0.6299479166666667 0.08796296296296297 0.050520833333333334 0.08703703703703704
1 0.29791666666666666 0.8805555555555555 0.165625 0.21666666666666667
1 0.7950520833333333 0.5222222222222223 0.10677083333333333 0.1425925925925926
1 0.20390625 0.4699074074074074 0.0859375 0.11944444444444445
1 0.5859375 0.9097222222222222 0.17395833333333333 0.1787037037037037
1 0.3575520833333333 0.44027777777777777 0.07864583333333333 0.10092592592592593
1 0.5611979166666666 0.525 0.11614583333333334 0.17222222222222222
1 0.9799479166666667 0.7430555555555556 0.0390625 0.18611111111111112
1 0.33828125 0.3726851851851852 0.06822916666666666 0.09351851851851851
1 0.7359375 0.7125 0.14479166666666668 0.22314814814814815
1 0.49270833333333336 0.40370370370370373 0.075 0.1037037037037037
1 0.5497395833333333 0.3111111111111111 0.06614583333333333 0.08888888888888889
1 0.6018229166666667 0.26342592592592595 0.05364583333333333 0.075
1 0.8606770833333334 0.875 0.1734375 0.22777777777777777
1 0.4484375 0.22824074074074074 0.04583333333333333 0.062037037037037036
1 0.5434895833333333 0.21666666666666667 0.0484375 0.07592592592592592
1 0.17890625 0.3263888888888889 0.0671875 0.0824074074074074
1 0.43984375 0.33611111111111114 0.0640625 0.09259259259259259
1 0.6565104166666667 0.2916666666666667 0.0609375 0.0962962962962963
1 0.10703125 0.4060185185185185 0.0796875 0.13055555555555556
1 0.57421875 0.16064814814814815 0.0359375 0.03981481481481482
1 0.4119791666666667 0.18935185185185185 0.040625 0.049074074074074076
1 0.59453125 0.35555555555555557 0.0671875 0.1
1 0.3125 0.3425925925925926 0.05625 0.08888888888888889
1 0.9252604166666667 0.32916666666666666 0.07552083333333333 0.062037037037037036
1 0.8864583333333333 0.6194444444444445 0.12395833333333334 0.17407407407407408
1 0.5122395833333333 0.19814814814814816 0.0421875 0.06666666666666667
1 0.8661458333333333 0.16898148148148148 0.03854166666666667 0.049074074074074076
1 0.68828125 0.41898148148148145 0.08697916666666666 0.1398148148148148
1 0.5223958333333333 0.29398148148148145 0.04895833333333333 0.0787037037037037
1 0.48671875 0.25462962962962965 0.0546875 0.08518518518518518
1 0.2638020833333333 0.2324074074074074 0.03802083333333333 0.06296296296296296
1 0.9338541666666667 0.27546296296296297 0.05520833333333333 0.05277777777777778
1 0.8268229166666666 0.2763888888888889 0.07447916666666667 0.07685185185185185
1 0.8700520833333333 0.2222222222222222 0.04739583333333333 0.05740740740740741
1 0.9125 0.23981481481481481 0.053125 0.07777777777777778
1 0.17135416666666667 0.22314814814814815 0.03958333333333333 0.05740740740740741
1 0.7401041666666667 0.175 0.036458333333333336 0.05555555555555555
1 0.35104166666666664 0.22268518518518518 0.035416666666666666 0.06018518518518518
1 0.77109375 0.2439814814814815 0.05364583333333333 0.049074074074074076
1 0.37838541666666664 0.23564814814814813 0.0453125 0.08055555555555556
1 0.3807291666666667 0.10462962962962963 0.026041666666666668 0.037037037037037035
1 0.38229166666666664 0.16944444444444445 0.0375 0.05
1 0.48828125 0.18009259259259258 0.03697916666666667 0.06018518518518518
1 0.39895833333333336 0.28194444444444444 0.053125 0.08981481481481482
1 0.18098958333333334 0.1486111111111111 0.0359375 0.049074074074074076
1 0.8401041666666667 0.16018518518518518 0.03333333333333333 0.04814814814814815
1 0.29322916666666665 0.29907407407407405 0.05416666666666667 0.05555555555555555
1 0.45364583333333336 0.09907407407407408 0.026041666666666668 0.027777777777777776
1 0.6729166666666667 0.2037037037037037 0.040625 0.044444444444444446
1 0.6338541666666667 0.16342592592592592 0.035416666666666666 0.05462962962962963
1 0.17734375 0.2791666666666667 0.059895833333333336 0.062037037037037036
1 0.47604166666666664 0.16527777777777777 0.03958333333333333 0.062037037037037036
1 0.52421875 0.11481481481481481 0.022395833333333334 0.03518518518518519
1 0.3380208333333333 0.11898148148148148 0.025 0.03981481481481482
1 0.34817708333333336 0.08194444444444444 0.030729166666666665 0.03611111111111111
1 0.7838541666666666 0.15416666666666667 0.034375 0.030555555555555555
1 0.7091145833333333 0.23287037037037037 0.0453125 0.05648148148148148
1 0.30625 0.15185185185185185 0.03333333333333333 0.053703703703703705
1 0.34661458333333334 0.20555555555555555 0.04010416666666667 0.05925925925925926
1 0.25390625 0.19027777777777777 0.0453125 0.07685185185185185
1 0.4783854166666667 0.09444444444444444 0.024479166666666666 0.03518518518518519
1 0.646875 0.1337962962962963 0.03125 0.03611111111111111
1 0.746875 0.125 0.035416666666666666 0.05
1 0.69296875 0.14583333333333334 0.034895833333333334 0.03611111111111111
1 0.7565104166666666 0.17592592592592593 0.030729166666666665 0.03518518518518519
1 0.809375 0.2263888888888889 0.041666666666666664 0.04351851851851852
1 0.31614583333333335 0.10138888888888889 0.023958333333333335 0.03611111111111111
1 0.6921875 0.17592592592592593 0.036458333333333336 0.05555555555555555
1 0.6440104166666667 0.19305555555555556 0.028645833333333332 0.03425925925925926
1 0.3736979166666667 0.09166666666666666 0.024479166666666666 0.025925925925925925
1 0.17890625 0.20185185185185187 0.04010416666666667 0.053703703703703705
1 0.7223958333333333 0.11342592592592593 0.025 0.04351851851851852
1 0.5794270833333334 0.13472222222222222 0.033854166666666664 0.05648148148148148
1 0.28489583333333335 0.12083333333333333 0.025 0.041666666666666664
1 0.8026041666666667 0.1865740740740741 0.03333333333333333 0.03981481481481482
1 0.23385416666666667 0.13935185185185187 0.034375 0.05092592592592592
1 0.6510416666666666 0.10648148148148148 0.021875 0.02962962962962963
1 0.9768229166666667 0.30694444444444446 0.0453125 0.09722222222222222
1 0.41822916666666665 0.31527777777777777 0.04791666666666667 0.0787037037037037
1 0.19401041666666666 0.10277777777777777 0.022395833333333334 0.03148148148148148
1 0.16119791666666666 0.11944444444444445 0.0390625 0.053703703703703705
1 0.5846354166666666 0.10462962962962963 0.0265625 0.03148148148148148
1 0.5575520833333333 0.10138888888888889 0.0265625 0.04537037037037037
1 0.66015625 0.16620370370370371 0.0359375 0.03611111111111111
1 0.4921875 0.11435185185185186 0.028125 0.032407407407407406
1 0.59765625 0.09351851851851851 0.019270833333333334 0.04259259259259259
1 0.28463541666666664 0.2550925925925926 0.0484375 0.06944444444444445
1 0.46510416666666665 0.06296296296296296 0.01875 0.022222222222222223
1 0.23020833333333332 0.11944444444444445 0.035416666666666666 0.03333333333333333
1 0.75390625 0.21712962962962962 0.03697916666666667 0.062037037037037036
1 0.33151041666666664 0.18009259259259258 0.03802083333333333 0.06388888888888888