2 0.7411458333333333 0.11064814814814815 0.058333333333333334 0.1287037037037037
2 0.66796875 0.09444444444444444 0.050520833333333334 0.10185185185185185
1 0.7588541666666667 0.5013888888888889 0.10208333333333333 0.13055555555555556
1 0.9307291666666667 0.6578703703703703 0.125 0.17314814814814813
1 0.47213541666666664 0.38981481481481484 0.08697916666666666 0.12962962962962962
1 0.3692708333333333 0.5388888888888889 0.10520833333333333 0.13518518518518519
1 0.42942708333333335 0.32314814814814813 0.06197916666666667 0.08518518518518518
1 0.6986979166666667 0.9550925925925926 0.20052083333333334 0.08796296296296297
1 0.31953125 0.3476851851851852 0.0609375 0.0824074074074074
1 0.6190104166666667 0.5745370370370371 0.11614583333333334 0.15092592592592594
1 0.6359375 0.3939814814814815 0.07708333333333334 0.11203703703703703
1 0.04635416666666667 0.4736111111111111 0.0875 0.13425925925925927
1 0.40625 0.5976851851851852 0.10833333333333334 0.14722222222222223
1 0.20859375 0.3611111111111111 0.0609375 0.09444444444444444
1 0.56796875 0.49398148148148147 0.1015625 0.15462962962962962
1 0.4890625 0.25555555555555554 0.05625 0.07777777777777778
1 0.25338541666666664 0.9222222222222223 0.17447916666666666 0.1537037037037037
1 0.9591145833333333 0.4930555555555556 0.08072916666666667 0.14907407407407408
1 0.68203125 0.4444444444444444 0.0890625 0.12777777777777777
1 0.41302083333333334 0.19768518518518519 0.03854166666666667 0.05277777777777778
1 0.7122395833333334 0.7222222222222222 0.16197916666666667 0.25555555555555554
1 0.95546875 0.1962962962962963 0.044270833333333336 0.05555555555555555
1 0.5278645833333333 0.28703703703703703 0.05364583333333333 0.08148148148148149
1 0.30494791666666665 0.3037037037037037 0.05677083333333333 0.07777777777777778
1 0.4901041666666667 0.18194444444444444 0.041666666666666664 0.062037037037037036
1 0.6463541666666667 0.1925925925925926 0.03958333333333333 0.04259259259259259
1 0.5375 0.21712962962962962 0.041666666666666664 0.06018518518518518
1 0.38645833333333335 0.1648148148148148 0.034375 0.046296296296296294
1 0.9200520833333333 0.32083333333333336 0.06927083333333334 0.0787037037037037
1 0.5661458333333333 0.1337962962962963 0.03229166666666667 0.041666666666666664
1 0.390625 0.2777777777777778 0.057291666666666664 0.07962962962962963
1 0.9700520833333334 0.30185185185185187 0.058854166666666666 0.07407407407407407
1 0.91796875 0.1865740740740741 0.04010416666666667 0.05277777777777778
1 0.578125 0.23703703703703705 0.04895833333333333 0.07962962962962963
1 0.7424479166666667 0.23703703703703705 0.043229166666666666 0.053703703703703705
1 0.2830729166666667 0.28055555555555556 0.04739583333333333 0.07592592592592592
1 0.8885416666666667 0.2662037037037037 0.053125 0.06759259259259259
1 0.7776041666666667 0.25555555555555554 0.05416666666666667 0.05925925925925926
1 0.25833333333333336 0.2013888888888889 0.03333333333333333 0.05462962962962963
1 0.5854166666666667 0.32592592592592595 0.06979166666666667 0.1111111111111111
1 0.8755208333333333 0.19722222222222222 0.040625 0.06111111111111111
1 0.19817708333333334 0.13148148148148148 0.027604166666666666 0.046296296296296294
1 0.8393229166666667 0.2851851851851852 0.05677083333333333 0.05740740740740741
1 0.18958333333333333 0.31527777777777777 0.06041666666666667 0.10277777777777777
1 0.44765625 0.21805555555555556 0.044270833333333336 0.075
1 0.82265625 0.23425925925925925 0.0484375 0.06111111111111111
1 0.5065104166666666 0.10555555555555556 0.024479166666666666 0.03888888888888889
1 0.171875 0.19490740740740742 0.036458333333333336 0.05277777777777778
1 0.7098958333333333 0.1587962962962963 0.034375 0.041666666666666664
1 0.346875 0.2023148148148148 0.03958333333333333 0.06944444444444445
1 0.82890625 0.19583333333333333 0.044270833333333336 0.03796296296296296
1 0.7953125 0.1425925925925926 0.03854166666666667 0.05925925925925926
1 0.6322916666666667 0.1597222222222222 0.0375 0.062037037037037036
1 0.3268229166666667 0.18703703703703703 0.0328125 0.06296296296296296
1 0.7364583333333333 0.20601851851851852 0.04583333333333333 0.06018518518518518
1 0.36223958333333334 0.1486111111111111 0.033854166666666664 0.03981481481481482
1 0.7015625 0.1912037037037037 0.040625 0.06018518518518518
1 0.8653645833333333 0.2199074074074074 0.0453125 0.06018518518518518
1 0.37135416666666665 0.23703703703703705 0.046875 0.07962962962962963
1 0.45364583333333336 0.1527777777777778 0.029166666666666667 0.05
1 0.46953125 0.24583333333333332 0.049479166666666664 0.06759259259259259
1 0.48463541666666665 0.11481481481481481 0.0265625 0.02962962962962963
1 0.5247395833333334 0.13333333333333333 0.022395833333333334 0.03148148148148148
1 0.3346354166666667 0.07361111111111111 0.0265625 0.028703703703703703
1 0.29322916666666665 0.1337962962962963 0.029166666666666667 0.05277777777777778
1 0.17526041666666667 0.23796296296296296 0.0546875 0.053703703703703705
1 0.2760416666666667 0.2439814814814815 0.04895833333333333 0.06944444444444445
1 0.36380208333333336 0.09305555555555556 0.024479166666666666 0.03425925925925926
1 0.15546875 0.09814814814814815 0.0328125 0.022222222222222223
1 0.16979166666666667 0.14722222222222223 0.03854166666666667 0.037037037037037035
1 0.4388020833333333 0.07314814814814814 0.0234375 0.03333333333333333
1 0.98203125 0.36666666666666664 0.034895833333333334 0.1
1 0.5979166666666667 0.11574074074074074 0.03229166666666667 0.05185185185185185
1 0.6270833333333333 0.12638888888888888 0.034375 0.05092592592592592
1 0.16796875 0.08287037037037037 0.033854166666666664 0.030555555555555555
1 0.41119791666666666 0.06805555555555555 0.021354166666666667 0.025
1 0.22838541666666667 0.12037037037037036 0.0328125 0.05
1 0.521875 0.08611111111111111 0.01875 0.03888888888888889
1 0.478125 0.0912037037037037 0.03125 0.03796296296296296
1 0.575 0.11481481481481481 0.021875 0.03888888888888889
1 0.44114583333333335 0.14305555555555555 0.034375 0.062037037037037036
1 0.24505208333333334 0.16666666666666666 0.0453125 0.06851851851851852
1 0.35442708333333334 0.08472222222222223 0.0234375 0.030555555555555555
1 0.31015625 0.15092592592592594 0.03802083333333333 0.046296296296296294
1 0.19479166666666667 0.08333333333333333 0.021875 0.025925925925925925
1 0.6151041666666667 0.08611111111111111 0.020833333333333332 0.02962962962962963
1 0.253125 0.08009259259259259 0.021875 0.032407407407407406
1 0.2630208333333333 0.09583333333333334 0.026041666666666668 0.03611111111111111
1 0.3026041666666667 0.09027777777777778 0.021875 0.032407407407407406
1 0.5390625 0.09212962962962963 0.030208333333333334 0.04351851851851852
1 0.46875 0.1597222222222222 0.034375 0.04351851851851852
1 0.7747395833333334 0.1787037037037037 0.0390625 0.05185185185185185
1 0.5190104166666667 0.06435185185185185 0.0296875 0.025
1 0.17838541666666666 0.27175925925925926 0.0546875 0.07314814814814814
1 0.25416666666666665 0.13657407407407407 0.023958333333333335 0.03796296296296296
1 0.16875 0.16666666666666666 0.035416666666666666 0.040740740740740744
1 0.27265625 0.10694444444444444 0.022395833333333334 0.03611111111111111
1 0.48880208333333336 0.07175925925925926 0.0203125 0.021296296296296296
1 0.5708333333333333 0.09212962962962963 0.022916666666666665 0.028703703703703703
1 0.6346354166666667 0.09351851851851851 0.021354166666666667 0.02962962962962963
1 0.35182291666666665 0.1287037037037037 0.0359375 0.046296296296296294
1 0.5442708333333334 0.07546296296296297 0.020833333333333332 0.025
1 0.7752604166666667 0.12638888888888888 0.016145833333333335 0.04351851851851852
1 0.5528645833333333 0.11527777777777778 0.0203125 0.049074074074074076
1 0.7791666666666667 0.2023148148148148 0.041666666666666664 0.049074074074074076
1 0.24192708333333332 0.14675925925925926 0.0421875 0.030555555555555555
1 0.15598958333333332 0.11342592592592593 0.0328125 0.05092592592592592
1 0.37890625 0.2638888888888889 0.03802083333333333 0.06666666666666667
1 0.27317708333333335 0.20972222222222223 0.04114583333333333 0.04351851851851852