2 0.9026041666666667 0.16203703703703703 0.08958333333333333 0.15185185185185185
2 0.8234375 0.09953703703703703 0.06145833333333333 0.08981481481481482
1 0.7200520833333334 0.700925925925926 0.13385416666666666 0.17777777777777778
1 0.8463541666666666 0.6 0.11770833333333333 0.15
1 0.5875 0.55 0.096875 0.13703703703703704
1 0.8677083333333333 0.2986111111111111 0.0625 0.06759259259259259
1 0.44375 0.3375 0.0625 0.08981481481481482
1 0.51328125 0.2902777777777778 0.0546875 0.075
1 0.9075520833333334 0.26666666666666666 0.05677083333333333 0.07037037037037037
1 0.20026041666666666 0.46296296296296297 0.07760416666666667 0.1037037037037037
1 0.325 0.3472222222222222 0.06354166666666666 0.08703703703703704
1 0.6596354166666667 0.3990740740740741 0.09114583333333333 0.15
1 0.55078125 0.487962962962963 0.09010416666666667 0.11481481481481481
1 0.8666666666666667 0.8791666666666667 0.17604166666666668 0.23981481481481481
1 0.4700520833333333 0.24537037037037038 0.044270833333333336 0.06851851851851852
1 0.6729166666666667 0.18425925925925926 0.040625 0.05555555555555555
1 0.35651041666666666 0.4777777777777778 0.07239583333333334 0.11851851851851852
1 0.38567708333333334 0.5166666666666667 0.09427083333333333 0.15185185185185185
1 0.8291666666666667 0.24351851851851852 0.052083333333333336 0.07222222222222222
1 0.5338541666666666 0.3189814814814815 0.0375 0.0787037037037037
1 0.52265625 0.2074074074074074 0.0453125 0.06851851851851852
1 0.41770833333333335 0.3060185185185185 0.04895833333333333 0.0824074074074074
1 0.5682291666666667 0.13796296296296295 0.03125 0.03888888888888889
1 0.44244791666666666 0.22175925925925927 0.0453125 0.06018518518518518
1 0.26953125 0.24814814814814815 0.049479166666666664 0.06481481481481481
1 0.9208333333333333 0.49074074074074076 0.103125 0.13148148148148148
1 0.30859375 0.30833333333333335 0.06822916666666666 0.1111111111111111
1 0.25442708333333336 0.18703703703703703 0.0359375 0.04814814814814815
1 0.33203125 0.1962962962962963 0.044270833333333336 0.06851851851851852
1 0.440625 0.07731481481481481 0.023958333333333335 0.032407407407407406
1 0.60390625 0.15 0.034895833333333334 0.05185185185185185
1 0.3953125 0.2587962962962963 0.057291666666666664 0.09907407407407408
1 0.5515625 0.2300925925925926 0.041666666666666664 0.06574074074074074
1 0.18723958333333332 0.22916666666666666 0.0421875 0.062037037037037036
1 0.19322916666666667 0.41759259259259257 0.07604166666666666 0.09259259259259259
1 0.3296875 0.12129629629629629 0.019791666666666666 0.03333333333333333
1 0.3171875 0.17685185185185184 0.03125 0.04814814814814815
1 0.9473958333333333 0.2449074074074074 0.05416666666666667 0.08425925925925926
1 0.35963541666666665 0.25046296296296294 0.030729166666666665 0.06759259259259259
1 0.21666666666666667 0.11296296296296296 0.030208333333333334 0.05
1 0.7372395833333333 0.15 0.019270833333333334 0.046296296296296294
1 0.65859375 0.17037037037037037 0.0359375 0.053703703703703705
1 0.40859375 0.1259259259259259 0.0421875 0.05185185185185185
1 0.30104166666666665 0.14629629629629629 0.03125 0.05185185185185185
1 0.18307291666666667 0.1865740740740741 0.04114583333333333 0.049074074074074076
1 0.5083333333333333 0.10694444444444444 0.016666666666666666 0.04351851851851852
1 0.35833333333333334 0.08564814814814815 0.023958333333333335 0.03611111111111111
1 0.24453125 0.16805555555555557 0.0421875 0.04722222222222222
1 0.37057291666666664 0.14907407407407408 0.0328125 0.04814814814814815
1 0.4825520833333333 0.09768518518518518 0.0171875 0.03425925925925926
1 0.28567708333333336 0.12638888888888888 0.0296875 0.04722222222222222
1 0.18619791666666666 0.30833333333333335 0.0609375 0.10185185185185185
1 0.3177083333333333 0.10601851851851851 0.035416666666666666 0.032407407407407406
1 0.17630208333333333 0.35509259259259257 0.059895833333333336 0.09537037037037037
1 0.37838541666666664 0.10138888888888889 0.030729166666666665 0.041666666666666664
1 0.25729166666666664 0.09166666666666666 0.022916666666666665 0.03518518518518519
1 0.23125 0.12824074074074074 0.03125 0.03981481481481482
1 0.75078125 0.24444444444444444 0.05677083333333333 0.046296296296296294
1 0.27005208333333336 0.10277777777777777 0.0296875 0.03888888888888889
1 0.6348958333333333 0.15833333333333333 0.036458333333333336 0.06296296296296296
1 0.6354166666666666 0.10601851851851851 0.023958333333333335 0.021296296296296296
1 0.34869791666666666 0.12916666666666668 0.030729166666666665 0.04722222222222222
1 0.46640625 0.08657407407407407 0.0203125 0.03611111111111111
1 0.240625 0.14074074074074075 0.034375 0.024074074074074074
1 0.8067708333333333 0.16620370370370371 0.03125 0.03611111111111111
1 0.18776041666666668 0.14675925925925926 0.027604166666666666 0.03981481481481482
1 0.840625 0.17731481481481481 0.04583333333333333 0.06944444444444445
1 0.9786458333333333 0.22685185185185186 0.041666666666666664 0.08518518518518518
1 0.42265625 0.19490740740740742 0.03802083333333333 0.04351851851851852
1 0.39010416666666664 0.19490740740740742 0.03333333333333333 0.032407407407407406
1 0.49635416666666665 0.10231481481481482 0.020833333333333332 0.03796296296296296
1 0.83203125 0.19814814814814816 0.0203125 0.025925925925925925
1 0.3575520833333333 0.225 0.05260416666666667 0.06666666666666667
1 0.16979166666666667 0.16111111111111112 0.041666666666666664 0.04259259259259259
1 0.52265625 0.11712962962962963 0.0234375 0.04351851851851852
1 0.6609375 0.12777777777777777 0.034375 0.03888888888888889
1 0.39479166666666665 0.1587962962962963 0.03333333333333333 0.04351851851851852
1 0.6171875 0.0875 0.03125 0.028703703703703703
1 0.6817708333333333 0.11342592592592593 0.027083333333333334 0.026851851851851852
1 0.31354166666666666 0.15925925925925927 0.040625 0.044444444444444446
1 0.48359375 0.9861111111111112 0.14739583333333334 0.025925925925925925
1 0.9919270833333333 0.32731481481481484 0.015104166666666667 0.10277777777777777