2 0.6986979166666667 0.09722222222222222 0.05364583333333333 0.11481481481481481
2 0.6395833333333333 0.08981481481481482 0.05 0.09074074074074075
1 0.3026041666666667 0.7601851851851852 0.14375 0.18888888888888888
1 0.7739583333333333 0.7759259259259259 0.15416666666666667 0.20185185185185187
1 0.7473958333333334 0.48333333333333334 0.09895833333333333 0.13148148148148148
1 0.9372395833333333 0.6611111111111111 0.12447916666666667 0.17037037037037037
1 0.5338541666666666 0.4824074074074074 0.10729166666666666 0.15925925925925927
1 0.5119791666666667 0.8189814814814815 0.153125 0.19907407407407407
1 0.34713541666666664 0.41388888888888886 0.07552083333333333 0.0962962962962963
1 0.20833333333333334 0.43796296296296294 0.07708333333333334 0.11296296296296296
1 0.6817708333333333 0.6393518518518518 0.13125 0.20092592592592592
1 0.82265625 0.562962962962963 0.11302083333333333 0.15925925925925927
1 0.4739583333333333 0.38101851851851853 0.06979166666666667 0.09907407407407408
1 0.44166666666666665 0.2199074074074074 0.041666666666666664 0.06018518518518518
1 0.5309895833333333 0.29583333333333334 0.06302083333333333 0.08425925925925926
1 0.32890625 0.3537037037037037 0.06510416666666667 0.08888888888888889
1 0.66171875 0.3912037037037037 0.08177083333333333 0.13055555555555556
1 0.14036458333333332 0.37916666666666665 0.07447916666666667 0.12129629629629629
1 0.5916666666666667 0.16805555555555557 0.034375 0.03981481481481482
1 0.52890625 0.20925925925925926 0.04635416666666667 0.07222222222222222
1 0.5721354166666667 0.33564814814814814 0.0640625 0.09537037037037037
1 0.84296875 0.23981481481481481 0.0484375 0.04259259259259259
1 0.63359375 0.2763888888888889 0.0578125 0.09166666666666666
1 0.30572916666666666 0.3263888888888889 0.05625 0.0824074074074074
1 0.42630208333333336 0.32083333333333336 0.06197916666666667 0.08981481481481482
1 0.859375 0.16712962962962963 0.03333333333333333 0.049074074074074076
1 0.40598958333333335 0.18333333333333332 0.04010416666666667 0.05
1 0.17630208333333333 0.3106481481481482 0.06302083333333333 0.07685185185185185
1 0.9486979166666667 0.25416666666666665 0.05677083333333333 0.0824074074074074
1 0.8755208333333333 0.2972222222222222 0.071875 0.08518518518518518
1 0.8859375 0.17592592592592593 0.03958333333333333 0.05
1 0.73828125 0.24166666666666667 0.0484375 0.05555555555555555
1 0.37786458333333334 0.16620370370370371 0.03802083333333333 0.04537037037037037
1 0.9770833333333333 0.2967592592592593 0.04479166666666667 0.062037037037037036
1 0.2638020833333333 0.22453703703703703 0.03802083333333333 0.06018518518518518
1 0.47760416666666666 0.24537037037037038 0.05 0.08333333333333333
1 0.90390625 0.23472222222222222 0.0515625 0.06018518518518518
1 0.7557291666666667 0.18425925925925926 0.030208333333333334 0.05555555555555555
1 0.80546875 0.26342592592592595 0.0515625 0.058333333333333334
1 0.17265625 0.21666666666666667 0.0390625 0.05555555555555555
1 0.47708333333333336 0.17175925925925925 0.03333333333333333 0.05648148148148148
1 0.7575520833333333 0.1310185185185185 0.0359375 0.05462962962962963
1 0.5 0.18888888888888888 0.041666666666666664 0.06481481481481481
1 0.80546875 0.16527777777777777 0.03697916666666667 0.03796296296296296
1 0.46484375 0.1587962962962963 0.03697916666666667 0.06018518518518518
1 0.3924479166666667 0.26851851851851855 0.0515625 0.08888888888888889
1 0.28854166666666664 0.2763888888888889 0.05416666666666667 0.075
1 0.6953125 0.21666666666666667 0.042708333333333334 0.04814814814814815
1 0.5903645833333333 0.1388888888888889 0.03697916666666667 0.05555555555555555
1 0.7122395833333334 0.1875 0.03697916666666667 0.05648148148148148
1 0.5846354166666666 0.25046296296296294 0.050520833333333334 0.0712962962962963
1 0.19270833333333334 0.1439814814814815 0.021875 0.049074074074074076
1 0.6677083333333333 0.20046296296296295 0.03958333333333333 0.041666666666666664
1 0.48489583333333336 0.09722222222222222 0.025 0.037037037037037035
1 0.7111979166666667 0.1527777777777778 0.034895833333333334 0.03888888888888889
1 0.50078125 0.11990740740740741 0.0296875 0.032407407407407406
1 0.32473958333333336 0.1736111111111111 0.04114583333333333 0.062037037037037036
1 0.46067708333333335 0.10277777777777777 0.025520833333333333 0.027777777777777776
1 0.17708333333333334 0.19675925925925927 0.03958333333333333 0.05462962962962963
1 0.34479166666666666 0.07824074074074074 0.030208333333333334 0.03796296296296296
1 0.25494791666666666 0.08657407407407407 0.0234375 0.03425925925925926
1 0.78515625 0.22870370370370371 0.04739583333333333 0.06851851851851852
1 0.28411458333333334 0.2574074074074074 0.050520833333333334 0.046296296296296294
1 0.9713541666666666 0.3680555555555556 0.05625 0.08796296296296297
1 0.40703125 0.30092592592592593 0.04635416666666667 0.07592592592592592
1 0.5067708333333333 0.2810185185185185 0.04583333333333333 0.07314814814814814
1 0.16145833333333334 0.11990740740740741 0.040625 0.05462962962962963
1 0.36953125 0.22685185185185186 0.044270833333333336 0.07592592592592592
1 0.33541666666666664 0.11666666666666667 0.025 0.03888888888888889
1 0.80703125 0.20277777777777778 0.0390625 0.05555555555555555
1 0.3020833333333333 0.1476851851851852 0.03229166666666667 0.05277777777777778
1 0.6619791666666667 0.14027777777777778 0.03333333333333333 0.03796296296296296
1 0.28098958333333335 0.11712962962962963 0.025520833333333333 0.03981481481481482
1 0.6484375 0.17083333333333334 0.0375 0.05462962962962963
1 0.6799479166666667 0.17453703703703705 0.034895833333333334 0.03796296296296296
1 0.3416666666666667 0.19953703703703704 0.03854166666666667 0.05648148148148148
1 0.9690104166666667 0.9527777777777777 0.0609375 0.09259259259259259
1 0.5958333333333333 0.10787037037037037 0.026041666666666668 0.030555555555555555
1 0.2328125 0.13518518518518519 0.034375 0.046296296296296294
1 0.31145833333333334 0.09953703703703703 0.022916666666666665 0.03425925925925926
1 0.7341145833333333 0.11712962962962963 0.024479166666666666 0.04351851851851852
1 0.22838541666666667 0.11712962962962963 0.0328125 0.032407407407407406
1 0.17630208333333333 0.26481481481481484 0.05677083333333333 0.05185185185185185
1 0.2526041666666667 0.18518518518518517 0.04583333333333333 0.07592592592592592
1 0.18619791666666666 0.10277777777777777 0.021354166666666667 0.03148148148148148
1 0.17057291666666666 0.1736111111111111 0.0390625 0.06018518518518518
1 0.8388020833333333 0.2814814814814815 0.028645833333333332 0.04814814814814815
1 0.5205729166666667 0.08009259259259259 0.028645833333333332 0.03796296296296296
1 0.56640625 0.10601851851851851 0.030729166666666665 0.049074074074074076
1 0.36953125 0.14629629629629629 0.0359375 0.05185185185185185
1 0.5283854166666667 0.11851851851851852 0.016145833333333335 0.037037037037037035
1 0.26901041666666664 0.1 0.030729166666666665 0.03888888888888889