2 0.9802083333333333 0.1912037037037037 0.03854166666666667 0.24722222222222223
1 0.21458333333333332 0.6944444444444444 0.1375 0.17777777777777778
1 0.38984375 0.562037037037037 0.1046875 0.1388888888888889
1 0.196875 0.5388888888888889 0.10104166666666667 0.12962962962962962
1 0.6075520833333333 0.3819444444444444 0.0765625 0.09907407407407408
1 0.6697916666666667 0.6638888888888889 0.11979166666666667 0.16296296296296298
1 0.73203125 0.4726851851851852 0.10052083333333334 0.15833333333333333
1 0.3765625 0.45787037037037037 0.084375 0.11574074074074074
1 0.5315104166666667 0.3037037037037037 0.06197916666666667 0.08333333333333333
1 0.6174479166666667 0.9166666666666666 0.17552083333333332 0.1648148148148148
1 0.4817708333333333 0.2671296296296296 0.05520833333333333 0.0712962962962963
1 0.43411458333333336 0.33101851851851855 0.0578125 0.08796296296296297
1 0.4578125 0.36944444444444446 0.06354166666666666 0.0962962962962963
1 0.17109375 0.3523148148148148 0.0609375 0.08796296296296297
1 0.8283854166666667 0.40925925925925927 0.09010416666666667 0.13703703703703704
1 0.5083333333333333 0.41064814814814815 0.07916666666666666 0.1287037037037037
1 0.9447916666666667 0.6791666666666667 0.109375 0.18796296296296297
1 0.33229166666666665 0.38842592592592595 0.07083333333333333 0.09907407407407408
1 0.6799479166666667 0.3143518518518518 0.06510416666666667 0.09722222222222222
1 0.7674479166666667 0.35555555555555557 0.08177083333333333 0.11296296296296296
1 0.7684895833333333 0.22268518518518518 0.04739583333333333 0.06574074074074074
1 0.46484375 0.16296296296296298 0.03697916666666667 0.05
1 0.8807291666666667 0.2708333333333333 0.05520833333333333 0.0712962962962963
1 0.41119791666666666 0.12546296296296297 0.0359375 0.05648148148148148
1 0.3893229166666667 0.11712962962962963 0.019270833333333334 0.03796296296296296
1 0.6044270833333333 0.17546296296296296 0.0390625 0.03611111111111111
1 0.29453125 0.28935185185185186 0.0671875 0.11018518518518519
1 0.18697916666666667 0.30277777777777776 0.05625 0.07962962962962963
1 0.7166666666666667 0.19814814814814816 0.04375 0.06111111111111111
1 0.36953125 0.25555555555555554 0.04114583333333333 0.06481481481481481
1 0.23671875 0.15694444444444444 0.028645833333333332 0.04537037037037037
1 0.42890625 0.20462962962962963 0.0359375 0.05185185185185185
1 0.8065104166666667 0.20046296296296295 0.03697916666666667 0.06018518518518518
1 0.88125 0.6092592592592593 0.1125 0.1537037037037037
1 0.7169270833333333 0.16157407407407406 0.04114583333333333 0.04351851851851852
1 0.93359375 0.18425925925925926 0.043229166666666666 0.06481481481481481
1 0.3145833333333333 0.17222222222222222 0.03854166666666667 0.053703703703703705
1 0.9716145833333333 0.5324074074074074 0.05572916666666667 0.1111111111111111
1 0.46197916666666666 0.22777777777777777 0.05416666666666667 0.08148148148148149
1 0.8520833333333333 0.1763888888888889 0.046875 0.06574074074074074
1 0.35572916666666665 0.14166666666666666 0.03125 0.046296296296296294
1 0.4049479166666667 0.2759259259259259 0.05364583333333333 0.09074074074074075
1 0.5734375 0.15324074074074073 0.036458333333333336 0.04351851851851852
1 0.5932291666666667 0.11851851851851852 0.034375 0.04259259259259259
1 0.3893229166666667 0.1726851851851852 0.034895833333333334 0.04722222222222222
1 0.37109375 0.16342592592592592 0.028645833333333332 0.03981481481481482
1 0.5861979166666667 0.13796296296296295 0.028645833333333332 0.03888888888888889
1 0.6984375 0.1375 0.03229166666666667 0.041666666666666664
1 0.37447916666666664 0.09953703703703703 0.022916666666666665 0.03611111111111111
1 0.33697916666666666 0.12268518518518519 0.029166666666666667 0.05277777777777778
1 0.62421875 0.5592592592592592 0.10989583333333333 0.17592592592592593
1 0.28151041666666665 0.11574074074074074 0.03697916666666667 0.04259259259259259
1 0.4127604166666667 0.1935185185185185 0.034895833333333334 0.05925925925925926
1 0.8216145833333334 0.14212962962962963 0.0421875 0.05462962962962963
1 0.5174479166666667 0.8009259259259259 0.15260416666666668 0.2
1 0.6572916666666667 0.28564814814814815 0.06354166666666666 0.10833333333333334
1 0.5255208333333333 0.13425925925925927 0.023958333333333335 0.02962962962962963
1 0.771875 0.7708333333333334 0.146875 0.20462962962962963
1 0.5510416666666667 0.1439814814814815 0.022916666666666665 0.03425925925925926
1 0.6653645833333334 0.1726851851851852 0.04635416666666667 0.0712962962962963
1 0.7544270833333333 0.1726851851851852 0.03802083333333333 0.05648148148148148
1 0.66015625 0.11805555555555555 0.0296875 0.03796296296296296
1 0.16510416666666666 0.24351851851851852 0.040625 0.06296296296296296
1 0.7666666666666667 0.14212962962962963 0.025 0.01574074074074074
1 0.34296875 0.20555555555555555 0.034895833333333334 0.07037037037037037
1 0.6169270833333333 0.10555555555555556 0.024479166666666666 0.03518518518518519
1 0.1875 0.16018518518518518 0.041666666666666664 0.06481481481481481
1 0.8059895833333334 0.16296296296296298 0.034895833333333334 0.03148148148148148
1 0.26484375 0.10231481481481482 0.021354166666666667 0.03796296296296296
1 0.5026041666666666 0.0837962962962963 0.026041666666666668 0.03981481481481482
1 0.23333333333333334 0.1337962962962963 0.03333333333333333 0.03981481481481482
1 0.46145833333333336 0.10277777777777777 0.023958333333333335 0.02962962962962963
1 0.25390625 0.1925925925925926 0.04010416666666667 0.07037037037037037
1 0.4513020833333333 0.14953703703703702 0.0328125 0.05462962962962963
1 0.49270833333333336 0.1162037037037037 0.01875 0.026851851851851852
1 0.6393229166666666 0.12731481481481483 0.028645833333333332 0.026851851851851852
1 0.34036458333333336 0.0763888888888889 0.021354166666666667 0.030555555555555555
1 0.6330729166666667 0.15925925925925927 0.0328125 0.05
1 0.21458333333333332 0.08703703703703704 0.028125 0.040740740740740744
1 0.6364583333333333 0.09305555555555556 0.022916666666666665 0.03796296296296296
1 0.67578125 0.10925925925925926 0.0171875 0.03333333333333333
1 0.29270833333333335 0.0787037037037037 0.022916666666666665 0.03333333333333333
1 0.2796875 0.1625 0.03125 0.03611111111111111
1 0.26666666666666666 0.19212962962962962 0.041666666666666664 0.04537037037037037
1 0.3106770833333333 0.10787037037037037 0.013020833333333334 0.026851851851851852
1 0.15729166666666666 0.09537037037037037 0.025 0.040740740740740744
1 0.17526041666666667 0.11064814814814815 0.027604166666666666 0.032407407407407406
1 0.36380208333333336 0.22546296296296298 0.04739583333333333 0.07685185185185185
1 0.29921875 0.22175925925925927 0.0328125 0.030555555555555555
1 0.17786458333333333 0.2652777777777778 0.04739583333333333 0.08981481481481482
1 0.690625 0.11435185185185186 0.027083333333333334 0.03611111111111111
1 0.7682291666666666 0.15462962962962962 0.029166666666666667 0.040740740740740744
1 0.16770833333333332 0.1962962962962963 0.036458333333333336 0.037037037037037035
1 0.2825520833333333 0.24305555555555555 0.06614583333333333 0.075
1 0.8783854166666667 0.22314814814814815 0.050520833333333334 0.06851851851851852