3 0.9638020833333333 0.6625 0.07135416666666666 0.35833333333333334
2 0.8348958333333333 0.13796296296296295 0.06770833333333333 0.14814814814814814
2 0.73203125 0.11296296296296296 0.06614583333333333 0.11666666666666667
1 0.8052083333333333 0.5513888888888889 0.109375 0.13240740740740742
1 0.23411458333333332 0.9041666666666667 0.15989583333333332 0.18796296296296297
1 0.7799479166666666 0.3976851851851852 0.07864583333333333 0.10648148148148148
1 0.48072916666666665 0.725462962962963 0.13541666666666666 0.1787037037037037
1 0.7190104166666667 0.7097222222222223 0.1359375 0.18425925925925926
1 0.67109375 0.4273148148148148 0.08072916666666667 0.11388888888888889
1 0.8947916666666667 0.6504629629629629 0.08125 0.1638888888888889
1 0.5846354166666666 0.3587962962962963 0.07239583333333334 0.09537037037037037
1 0.18333333333333332 0.35138888888888886 0.065625 0.09907407407407408
1 0.85703125 0.26157407407407407 0.0578125 0.06944444444444445
1 0.5208333333333334 0.30416666666666664 0.052083333333333336 0.08425925925925926
1 0.66328125 0.6097222222222223 0.10572916666666667 0.15648148148148147
1 0.9091145833333333 0.3194444444444444 0.0703125 0.06481481481481481
1 0.41171875 0.2953703703703704 0.06927083333333334 0.10185185185185185
1 0.33541666666666664 0.36898148148148147 0.075 0.09351851851851851
1 0.50390625 0.18888888888888888 0.04114583333333333 0.06296296296296296
1 0.34348958333333335 0.412962962962963 0.07552083333333333 0.10185185185185185
1 0.73125 0.34305555555555556 0.07395833333333333 0.10462962962962963
1 0.42213541666666665 0.6097222222222223 0.14635416666666667 0.21203703703703702
1 0.7200520833333334 0.1962962962962963 0.0453125 0.07407407407407407
1 0.4786458333333333 0.40324074074074073 0.06875 0.10648148148148148
1 0.9744791666666667 0.3592592592592593 0.05 0.09074074074074075
1 0.47994791666666664 0.25555555555555554 0.0546875 0.08888888888888889
1 0.4395833333333333 0.14953703703703702 0.035416666666666666 0.05462962962962963
1 0.5549479166666667 0.324537037037037 0.0640625 0.09351851851851851
1 0.7677083333333333 0.2523148148148148 0.058333333333333334 0.05462962962962963
1 0.5153645833333333 0.45601851851851855 0.10364583333333334 0.16203703703703703
1 0.8158854166666667 0.23842592592592593 0.04635416666666667 0.06944444444444445
1 0.5963541666666666 0.1726851851851852 0.03854166666666667 0.03981481481481482
1 0.3143229166666667 0.9819444444444444 0.12239583333333333 0.03425925925925926
1 0.3768229166666667 0.16620370370370371 0.030729166666666665 0.04722222222222222
1 0.43046875 0.20972222222222223 0.04635416666666667 0.06388888888888888
1 0.9791666666666666 0.25787037037037036 0.040625 0.06574074074074074
1 0.3807291666666667 0.2564814814814815 0.04375 0.06851851851851852
1 0.23567708333333334 0.7143518518518519 0.11614583333333334 0.18425925925925926
1 0.171875 0.16527777777777777 0.035416666666666666 0.03796296296296296
1 0.45546875 0.23194444444444445 0.04114583333333333 0.06759259259259259
1 0.36276041666666664 0.22685185185185186 0.044270833333333336 0.06666666666666667
1 0.6973958333333333 0.15833333333333333 0.0375 0.06111111111111111
1 0.40520833333333334 0.18009259259259258 0.041666666666666664 0.06574074074074074
1 0.5828125 0.1087962962962963 0.03333333333333333 0.05277777777777778
1 0.19713541666666667 0.27685185185185185 0.049479166666666664 0.06851851851851852
1 0.30755208333333334 0.15787037037037038 0.03177083333333333 0.05648148148148148
1 0.8802083333333334 0.1675925925925926 0.03229166666666667 0.06481481481481481
1 0.1875 0.25925925925925924 0.04895833333333333 0.06481481481481481
1 0.26015625 0.20555555555555555 0.04739583333333333 0.05740740740740741
1 0.93828125 0.28379629629629627 0.06197916666666667 0.08425925925925926
1 0.23255208333333333 0.14444444444444443 0.03697916666666667 0.06296296296296296
1 0.32083333333333336 0.1712962962962963 0.034375 0.05925925925925926
1 0.48385416666666664 0.09907407407407408 0.025 0.03148148148148148
1 0.8078125 0.20185185185185187 0.03958333333333333 0.06111111111111111
1 0.42552083333333335 0.1300925925925926 0.03333333333333333 0.03796296296296296
1 0.4661458333333333 0.08611111111111111 0.028125 0.044444444444444446
1 0.34479166666666666 0.07962962962962963 0.025 0.03148148148148148
1 0.24973958333333332 0.16898148148148148 0.03802083333333333 0.049074074074074076
1 0.28072916666666664 0.1175925925925926 0.027083333333333334 0.046296296296296294
1 0.60234375 0.13287037037037036 0.0328125 0.03981481481481482
1 0.21744791666666666 0.08194444444444444 0.03177083333333333 0.030555555555555555
1 0.6364583333333333 0.1300925925925926 0.027083333333333334 0.028703703703703703
1 0.63984375 0.16666666666666666 0.03802083333333333 0.04814814814814815
1 0.28854166666666664 0.27175925925925926 0.04895833333333333 0.06759259259259259
1 0.16979166666666667 0.12361111111111112 0.03125 0.023148148148148147
1 0.40911458333333334 0.12037037037037036 0.030729166666666665 0.053703703703703705
1 0.47317708333333336 0.17314814814814813 0.030729166666666665 0.046296296296296294
1 0.54296875 0.12268518518518519 0.030729166666666665 0.03796296296296296
1 0.346875 0.21851851851851853 0.026041666666666668 0.05555555555555555
1 0.2046875 0.5986111111111111 0.10729166666666666 0.19722222222222222
1 0.6203125 0.15092592592592594 0.029166666666666667 0.044444444444444446
1 0.4265625 0.07083333333333333 0.026041666666666668 0.032407407407407406
1 0.5489583333333333 0.14583333333333334 0.03125 0.03611111111111111
1 0.5578125 0.1 0.026041666666666668 0.040740740740740744
1 0.5213541666666667 0.11157407407407408 0.023958333333333335 0.04351851851851852
1 0.17760416666666667 0.19305555555555556 0.04479166666666667 0.032407407407407406
1 0.9151041666666667 0.23287037037037037 0.057291666666666664 0.0824074074074074
1 0.18541666666666667 0.22546296296296298 0.052083333333333336 0.03981481481481482
1 0.296875 0.13425925925925927 0.03229166666666667 0.05
1 0.45651041666666664 0.3625 0.0671875 0.11388888888888889
1 0.659375 0.09305555555555556 0.021875 0.01574074074074074
1 0.67109375 0.13935185185185187 0.0328125 0.05462962962962963
1 0.64453125 0.10462962962962963 0.022395833333333334 0.025925925925925925
1 0.3421875 0.12685185185185185 0.028125 0.03518518518518519
1 0.34036458333333336 0.1986111111111111 0.0390625 0.06759259259259259
1 0.4401041666666667 0.08148148148148149 0.022916666666666665 0.027777777777777776
1 0.359375 0.1388888888888889 0.03125 0.040740740740740744
1 0.16953125 0.1375 0.03177083333333333 0.04351851851851852
1 0.5817708333333333 0.08055555555555556 0.021875 0.014814814814814815
1 0.33098958333333334 0.11388888888888889 0.03177083333333333 0.040740740740740744
1 0.396875 0.06666666666666667 0.016666666666666666 0.020370370370370372
1 0.5265625 0.1175925925925926 0.014583333333333334 0.040740740740740744
1 0.7947916666666667 0.14305555555555555 0.017708333333333333 0.05648148148148148
1 0.17604166666666668 0.21203703703703702 0.05 0.07037037037037037
1 0.20807291666666666 0.1175925925925926 0.025520833333333333 0.040740740740740744
1 0.2796875 0.24583333333333332 0.04895833333333333 0.06388888888888888
1 0.6169270833333333 0.10740740740740741 0.0234375 0.02962962962962963
1 0.9921875 0.2949074074074074 0.014583333333333334 0.041666666666666664
1 0.2708333333333333 0.22916666666666666 0.041666666666666664 0.062037037037037036