2 0.9661458333333334 0.20416666666666666 0.06666666666666667 0.19537037037037036
1 0.62734375 0.40046296296296297 0.0796875 0.10462962962962963
1 0.4046875 0.6037037037037037 0.11145833333333334 0.15
1 0.22291666666666668 0.7597222222222222 0.14895833333333333 0.1935185185185185
1 0.71328125 0.7245370370370371 0.13072916666666667 0.175
1 0.56015625 0.8837962962962963 0.1671875 0.21574074074074073
1 0.19921875 0.5800925925925926 0.1078125 0.13796296296296295
1 0.4934895833333333 0.2773148148148148 0.0578125 0.07314814814814814
1 0.9390625 0.6601851851851852 0.12083333333333333 0.1685185185185185
1 0.8528645833333334 0.2569444444444444 0.05260416666666667 0.0712962962962963
1 0.74765625 0.21481481481481482 0.04635416666666667 0.06296296296296296
1 0.7677083333333333 0.5046296296296297 0.10729166666666666 0.1685185185185185
1 0.84296875 0.8449074074074074 0.1609375 0.2324074074074074
1 0.34036458333333336 0.40925925925925927 0.0734375 0.10555555555555556
1 0.3953125 0.11944444444444445 0.019791666666666666 0.037037037037037035
1 0.38776041666666666 0.48518518518518516 0.09010416666666667 0.12037037037037036
1 0.44453125 0.34629629629629627 0.059895833333333336 0.09074074074074075
1 0.70546875 0.33055555555555555 0.06822916666666666 0.10185185185185185
1 0.4747395833333333 0.16944444444444445 0.03802083333333333 0.05185185185185185
1 0.9799479166666667 0.7458333333333333 0.0390625 0.19907407407407407
1 0.15963541666666667 0.36666666666666664 0.06302083333333333 0.08888888888888889
1 0.6802083333333333 0.975 0.14166666666666666 0.04814814814814815
1 0.41901041666666666 0.12962962962962962 0.03697916666666667 0.05740740740740741
1 0.8028645833333333 0.37453703703703706 0.09010416666666667 0.11388888888888889
1 0.47239583333333335 0.38842592592592595 0.06979166666666667 0.10092592592592593
1 0.6604166666666667 0.6046296296296296 0.11979166666666667 0.18703703703703703
1 0.5252604166666667 0.43425925925925923 0.08385416666666666 0.13518518518518519
1 0.8705729166666667 0.43657407407407406 0.09635416666666667 0.14166666666666666
1 0.47109375 0.2351851851851852 0.05572916666666667 0.08333333333333333
1 0.18854166666666666 0.3175925925925926 0.05625 0.07777777777777778
1 0.2989583333333333 0.30092592592592593 0.06770833333333333 0.11481481481481481
1 0.41328125 0.2851851851851852 0.0578125 0.09444444444444444
1 0.36953125 0.2337962962962963 0.050520833333333334 0.0787037037037037
1 0.3184895833333333 0.17777777777777778 0.04010416666666667 0.05555555555555555
1 0.59296875 0.1712962962962963 0.03697916666666667 0.03518518518518519
1 0.8505208333333333 0.21435185185185185 0.04895833333333333 0.06388888888888888
1 0.37890625 0.10185185185185185 0.0234375 0.03518518518518519
1 0.5760416666666667 0.13240740740740742 0.029166666666666667 0.040740740740740744
1 0.23932291666666666 0.16064814814814815 0.0296875 0.04722222222222222
1 0.4359375 0.21157407407407408 0.034375 0.05462962962962963
1 0.690625 0.13657407407407407 0.03125 0.049074074074074076
1 0.42239583333333336 0.19907407407407407 0.0375 0.06296296296296296
1 0.6947916666666667 0.1884259259259259 0.041666666666666664 0.06388888888888888
1 0.64765625 0.11296296296296296 0.027604166666666666 0.037037037037037035
1 0.6807291666666667 0.29907407407407405 0.06770833333333333 0.1111111111111111
1 0.3966145833333333 0.1787037037037037 0.0359375 0.05
1 0.68203125 0.11342592592592593 0.0265625 0.03611111111111111
1 0.3609375 0.14629629629629629 0.03125 0.05185185185185185
1 0.8052083333333333 0.13657407407407407 0.04375 0.05092592592592592
1 0.5856770833333333 0.11712962962962963 0.0328125 0.041666666666666664
1 0.19635416666666666 0.16435185185185186 0.042708333333333334 0.06574074074074074
1 0.45677083333333335 0.15416666666666667 0.03333333333333333 0.05462962962962963
1 0.3489583333333333 0.21435185185185185 0.035416666666666666 0.06944444444444445
1 0.8309895833333333 0.17083333333333334 0.0453125 0.06388888888888888
1 0.7322916666666667 0.1699074074074074 0.03854166666666667 0.062037037037037036
1 0.16510416666666666 0.24953703703703703 0.042708333333333334 0.062037037037037036
1 0.34036458333333336 0.12638888888888888 0.0296875 0.049074074074074076
1 0.6489583333333333 0.16574074074074074 0.04479166666666667 0.06851851851851852
1 0.7015625 0.15231481481481482 0.034375 0.03425925925925926
1 0.5177083333333333 0.13194444444444445 0.027083333333333334 0.032407407407407406
1 0.26640625 0.10462962962962963 0.024479166666666666 0.03888888888888889
1 0.915625 0.1787037037037037 0.040625 0.06481481481481481
1 0.6080729166666666 0.10277777777777777 0.0234375 0.03333333333333333
1 0.15729166666666666 0.09583333333333334 0.025 0.041666666666666664
1 0.2877604166666667 0.11666666666666667 0.03177083333333333 0.03888888888888889
1 0.6684895833333333 0.10648148148148148 0.0203125 0.02962962962962963
1 0.4549479166666667 0.10138888888888889 0.024479166666666666 0.030555555555555555
1 0.5614583333333333 0.14907407407407408 0.034375 0.04259259259259259
1 0.5072916666666667 0.09861111111111111 0.020833333333333332 0.021296296296296296
1 0.25833333333333336 0.2388888888888889 0.028125 0.06296296296296296
1 0.26927083333333335 0.20277777777777778 0.04583333333333333 0.05555555555555555
1 0.34375 0.0787037037037037 0.01875 0.03148148148148148
1 0.23541666666666666 0.13657407407407407 0.03333333333333333 0.03981481481481482
1 0.6283854166666667 0.12222222222222222 0.025520833333333333 0.025925925925925925
1 0.49713541666666666 0.08194444444444444 0.024479166666666666 0.03796296296296296
1 0.48671875 0.11388888888888889 0.018229166666666668 0.027777777777777776
1 0.5471354166666667 0.31574074074074077 0.06302083333333333 0.08703703703703704
1 0.16692708333333334 0.2023148148148148 0.03177083333333333 0.03425925925925926
1 0.6302083333333334 0.09166666666666666 0.022916666666666665 0.037037037037037035
1 0.21588541666666666 0.08981481481481482 0.0296875 0.04259259259259259
1 0.37916666666666665 0.2657407407407407 0.040625 0.06851851851851852
1 0.5276041666666667 0.08796296296296297 0.01875 0.018518518518518517
1 0.2552083333333333 0.19907407407407407 0.03854166666666667 0.07407407407407407
1 0.1796875 0.2162037037037037 0.042708333333333334 0.04351851851851852
1 0.6197916666666666 0.1537037037037037 0.025 0.044444444444444446
1 0.16380208333333332 0.1412037037037037 0.025520833333333333 0.041666666666666664
1 0.503125 0.12037037037037036 0.022916666666666665 0.03148148148148148
1 0.7973958333333333 0.2 0.019791666666666666 0.04814814814814815
1 0.5544270833333333 0.09490740740740741 0.0203125 0.028703703703703703
1 0.17447916666666666 0.11064814814814815 0.027083333333333334 0.028703703703703703
1 0.37864583333333335 0.1699074074074074 0.03125 0.04351851851851852
1 0.41510416666666666 0.07222222222222222 0.022916666666666665 0.03148148148148148
1 0.75546875 0.15185185185185185 0.025520833333333333 0.04259259259259259
1 0.2872395833333333 0.25277777777777777 0.06822916666666666 0.07592592592592592
1 0.17942708333333332 0.2773148148148148 0.0484375 0.09166666666666666
1 0.2760416666666667 0.15648148148148147 0.03333333333333333 0.05740740740740741
1 0.9921875 0.5875 0.014583333333333334 0.08425925925925926