2 0.86484375 0.1449074074074074 0.07239583333333334 0.15833333333333333
2 0.91015625 0.5736111111111111 0.15989583333333332 0.32314814814814813
2 0.7520833333333333 0.11574074074074074 0.065625 0.11296296296296296
1 0.19635416666666666 0.7921296296296296 0.14166666666666666 0.16944444444444445
1 0.74453125 0.4935185185185185 0.09739583333333333 0.12037037037037036
1 0.72578125 0.36527777777777776 0.07239583333333334 0.09907407407407408
1 0.6473958333333333 0.6222222222222222 0.12395833333333334 0.16111111111111112
1 0.44114583333333335 0.6365740740740741 0.11666666666666667 0.15833333333333333
1 0.6296875 0.387037037037037 0.07291666666666667 0.10555555555555556
1 0.275 0.9111111111111111 0.15104166666666666 0.17592592592592593
1 0.55625 0.33101851851851855 0.06770833333333333 0.08796296296296297
1 0.9666666666666667 0.3597222222222222 0.065625 0.09166666666666666
1 0.18984375 0.3277777777777778 0.059895833333333336 0.09444444444444444
1 0.609375 0.5421296296296296 0.08854166666666667 0.13796296296296295
1 0.8109375 0.575 0.05625 0.14814814814814814
1 0.896875 0.2800925925925926 0.0625 0.075
1 0.39010416666666664 0.5402777777777777 0.11875 0.18611111111111112
1 0.48723958333333334 0.17962962962962964 0.0390625 0.06111111111111111
1 0.328125 0.37916666666666665 0.07291666666666667 0.09722222222222222
1 0.6830729166666667 0.3143518518518518 0.06614583333333333 0.09537037037037037
1 0.50234375 0.2851851851851852 0.0484375 0.07777777777777778
1 0.43697916666666664 0.3365740740740741 0.06770833333333333 0.10833333333333334
1 0.6177083333333333 0.1824074074074074 0.03958333333333333 0.04259259259259259
1 0.8171875 0.2773148148148148 0.06041666666666667 0.06388888888888888
1 0.6625 0.17546296296296296 0.03958333333333333 0.049074074074074076
1 0.39921875 0.2777777777777778 0.059895833333333336 0.09074074074074075
1 0.28125 0.2569444444444444 0.046875 0.06388888888888888
1 0.37005208333333334 0.24212962962962964 0.0390625 0.06574074074074074
1 0.5690104166666666 0.1574074074074074 0.0328125 0.040740740740740744
1 0.45416666666666666 0.3736111111111111 0.0625 0.10092592592592593
1 0.34010416666666665 0.337037037037037 0.065625 0.08333333333333333
1 0.19817708333333334 0.5351851851851852 0.09635416666666667 0.17407407407407408
1 0.19348958333333333 0.2657407407407407 0.0484375 0.07222222222222222
1 0.7458333333333333 0.20972222222222223 0.04791666666666667 0.075
1 0.48151041666666666 0.41712962962962963 0.09427083333333333 0.15092592592592594
1 0.5296875 0.3037037037037037 0.053125 0.08888888888888889
1 0.4205729166666667 0.19814814814814816 0.04739583333333333 0.06666666666666667
1 0.21875 0.6324074074074074 0.10625 0.15925925925925927
1 0.55703125 0.12685185185185185 0.027604166666666666 0.040740740740740744
1 0.35703125 0.2162037037037037 0.04114583333333333 0.06388888888888888
1 0.4005208333333333 0.11574074074074074 0.029166666666666667 0.05185185185185185
1 0.3692708333333333 0.15833333333333333 0.03125 0.044444444444444446
1 0.42916666666666664 0.14212962962962963 0.034375 0.05092592592592592
1 0.7200520833333334 0.16712962962962963 0.03802083333333333 0.06018518518518518
1 0.5971354166666667 0.11342592592592593 0.0359375 0.05277777777777778
1 0.46458333333333335 0.24027777777777778 0.04895833333333333 0.0824074074074074
1 0.3541666666666667 0.13472222222222222 0.030208333333333334 0.041666666666666664
1 0.4427083333333333 0.22083333333333333 0.03854166666666667 0.06574074074074074
1 0.17213541666666668 0.15694444444444444 0.033854166666666664 0.03796296296296296
1 0.47161458333333334 0.08888888888888889 0.028645833333333332 0.04259259259259259
1 0.9080729166666667 0.1736111111111111 0.025520833333333333 0.06759259259259259
1 0.9822916666666667 0.29074074074074074 0.034375 0.05555555555555555
1 0.4161458333333333 0.13287037037037036 0.030208333333333334 0.05462962962962963
1 0.24791666666666667 0.16342592592592592 0.0375 0.049074074074074076
1 0.459375 0.1638888888888889 0.029166666666666667 0.04259259259259259
1 0.51875 0.10972222222222222 0.028125 0.04351851851851852
1 0.3346354166666667 0.19027777777777777 0.03802083333333333 0.06574074074074074
1 0.18229166666666666 0.24675925925925926 0.04583333333333333 0.062037037037037036
1 0.5700520833333333 0.10324074074074074 0.0265625 0.04351851851851852
1 0.3359375 0.12361111111111112 0.027083333333333334 0.03611111111111111
1 0.6544270833333333 0.13796296296296295 0.030729166666666665 0.027777777777777776
1 0.39114583333333336 0.1712962962962963 0.040625 0.05740740740740741
1 0.6411458333333333 0.1587962962962963 0.03229166666666667 0.04351851851851852
1 0.3138020833333333 0.16296296296296298 0.033854166666666664 0.05740740740740741
1 0.3390625 0.075 0.025 0.03148148148148148
1 0.29375 0.12916666666666668 0.03229166666666667 0.04722222222222222
1 0.16640625 0.08981481481481482 0.028645833333333332 0.02962962962962963
1 0.85546875 0.24861111111111112 0.04635416666666667 0.06574074074074074
1 0.21145833333333333 0.1125 0.026041666666666668 0.041666666666666664
1 0.49140625 0.10231481481481482 0.025520833333333333 0.032407407407407406
1 0.25755208333333335 0.19583333333333333 0.044270833333333336 0.05648148148148148
1 0.23359375 0.13935185185185187 0.03802083333333333 0.06018518518518518
1 0.8182291666666667 0.14583333333333334 0.027083333333333334 0.058333333333333334
1 0.27682291666666664 0.11388888888888889 0.0296875 0.044444444444444446
1 0.178125 0.18564814814814815 0.04479166666666667 0.03425925925925926
1 0.18203125 0.2175925925925926 0.0484375 0.046296296296296294
1 0.69375 0.1486111111111111 0.03333333333333333 0.05648148148148148
1 0.446875 0.08101851851851852 0.027083333333333334 0.03425925925925926
1 0.8234375 0.15694444444444444 0.017708333333333333 0.05648148148148148
1 0.5557291666666667 0.07083333333333333 0.026041666666666668 0.023148148148148147
1 0.16901041666666666 0.13518518518518519 0.03177083333333333 0.03518518518518519
1 0.5924479166666666 0.08518518518518518 0.021354166666666667 0.018518518518518517
1 0.61796875 0.15092592592592594 0.0234375 0.025925925925925925
1 0.303125 0.1527777777777778 0.030208333333333334 0.053703703703703705
1 0.965625 0.2513888888888889 0.06145833333333333 0.08611111111111111
1 0.23828125 0.1111111111111111 0.027604166666666666 0.03333333333333333
1 0.27395833333333336 0.2324074074074074 0.046875 0.06296296296296296
1 0.2669270833333333 0.21944444444444444 0.03802083333333333 0.05740740740740741
1 0.8388020833333333 0.21435185185185185 0.0484375 0.062037037037037036