2 0.9171875 0.15694444444444444 0.08854166666666667 0.1675925925925926
2 0.78359375 0.12824074074074074 0.06614583333333333 0.12685185185185185
2 0.8041666666666667 0.48055555555555557 0.14166666666666666 0.26851851851851855
1 0.17421875 0.6625 0.11927083333333334 0.1398148148148148
1 0.6736979166666667 0.4263888888888889 0.08489583333333334 0.10462962962962963
1 0.22942708333333334 0.7592592592592593 0.12447916666666667 0.17037037037037037
1 0.5778645833333333 0.5263888888888889 0.1015625 0.1361111111111111
1 0.4005208333333333 0.5388888888888889 0.09791666666666667 0.13333333333333333
1 0.66015625 0.3236111111111111 0.0640625 0.08981481481481482
1 0.5533854166666666 0.8972222222222223 0.1609375 0.2037037037037037
1 0.5802083333333333 0.3449074074074074 0.06458333333333334 0.09166666666666666
1 0.7177083333333333 0.49074074074074076 0.046875 0.12407407407407407
1 0.9549479166666667 0.9555555555555556 0.0890625 0.08703703703703704
1 0.359375 0.300462962962963 0.059375 0.075
1 0.3106770833333333 0.3416666666666667 0.06614583333333333 0.08518518518518518
1 0.5252604166666667 0.29907407407407405 0.0609375 0.07962962962962963
1 0.9541666666666667 0.7111111111111111 0.090625 0.26296296296296295
1 0.684375 0.9564814814814815 0.165625 0.08518518518518518
1 0.5989583333333334 0.1726851851851852 0.036458333333333336 0.03981481481481482
1 0.5515625 0.4638888888888889 0.08020833333333334 0.11851851851851852
1 0.9721354166666667 0.3111111111111111 0.0546875 0.08148148148148149
1 0.19348958333333333 0.3037037037037037 0.05677083333333333 0.07592592592592592
1 0.6276041666666666 0.2800925925925926 0.0625 0.08055555555555556
1 0.27057291666666666 0.23796296296296296 0.043229166666666666 0.05925925925925926
1 0.575 0.13796296296296295 0.03229166666666667 0.046296296296296294
1 0.6973958333333333 0.18935185185185185 0.03958333333333333 0.05277777777777778
1 0.659375 0.19907407407407407 0.040625 0.04259259259259259
1 0.19010416666666666 0.44907407407407407 0.08541666666666667 0.12407407407407407
1 0.9109375 0.2791666666666667 0.057291666666666664 0.08055555555555556
1 0.9270833333333334 0.3189814814814815 0.071875 0.0824074074074074
1 0.4513020833333333 0.36712962962962964 0.0828125 0.13240740740740742
1 0.7901041666666667 0.2273148148148148 0.052083333333333336 0.0824074074074074
1 0.4783854166666667 0.26157407407407407 0.0453125 0.0712962962962963
1 0.1984375 0.5398148148148149 0.09166666666666666 0.14074074074074075
1 0.42473958333333334 0.20462962962962963 0.0359375 0.05925925925925926
1 0.41354166666666664 0.30694444444444446 0.059375 0.09722222222222222
1 0.35442708333333334 0.22407407407407406 0.03802083333333333 0.06296296296296296
1 0.46328125 0.16620370370370371 0.03697916666666667 0.058333333333333334
1 0.18932291666666667 0.24537037037037038 0.0453125 0.06851851851851852
1 0.2526041666666667 0.18333333333333332 0.03958333333333333 0.053703703703703705
1 0.44166666666666665 0.15185185185185185 0.027083333333333334 0.04259259259259259
1 0.3015625 0.15046296296296297 0.035416666666666666 0.058333333333333334
1 0.4158854166666667 0.1310185185185185 0.0328125 0.04537037037037037
1 0.2390625 0.1537037037037037 0.029166666666666667 0.044444444444444446
1 0.5598958333333334 0.12916666666666668 0.028125 0.04722222222222222
1 0.6455729166666667 0.1162037037037037 0.027604166666666666 0.041666666666666664
1 0.21067708333333332 0.10648148148148148 0.022395833333333334 0.04259259259259259
1 0.3458333333333333 0.12638888888888888 0.03125 0.03611111111111111
1 0.5041666666666667 0.10833333333333334 0.026041666666666668 0.03518518518518519
1 0.42213541666666665 0.3347222222222222 0.05364583333333333 0.09537037037037037
1 0.8494791666666667 0.1550925925925926 0.035416666666666666 0.062037037037037036
1 0.37421875 0.15787037037037038 0.03802083333333333 0.05648148148148148
1 0.28489583333333335 0.12175925925925926 0.029166666666666667 0.05092592592592592
1 0.26875 0.10787037037037037 0.025 0.041666666666666664
1 0.6859375 0.14907407407407408 0.030208333333333334 0.03148148148148148
1 0.4830729166666667 0.09490740740740741 0.030729166666666665 0.04351851851851852
1 0.23151041666666666 0.13194444444444445 0.0359375 0.058333333333333334
1 0.33255208333333336 0.07268518518518519 0.021354166666666667 0.025
1 0.61796875 0.12222222222222222 0.0359375 0.05740740740740741
1 0.40911458333333334 0.1837962962962963 0.043229166666666666 0.06018518518518518
1 0.38046875 0.24814814814814815 0.05677083333333333 0.07592592592592592
1 0.32734375 0.17731481481481481 0.03697916666666667 0.06388888888888888
1 0.35859375 0.14722222222222223 0.030729166666666665 0.040740740740740744
1 0.40729166666666666 0.06574074074074074 0.021875 0.022222222222222223
1 0.86328125 0.1648148148148148 0.028645833333333332 0.06111111111111111
1 0.4591145833333333 0.08657407407407407 0.024479166666666666 0.03611111111111111
1 0.26484375 0.21203703703703702 0.04114583333333333 0.053703703703703705
1 0.6822916666666666 0.11990740740740741 0.025 0.032407407407407406
1 0.728125 0.16157407407407406 0.036458333333333336 0.062037037037037036
1 0.3888020833333333 0.10740740740740741 0.027604166666666666 0.04814814814814815
1 0.3450520833333333 0.2013888888888889 0.0421875 0.062037037037037036
1 0.5872395833333334 0.1111111111111111 0.0296875 0.05
1 0.16666666666666666 0.08981481481481482 0.029166666666666667 0.03333333333333333
1 0.69296875 0.12962962962962962 0.022395833333333334 0.02962962962962963
1 0.40390625 0.12222222222222222 0.0296875 0.05
1 0.6096354166666667 0.09537037037037037 0.022395833333333334 0.02962962962962963
1 0.44244791666666666 0.07777777777777778 0.019270833333333334 0.03333333333333333
1 0.32890625 0.11666666666666667 0.024479166666666666 0.03518518518518519
1 0.16953125 0.1527777777777778 0.034895833333333334 0.040740740740740744
1 0.44817708333333334 0.2337962962962963 0.043229166666666666 0.05092592592592592
1 0.65390625 0.16527777777777777 0.034895833333333334 0.06574074074074074
1 0.7541666666666667 0.17916666666666667 0.034375 0.06574074074074074
1 0.31927083333333334 0.10324074074074074 0.036458333333333336 0.03981481481481482
1 0.7169270833333333 0.1337962962962963 0.0328125 0.049074074074074076
1 0.36692708333333335 0.46435185185185185 0.10260416666666666 0.1638888888888889
1 0.5682291666666667 0.07592592592592592 0.026041666666666668 0.02962962962962963
1 0.67109375 0.17037037037037037 0.033854166666666664 0.04259259259259259
1 0.5 0.2763888888888889 0.05 0.08055555555555556
1 0.1765625 0.1912037037037037 0.04895833333333333 0.06388888888888888
1 0.896875 0.2337962962962963 0.05520833333333333 0.06944444444444445
1 0.9546875 0.18564814814814815 0.014583333333333334 0.0712962962962963
1 0.6479166666666667 0.1736111111111111 0.022916666666666665 0.049074074074074076
1 0.7994791666666666 0.1675925925925926 0.03229166666666667 0.04814814814814815
1 0.178125 0.22916666666666666 0.040625 0.058333333333333334
1 0.5265625 0.11712962962962963 0.015625 0.04351851851851852