2 0.8598958333333333 0.14444444444444443 0.07291666666666667 0.15555555555555556
2 0.9208333333333333 0.5837962962962963 0.15729166666666666 0.3287037037037037
2 0.7497395833333333 0.11574074074074074 0.06510416666666667 0.11296296296296296
1 0.20078125 0.8087962962962963 0.14322916666666666 0.175
1 0.7520833333333333 0.500462962962963 0.09895833333333333 0.12129629629629629
1 0.28046875 0.9194444444444444 0.1546875 0.15925925925925927
1 0.6580729166666667 0.6333333333333333 0.12135416666666667 0.16296296296296298
1 0.7328125 0.36944444444444446 0.07395833333333333 0.1
1 0.82109375 0.5851851851851851 0.0578125 0.14814814814814814
1 0.44583333333333336 0.6462962962962963 0.11875 0.16296296296296298
1 0.5606770833333333 0.3351851851851852 0.06927083333333334 0.08888888888888889
1 0.1890625 0.337037037037037 0.06145833333333333 0.08333333333333333
1 0.6354166666666666 0.39166666666666666 0.07395833333333333 0.10740740740740741
1 0.9625 0.3587962962962963 0.07395833333333333 0.09722222222222222
1 0.61875 0.5509259259259259 0.09583333333333334 0.14074074074074075
1 0.8916666666666667 0.2773148148148148 0.06145833333333333 0.075
1 0.48984375 0.18101851851851852 0.0390625 0.062037037037037036
1 0.4015625 0.2800925925925926 0.0625 0.09351851851851851
1 0.7421875 0.20601851851851852 0.04791666666666667 0.0787037037037037
1 0.28229166666666666 0.2587962962962963 0.046875 0.06388888888888888
1 0.6143229166666667 0.18055555555555555 0.0390625 0.03888888888888889
1 0.6591145833333333 0.17314814814814813 0.0390625 0.05
1 0.33828125 0.3421296296296296 0.0671875 0.08611111111111111
1 0.4861979166666667 0.4217592592592593 0.09635416666666667 0.15092592592592594
1 0.21822916666666667 0.6425925925925926 0.10416666666666667 0.16296296296296298
1 0.3299479166666667 0.38472222222222224 0.0734375 0.09537037037037037
1 0.371875 0.24444444444444444 0.040625 0.06481481481481481
1 0.440625 0.3402777777777778 0.06979166666666667 0.10833333333333334
1 0.19401041666666666 0.26666666666666666 0.049479166666666664 0.07222222222222222
1 0.56640625 0.15694444444444444 0.0328125 0.03981481481481482
1 0.6901041666666666 0.31805555555555554 0.06770833333333333 0.09537037037037037
1 0.5317708333333333 0.30694444444444446 0.05625 0.08796296296296297
1 0.2 0.5435185185185185 0.1 0.17777777777777778
1 0.83359375 0.2125 0.0484375 0.06018518518518518
1 0.3966145833333333 0.55 0.12864583333333332 0.1925925925925926
1 0.7169270833333333 0.16620370370370371 0.03802083333333333 0.06018518518518518
1 0.46588541666666666 0.24212962962962964 0.049479166666666664 0.08611111111111111
1 0.8127604166666667 0.27361111111111114 0.0546875 0.062037037037037036
1 0.42942708333333335 0.14351851851851852 0.034895833333333334 0.04814814814814815
1 0.42213541666666665 0.2 0.04635416666666667 0.06296296296296296
1 0.3580729166666667 0.2175925925925926 0.04114583333333333 0.06296296296296296
1 0.3697916666666667 0.1587962962962963 0.03125 0.04537037037037037
1 0.4609375 0.16620370370370371 0.030208333333333334 0.04537037037037037
1 0.35546875 0.1361111111111111 0.03177083333333333 0.04259259259259259
1 0.3919270833333333 0.17222222222222222 0.03802083333333333 0.05925925925925926
1 0.24765625 0.16574074074074074 0.03802083333333333 0.04814814814814815
1 0.23359375 0.1398148148148148 0.03802083333333333 0.06111111111111111
1 0.9778645833333334 0.28888888888888886 0.043229166666666666 0.05925925925925926
1 0.47109375 0.08981481481481482 0.030729166666666665 0.04259259259259259
1 0.490625 0.10277777777777777 0.026041666666666668 0.03148148148148148
1 0.5184895833333333 0.10972222222222222 0.027604166666666666 0.041666666666666664
1 0.9028645833333333 0.17314814814814813 0.028645833333333332 0.06851851851851852
1 0.21067708333333332 0.11296296296296296 0.024479166666666666 0.037037037037037035
1 0.3377604166666667 0.12407407407407407 0.0265625 0.03518518518518519
1 0.27291666666666664 0.23564814814814813 0.04791666666666667 0.062037037037037036
1 0.3143229166666667 0.16435185185185186 0.033854166666666664 0.058333333333333334
1 0.8510416666666667 0.24537037037037038 0.04583333333333333 0.06481481481481481
1 0.2578125 0.19768518518518519 0.04583333333333333 0.05648148148148148
1 0.59453125 0.11388888888888889 0.034895833333333334 0.053703703703703705
1 0.27708333333333335 0.11481481481481481 0.030208333333333334 0.044444444444444446
1 0.44375 0.2222222222222222 0.03854166666666667 0.06481481481481481
1 0.41744791666666664 0.125 0.030729166666666665 0.03888888888888889
1 0.16666666666666666 0.09027777777777778 0.028125 0.028703703703703703
1 0.33619791666666665 0.19212962962962962 0.0390625 0.06574074074074074
1 0.56875 0.10185185185185185 0.027083333333333334 0.040740740740740744
1 0.4015625 0.11527777777777778 0.028125 0.05092592592592592
1 0.18177083333333333 0.2490740740740741 0.04479166666666667 0.06111111111111111
1 0.6375 0.1587962962962963 0.03229166666666667 0.04351851851851852
1 0.33958333333333335 0.0763888888888889 0.026041666666666668 0.03425925925925926
1 0.8145833333333333 0.14537037037037037 0.025 0.05740740740740741
1 0.17161458333333332 0.1597222222222222 0.0328125 0.03796296296296296
1 0.5546875 0.0712962962962963 0.027083333333333334 0.027777777777777776
1 0.6528645833333333 0.1361111111111111 0.028645833333333332 0.027777777777777776
1 0.6536458333333334 0.10648148148148148 0.027083333333333334 0.03333333333333333
1 0.44479166666666664 0.07824074074074074 0.026041666666666668 0.03796296296296296
1 0.16901041666666666 0.1361111111111111 0.030729166666666665 0.037037037037037035
1 0.690625 0.1476851851851852 0.03333333333333333 0.05648148148148148
1 0.17734375 0.18611111111111112 0.043229166666666666 0.03148148148148148
1 0.621875 0.13148148148148148 0.030208333333333334 0.024074074074074074
1 0.8197916666666667 0.15601851851851853 0.015625 0.05462962962962963
1 0.5046875 0.2875 0.04895833333333333 0.0824074074074074
1 0.5911458333333334 0.08425925925925926 0.022916666666666665 0.016666666666666666
1 0.4 0.06712962962962964 0.020833333333333332 0.021296296296296296
1 0.6684895833333333 0.125 0.0171875 0.037037037037037035
1 0.30364583333333334 0.1537037037037037 0.030208333333333334 0.053703703703703705
1 0.9588541666666667 0.24675925925925926 0.059375 0.08796296296296297
1 0.6268229166666667 0.10972222222222222 0.025520833333333333 0.03425925925925926
1 0.709375 0.11712962962962963 0.01875 0.03611111111111111
1 0.17682291666666666 0.2050925925925926 0.049479166666666664 0.06759259259259259
1 0.29375 0.12962962962962962 0.03125 0.046296296296296294
1 0.45703125 0.3773148148148148 0.0640625 0.10092592592592593
1 0.5486979166666667 0.12638888888888888 0.04010416666666667 0.03981481481481482
1 0.23776041666666667 0.1111111111111111 0.027604166666666666 0.03148148148148148