3 0.98203125 0.2986111111111111 0.034895833333333334 0.11203703703703703
2 0.9544270833333334 0.1962962962962963 0.0890625 0.19074074074074074
1 0.64453125 0.41712962962962963 0.08385416666666666 0.10833333333333334
1 0.234375 0.8217592592592593 0.16041666666666668 0.2101851851851852
1 0.7546875 0.7777777777777778 0.140625 0.1925925925925926
1 0.20286458333333332 0.6148148148148148 0.1140625 0.15
1 0.9098958333333333 0.8972222222222223 0.175 0.2037037037037037
1 0.6 0.9194444444444444 0.18125 0.15925925925925927
1 0.9638020833333333 0.7037037037037037 0.07135416666666666 0.17777777777777778
1 0.39791666666666664 0.5083333333333333 0.09375 0.1259259259259259
1 0.14635416666666667 0.38101851851851853 0.065625 0.09351851851851851
1 0.5018229166666667 0.2861111111111111 0.058854166666666666 0.07592592592592592
1 0.3463541666666667 0.4236111111111111 0.07604166666666666 0.10833333333333334
1 0.5583333333333333 0.32592592592592595 0.06458333333333334 0.09074074074074075
1 0.484375 0.4023148148148148 0.075 0.10277777777777777
1 0.7265625 0.34444444444444444 0.07291666666666667 0.10740740740740741
1 0.7994791666666666 0.5324074074074074 0.1125 0.17777777777777778
1 0.4817708333333333 0.17314814814814813 0.03854166666666667 0.053703703703703705
1 0.9075520833333334 0.4583333333333333 0.10260416666666666 0.15185185185185185
1 0.39947916666666666 0.12129629629629629 0.021875 0.03888888888888889
1 0.18828125 0.32592592592592595 0.058854166666666666 0.08333333333333333
1 0.73125 0.20694444444444443 0.04479166666666667 0.06018518518518518
1 0.83125 0.24768518518518517 0.051041666666666666 0.06759259259259259
1 0.8286458333333333 0.3939814814814815 0.08958333333333333 0.12314814814814815
1 0.8296875 0.20462962962962963 0.04791666666666667 0.06111111111111111
1 0.453125 0.35833333333333334 0.0625 0.09259259259259259
1 0.30234375 0.3106481481481482 0.07135416666666666 0.11574074074074074
1 0.4200520833333333 0.29398148148148145 0.0578125 0.09722222222222222
1 0.4234375 0.13287037037037036 0.03854166666666667 0.058333333333333334
1 0.44166666666666665 0.21805555555555556 0.036458333333333336 0.05648148148148148
1 0.3645833333333333 0.14814814814814814 0.03229166666666667 0.05
1 0.5825520833333333 0.1638888888888889 0.03697916666666667 0.03518518518518519
1 0.38619791666666664 0.2722222222222222 0.0421875 0.06851851851851852
1 0.5674479166666667 0.12731481481481483 0.027604166666666666 0.03796296296296296
1 0.38255208333333335 0.17453703703703705 0.0328125 0.049074074074074076
1 0.3216145833333333 0.1824074074074074 0.0421875 0.05555555555555555
1 0.6393229166666666 0.10972222222222222 0.027604166666666666 0.03425925925925926
1 0.68046875 0.18287037037037038 0.0390625 0.06018518518518518
1 0.40234375 0.18333333333333332 0.03697916666666667 0.05185185185185185
1 0.4791666666666667 0.24074074074074073 0.059375 0.08518518518518518
1 0.20390625 0.16620370370370371 0.043229166666666666 0.06759259259259259
1 0.7171875 0.1638888888888889 0.0375 0.05925925925925926
1 0.5401041666666667 0.4550925925925926 0.0875 0.14166666666666666
1 0.7010416666666667 0.31157407407407406 0.06875 0.11574074074074074
1 0.684375 0.13055555555555556 0.030208333333333334 0.04259259259259259
1 0.5104166666666666 0.12407407407407407 0.026041666666666668 0.02962962962962963
1 0.6888020833333334 0.1449074074074074 0.0328125 0.032407407407407406
1 0.79375 0.12407407407407407 0.03958333333333333 0.03148148148148148
1 0.38177083333333334 0.10324074074074074 0.023958333333333335 0.03611111111111111
1 0.675 0.1111111111111111 0.027083333333333334 0.03333333333333333
1 0.5791666666666667 0.1125 0.03125 0.03981481481481482
1 0.16354166666666667 0.25601851851851853 0.042708333333333334 0.06388888888888888
1 0.44947916666666665 0.09583333333333334 0.022916666666666665 0.026851851851851852
1 0.3731770833333333 0.23935185185185184 0.0484375 0.0787037037037037
1 0.15651041666666668 0.0962962962962963 0.025520833333333333 0.04259259259259259
1 0.6927083333333334 0.6412037037037037 0.12708333333333333 0.20277777777777778
1 0.2674479166666667 0.10694444444444444 0.024479166666666666 0.03796296296296296
1 0.3528645833333333 0.2175925925925926 0.03802083333333333 0.07222222222222222
1 0.23984375 0.1638888888888889 0.028645833333333332 0.05
1 0.7442708333333333 0.14722222222222223 0.027083333333333334 0.04259259259259259
1 0.46171875 0.15925925925925927 0.033854166666666664 0.05740740740740741
1 0.2721354166666667 0.16111111111111112 0.03697916666666667 0.06111111111111111
1 0.6609375 0.10694444444444444 0.019791666666666666 0.032407407407407406
1 0.2877604166666667 0.11805555555555555 0.0328125 0.03796296296296296
1 0.2640625 0.24305555555555555 0.036458333333333336 0.06759259259259259
1 0.41901041666666666 0.6416666666666667 0.1203125 0.15925925925925927
1 0.62421875 0.08981481481481482 0.0234375 0.03518518518518519
1 0.81640625 0.16666666666666666 0.0421875 0.06296296296296296
1 0.6096354166666667 0.1486111111111111 0.025520833333333333 0.04537037037037037
1 0.17916666666666667 0.27870370370370373 0.05 0.08703703703703704
1 0.6375 0.16018518518518518 0.04375 0.06851851851851852
1 0.29635416666666664 0.1425925925925926 0.022916666666666665 0.037037037037037035
1 0.49166666666666664 0.08009259259259259 0.025 0.03611111111111111
1 0.6203125 0.1175925925925926 0.025 0.020370370370370372
1 0.32864583333333336 0.07037037037037037 0.016666666666666666 0.022222222222222223
1 0.34453125 0.08009259259259259 0.022395833333333334 0.032407407407407406
1 0.23541666666666666 0.1388888888888889 0.03229166666666667 0.03888888888888889
1 0.34453125 0.12638888888888888 0.0328125 0.05277777777777778
1 0.42734375 0.20324074074074075 0.03697916666666667 0.06388888888888888
1 0.52890625 0.1337962962962963 0.016145833333333335 0.030555555555555555
1 0.6010416666666667 0.10138888888888889 0.023958333333333335 0.032407407407407406
1 0.17890625 0.21944444444444444 0.043229166666666666 0.04259259259259259
1 0.2559895833333333 0.2037037037037037 0.04010416666666667 0.07222222222222222
1 0.41328125 0.07083333333333333 0.0203125 0.030555555555555555
1 0.17552083333333332 0.11666666666666667 0.029166666666666667 0.03333333333333333
1 0.5463541666666667 0.09814814814814815 0.023958333333333335 0.040740740740740744
1 0.8986979166666667 0.1736111111111111 0.033854166666666664 0.062037037037037036
1 0.7739583333333333 0.18981481481481483 0.041666666666666664 0.05925925925925926
1 0.29140625 0.25787037037037036 0.07239583333333334 0.07685185185185185
1 0.41875 0.21388888888888888 0.019791666666666666 0.04259259259259259
1 0.4822916666666667 0.10833333333333334 0.01875 0.024074074074074074
1 0.5028645833333333 0.09490740740740741 0.022395833333333334 0.021296296296296296
1 0.55625 0.14212962962962963 0.027083333333333334 0.03981481481481482
1 0.26979166666666665 0.20879629629629629 0.04791666666666667 0.058333333333333334
1 0.171875 0.16157407407407406 0.029166666666666667 0.05092592592592592
1 0.49375 0.11574074074074074 0.020833333333333332 0.027777777777777776
1 0.16770833333333332 0.2074074074074074 0.03958333333333333 0.037037037037037035
1 0.31145833333333334 0.09074074074074075 0.026041666666666668 0.04259259259259259