3 0.846875 0.23657407407407408 0.06145833333333333 0.09166666666666666
2 0.8408854166666667 0.1625 0.0796875 0.1638888888888889
2 0.8893229166666666 0.12638888888888888 0.07239583333333334 0.15092592592592594
1 0.47942708333333334 0.7023148148148148 0.1265625 0.175
1 0.4046875 0.5550925925925926 0.09895833333333333 0.14166666666666666
1 0.25859375 0.9083333333333333 0.1671875 0.1814814814814815
1 0.028645833333333332 0.4759259259259259 0.057291666666666664 0.10925925925925926
1 0.18671875 0.3972222222222222 0.07135416666666666 0.1037037037037037
1 0.675 0.6064814814814815 0.11458333333333333 0.18703703703703703
1 0.728125 0.20416666666666666 0.042708333333333334 0.05648148148148148
1 0.5932291666666667 0.9152777777777777 0.18125 0.1675925925925926
1 0.5705729166666667 0.513425925925926 0.09739583333333333 0.13240740740740742
1 0.6403645833333333 0.40046296296296297 0.0796875 0.11203703703703703
1 0.9619791666666667 0.924074074074074 0.075 0.15
1 0.9473958333333333 0.19212962962962962 0.04583333333333333 0.058333333333333334
1 0.47994791666666664 0.25416666666666665 0.044270833333333336 0.06944444444444445
1 0.5294270833333333 0.20462962962962963 0.043229166666666666 0.06111111111111111
1 0.653125 0.17175925925925925 0.03854166666666667 0.05277777777777778
1 0.9533854166666667 0.2902777777777778 0.07239583333333334 0.10462962962962963
1 0.4270833333333333 0.13657407407407407 0.026041666666666668 0.04351851851851852
1 0.42942708333333335 0.3212962962962963 0.050520833333333334 0.08148148148148149
1 0.8875 0.4486111111111111 0.09479166666666666 0.1361111111111111
1 0.32578125 0.3712962962962963 0.08802083333333334 0.13703703703703704
1 0.3424479166666667 0.20694444444444443 0.0453125 0.06388888888888888
1 0.5674479166666667 0.3439814814814815 0.06927083333333334 0.08981481481481482
1 0.5247395833333334 0.44583333333333336 0.08177083333333333 0.1175925925925926
1 0.40598958333333335 0.19675925925925927 0.0359375 0.049074074074074076
1 0.4627604166666667 0.3541666666666667 0.06927083333333334 0.1175925925925926
1 0.69140625 0.13055555555555556 0.0296875 0.04259259259259259
1 0.74609375 0.17314814814814813 0.04010416666666667 0.05555555555555555
1 0.3890625 0.16712962962962963 0.035416666666666666 0.05648148148148148
1 0.4986979166666667 0.18287037037037038 0.04010416666666667 0.06018518518518518
1 0.7096354166666666 0.16157407407407406 0.03802083333333333 0.05092592592592592
1 0.4361979166666667 0.2111111111111111 0.04010416666666667 0.06111111111111111
1 0.5411458333333333 0.2851851851851852 0.0625 0.0962962962962963
1 0.4546875 0.1537037037037037 0.042708333333333334 0.06851851851851852
1 0.40234375 0.28055555555555556 0.0578125 0.09074074074074075
1 0.17630208333333333 0.18703703703703703 0.04114583333333333 0.05925925925925926
1 0.17526041666666667 0.12638888888888888 0.0359375 0.03981481481481482
1 0.6502604166666667 0.1361111111111111 0.034895833333333334 0.05185185185185185
1 0.61640625 0.15185185185185185 0.034895833333333334 0.053703703703703705
1 0.3807291666666667 0.2518518518518518 0.04375 0.07962962962962963
1 0.15520833333333334 0.10046296296296296 0.026041666666666668 0.041666666666666664
1 0.4588541666666667 0.23333333333333334 0.040625 0.07407407407407407
1 0.4046875 0.11435185185185186 0.026041666666666668 0.03981481481481482
1 0.7854166666666667 0.538425925925926 0.10833333333333334 0.13796296296296295
1 0.2752604166666667 0.17175925925925925 0.0265625 0.04722222222222222
1 0.23307291666666666 0.11944444444444445 0.0328125 0.053703703703703705
1 0.2838541666666667 0.12268518518518519 0.020833333333333332 0.041666666666666664
1 0.50625 0.11898148148148148 0.03333333333333333 0.03611111111111111
1 0.5145833333333333 0.2740740740740741 0.04375 0.08148148148148149
1 0.35130208333333335 0.13287037037037036 0.022395833333333334 0.041666666666666664
1 0.26875 0.23425925925925925 0.04583333333333333 0.08333333333333333
1 0.5841145833333333 0.13333333333333333 0.0390625 0.05925925925925926
1 0.2752604166666667 0.11481481481481481 0.028645833333333332 0.04259259259259259
1 0.16979166666666667 0.2912037037037037 0.05625 0.062037037037037036
1 0.2557291666666667 0.07314814814814814 0.023958333333333335 0.027777777777777776
1 0.5609375 0.1300925925925926 0.019791666666666666 0.05092592592592592
1 0.3026041666666667 0.13194444444444445 0.036458333333333336 0.04722222222222222
1 0.36953125 0.14305555555555555 0.03697916666666667 0.058333333333333334
1 0.3536458333333333 0.08564814814814815 0.023958333333333335 0.03425925925925926
1 0.23984375 0.15046296296296297 0.0390625 0.041666666666666664
1 0.7325520833333333 0.10462962962962963 0.034895833333333334 0.027777777777777776
1 0.24505208333333334 0.18564814814814815 0.0453125 0.075
1 0.6270833333333333 0.12314814814814815 0.029166666666666667 0.03148148148148148
1 0.64296875 0.09861111111111111 0.025520833333333333 0.025
1 0.16536458333333334 0.26296296296296295 0.059895833333333336 0.07037037037037037
1 0.26953125 0.2851851851851852 0.0234375 0.06111111111111111
1 0.3229166666666667 0.28703703703703703 0.06458333333333334 0.05185185185185185
1 0.4015625 0.06574074074074074 0.021875 0.024074074074074074
1 0.3028645833333333 0.08703703703703704 0.024479166666666666 0.037037037037037035
1 0.5145833333333333 0.08148148148148149 0.021875 0.025925925925925925
1 0.171875 0.08101851851851852 0.022916666666666665 0.023148148148148147
1 0.5520833333333334 0.10046296296296296 0.015625 0.03425925925925926
1 0.28229166666666666 0.23981481481481481 0.052083333333333336 0.06851851851851852
1 0.56484375 0.08796296296296297 0.022395833333333334 0.03148148148148148
1 0.8328125 0.3958333333333333 0.09166666666666666 0.14166666666666666
1 0.17395833333333333 0.1638888888888889 0.041666666666666664 0.046296296296296294
1 0.3065104166666667 0.16296296296296298 0.0359375 0.040740740740740744
1 0.17734375 0.33611111111111114 0.0609375 0.10555555555555556
1 0.5276041666666667 0.10740740740740741 0.017708333333333333 0.02962962962962963
1 0.59609375 0.07824074074074074 0.0234375 0.032407407407407406
1 0.46796875 0.06898148148148148 0.021354166666666667 0.030555555555555555
1 0.7390625 0.1375 0.03333333333333333 0.041666666666666664
1 0.30026041666666664 0.29398148148148145 0.05260416666666667 0.09722222222222222