2 0.86953125 0.14583333333333334 0.07239583333333334 0.15833333333333333
2 0.7552083333333334 0.1175925925925926 0.06458333333333334 0.11666666666666667
2 0.90390625 0.562037037037037 0.1671875 0.31666666666666665
1 0.19270833333333334 0.7777777777777778 0.13854166666666667 0.16666666666666666
1 0.7372395833333333 0.48657407407407405 0.09635416666666667 0.11944444444444445
1 0.27005208333333336 0.9023148148148148 0.1484375 0.1935185185185185
1 0.4361979166666667 0.6263888888888889 0.11510416666666666 0.15648148148148147
1 0.7190104166666667 0.3611111111111111 0.07135416666666666 0.0962962962962963
1 0.6424479166666667 0.6101851851851852 0.11614583333333334 0.1574074074074074
1 0.8013020833333333 0.5671296296296297 0.05572916666666667 0.14537037037037037
1 0.5528645833333333 0.32731481481481484 0.06614583333333333 0.08981481481481482
1 0.6255208333333333 0.38425925925925924 0.071875 0.1037037037037037
1 0.39114583333333336 0.5337962962962963 0.12604166666666666 0.18611111111111112
1 0.19036458333333334 0.32685185185185184 0.059895833333333336 0.09259259259259259
1 0.603125 0.5337962962962963 0.0875 0.1361111111111111
1 0.90234375 0.2828703703703704 0.0640625 0.07685185185185185
1 0.8260416666666667 0.2800925925925926 0.06145833333333333 0.06759259259259259
1 0.49973958333333335 0.28194444444444444 0.0484375 0.08055555555555556
1 0.9713541666666666 0.3662037037037037 0.05625 0.09351851851851851
1 0.3263020833333333 0.3768518518518518 0.07135416666666666 0.09444444444444444
1 0.43515625 0.3337962962962963 0.0671875 0.10648148148148148
1 0.6208333333333333 0.18333333333333332 0.040625 0.040740740740740744
1 0.21536458333333333 0.6222222222222222 0.10364583333333334 0.15925925925925927
1 0.39791666666666664 0.27546296296296297 0.059375 0.09166666666666666
1 0.478125 0.4125 0.09375 0.14907407407407408
1 0.665625 0.17592592592592593 0.03958333333333333 0.05
1 0.28020833333333334 0.25555555555555554 0.04583333333333333 0.06296296296296296
1 0.34140625 0.3347222222222222 0.06614583333333333 0.08425925925925926
1 0.7486979166666666 0.2101851851851852 0.0484375 0.07777777777777778
1 0.6786458333333333 0.31157407407407406 0.06875 0.09537037037037037
1 0.48515625 0.17824074074074073 0.0390625 0.06018518518518518
1 0.4505208333333333 0.3699074074074074 0.06145833333333333 0.10092592592592593
1 0.52421875 0.30092592592592593 0.05572916666666667 0.08703703703703704
1 0.4200520833333333 0.19583333333333333 0.04635416666666667 0.06388888888888888
1 0.571875 0.15925925925925927 0.03333333333333333 0.04259259259259259
1 0.36953125 0.24074074074074073 0.04010416666666667 0.06666666666666667
1 0.42734375 0.14027777777777778 0.033854166666666664 0.049074074074074076
1 0.19765625 0.5259259259259259 0.09635416666666667 0.17037037037037037
1 0.19322916666666667 0.2625 0.046875 0.07314814814814814
1 0.4630208333333333 0.23796296296296296 0.051041666666666666 0.08333333333333333
1 0.44114583333333335 0.21898148148148147 0.03854166666666667 0.06388888888888888
1 0.45651041666666664 0.16203703703703703 0.0296875 0.044444444444444446
1 0.7231770833333333 0.16712962962962963 0.03802083333333333 0.06018518518518518
1 0.38958333333333334 0.1699074074074074 0.040625 0.058333333333333334
1 0.9125 0.17453703703703705 0.023958333333333335 0.06759259259259259
1 0.36796875 0.15648148148148147 0.030729166666666665 0.044444444444444446
1 0.8609375 0.25 0.04791666666666667 0.06666666666666667
1 0.5583333333333333 0.12731481481481483 0.028125 0.041666666666666664
1 0.5986979166666667 0.11435185185185186 0.0359375 0.05462962962962963
1 0.24270833333333333 0.16203703703703703 0.029166666666666667 0.04814814814814815
1 0.353125 0.13333333333333333 0.03125 0.03888888888888889
1 0.3997395833333333 0.11435185185185186 0.0296875 0.05092592592592592
1 0.49296875 0.10277777777777777 0.0265625 0.03333333333333333
1 0.8442708333333333 0.21574074074074073 0.04895833333333333 0.06296296296296296
1 0.5205729166666667 0.1111111111111111 0.027604166666666666 0.044444444444444446
1 0.4734375 0.09027777777777778 0.030208333333333334 0.04351851851851852
1 0.2328125 0.13935185185185187 0.036458333333333336 0.06018518518518518
1 0.29322916666666665 0.12824074074074074 0.03125 0.04722222222222222
1 0.17213541666666668 0.1574074074074074 0.0328125 0.037037037037037035
1 0.25703125 0.19537037037037036 0.044270833333333336 0.05555555555555555
1 0.2752604166666667 0.11296296296296296 0.027604166666666666 0.04259259259259259
1 0.33880208333333334 0.07546296296296297 0.024479166666666666 0.030555555555555555
1 0.57109375 0.10416666666666667 0.027604166666666666 0.041666666666666664
1 0.33645833333333336 0.12268518518518519 0.026041666666666668 0.03425925925925926
1 0.6440104166666667 0.16018518518518518 0.030729166666666665 0.044444444444444446
1 0.340625 0.20694444444444443 0.025 0.05462962962962963
1 0.41484375 0.12962962962962962 0.0296875 0.04814814814814815
1 0.3341145833333333 0.1884259259259259 0.03802083333333333 0.06574074074074074
1 0.98671875 0.29398148148148145 0.025520833333333333 0.05277777777777778
1 0.16666666666666666 0.0912037037037037 0.029166666666666667 0.030555555555555555
1 0.35625 0.21388888888888888 0.040625 0.06296296296296296
1 0.65859375 0.1388888888888889 0.028645833333333332 0.027777777777777776
1 0.696875 0.1486111111111111 0.03333333333333333 0.05648148148148148
1 0.446875 0.08055555555555556 0.027083333333333334 0.03888888888888889
1 0.6505208333333333 0.10787037037037037 0.025 0.03796296296296296
1 0.6606770833333333 0.1125 0.024479166666666666 0.028703703703703703
1 0.5557291666666667 0.07175925925925926 0.025 0.026851851851851852
1 0.3125 0.16157407407407406 0.034375 0.058333333333333334
1 0.5942708333333333 0.08518518518518518 0.022916666666666665 0.020370370370370372
1 0.27447916666666666 0.23194444444444445 0.04895833333333333 0.062037037037037036
1 0.21119791666666668 0.11203703703703703 0.025520833333333333 0.03888888888888889
1 0.6278645833333333 0.13148148148148148 0.028645833333333332 0.024074074074074074
1 0.821875 0.14722222222222223 0.028125 0.05925925925925926
1 0.5302083333333333 0.0837962962962963 0.025 0.021296296296296296
1 0.9713541666666666 0.2537037037037037 0.05625 0.08703703703703704
1 0.16901041666666666 0.13657407407407407 0.030729166666666665 0.03425925925925926
1 0.52421875 0.06342592592592593 0.019270833333333334 0.025
1 0.18203125 0.2351851851851852 0.04635416666666667 0.07962962962962963
1 0.6213541666666667 0.15185185185185185 0.023958333333333335 0.027777777777777776
1 0.17838541666666666 0.18564814814814815 0.043229166666666666 0.03425925925925926
1 0.8278645833333333 0.15648148148148147 0.0171875 0.05925925925925926
1 0.17630208333333333 0.2023148148148148 0.04739583333333333 0.06759259259259259
1 0.3028645833333333 0.15138888888888888 0.0296875 0.05462962962962963
1 0.32526041666666666 0.10972222222222222 0.03697916666666667 0.041666666666666664