2 0.8677083333333333 0.14537037037037037 0.07291666666666667 0.1574074074074074
2 0.7536458333333333 0.11574074074074074 0.065625 0.11481481481481481
2 0.9075520833333334 0.5662037037037037 0.16927083333333334 0.3194444444444444
1 0.19348958333333333 0.7819444444444444 0.1390625 0.1675925925925926
1 0.7395833333333334 0.48842592592592593 0.096875 0.11944444444444445
1 0.2713541666666667 0.9055555555555556 0.14895833333333333 0.18703703703703703
1 0.6442708333333333 0.6152777777777778 0.11875 0.16203703703703703
1 0.4375 0.6300925925925925 0.11458333333333333 0.15648148148148147
1 0.8041666666666667 0.5694444444444444 0.05416666666666667 0.14629629629629629
1 0.6268229166666667 0.3837962962962963 0.07239583333333334 0.10277777777777777
1 0.5541666666666667 0.3287037037037037 0.06666666666666667 0.08703703703703704
1 0.18984375 0.3277777777777778 0.059895833333333336 0.09074074074074075
1 0.6052083333333333 0.5361111111111111 0.08854166666666667 0.13703703703703704
1 0.390625 0.5361111111111111 0.12395833333333334 0.18888888888888888
1 0.90078125 0.2824074074074074 0.06302083333333333 0.07592592592592592
1 0.9697916666666667 0.36342592592592593 0.059375 0.09351851851851851
1 0.32708333333333334 0.37777777777777777 0.071875 0.0962962962962963
1 0.61953125 0.18333333333333332 0.04010416666666667 0.040740740740740744
1 0.4348958333333333 0.3347222222222222 0.06666666666666667 0.10648148148148148
1 0.340625 0.33564814814814814 0.06666666666666667 0.08425925925925926
1 0.8229166666666666 0.2791666666666667 0.06145833333333333 0.06574074074074074
1 0.5005208333333333 0.2824074074074074 0.04791666666666667 0.07962962962962963
1 0.68046875 0.3143518518518518 0.06927083333333334 0.09907407407407408
1 0.28046875 0.25601851851851853 0.04635416666666667 0.06388888888888888
1 0.6643229166666667 0.17546296296296296 0.0390625 0.049074074074074076
1 0.72109375 0.36203703703703705 0.07135416666666666 0.09814814814814815
1 0.7481770833333333 0.20879629629629629 0.0484375 0.0787037037037037
1 0.4518229166666667 0.37083333333333335 0.06302083333333333 0.10092592592592593
1 0.4861979166666667 0.17916666666666667 0.03802083333333333 0.062037037037037036
1 0.3692708333333333 0.24166666666666667 0.040625 0.06666666666666667
1 0.4791666666666667 0.4134259259259259 0.09479166666666666 0.14907407407407408
1 0.3984375 0.27685185185185185 0.059375 0.09074074074074075
1 0.4205729166666667 0.19675925925925927 0.04635416666666667 0.06574074074074074
1 0.5265625 0.3013888888888889 0.05520833333333333 0.08611111111111111
1 0.19296875 0.2638888888888889 0.04739583333333333 0.07222222222222222
1 0.19791666666666666 0.5291666666666667 0.09583333333333334 0.1712962962962963
1 0.39036458333333335 0.1699074074074074 0.0421875 0.058333333333333334
1 0.5713541666666667 0.1587962962962963 0.03333333333333333 0.03981481481481482
1 0.21640625 0.625 0.10572916666666667 0.15925925925925927
1 0.46328125 0.23935185185185184 0.049479166666666664 0.08425925925925926
1 0.5580729166666667 0.12685185185185185 0.027604166666666666 0.040740740740740744
1 0.428125 0.14027777777777778 0.03333333333333333 0.049074074074074076
1 0.3997395833333333 0.11481481481481481 0.0296875 0.05185185185185185
1 0.98515625 0.2916666666666667 0.028645833333333332 0.053703703703703705
1 0.72265625 0.16666666666666666 0.0390625 0.06111111111111111
1 0.45729166666666665 0.1625 0.030208333333333334 0.04537037037037037
1 0.25703125 0.19444444444444445 0.044270833333333336 0.05555555555555555
1 0.36822916666666666 0.15648148148148147 0.03125 0.046296296296296294
1 0.353125 0.13333333333333333 0.03125 0.03888888888888889
1 0.9109375 0.17407407407407408 0.023958333333333335 0.06666666666666667
1 0.171875 0.1574074074074074 0.03333333333333333 0.03888888888888889
1 0.5984375 0.11435185185185186 0.036458333333333336 0.05462962962962963
1 0.4153645833333333 0.12916666666666668 0.0296875 0.049074074074074076
1 0.49270833333333336 0.10277777777777777 0.026041666666666668 0.03148148148148148
1 0.27291666666666664 0.2324074074074074 0.04583333333333333 0.06296296296296296
1 0.27578125 0.1125 0.027604166666666666 0.04351851851851852
1 0.8263020833333333 0.15787037037037038 0.016145833333333335 0.05648148148148148
1 0.5192708333333333 0.11018518518518519 0.027083333333333334 0.044444444444444446
1 0.16666666666666666 0.09166666666666666 0.029166666666666667 0.03148148148148148
1 0.35625 0.2152777777777778 0.040625 0.06388888888888888
1 0.8203125 0.14675925925925926 0.027083333333333334 0.06018518518518518
1 0.47291666666666665 0.08935185185185185 0.030208333333333334 0.04351851851851852
1 0.33619791666666665 0.12268518518518519 0.025520833333333333 0.03425925925925926
1 0.18177083333333333 0.2462962962962963 0.04479166666666667 0.05925925925925926
1 0.334375 0.1884259259259259 0.03854166666666667 0.06759259259259259
1 0.44192708333333336 0.21898148148148147 0.0390625 0.06388888888888888
1 0.4466145833333333 0.08101851851851852 0.025520833333333333 0.03611111111111111
1 0.3411458333333333 0.2074074074074074 0.025 0.05555555555555555
1 0.5705729166666667 0.10277777777777777 0.0265625 0.04259259259259259
1 0.65703125 0.13842592592592592 0.0296875 0.028703703703703703
1 0.29322916666666665 0.12731481481481483 0.03125 0.04722222222222222
1 0.17786458333333333 0.18611111111111112 0.044270833333333336 0.037037037037037035
1 0.3125 0.16157407407407406 0.035416666666666666 0.058333333333333334
1 0.6505208333333333 0.10787037037037037 0.025 0.03611111111111111
1 0.23307291666666666 0.1398148148148148 0.03802083333333333 0.05925925925925926
1 0.6598958333333333 0.1125 0.025 0.026851851851851852
1 0.55625 0.07083333333333333 0.026041666666666668 0.025
1 0.69609375 0.1486111111111111 0.0328125 0.05648148148148148
1 0.6421875 0.1597222222222222 0.03229166666666667 0.04537037037037037
1 0.16927083333333334 0.1388888888888889 0.03125 0.03148148148148148
1 0.4005208333333333 0.06527777777777778 0.020833333333333332 0.019444444444444445
1 0.59375 0.08472222222222223 0.022916666666666665 0.019444444444444445
1 0.61953125 0.15231481481481482 0.0234375 0.026851851851851852
1 0.8583333333333333 0.24953703703703703 0.04791666666666667 0.06574074074074074
1 0.30234375 0.15138888888888888 0.0296875 0.05462962962962963
1 0.9700520833333334 0.25324074074074077 0.058854166666666666 0.08796296296296297
1 0.34010416666666665 0.07546296296296297 0.022916666666666665 0.030555555555555555
1 0.24088541666666666 0.1111111111111111 0.022395833333333334 0.03333333333333333
1 0.8421875 0.21435185185185185 0.04895833333333333 0.062037037037037036
1 0.17604166666666668 0.2023148148148148 0.04791666666666667 0.06944444444444445
1 0.24791666666666667 0.16296296296296298 0.03854166666666667 0.04814814814814815