2 0.8294270833333334 0.13564814814814816 0.06822916666666666 0.14907407407407408
2 0.97421875 0.6791666666666667 0.050520833333333334 0.3638888888888889
1 0.8171875 0.5634259259259259 0.11145833333333334 0.13796296296296295
1 0.2421875 0.9166666666666666 0.16354166666666667 0.1648148148148148
1 0.9130208333333333 0.6652777777777777 0.0875 0.16944444444444445
1 0.790625 0.4046296296296296 0.08020833333333334 0.10925925925925926
1 0.7346354166666667 0.7291666666666666 0.1390625 0.18796296296296297
1 0.6786458333333333 0.4356481481481482 0.08229166666666667 0.11574074074074074
1 0.58984375 0.3648148148148148 0.0734375 0.0962962962962963
1 0.49140625 0.7425925925925926 0.1359375 0.18703703703703703
1 0.18072916666666666 0.35648148148148145 0.06666666666666667 0.10185185185185185
1 0.52421875 0.30787037037037035 0.05260416666666667 0.08425925925925926
1 0.8984375 0.31342592592592594 0.06979166666666667 0.06574074074074074
1 0.346875 0.41944444444444445 0.07395833333333333 0.1037037037037037
1 0.33619791666666665 0.375 0.07552083333333333 0.09814814814814815
1 0.428125 0.6236111111111111 0.14895833333333333 0.21574074074074073
1 0.96875 0.35648148148148145 0.06145833333333333 0.09444444444444444
1 0.6739583333333333 0.6231481481481481 0.10833333333333334 0.1648148148148148
1 0.46015625 0.36712962962962964 0.06822916666666666 0.1175925925925926
1 0.484375 0.40879629629629627 0.07291666666666667 0.11018518518518519
1 0.7153645833333333 0.19444444444444445 0.0453125 0.07407407407407407
1 0.5221354166666666 0.4648148148148148 0.10572916666666667 0.1648148148148148
1 0.5604166666666667 0.33055555555555555 0.06458333333333334 0.09444444444444444
1 0.5932291666666667 0.17037037037037037 0.03854166666666667 0.040740740740740744
1 0.63671875 0.1648148148148148 0.03802083333333333 0.046296296296296294
1 0.5067708333333333 0.1925925925925926 0.041666666666666664 0.06481481481481481
1 0.23697916666666666 0.7310185185185185 0.11666666666666667 0.18796296296296297
1 0.75859375 0.24768518518518517 0.05364583333333333 0.04722222222222222
1 0.48359375 0.2587962962962963 0.0546875 0.08981481481481482
1 0.7395833333333334 0.34814814814814815 0.071875 0.10740740740740741
1 0.38515625 0.26064814814814813 0.0484375 0.06944444444444445
1 0.44166666666666665 0.15231481481481482 0.035416666666666666 0.05092592592592592
1 0.47604166666666664 0.1763888888888889 0.03125 0.049074074074074076
1 0.8044270833333333 0.19444444444444445 0.034895833333333334 0.04814814814814815
1 0.45807291666666666 0.23564814814814813 0.04114583333333333 0.06944444444444445
1 0.37864583333333335 0.16712962962962963 0.03125 0.04722222222222222
1 0.9864583333333333 0.2953703703703704 0.026041666666666668 0.05
1 0.3640625 0.22916666666666666 0.04375 0.06759259259259259
1 0.43307291666666664 0.2111111111111111 0.049479166666666664 0.06481481481481481
1 0.29010416666666666 0.27546296296296297 0.04895833333333333 0.06759259259259259
1 0.9296875 0.27870370370370373 0.059375 0.07777777777777778
1 0.58046875 0.10925925925925926 0.033854166666666664 0.05185185185185185
1 0.2796875 0.2490740740740741 0.046875 0.06481481481481481
1 0.5450520833333333 0.14444444444444443 0.030729166666666665 0.037037037037037035
1 0.17213541666666668 0.16712962962962963 0.034895833333333334 0.03981481481481482
1 0.69375 0.15648148148148147 0.0375 0.05740740740740741
1 0.23255208333333333 0.14537037037037037 0.03697916666666667 0.06296296296296296
1 0.48203125 0.09953703703703703 0.024479166666666666 0.032407407407407406
1 0.40703125 0.18333333333333332 0.04010416666666667 0.06481481481481481
1 0.28151041666666665 0.11805555555555555 0.027604166666666666 0.04537037037037037
1 0.3221354166666667 0.1726851851851852 0.034895833333333334 0.06018518518518518
1 0.20546875 0.6134259259259259 0.10989583333333333 0.20277777777777778
1 0.97421875 0.2550925925925926 0.050520833333333334 0.06759259259259259
1 0.24921875 0.17083333333333334 0.0359375 0.05462962962962963
1 0.54140625 0.11898148148148148 0.0296875 0.03611111111111111
1 0.6 0.13194444444444445 0.03125 0.03796296296296296
1 0.17005208333333333 0.125 0.030729166666666665 0.025925925925925925
1 0.6158854166666666 0.1486111111111111 0.030729166666666665 0.041666666666666664
1 0.46432291666666664 0.08703703703703704 0.0265625 0.04259259259259259
1 0.8098958333333334 0.2351851851851852 0.04479166666666667 0.06666666666666667
1 0.8755208333333333 0.16435185185185186 0.03229166666666667 0.06388888888888888
1 0.29765625 0.13472222222222222 0.0328125 0.05092592592592592
1 0.30807291666666664 0.15925925925925927 0.030729166666666665 0.05740740740740741
1 0.58125 0.08148148148148149 0.022916666666666665 0.016666666666666666
1 0.6677083333333333 0.1388888888888889 0.03229166666666667 0.05555555555555555
1 0.4283854166666667 0.13148148148148148 0.030729166666666665 0.03888888888888889
1 0.26067708333333334 0.20694444444444443 0.0484375 0.058333333333333334
1 0.6328125 0.12916666666666668 0.028125 0.026851851851851852
1 0.8505208333333333 0.25833333333333336 0.058333333333333334 0.06851851851851852
1 0.3458333333333333 0.07916666666666666 0.026041666666666668 0.03425925925925926
1 0.16953125 0.1439814814814815 0.0296875 0.030555555555555555
1 0.40963541666666664 0.12916666666666668 0.028645833333333332 0.03981481481481482
1 0.32890625 0.11388888888888889 0.0328125 0.040740740740740744
1 0.5205729166666667 0.11296296296296296 0.025520833333333333 0.044444444444444446
1 0.5567708333333333 0.09953703703703703 0.026041666666666668 0.041666666666666664
1 0.6596354166666667 0.09166666666666666 0.021354166666666667 0.014814814814814815
1 0.32395833333333335 0.07407407407407407 0.022916666666666665 0.027777777777777776
1 0.9067708333333333 0.2324074074074074 0.05520833333333333 0.07592592592592592
1 0.34270833333333334 0.1287037037037037 0.028125 0.037037037037037035
1 0.6143229166666667 0.10601851851851851 0.0234375 0.030555555555555555
1 0.4375 0.08148148148148149 0.023958333333333335 0.027777777777777776
1 0.64140625 0.10694444444444444 0.022395833333333334 0.028703703703703703
1 0.41510416666666666 0.3 0.065625 0.1
1 0.41015625 0.10601851851851851 0.0296875 0.023148148148148147
1 0.68828125 0.11064814814814815 0.019270833333333334 0.03425925925925926
1 0.3419270833333333 0.20092592592592592 0.04010416666666667 0.06851851851851852
1 0.20755208333333333 0.11851851851851852 0.027604166666666666 0.04259259259259259
1 0.19791666666666666 0.2828703703703704 0.05 0.075
1 0.1875 0.2518518518518518 0.051041666666666666 0.08518518518518518
1 0.3611979166666667 0.14074074074074075 0.030729166666666665 0.04259259259259259
1 0.5072916666666667 0.1712962962962963 0.035416666666666666 0.024074074074074074
1 0.7903645833333334 0.14166666666666666 0.016145833333333335 0.05740740740740741