2 0.9661458333333334 0.175 0.06666666666666667 0.18333333333333332
2 0.81875 0.13657407407407407 0.06666666666666667 0.13055555555555556
2 0.72265625 0.4101851851851852 0.1203125 0.22777777777777777
2 0.7580729166666667 0.08703703703703704 0.0546875 0.08518518518518518
1 0.7778645833333333 0.7685185185185185 0.1390625 0.18333333333333332
1 0.6182291666666667 0.3726851851851852 0.07604166666666666 0.09351851851851851
1 0.18333333333333332 0.5643518518518519 0.09791666666666667 0.12129629629629629
1 0.88046875 0.9175925925925926 0.16927083333333334 0.16296296296296298
1 0.2140625 0.6356481481481482 0.10416666666666667 0.14166666666666666
1 0.9763020833333333 0.3138888888888889 0.04635416666666667 0.08888888888888889
1 0.2908854166666667 0.30925925925925923 0.059895833333333336 0.07777777777777778
1 0.3736979166666667 0.4638888888888889 0.08697916666666666 0.11851851851851852
1 0.45755208333333336 0.7129629629629629 0.12760416666666666 0.17037037037037037
1 0.6341145833333334 0.18981481481481483 0.0421875 0.037037037037037035
1 0.6190104166666667 0.28935185185185186 0.0546875 0.0787037037037037
1 0.49765625 0.27175925925925926 0.05677083333333333 0.07314814814814814
1 0.5338541666666666 0.3087962962962963 0.057291666666666664 0.08055555555555556
1 0.53046875 0.8194444444444444 0.15572916666666667 0.2462962962962963
1 0.19270833333333334 0.2777777777777778 0.051041666666666666 0.07592592592592592
1 0.6458333333333334 0.42268518518518516 0.04791666666666667 0.10833333333333334
1 0.5197916666666667 0.449537037037037 0.08333333333333333 0.12129629629629629
1 0.7130208333333333 0.22916666666666666 0.04791666666666667 0.058333333333333334
1 0.4322916666666667 0.32731481481481484 0.07083333333333333 0.11944444444444445
1 0.6018229166666667 0.15092592592592594 0.034895833333333334 0.04814814814814815
1 0.2674479166666667 0.22175925925925927 0.04114583333333333 0.05648148148148148
1 0.5049479166666667 0.40185185185185185 0.0703125 0.10555555555555556
1 0.5890625 0.25787037037037036 0.057291666666666664 0.0824074074074074
1 0.8479166666666667 0.2513888888888889 0.057291666666666664 0.08981481481481482
1 0.7479166666666667 0.20925925925925926 0.0375 0.05740740740740741
1 0.8447916666666667 0.5745370370370371 0.13020833333333334 0.21203703703703702
1 0.45755208333333336 0.2375 0.04114583333333333 0.062037037037037036
1 0.496875 0.10185185185185185 0.030208333333333334 0.044444444444444446
1 0.8075520833333333 0.19907407407407407 0.04010416666666667 0.07222222222222222
1 0.3958333333333333 0.17407407407407408 0.0375 0.05555555555555555
1 0.34140625 0.20972222222222223 0.033854166666666664 0.05648148148148148
1 0.18932291666666667 0.4685185185185185 0.07864583333333333 0.11481481481481481
1 0.6453125 0.13240740740740742 0.0375 0.06111111111111111
1 0.6731770833333334 0.12731481481481483 0.021354166666666667 0.03796296296296296
1 0.2296875 0.1361111111111111 0.035416666666666666 0.03888888888888889
1 0.5205729166666667 0.11527777777777778 0.0265625 0.03611111111111111
1 0.5846354166666666 0.1425925925925926 0.030729166666666665 0.04814814814814815
1 0.40572916666666664 0.12268518518518519 0.029166666666666667 0.041666666666666664
1 0.18802083333333333 0.39305555555555555 0.078125 0.10833333333333334
1 0.9020833333333333 0.17777777777777778 0.036458333333333336 0.06296296296296296
1 0.37005208333333334 0.2773148148148148 0.0359375 0.06759259259259259
1 0.24947916666666667 0.17407407407407408 0.03958333333333333 0.05185185185185185
1 0.36302083333333335 0.25 0.051041666666666666 0.053703703703703705
1 0.296875 0.1425925925925926 0.034375 0.05555555555555555
1 0.26588541666666665 0.10416666666666667 0.025520833333333333 0.041666666666666664
1 0.3609375 0.14814814814814814 0.041666666666666664 0.053703703703703705
1 0.7065104166666667 0.13148148148148148 0.0296875 0.03148148148148148
1 0.16822916666666668 0.08564814814814815 0.028125 0.028703703703703703
1 0.4348958333333333 0.20277777777777778 0.041666666666666664 0.07222222222222222
1 0.40989583333333335 0.1935185185185185 0.03229166666666667 0.05925925925925926
1 0.47291666666666665 0.09537037037037037 0.025 0.03333333333333333
1 0.9234375 0.18425925925925926 0.027083333333333334 0.07222222222222222
1 0.9682291666666667 0.25925925925925924 0.06041666666666667 0.07777777777777778
1 0.4705729166666667 0.2490740740740741 0.04010416666666667 0.06481481481481481
1 0.24114583333333334 0.14722222222222223 0.035416666666666666 0.044444444444444446
1 0.18854166666666666 0.2310185185185185 0.041666666666666664 0.06574074074074074
1 0.6075520833333333 0.11990740740740741 0.030729166666666665 0.05277777777777778
1 0.45338541666666665 0.08564814814814815 0.0171875 0.030555555555555555
1 0.403125 0.30648148148148147 0.04791666666666667 0.08148148148148149
1 0.22135416666666666 0.11157407407407408 0.041666666666666664 0.030555555555555555
1 0.4473958333333333 0.15694444444444444 0.03333333333333333 0.04722222222222222
1 0.5567708333333333 0.125 0.023958333333333335 0.040740740740740744
1 0.16770833333333332 0.1814814814814815 0.03229166666666667 0.05925925925925926
1 0.3223958333333333 0.16666666666666666 0.034375 0.05925925925925926
1 0.8838541666666667 0.1675925925925926 0.0375 0.06481481481481481
1 0.6924479166666667 0.1814814814814815 0.0390625 0.06851851851851852
1 0.5833333333333334 0.08009259259259259 0.030208333333333334 0.026851851851851852
1 0.26458333333333334 0.19768518518518519 0.046875 0.04537037037037037
1 0.7083333333333334 0.1962962962962963 0.041666666666666664 0.05740740740740741
1 0.35208333333333336 0.40324074074074073 0.08958333333333333 0.14537037037037037
1 0.5419270833333333 0.06666666666666667 0.0234375 0.03148148148148148
1 0.415625 0.07037037037037037 0.01875 0.022222222222222223
1 0.328125 0.07222222222222222 0.019791666666666666 0.022222222222222223
1 0.3223958333333333 0.11481481481481481 0.023958333333333335 0.03333333333333333
1 0.37864583333333335 0.10324074074074074 0.025 0.049074074074074076
1 0.7497395833333333 0.14722222222222223 0.03697916666666667 0.05555555555555555
1 0.16744791666666667 0.14722222222222223 0.033854166666666664 0.040740740740740744
1 0.7236979166666667 0.16620370370370371 0.0265625 0.03611111111111111
1 0.3385416666666667 0.11990740740740741 0.027083333333333334 0.03425925925925926
1 0.6309895833333333 0.10694444444444444 0.0234375 0.03796296296296296
1 0.72109375 0.1388888888888889 0.025520833333333333 0.027777777777777776
1 0.18177083333333333 0.2064814814814815 0.042708333333333334 0.06851851851851852
1 0.440625 0.07453703703703704 0.017708333333333333 0.032407407407407406
1 0.4278645833333333 0.14027777777777778 0.0265625 0.03981481481481482
1 0.5552083333333333 0.09305555555555556 0.01875 0.025
1 0.39010416666666664 0.2740740740740741 0.07604166666666666 0.07407407407407407
1 0.396875 0.11574074074074074 0.028125 0.046296296296296294
1 0.33932291666666664 0.18981481481481483 0.0390625 0.05740740740740741
1 0.83046875 0.17731481481481481 0.04010416666666667 0.05092592592592592
1 0.77421875 0.17777777777777778 0.04010416666666667 0.06296296296296296