2 0.6197916666666666 0.32592592592592595 0.09583333333333334 0.18703703703703703
2 0.8744791666666667 0.14907407407407408 0.08020833333333334 0.13518518518518519
1 0.640625 0.6263888888888889 0.11041666666666666 0.15462962962962962
1 0.8309895833333333 0.8287037037037037 0.15989583333333332 0.2074074074074074
1 0.20260416666666667 0.5037037037037037 0.08333333333333333 0.10740740740740741
1 0.5395833333333333 0.3111111111111111 0.06041666666666667 0.07962962962962963
1 0.9411458333333333 0.6921296296296297 0.11666666666666667 0.16944444444444445
1 0.8174479166666667 0.274537037037037 0.0578125 0.06759259259259259
1 0.4635416666666667 0.3638888888888889 0.06979166666666667 0.0962962962962963
1 0.33880208333333334 0.37407407407407406 0.07135416666666666 0.0962962962962963
1 0.4856770833333333 0.2611111111111111 0.050520833333333334 0.07222222222222222
1 0.4088541666666667 0.5805555555555556 0.10833333333333334 0.17037037037037037
1 0.6018229166666667 0.5467592592592593 0.0984375 0.12685185185185185
1 0.27265625 0.26481481481481484 0.05260416666666667 0.06851851851851852
1 0.8471354166666667 0.24537037037037038 0.05364583333333333 0.06481481481481481
1 0.44088541666666664 0.3282407407407407 0.0546875 0.08796296296296297
1 0.65 0.17314814814814813 0.040625 0.053703703703703705
1 0.98046875 0.5587962962962963 0.03802083333333333 0.1398148148148148
1 0.5747395833333333 0.24166666666666667 0.04739583333333333 0.06481481481481481
1 0.37734375 0.5273148148148148 0.08177083333333333 0.13055555555555556
1 0.45729166666666665 0.2337962962962963 0.046875 0.06388888888888888
1 0.5609375 0.3435185185185185 0.035416666666666666 0.08518518518518518
1 0.25833333333333336 0.1962962962962963 0.036458333333333336 0.05
1 0.54140625 0.21898148148148147 0.0484375 0.07314814814814814
1 0.9609375 0.2967592592592593 0.06979166666666667 0.10833333333333334
1 0.1921875 0.45185185185185184 0.08125 0.1
1 0.7161458333333334 0.1425925925925926 0.020833333333333332 0.040740740740740744
1 0.7049479166666667 0.4375 0.09947916666666666 0.16018518518518518
1 0.32135416666666666 0.3300925925925926 0.075 0.1175925925925926
1 0.17838541666666666 0.3819444444444444 0.0640625 0.10462962962962963
1 0.1875 0.24259259259259258 0.04479166666666667 0.06851851851851852
1 0.6348958333333333 0.16157407407407406 0.036458333333333336 0.05462962962962963
1 0.58515625 0.1425925925925926 0.033854166666666664 0.04814814814814815
1 0.35 0.2412037037037037 0.027083333333333334 0.05648148148148148
1 0.40911458333333334 0.2763888888888889 0.059895833333333336 0.10277777777777777
1 0.18541666666666667 0.1986111111111111 0.040625 0.05277777777777778
1 0.35234375 0.13240740740740742 0.033854166666666664 0.044444444444444446
1 0.234375 0.13287037037037036 0.03333333333333333 0.03981481481481482
1 0.2604166666666667 0.09398148148148149 0.025 0.03611111111111111
1 0.40546875 0.175 0.03802083333333333 0.06111111111111111
1 0.325 0.18703703703703703 0.034375 0.04814814814814815
1 0.8104166666666667 0.17083333333333334 0.041666666666666664 0.06759259259259259
1 0.21901041666666668 0.1162037037037037 0.0328125 0.05092592592592592
1 0.37786458333333334 0.1550925925925926 0.0359375 0.05092592592592592
1 0.6447916666666667 0.12268518518518519 0.030208333333333334 0.03981481481481482
1 0.4356770833333333 0.19953703703703704 0.0359375 0.03981481481481482
1 0.9463541666666667 0.17824074074074073 0.036458333333333336 0.06018518518518518
1 0.55625 0.12916666666666668 0.021875 0.03796296296296296
1 0.34010416666666665 0.21851851851851853 0.04791666666666667 0.04814814814814815
1 0.36380208333333336 0.0912037037037037 0.024479166666666666 0.04351851851851852
1 0.37734375 0.2625 0.03697916666666667 0.07314814814814814
1 0.6213541666666667 0.10092592592592593 0.023958333333333335 0.020370370370370372
1 0.8997395833333334 0.22824074074074074 0.0515625 0.08055555555555556
1 0.2890625 0.12916666666666668 0.030208333333333334 0.049074074074074076
1 0.41432291666666665 0.2074074074074074 0.0390625 0.03888888888888889
1 0.5166666666666667 0.10925925925925926 0.035416666666666666 0.04814814814814815
1 0.7752604166666667 0.20925925925925926 0.06510416666666667 0.07777777777777778
1 0.27317708333333335 0.10648148148148148 0.028645833333333332 0.04259259259259259
1 0.3072916666666667 0.15092592592592594 0.03229166666666667 0.053703703703703705
1 0.24453125 0.15833333333333333 0.0390625 0.046296296296296294
1 0.76484375 0.1527777777777778 0.0359375 0.05
1 0.9669270833333333 0.17731481481481481 0.043229166666666666 0.03425925925925926
1 0.615625 0.1449074074074074 0.034375 0.06944444444444445
1 0.49635416666666665 0.1037037037037037 0.014583333333333334 0.037037037037037035
1 0.3223958333333333 0.10972222222222222 0.03229166666666667 0.03425925925925926
1 0.3190104166666667 0.06805555555555555 0.019270833333333334 0.017592592592592594
1 0.684375 0.14953703703703702 0.052083333333333336 0.06574074074074074
1 0.79765625 0.1875 0.022395833333333334 0.03425925925925926
1 0.4583333333333333 0.0824074074074074 0.019791666666666666 0.03333333333333333
1 0.334375 0.12407407407407407 0.019791666666666666 0.03333333333333333
1 0.41067708333333336 0.06898148148148148 0.019270833333333334 0.025
1 0.6651041666666667 0.10740740740740741 0.023958333333333335 0.022222222222222223
1 0.16744791666666667 0.13148148148148148 0.034895833333333334 0.03888888888888889
1 0.9661458333333334 0.19490740740740742 0.04583333333333333 0.06944444444444445
1 0.6067708333333334 0.08657407407407407 0.029166666666666667 0.026851851851851852
1 0.17135416666666667 0.16712962962962963 0.04479166666666667 0.04537037037037037
1 0.31927083333333334 0.16620370370370371 0.04375 0.04722222222222222
1 0.70859375 0.23194444444444445 0.05260416666666667 0.05648148148148148
1 0.4231770833333333 0.13518518518518519 0.0296875 0.05
1 0.41770833333333335 0.22592592592592592 0.046875 0.07592592592592592
1 0.178125 0.18472222222222223 0.0375 0.05648148148148148
1 0.78671875 0.22870370370370371 0.0484375 0.06666666666666667
1 0.25286458333333334 0.17824074074074073 0.0484375 0.04537037037037037
1 0.3815104166666667 0.1712962962962963 0.0234375 0.05
1 0.18385416666666668 0.3314814814814815 0.075 0.10925925925925926
1 0.9895833333333334 0.20462962962962963 0.019791666666666666 0.07962962962962963