2 0.7419270833333333 0.11157407407407408 0.058854166666666666 0.1287037037037037
2 0.6684895833333333 0.09398148148148149 0.0515625 0.10092592592592593
1 0.75625 0.49907407407407406 0.10104166666666667 0.12962962962962962
1 0.92578125 0.6541666666666667 0.12447916666666667 0.17314814814814813
1 0.47109375 0.38842592592592595 0.0859375 0.1287037037037037
1 0.04921875 0.47175925925925927 0.08697916666666666 0.13240740740740742
1 0.6888020833333334 0.950925925925926 0.20677083333333332 0.0962962962962963
1 0.3190104166666667 0.34629629629629627 0.059895833333333336 0.08148148148148149
1 0.36953125 0.5356481481481481 0.1046875 0.13425925925925927
1 0.6174479166666667 0.5712962962962963 0.1171875 0.14814814814814814
1 0.20833333333333334 0.36018518518518516 0.06041666666666667 0.09444444444444444
1 0.41041666666666665 0.5935185185185186 0.11979166666666667 0.14629629629629629
1 0.4283854166666667 0.32175925925925924 0.06197916666666667 0.08425925925925926
1 0.6796875 0.4425925925925926 0.08854166666666667 0.1259259259259259
1 0.6330729166666667 0.3925925925925926 0.07552083333333333 0.10925925925925926
1 0.56640625 0.49166666666666664 0.1015625 0.1537037037037037
1 0.95703125 0.48842592592592593 0.08489583333333334 0.14722222222222223
1 0.48828125 0.25555555555555554 0.05572916666666667 0.07407407407407407
1 0.70859375 0.7175925925925926 0.1609375 0.25555555555555554
1 0.4125 0.19722222222222222 0.03854166666666667 0.053703703703703705
1 0.6479166666666667 0.19398148148148148 0.040625 0.04351851851851852
1 0.30442708333333335 0.30277777777777776 0.05677083333333333 0.07777777777777778
1 0.9575520833333333 0.19675925925925927 0.044270833333333336 0.05462962962962963
1 0.9713541666666666 0.30277777777777776 0.05625 0.07592592592592592
1 0.2515625 0.9189814814814815 0.17395833333333333 0.16018518518518518
1 0.4895833333333333 0.1814814814814815 0.041666666666666664 0.06296296296296296
1 0.52734375 0.28564814814814815 0.05364583333333333 0.0824074074074074
1 0.58359375 0.32592592592592595 0.06927083333333334 0.1111111111111111
1 0.9231770833333334 0.3226851851851852 0.06927083333333334 0.0787037037037037
1 0.3859375 0.16435185185185186 0.034375 0.04537037037037037
1 0.5364583333333334 0.21666666666666667 0.041666666666666664 0.06111111111111111
1 0.390625 0.27685185185185185 0.05416666666666667 0.07962962962962963
1 0.18958333333333333 0.3148148148148148 0.06041666666666667 0.1037037037037037
1 0.2833333333333333 0.28055555555555556 0.046875 0.07407407407407407
1 0.5776041666666667 0.2361111111111111 0.04895833333333333 0.07777777777777778
1 0.5669270833333333 0.13425925925925927 0.0328125 0.04259259259259259
1 0.74453125 0.23703703703703705 0.0421875 0.053703703703703705
1 0.890625 0.2689814814814815 0.05416666666666667 0.06944444444444445
1 0.8770833333333333 0.19768518518518519 0.041666666666666664 0.06018518518518518
1 0.7799479166666666 0.25601851851851853 0.05364583333333333 0.05648148148148148
1 0.9200520833333333 0.18703703703703703 0.04010416666666667 0.053703703703703705
1 0.3265625 0.18611111111111112 0.03333333333333333 0.06481481481481481
1 0.17213541666666668 0.19490740740740742 0.03697916666666667 0.05277777777777778
1 0.703125 0.19166666666666668 0.040625 0.06111111111111111
1 0.34661458333333334 0.20185185185185187 0.0390625 0.06851851851851852
1 0.6333333333333333 0.15925925925925927 0.0375 0.06296296296296296
1 0.3619791666666667 0.14814814814814814 0.034375 0.040740740740740744
1 0.44635416666666666 0.21712962962962962 0.04479166666666667 0.075
1 0.8671875 0.22175925925925927 0.04479166666666667 0.062037037037037036
1 0.8421875 0.2875 0.05520833333333333 0.058333333333333334
1 0.7098958333333333 0.15833333333333333 0.035416666666666666 0.040740740740740744
1 0.7377604166666667 0.2074074074074074 0.04635416666666667 0.05925925925925926
1 0.3703125 0.23657407407407408 0.04583333333333333 0.0787037037037037
1 0.82421875 0.23472222222222222 0.049479166666666664 0.062037037037037036
1 0.9854166666666667 0.36203703703703705 0.028125 0.09259259259259259
1 0.19817708333333334 0.13194444444444445 0.027604166666666666 0.04537037037037037
1 0.46796875 0.1597222222222222 0.034895833333333334 0.04722222222222222
1 0.5065104166666666 0.10555555555555556 0.024479166666666666 0.037037037037037035
1 0.83125 0.1962962962962963 0.04583333333333333 0.037037037037037035
1 0.79765625 0.14305555555555555 0.0359375 0.058333333333333334
1 0.33359375 0.07268518518518519 0.025520833333333333 0.026851851851851852
1 0.25859375 0.20046296296296295 0.0328125 0.05462962962962963
1 0.440625 0.14305555555555555 0.035416666666666666 0.062037037037037036
1 0.31171875 0.15648148148148147 0.0359375 0.05740740740740741
1 0.29270833333333335 0.1337962962962963 0.029166666666666667 0.05092592592592592
1 0.48515625 0.11481481481481481 0.027604166666666666 0.027777777777777776
1 0.15520833333333334 0.09768518518518518 0.03333333333333333 0.021296296296296296
1 0.2755208333333333 0.2439814814814815 0.04895833333333333 0.06759259259259259
1 0.43854166666666666 0.07314814814814814 0.023958333333333335 0.03333333333333333
1 0.4739583333333333 0.24444444444444444 0.058333333333333334 0.06666666666666667
1 0.16927083333333334 0.14675925925925926 0.03958333333333333 0.03611111111111111
1 0.3546875 0.0824074074074074 0.021875 0.02962962962962963
1 0.525 0.13425925925925927 0.021875 0.02962962962962963
1 0.7776041666666667 0.18935185185185185 0.04375 0.0712962962962963
1 0.62734375 0.12731481481481483 0.033854166666666664 0.05092592592592592
1 0.16770833333333332 0.08287037037037037 0.03333333333333333 0.030555555555555555
1 0.19427083333333334 0.08333333333333333 0.021875 0.025925925925925925
1 0.4114583333333333 0.06805555555555555 0.021875 0.025
1 0.228125 0.11898148148148148 0.030208333333333334 0.04722222222222222
1 0.3765625 0.26296296296296295 0.035416666666666666 0.06666666666666667
1 0.3028645833333333 0.08935185185185185 0.021354166666666667 0.032407407407407406
1 0.4786458333333333 0.0912037037037037 0.03125 0.03796296296296296
1 0.35390625 0.12777777777777777 0.0359375 0.046296296296296294
1 0.5986979166666667 0.11666666666666667 0.03177083333333333 0.05185185185185185
1 0.521875 0.08611111111111111 0.01875 0.037037037037037035
1 0.5388020833333333 0.09212962962962963 0.0296875 0.04351851851851852
1 0.17864583333333334 0.2722222222222222 0.05520833333333333 0.07222222222222222
1 0.31171875 0.10231481481481482 0.018229166666666668 0.030555555555555555
1 0.29609375 0.07962962962962963 0.028645833333333332 0.03518518518518519
1 0.4588541666666667 0.08287037037037037 0.022916666666666665 0.032407407407407406
1 0.25338541666666664 0.08009259259259259 0.022395833333333334 0.032407407407407406
1 0.6158854166666666 0.08611111111111111 0.021354166666666667 0.02962962962962963
1 0.5768229166666666 0.1162037037037037 0.021354166666666667 0.04351851851851852
1 0.36380208333333336 0.0912037037037037 0.024479166666666666 0.03425925925925926
1 0.5546875 0.11574074074074074 0.022916666666666665 0.04814814814814815
1 0.33255208333333336 0.1087962962962963 0.03177083333333333 0.041666666666666664
1 0.2453125 0.16574074074074074 0.04583333333333333 0.07037037037037037
1 0.28567708333333336 0.12268518518518519 0.025520833333333333 0.04537037037037037
1 0.16822916666666668 0.16666666666666666 0.034375 0.040740740740740744
1 0.25390625 0.13518518518518519 0.025520833333333333 0.037037037037037035
1 0.48932291666666666 0.07083333333333333 0.021354166666666667 0.023148148148148147
1 0.77578125 0.12731481481481483 0.0171875 0.04351851851851852
1 0.15677083333333333 0.12083333333333333 0.03229166666666667 0.03611111111111111
1 0.45260416666666664 0.15138888888888888 0.028125 0.05092592592592592
1 0.17526041666666667 0.23842592592592593 0.0546875 0.05648148148148148
1 0.396875 0.06620370370370371 0.013541666666666667 0.021296296296296296
1 0.24270833333333333 0.14537037037037037 0.04375 0.03148148148148148
1 0.5705729166666667 0.09166666666666666 0.022395833333333334 0.027777777777777776