2 0.8 0.12777777777777777 0.065625 0.1425925925925926
1 0.8989583333333333 0.6430555555555556 0.128125 0.15462962962962962
1 0.5580729166666667 0.8671296296296296 0.15885416666666666 0.21574074074074073
1 0.8434895833333333 0.8523148148148149 0.16302083333333334 0.2212962962962963
1 0.1609375 0.38472222222222224 0.07083333333333333 0.10833333333333334
1 0.47291666666666665 0.7189814814814814 0.17083333333333334 0.2490740740740741
1 0.6263020833333334 0.3939814814814815 0.07864583333333333 0.10277777777777777
1 0.7333333333333333 0.4824074074074074 0.09166666666666666 0.12777777777777777
1 0.54921875 0.3300925925925926 0.05677083333333333 0.09351851851851851
1 0.3424479166666667 0.4134259259259259 0.0828125 0.10462962962962963
1 0.7518229166666667 0.725 0.1265625 0.18333333333333332
1 0.42916666666666664 0.32083333333333336 0.06979166666666667 0.11018518518518519
1 0.8565104166666667 0.449537037037037 0.08802083333333334 0.11944444444444445
1 0.9877604166666667 0.7731481481481481 0.0234375 0.18518518518518517
1 0.484375 0.39814814814814814 0.07395833333333333 0.12777777777777777
1 0.5854166666666667 0.3574074074074074 0.06354166666666666 0.10185185185185185
1 0.5166666666666667 0.4476851851851852 0.08854166666666667 0.1175925925925926
1 0.79453125 0.37916666666666665 0.07864583333333333 0.11574074074074074
1 0.3953125 0.2763888888888889 0.051041666666666666 0.07314814814814814
1 0.36171875 0.4597222222222222 0.08072916666666667 0.11388888888888889
1 0.90390625 0.31342592592592594 0.0609375 0.06944444444444445
1 0.5669270833333333 0.5199074074074074 0.11822916666666666 0.1824074074074074
1 0.57265625 0.16111111111111112 0.034895833333333334 0.04259259259259259
1 0.4546875 0.15925925925925927 0.0375 0.05740740740740741
1 0.1984375 0.30462962962962964 0.053125 0.07962962962962963
1 0.84296875 0.287962962962963 0.0640625 0.06296296296296296
1 0.2375 0.8449074074074074 0.14375 0.21944444444444444
1 0.38697916666666665 0.1736111111111111 0.034375 0.04537037037037037
1 0.4908854166666667 0.18611111111111112 0.034895833333333334 0.05185185185185185
1 0.29661458333333335 0.29444444444444445 0.0515625 0.07037037037037037
1 0.97265625 0.36574074074074076 0.05364583333333333 0.08703703703703704
1 0.5239583333333333 0.2037037037037037 0.04375 0.06851851851851852
1 0.4471354166666667 0.22453703703703703 0.04739583333333333 0.06759259259259259
1 0.5067708333333333 0.27685185185185185 0.059375 0.09444444444444444
1 0.6140625 0.15416666666666667 0.036458333333333336 0.04537037037037037
1 0.6895833333333333 0.1837962962962963 0.042708333333333334 0.06759259259259259
1 0.36796875 0.24166666666666667 0.049479166666666664 0.07222222222222222
1 0.8135416666666667 0.24259259259259258 0.05416666666666667 0.06481481481481481
1 0.77578125 0.22175925925925927 0.0453125 0.06574074074074074
1 0.9419270833333333 0.2875 0.06302083333333333 0.08425925925925926
1 0.3684895833333333 0.15 0.0328125 0.046296296296296294
1 0.7200520833333334 0.23287037037037037 0.0515625 0.05462962962962963
1 0.2765625 0.24537037037037038 0.051041666666666666 0.06851851851851852
1 0.9822916666666667 0.2625 0.034375 0.06944444444444445
1 0.45598958333333334 0.0837962962962963 0.0265625 0.041666666666666664
1 0.47604166666666664 0.24814814814814815 0.04375 0.07222222222222222
1 0.20416666666666666 0.12268518518518519 0.028125 0.04351851851851852
1 0.17005208333333333 0.17546296296296296 0.034895833333333334 0.049074074074074076
1 0.8786458333333333 0.25324074074074077 0.05625 0.06944444444444445
1 0.23567708333333334 0.15138888888888888 0.03802083333333333 0.06574074074074074
1 0.31276041666666665 0.16666666666666666 0.0328125 0.05925925925925926
1 0.5236979166666667 0.1337962962962963 0.0265625 0.030555555555555555
1 0.6153645833333333 0.12361111111111112 0.024479166666666666 0.028703703703703703
1 0.2546875 0.18009259259259258 0.03854166666666667 0.05462962962962963
1 0.6708333333333333 0.14722222222222223 0.035416666666666666 0.05555555555555555
1 0.2630208333333333 0.21666666666666667 0.046875 0.06111111111111111
1 0.41875 0.1925925925925926 0.040625 0.06666666666666667
1 0.4739583333333333 0.09351851851851851 0.023958333333333335 0.02962962962962963
1 0.32838541666666665 0.1814814814814815 0.0359375 0.06296296296296296
1 0.9794270833333333 0.22407407407407406 0.04010416666666667 0.05740740740740741
1 0.34817708333333336 0.13287037037037036 0.0328125 0.03981481481481482
1 0.42890625 0.2162037037037037 0.0265625 0.06018518518518518
1 0.43697916666666664 0.14074074074074075 0.03229166666666667 0.04259259259259259
1 0.5953125 0.1398148148148148 0.026041666666666668 0.04259259259259259
1 0.353125 0.08287037037037037 0.022916666666666665 0.030555555555555555
1 0.17526041666666667 0.2263888888888889 0.049479166666666664 0.0787037037037037
1 0.73984375 0.12083333333333333 0.0140625 0.05277777777777778
1 0.92734375 0.23796296296296296 0.049479166666666664 0.06296296296296296
1 0.84765625 0.15648148148148147 0.0390625 0.05740740740740741
1 0.85859375 0.21666666666666667 0.05260416666666667 0.07037037037037037
1 0.28359375 0.12175925925925926 0.030729166666666665 0.04537037037037037
1 0.41901041666666666 0.13564814814814816 0.0296875 0.041666666666666664
1 0.565625 0.10555555555555556 0.03229166666666667 0.04814814814814815
1 0.20833333333333334 0.6976851851851852 0.12395833333333334 0.22870370370370371
1 0.5497395833333333 0.09675925925925925 0.013020833333333334 0.03981481481481482
1 0.26614583333333336 0.10046296296296296 0.027083333333333334 0.03425925925925926
1 0.4122395833333333 0.06851851851851852 0.015104166666666667 0.022222222222222223
1 0.6440104166666667 0.1337962962962963 0.0328125 0.05277777777777778
1 0.58125 0.12407407407407407 0.030208333333333334 0.03518518518518519
1 0.3528645833333333 0.2101851851851852 0.044270833333333336 0.07222222222222222
1 0.65390625 0.0962962962962963 0.022395833333333334 0.03148148148148148
1 0.4197916666666667 0.11064814814814815 0.030208333333333334 0.025
1 0.33645833333333336 0.1175925925925926 0.034375 0.04259259259259259
1 0.18619791666666666 0.24814814814814815 0.05364583333333333 0.05185185185185185
1 0.2859375 0.26296296296296295 0.05 0.06851851851851852
1 0.59921875 0.10092592592592593 0.0234375 0.02962962962962963
1 0.5677083333333334 0.0763888888888889 0.022916666666666665 0.01574074074074074
1 0.7588541666666667 0.18888888888888888 0.026041666666666668 0.05740740740740741
1 0.5104166666666666 0.07777777777777778 0.022916666666666665 0.022222222222222223
1 0.5208333333333334 0.11481481481481481 0.030208333333333334 0.040740740740740744
1 0.5088541666666667 0.10972222222222222 0.025 0.041666666666666664
1 0.16875 0.13564814814814816 0.03125 0.03611111111111111
1 0.3190104166666667 0.10185185185185185 0.028645833333333332 0.03888888888888889
1 0.19192708333333333 0.2796296296296296 0.0484375 0.06851851851851852
1 0.24375 0.12314814814814815 0.027083333333333334 0.03333333333333333