2 0.8216145833333334 0.49675925925925923 0.14114583333333333 0.28055555555555556
2 0.9065104166666667 0.15324074074074073 0.08697916666666666 0.16203703703703703
2 0.7786458333333334 0.1259259259259259 0.0625 0.12777777777777777
1 0.6864583333333333 0.4398148148148148 0.08645833333333333 0.10740740740740741
1 0.17421875 0.687962962962963 0.12447916666666667 0.14629629629629629
1 0.23619791666666667 0.7888888888888889 0.1296875 0.17592592592592593
1 0.5921875 0.5430555555555555 0.10625 0.14166666666666666
1 0.5809895833333333 0.9212962962962963 0.1703125 0.15555555555555556
1 0.6731770833333334 0.3314814814814815 0.06510416666666667 0.09074074074074075
1 0.53125 0.3055555555555556 0.06145833333333333 0.08148148148148149
1 0.40677083333333336 0.5574074074074075 0.1 0.1388888888888889
1 0.59140625 0.3541666666666667 0.06510416666666667 0.09351851851851851
1 0.3138020833333333 0.3490740740740741 0.0671875 0.08703703703703704
1 0.73515625 0.5074074074074074 0.04739583333333333 0.12962962962962962
1 0.5630208333333333 0.47685185185185186 0.08333333333333333 0.12407407407407407
1 0.6364583333333333 0.2884259259259259 0.06041666666666667 0.08425925925925926
1 0.37109375 0.4787037037037037 0.10885416666666667 0.16666666666666666
1 0.19348958333333333 0.3106481481481482 0.0578125 0.07685185185185185
1 0.8984375 0.30694444444444446 0.06875 0.075
1 0.68828125 0.1865740740740741 0.04010416666666667 0.05277777777777778
1 0.27265625 0.24166666666666667 0.044270833333333336 0.05925925925925926
1 0.5908854166666667 0.16898148148148148 0.04010416666666667 0.04351851851851852
1 0.56953125 0.13518518518518519 0.0328125 0.046296296296296294
1 0.45598958333333334 0.3763888888888889 0.08489583333333334 0.13425925925925927
1 0.64921875 0.19583333333333333 0.04010416666666667 0.04351851851851852
1 0.41484375 0.31203703703703706 0.0578125 0.1
1 0.7794270833333333 0.2212962962962963 0.0515625 0.08333333333333333
1 0.41875 0.1337962962962963 0.03229166666666667 0.04537037037037037
1 0.9736979166666667 0.7472222222222222 0.0515625 0.27037037037037037
1 0.46770833333333334 0.16805555555555557 0.0375 0.06018518518518518
1 0.19973958333333333 0.5592592592592592 0.0890625 0.1425925925925926
1 0.7484375 0.17731481481481481 0.03958333333333333 0.06574074074074074
1 0.35546875 0.30925925925925923 0.06197916666666667 0.07962962962962963
1 0.5059895833333333 0.2810185185185185 0.050520833333333334 0.0824074074074074
1 0.4825520833333333 0.2675925925925926 0.043229166666666666 0.07407407407407407
1 0.4283854166666667 0.3425925925925926 0.05572916666666667 0.09444444444444444
1 0.35703125 0.22824074074074074 0.03697916666666667 0.06388888888888888
1 0.4278645833333333 0.20879629629629629 0.0359375 0.06018518518518518
1 0.34713541666666664 0.12824074074074074 0.030729166666666665 0.03981481481481482
1 0.38567708333333334 0.2537037037037037 0.058854166666666666 0.08148148148148149
1 0.41119791666666666 0.18611111111111112 0.043229166666666666 0.05555555555555555
1 0.24114583333333334 0.15416666666666667 0.03333333333333333 0.049074074074074076
1 0.2875 0.12314814814814815 0.029166666666666667 0.05
1 0.19270833333333334 0.4671296296296296 0.08958333333333333 0.13240740740740742
1 0.61328125 0.11990740740740741 0.03697916666666667 0.05648148148148148
1 0.8833333333333333 0.22870370370370371 0.053125 0.06666666666666667
1 0.40651041666666665 0.12314814814814815 0.030729166666666665 0.04814814814814815
1 0.44453125 0.15416666666666667 0.0296875 0.04722222222222222
1 0.5565104166666667 0.12824074074074074 0.025520833333333333 0.04351851851851852
1 0.26979166666666665 0.10787037037037037 0.025 0.041666666666666664
1 0.25286458333333334 0.18611111111111112 0.04010416666666667 0.053703703703703705
1 0.32760416666666664 0.18055555555555555 0.035416666666666666 0.06296296296296296
1 0.23072916666666668 0.13333333333333333 0.034375 0.05555555555555555
1 0.2682291666666667 0.21435185185185185 0.04583333333333333 0.05277777777777778
1 0.34739583333333335 0.20277777777777778 0.04479166666666667 0.06111111111111111
1 0.6783854166666666 0.14675925925925926 0.0296875 0.030555555555555555
1 0.4049479166666667 0.06574074074074074 0.021354166666666667 0.022222222222222223
1 0.378125 0.16203703703703703 0.03958333333333333 0.05555555555555555
1 0.9546875 0.3037037037037037 0.06145833333333333 0.08148148148148149
1 0.5640625 0.07222222222222222 0.026041666666666668 0.024074074074074074
1 0.675 0.11805555555555555 0.023958333333333335 0.032407407407407406
1 0.6427083333333333 0.1162037037037037 0.026041666666666668 0.04351851851851852
1 0.5018229166666667 0.10648148148148148 0.024479166666666666 0.03333333333333333
1 0.3338541666666667 0.07268518518518519 0.022916666666666665 0.026851851851851852
1 0.7192708333333333 0.15833333333333333 0.036458333333333336 0.05925925925925926
1 0.18958333333333333 0.24953703703703703 0.04479166666666667 0.0712962962962963
1 0.6463541666666667 0.1597222222222222 0.034375 0.06388888888888888
1 0.8434895833333333 0.1527777777777778 0.034895833333333334 0.06111111111111111
1 0.17005208333333333 0.1550925925925926 0.033854166666666664 0.041666666666666664
1 0.3033854166666667 0.15324074074074073 0.0359375 0.05648148148148148
1 0.5825520833333333 0.10925925925925926 0.030729166666666665 0.04814814814814815
1 0.48020833333333335 0.09305555555555556 0.030208333333333334 0.04537037037037037
1 0.8979166666666667 0.26435185185185184 0.057291666666666664 0.06574074074074074
1 0.3609375 0.1486111111111111 0.03125 0.03796296296296296
1 0.16614583333333333 0.08935185185185185 0.029166666666666667 0.03425925925925926
1 0.60546875 0.09351851851851851 0.021354166666666667 0.027777777777777776
1 0.175 0.20416666666666666 0.04375 0.04537037037037037
1 0.32083333333333336 0.10462962962962963 0.035416666666666666 0.040740740740740744
1 0.9432291666666667 0.1824074074074074 0.017708333333333333 0.06666666666666667
1 0.71015625 0.13333333333333333 0.0328125 0.05185185185185185
1 0.4552083333333333 0.08564814814814815 0.025 0.03611111111111111
1 0.66328125 0.1685185185185185 0.033854166666666664 0.04814814814814815
1 0.39166666666666666 0.10740740740740741 0.028125 0.05
1 0.17890625 0.2310185185185185 0.0421875 0.062037037037037036
1 0.68671875 0.12777777777777777 0.022395833333333334 0.03518518518518519
1 0.44140625 0.07592592592592592 0.0234375 0.03148148148148148
1 0.5247395833333334 0.11342592592592593 0.018229166666666668 0.04351851851851852
1 0.8544270833333333 0.1638888888888889 0.024479166666666666 0.05740740740740741
1 0.45260416666666664 0.22361111111111112 0.046875 0.0787037037037037