2 0.7484375 0.11342592592592593 0.06145833333333333 0.13055555555555556
2 0.6729166666666667 0.09583333333333334 0.051041666666666666 0.10462962962962963
1 0.8940104166666667 0.6236111111111111 0.11927083333333334 0.16944444444444445
1 0.7364583333333333 0.48333333333333334 0.09791666666666667 0.1259259259259259
1 0.6580729166666667 0.9194444444444444 0.24114583333333334 0.15925925925925927
1 0.06796875 0.45787037037037037 0.08489583333333334 0.13055555555555556
1 0.37005208333333334 0.5152777777777777 0.10052083333333334 0.13055555555555556
1 0.24010416666666667 0.8976851851851851 0.16458333333333333 0.20277777777777778
1 0.6010416666666667 0.5513888888888889 0.109375 0.14351851851851852
1 0.31484375 0.33796296296296297 0.0578125 0.07962962962962963
1 0.20885416666666667 0.3523148148148148 0.06145833333333333 0.09166666666666666
1 0.46536458333333336 0.37824074074074077 0.08385416666666666 0.12685185185185185
1 0.6223958333333334 0.38333333333333336 0.075 0.10555555555555556
1 0.3997395833333333 0.5722222222222222 0.1078125 0.1425925925925926
1 0.5216145833333333 0.2796296296296296 0.05260416666666667 0.08148148148148149
1 0.4817708333333333 0.25 0.05416666666666667 0.07407407407407407
1 0.6565104166666667 0.19722222222222222 0.04114583333333333 0.04259259259259259
1 0.9684895833333333 0.2 0.044270833333333336 0.05555555555555555
1 0.42265625 0.3143518518518518 0.058854166666666666 0.0824074074074074
1 0.6661458333333333 0.42962962962962964 0.08541666666666667 0.12407407407407407
1 0.4080729166666667 0.1935185185185185 0.03802083333333333 0.053703703703703705
1 0.9380208333333333 0.47175925925925927 0.09895833333333333 0.14351851851851852
1 0.68359375 0.6842592592592592 0.15364583333333334 0.24259259259259258
1 0.5296875 0.21157407407407408 0.041666666666666664 0.06018518518518518
1 0.3015625 0.2967592592592593 0.05520833333333333 0.075
1 0.3848958333333333 0.2708333333333333 0.05625 0.0787037037037037
1 0.9419270833333333 0.3384259259259259 0.07239583333333334 0.09351851851851851
1 0.48515625 0.17777777777777778 0.04010416666666667 0.06296296296296296
1 0.5541666666666667 0.47824074074074074 0.09791666666666667 0.15092592592592594
1 0.5723958333333333 0.3162037037037037 0.06875 0.11203703703703703
1 0.5703125 0.2300925925925926 0.04895833333333333 0.07685185185185185
1 0.3828125 0.16203703703703703 0.035416666666666666 0.04814814814814815
1 0.7122395833333334 0.19490740740740742 0.0421875 0.06018518518518518
1 0.9299479166666667 0.18981481481481483 0.04114583333333333 0.05185185185185185
1 0.8802083333333334 0.22546296296296298 0.04583333333333333 0.062037037037037036
1 0.90703125 0.27546296296296297 0.05572916666666667 0.0712962962962963
1 0.79453125 0.26296296296296295 0.05260416666666667 0.06481481481481481
1 0.7161458333333334 0.16064814814814815 0.03958333333333333 0.03981481481481482
1 0.85859375 0.2935185185185185 0.05677083333333333 0.05925925925925926
1 0.28072916666666664 0.27546296296296297 0.04583333333333333 0.07314814814814814
1 0.19869791666666667 0.1300925925925926 0.027604166666666666 0.04722222222222222
1 0.36223958333333334 0.08935185185185185 0.0234375 0.030555555555555555
1 0.44375 0.21296296296296297 0.04583333333333333 0.07407407407407407
1 0.5716145833333334 0.13564814814814816 0.0328125 0.041666666666666664
1 0.45651041666666664 0.24027777777777778 0.033854166666666664 0.06388888888888888
1 0.36953125 0.23194444444444445 0.0453125 0.0787037037037037
1 0.8440104166666667 0.1986111111111111 0.044270833333333336 0.03425925925925926
1 0.3580729166666667 0.14629629629629629 0.0328125 0.040740740740740744
1 0.2578125 0.19814814814814816 0.03333333333333333 0.053703703703703705
1 0.46458333333333335 0.15648148148148147 0.035416666666666666 0.044444444444444446
1 0.4895833333333333 0.11574074074074074 0.026041666666666668 0.02962962962962963
1 0.7466145833333333 0.20972222222222223 0.0484375 0.062037037037037036
1 0.34401041666666665 0.19953703703703704 0.0390625 0.06759259259259259
1 0.17109375 0.1925925925925926 0.0359375 0.053703703703703705
1 0.19140625 0.30694444444444446 0.058854166666666666 0.10277777777777777
1 0.8361979166666667 0.23981481481481481 0.05260416666666667 0.06481481481481481
1 0.24401041666666667 0.1638888888888889 0.043229166666666666 0.06851851851851852
1 0.63984375 0.1625 0.0390625 0.062037037037037036
1 0.7552083333333334 0.2412037037037037 0.04375 0.04722222222222222
1 0.8893229166666666 0.2013888888888889 0.043229166666666666 0.062037037037037036
1 0.27395833333333336 0.23842592592592593 0.05 0.06944444444444445
1 0.98671875 0.9675925925925926 0.025520833333333333 0.06296296296296296
1 0.309375 0.15324074074074073 0.0375 0.058333333333333334
1 0.9825520833333333 0.3111111111111111 0.033854166666666664 0.07407407407407407
1 0.5096354166666667 0.10648148148148148 0.024479166666666666 0.03888888888888889
1 0.17708333333333334 0.26666666666666666 0.052083333333333336 0.07407407407407407
1 0.4375 0.14166666666666666 0.034375 0.06296296296296296
1 0.5583333333333333 0.12314814814814815 0.025 0.03888888888888889
1 0.44088541666666664 0.07361111111111111 0.025520833333333333 0.03611111111111111
1 0.39791666666666664 0.06527777777777778 0.016666666666666666 0.025
1 0.17473958333333334 0.23564814814814813 0.05364583333333333 0.05648148148148148
1 0.6325520833333333 0.12777777777777777 0.033854166666666664 0.05185185185185185
1 0.8026041666666667 0.14305555555555555 0.0375 0.058333333333333334
1 0.7033854166666667 0.10833333333333334 0.025520833333333333 0.044444444444444446
1 0.2921875 0.13240740740740742 0.030208333333333334 0.05
1 0.58125 0.11805555555555555 0.022916666666666665 0.04351851851851852
1 0.5424479166666667 0.09398148148148149 0.030729166666666665 0.04722222222222222
1 0.22864583333333333 0.11203703703703703 0.028125 0.03518518518518519
1 0.7950520833333333 0.18101851851851852 0.0203125 0.04351851851851852
1 0.32421875 0.1837962962962963 0.0328125 0.06388888888888888
1 0.3528645833333333 0.0824074074074074 0.021354166666666667 0.03148148148148148
1 0.16953125 0.14444444444444443 0.0390625 0.037037037037037035
1 0.25286458333333334 0.07962962962962963 0.022395833333333334 0.03518518518518519
1 0.3020833333333333 0.09027777777777778 0.020833333333333332 0.030555555555555555
1 0.3299479166666667 0.10648148148148148 0.0296875 0.03888888888888889
1 0.4127604166666667 0.06851851851851852 0.0203125 0.025925925925925925
1 0.3333333333333333 0.07407407407407407 0.025 0.025925925925925925
1 0.35130208333333335 0.1259259259259259 0.03697916666666667 0.046296296296296294
1 0.6033854166666667 0.11944444444444445 0.03177083333333333 0.053703703703703705
1 0.4817708333333333 0.09074074074074075 0.03229166666666667 0.037037037037037035
1 0.43802083333333336 0.12361111111111112 0.03229166666666667 0.028703703703703703
1 0.284375 0.12129629629629629 0.023958333333333335 0.044444444444444446
1 0.5739583333333333 0.09212962962962963 0.021875 0.026851851851851852
1 0.49166666666666664 0.06898148148148148 0.01875 0.021296296296296296
1 0.6197916666666666 0.08657407407407407 0.023958333333333335 0.030555555555555555
1 0.16848958333333333 0.16527777777777777 0.033854166666666664 0.03981481481481482
1 0.4591145833333333 0.08564814814814815 0.0203125 0.026851851851851852
1 0.2526041666666667 0.13472222222222222 0.023958333333333335 0.03611111111111111
1 0.5244791666666667 0.0875 0.01875 0.03796296296296296
1 0.3106770833333333 0.10324074074074074 0.019270833333333334 0.03425925925925926
1 0.5341145833333333 0.13842592592592592 0.0328125 0.03611111111111111
1 0.9963541666666667 0.600925925925926 0.00625 0.10185185185185185