1 0.20703125 0.5199074074074074 0.1015625 0.13796296296296295
1 0.6143229166666667 0.5671296296296297 0.1046875 0.1527777777777778
1 0.7958333333333333 0.7842592592592592 0.14479166666666668 0.20185185185185187
1 0.44505208333333335 0.6675925925925926 0.1203125 0.16296296296296298
1 0.7247395833333333 0.47175925925925927 0.0828125 0.11944444444444445
1 0.5434895833333333 0.32083333333333336 0.0671875 0.08425925925925926
1 0.35104166666666664 0.4444444444444444 0.08333333333333333 0.1111111111111111
1 0.18828125 0.4300925925925926 0.0828125 0.10648148148148148
1 0.48489583333333336 0.25972222222222224 0.05416666666666667 0.06944444444444445
1 0.31354166666666666 0.9703703703703703 0.13854166666666667 0.05740740740740741
1 0.41484375 0.31342592592592594 0.0484375 0.08425925925925926
1 0.5533854166666666 0.5060185185185185 0.09322916666666667 0.125
1 0.6315104166666666 0.37777777777777777 0.08177083333333333 0.1259259259259259
1 0.76953125 0.5115740740740741 0.10989583333333333 0.14166666666666666
1 0.7122395833333334 0.3282407407407407 0.07135416666666666 0.11203703703703703
1 0.4471354166666667 0.2324074074074074 0.04635416666666667 0.06481481481481481
1 0.8572916666666667 0.6074074074074074 0.11770833333333333 0.16666666666666666
1 0.8328125 0.42592592592592593 0.0875 0.11481481481481481
1 0.18463541666666666 0.30185185185185187 0.0546875 0.07962962962962963
1 0.6010416666666667 0.2611111111111111 0.05416666666666667 0.08333333333333333
1 0.8739583333333333 0.2657407407407407 0.057291666666666664 0.07592592592592592
1 0.3111979166666667 0.32685185185185184 0.059895833333333336 0.08703703703703704
1 0.6692708333333334 0.20601851851851852 0.046875 0.04351851851851852
1 0.66484375 0.2912037037037037 0.06197916666666667 0.09351851851851851
1 0.5630208333333333 0.8875 0.15520833333333334 0.20462962962962963
1 0.4588541666666667 0.3398148148148148 0.06666666666666667 0.10740740740740741
1 0.43411458333333336 0.14305555555555555 0.0328125 0.04722222222222222
1 0.37552083333333336 0.24166666666666667 0.04791666666666667 0.08148148148148149
1 0.9651041666666667 0.5166666666666667 0.06875 0.16296296296296298
1 0.6223958333333334 0.17731481481481481 0.04375 0.049074074074074076
1 0.40286458333333336 0.18101851851851852 0.0328125 0.04722222222222222
1 0.7044270833333334 0.13518518518518519 0.03177083333333333 0.046296296296296294
1 0.019791666666666666 0.4740740740740741 0.03958333333333333 0.13333333333333333
1 0.40078125 0.2828703703703704 0.049479166666666664 0.075
1 0.34140625 0.37222222222222223 0.0671875 0.08888888888888889
1 0.6848958333333334 0.1574074074074074 0.034375 0.04814814814814815
1 0.34427083333333336 0.22453703703703703 0.0375 0.058333333333333334
1 0.7395833333333334 0.15185185185185185 0.03229166666666667 0.027777777777777776
1 0.421875 0.5828703703703704 0.11354166666666667 0.14722222222222223
1 0.95078125 0.19722222222222222 0.05260416666666667 0.07222222222222222
1 0.3453125 0.1912037037037037 0.041666666666666664 0.05092592592592592
1 0.3885416666666667 0.1111111111111111 0.03333333333333333 0.05185185185185185
1 0.303125 0.1537037037037037 0.03333333333333333 0.044444444444444446
1 0.3690104166666667 0.10324074074074074 0.015104166666666667 0.03425925925925926
1 0.48515625 0.1125 0.027604166666666666 0.032407407407407406
1 0.2794270833333333 0.25277777777777777 0.058854166666666666 0.09814814814814815
1 0.653125 0.11990740740740741 0.029166666666666667 0.03981481481481482
1 0.8841145833333334 0.2310185185185185 0.050520833333333334 0.06944444444444445
1 0.43307291666666664 0.20092592592592592 0.0453125 0.07037037037037037
1 0.86484375 0.2064814814814815 0.0578125 0.07222222222222222
1 0.6328125 0.16111111111111112 0.03333333333333333 0.05
1 0.228125 0.12314814814814815 0.03125 0.03888888888888889
1 0.3265625 0.18425925925925926 0.03229166666666667 0.06296296296296296
1 0.72734375 0.125 0.025520833333333333 0.037037037037037035
1 0.5239583333333333 0.4361111111111111 0.090625 0.14074074074074075
1 0.8057291666666667 0.2324074074074074 0.04583333333333333 0.07222222222222222
1 0.36744791666666665 0.1527777777777778 0.03177083333333333 0.044444444444444446
1 0.3458333333333333 0.12731481481481483 0.030208333333333334 0.04722222222222222
1 0.59609375 0.1648148148148148 0.027604166666666666 0.037037037037037035
1 0.66640625 0.10324074074074074 0.025520833333333333 0.04537037037037037
1 0.8205729166666667 0.18194444444444444 0.03697916666666667 0.058333333333333334
1 0.1609375 0.0875 0.026041666666666668 0.03611111111111111
1 0.50390625 0.10277777777777777 0.027604166666666666 0.046296296296296294
1 0.5880208333333333 0.10787037037037037 0.026041666666666668 0.032407407407407406
1 0.8895833333333333 0.1675925925925926 0.04895833333333333 0.07037037037037037
1 0.5677083333333334 0.1537037037037037 0.03125 0.03333333333333333
1 0.27630208333333334 0.10787037037037037 0.0328125 0.041666666666666664
1 0.17395833333333333 0.1337962962962963 0.03854166666666667 0.03611111111111111
1 0.3609375 0.08842592592592592 0.022916666666666665 0.032407407407407406
1 0.6231770833333333 0.12314814814814815 0.0234375 0.03148148148148148
1 0.5846354166666666 0.24027777777777778 0.05364583333333333 0.09166666666666666
1 0.32526041666666666 0.10833333333333334 0.028645833333333332 0.04814814814814815
1 0.3888020833333333 0.1712962962962963 0.0328125 0.05740740740740741
1 0.6348958333333333 0.13472222222222222 0.03229166666666667 0.041666666666666664
1 0.56171875 0.1 0.024479166666666666 0.024074074074074074
1 0.28671875 0.12638888888888888 0.034895833333333334 0.03425925925925926
1 0.4666666666666667 0.08981481481481482 0.023958333333333335 0.03148148148148148
1 0.1828125 0.08009259259259259 0.01875 0.025
1 0.98671875 0.2652777777777778 0.025520833333333333 0.07685185185185185
1 0.79453125 0.1824074074074074 0.018229166666666668 0.03888888888888889
1 0.34817708333333336 0.14444444444444443 0.025520833333333333 0.037037037037037035
1 0.5260416666666666 0.1361111111111111 0.021875 0.027777777777777776
1 0.60078125 0.13842592592592592 0.03177083333333333 0.028703703703703703
1 0.7455729166666667 0.20324074074074075 0.05364583333333333 0.08055555555555556
1 0.18411458333333333 0.26064814814814813 0.05260416666666667 0.058333333333333334
1 0.17552083333333332 0.15092592592592594 0.03854166666666667 0.03333333333333333
1 0.703125 0.1935185185185185 0.04895833333333333 0.06851851851851852
1 0.40182291666666664 0.07361111111111111 0.024479166666666666 0.026851851851851852
1 0.17291666666666666 0.2462962962962963 0.041666666666666664 0.06296296296296296
1 0.578125 0.1287037037037037 0.028125 0.03518518518518519
1 0.6380208333333334 0.09166666666666666 0.029166666666666667 0.03518518518518519
1 0.2557291666666667 0.1763888888888889 0.04375 0.05462962962962963
1 0.2453125 0.1425925925925926 0.04479166666666667 0.04259259259259259
1 0.17578125 0.20925925925925926 0.04739583333333333 0.046296296296296294
1 0.8458333333333333 0.1912037037037037 0.034375 0.05092592592592592
1 0.2703125 0.21388888888888888 0.05625 0.06851851851851852
1 0.4239583333333333 0.1310185185185185 0.029166666666666667 0.05092592592592592