2 0.7330729166666666 0.10555555555555556 0.0609375 0.12037037037037036
2 0.6638020833333333 0.09351851851851851 0.050520833333333334 0.10185185185185185
1 0.77890625 0.5203703703703704 0.10572916666666667 0.13518518518518519
1 0.95 0.6888888888888889 0.09895833333333333 0.18333333333333332
1 0.4791666666666667 0.4009259259259259 0.090625 0.13333333333333333
1 0.6333333333333333 0.5953703703703703 0.11979166666666667 0.1574074074074074
1 0.20807291666666666 0.3712962962962963 0.06302083333333333 0.09814814814814815
1 0.64609375 0.4050925925925926 0.0765625 0.11018518518518519
1 0.3658854166666667 0.5615740740740741 0.10260416666666666 0.14166666666666666
1 0.6973958333333333 0.45740740740740743 0.09166666666666666 0.13148148148148148
1 0.9731770833333333 0.5111111111111111 0.05260416666666667 0.14814814814814814
1 0.43307291666666664 0.3296296296296296 0.0609375 0.08703703703703704
1 0.58125 0.5111111111111111 0.10416666666666667 0.16296296296296298
1 0.41640625 0.6203703703703703 0.1203125 0.15185185185185185
1 0.3229166666666667 0.35555555555555557 0.06041666666666667 0.08148148148148149
1 0.4166666666666667 0.2 0.03854166666666667 0.05555555555555555
1 0.26510416666666664 0.9462962962962963 0.15520833333333334 0.10555555555555556
1 0.3078125 0.30925925925925923 0.058333333333333334 0.07962962962962963
1 0.49453125 0.18518518518518517 0.0421875 0.06481481481481481
1 0.9018229166666667 0.30972222222222223 0.0671875 0.0712962962962963
1 0.4940104166666667 0.26064814814814813 0.05572916666666667 0.07685185185185185
1 0.03515625 0.4875 0.0703125 0.13425925925925927
1 0.5434895833333333 0.2199074074074074 0.043229166666666666 0.062037037037037036
1 0.9450520833333333 0.1935185185185185 0.043229166666666666 0.053703703703703705
1 0.7401041666666667 0.7587962962962963 0.17083333333333334 0.2675925925925926
1 0.39557291666666666 0.2824074074074074 0.05572916666666667 0.07962962962962963
1 0.6927083333333334 0.18888888888888888 0.040625 0.05925925925925926
1 0.6388020833333333 0.18981481481481483 0.0390625 0.046296296296296294
1 0.9088541666666666 0.1824074074074074 0.03958333333333333 0.053703703703703705
1 0.5611979166666666 0.13148148148148148 0.03177083333333333 0.040740740740740744
1 0.59609375 0.3351851851851852 0.07135416666666666 0.11296296296296296
1 0.18645833333333334 0.3226851851851852 0.06145833333333333 0.10648148148148148
1 0.5328125 0.29259259259259257 0.05520833333333333 0.08518518518518518
1 0.17239583333333333 0.19814814814814816 0.0375 0.053703703703703705
1 0.7315104166666667 0.23333333333333334 0.0421875 0.05740740740740741
1 0.3888020833333333 0.16805555555555557 0.0359375 0.049074074074074076
1 0.2596354166666667 0.20416666666666666 0.03697916666666667 0.05648148148148148
1 0.9489583333333333 0.29444444444444445 0.058333333333333334 0.07407407407407407
1 0.4518229166666667 0.22037037037037038 0.0453125 0.07592592592592592
1 0.5848958333333333 0.24166666666666667 0.051041666666666666 0.08148148148148149
1 0.32890625 0.18981481481481483 0.033854166666666664 0.06296296296296296
1 0.4705729166666667 0.24953703703703703 0.04114583333333333 0.06759259259259259
1 0.8239583333333333 0.27870370370370373 0.05416666666666667 0.05740740740740741
1 0.9880208333333333 0.2726851851851852 0.022916666666666665 0.06759259259259259
1 0.3489583333333333 0.20601851851851852 0.03958333333333333 0.06759259259259259
1 0.7041666666666667 0.15555555555555556 0.034375 0.03888888888888889
1 0.8638020833333333 0.1935185185185185 0.04114583333333333 0.06111111111111111
1 0.81953125 0.19027777777777777 0.044270833333333336 0.03425925925925926
1 0.48151041666666666 0.1125 0.025520833333333333 0.028703703703703703
1 0.871875 0.262037037037037 0.053125 0.07222222222222222
1 0.5028645833333333 0.10277777777777777 0.024479166666666666 0.03518518518518519
1 0.7645833333333333 0.2490740740740741 0.052083333333333336 0.05925925925925926
1 0.19765625 0.13333333333333333 0.0265625 0.046296296296296294
1 0.24557291666666667 0.1685185185185185 0.0453125 0.07222222222222222
1 0.85390625 0.21574074074074073 0.044270833333333336 0.05925925925925926
1 0.6255208333333333 0.15648148148148147 0.0375 0.05925925925925926
1 0.33515625 0.07407407407407407 0.027604166666666666 0.03148148148148148
1 0.72734375 0.20277777777777778 0.044270833333333336 0.05740740740740741
1 0.47291666666666665 0.16574074074074074 0.034375 0.05
1 0.5221354166666666 0.1310185185185185 0.0265625 0.030555555555555555
1 0.44427083333333334 0.14351851851851852 0.034375 0.05740740740740741
1 0.40989583333333335 0.06851851851851852 0.019791666666666666 0.024074074074074074
1 0.7893229166666667 0.14074074074074075 0.03697916666666667 0.05740740740740741
1 0.17473958333333334 0.24259259259259258 0.0546875 0.05555555555555555
1 0.29348958333333336 0.13518518518518519 0.028645833333333332 0.05
1 0.22916666666666666 0.12361111111111112 0.03229166666666667 0.04722222222222222
1 0.3625 0.15138888888888888 0.03229166666666667 0.041666666666666664
1 0.8119791666666667 0.2351851851851852 0.04791666666666667 0.07407407407407407
1 0.38255208333333335 0.26666666666666666 0.04010416666666667 0.06851851851851852
1 0.3645833333333333 0.09351851851851851 0.025 0.03333333333333333
1 0.37421875 0.24027777777777778 0.049479166666666664 0.0787037037037037
1 0.16953125 0.1476851851851852 0.04010416666666667 0.03611111111111111
1 0.45703125 0.15462962962962962 0.0296875 0.05185185185185185
1 0.4359375 0.07361111111111111 0.026041666666666668 0.03796296296296296
1 0.5934895833333333 0.11574074074074074 0.03177083333333333 0.05
1 0.5713541666666667 0.11018518518518519 0.020833333333333332 0.03333333333333333
1 0.28515625 0.2861111111111111 0.04739583333333333 0.07592592592592592
1 0.621875 0.12314814814814815 0.03333333333333333 0.044444444444444446
1 0.7578125 0.16898148148148148 0.027083333333333334 0.03796296296296296
1 0.27578125 0.24814814814814815 0.0484375 0.07037037037037037
1 0.3567708333333333 0.0824074074074074 0.021875 0.025925925925925925
1 0.16953125 0.1685185185185185 0.0359375 0.040740740740740744
1 0.6111979166666667 0.08472222222222223 0.021354166666666667 0.028703703703703703
1 0.9848958333333333 0.3648148148148148 0.029166666666666667 0.10925925925925926
1 0.30442708333333335 0.09166666666666666 0.022395833333333334 0.03148148148148148
1 0.15442708333333333 0.1 0.033854166666666664 0.022222222222222223
1 0.19557291666666668 0.0837962962962963 0.024479166666666666 0.025
1 0.17786458333333333 0.27824074074074073 0.05572916666666667 0.07314814814814814
1 0.3125 0.15787037037037038 0.03854166666666667 0.06018518518518518
1 0.16744791666666667 0.0824074074074074 0.0328125 0.02962962962962963
1 0.3125 0.10555555555555556 0.017708333333333333 0.03518518518518519
1 0.271875 0.20833333333333334 0.035416666666666666 0.037037037037037035
1 0.5424479166666667 0.07222222222222222 0.018229166666666668 0.025925925925925925
1 0.4552083333333333 0.08333333333333333 0.020833333333333332 0.027777777777777776
1 0.44505208333333335 0.12731481481481483 0.03177083333333333 0.025
1 0.76015625 0.19953703703703704 0.022395833333333334 0.03981481481481482
1 0.15494791666666666 0.11388888888888889 0.033854166666666664 0.05
1 0.6955729166666667 0.10601851851851851 0.018229166666666668 0.04537037037037037
1 0.253125 0.08194444444444444 0.022916666666666665 0.03425925925925926
1 0.3333333333333333 0.10972222222222222 0.03229166666666667 0.03796296296296296
1 0.9703125 0.3486111111111111 0.04791666666666667 0.08611111111111111