2 0.9049479166666666 0.16203703703703703 0.08802083333333334 0.15185185185185185
2 0.5885416666666666 0.29907407407407405 0.08854166666666667 0.17407407407407408
2 0.82421875 0.09953703703703703 0.06197916666666667 0.09166666666666666
1 0.8419270833333333 0.5958333333333333 0.11614583333333334 0.14722222222222223
1 0.7158854166666667 0.6953703703703704 0.1328125 0.17407407407407408
1 0.8700520833333333 0.29907407407407405 0.06302083333333333 0.06666666666666667
1 0.58515625 0.5476851851851852 0.0953125 0.13425925925925927
1 0.5119791666666667 0.28935185185185186 0.05520833333333333 0.07314814814814814
1 0.20026041666666666 0.4615740740740741 0.0765625 0.09907407407407408
1 0.44296875 0.337037037037037 0.06197916666666667 0.08888888888888889
1 0.546875 0.48518518518518516 0.0875 0.11481481481481481
1 0.6578125 0.39675925925925926 0.09166666666666666 0.15092592592592594
1 0.859375 0.8759259259259259 0.17395833333333333 0.2462962962962963
1 0.32473958333333336 0.34629629629629627 0.06614583333333333 0.08703703703703704
1 0.9106770833333333 0.2671296296296296 0.0578125 0.0712962962962963
1 0.35598958333333336 0.47685185185185186 0.07239583333333334 0.11851851851851852
1 0.6736979166666667 0.18425925925925926 0.04114583333333333 0.05555555555555555
1 0.8309895833333333 0.24444444444444444 0.05260416666666667 0.07222222222222222
1 0.3846354166666667 0.5138888888888888 0.09322916666666667 0.15
1 0.5317708333333333 0.31805555555555554 0.035416666666666666 0.0787037037037037
1 0.7528645833333333 0.24537037037037038 0.05677083333333333 0.046296296296296294
1 0.26979166666666665 0.24814814814814815 0.05 0.06481481481481481
1 0.5213541666666667 0.20694444444444443 0.04479166666666667 0.06944444444444445
1 0.41692708333333334 0.3055555555555556 0.049479166666666664 0.07962962962962963
1 0.5692708333333333 0.13796296296296295 0.03125 0.03888888888888889
1 0.46927083333333336 0.2449074074074074 0.04479166666666667 0.06759259259259259
1 0.30807291666666664 0.3074074074074074 0.0703125 0.10925925925925926
1 0.9171875 0.4875 0.103125 0.1287037037037037
1 0.25390625 0.18611111111111112 0.0359375 0.05
1 0.19322916666666667 0.41435185185185186 0.07604166666666666 0.09722222222222222
1 0.6049479166666667 0.15 0.034895833333333334 0.05185185185185185
1 0.44114583333333335 0.2212962962962963 0.04479166666666667 0.06111111111111111
1 0.5502604166666667 0.22962962962962963 0.04010416666666667 0.06666666666666667
1 0.33177083333333335 0.19583333333333333 0.04479166666666667 0.06759259259259259
1 0.440625 0.07824074074074074 0.025 0.032407407407407406
1 0.39479166666666665 0.25833333333333336 0.05625 0.09814814814814815
1 0.18723958333333332 0.22870370370370371 0.0421875 0.06111111111111111
1 0.9494791666666667 0.2449074074074074 0.05416666666666667 0.08425925925925926
1 0.47630208333333335 0.9810185185185185 0.15572916666666667 0.03611111111111111
1 0.1875 0.14629629629629629 0.028125 0.040740740740740744
1 0.215625 0.1125 0.03125 0.05092592592592592
1 0.3294270833333333 0.12037037037037036 0.019270833333333334 0.03518518518518519
1 0.31640625 0.1763888888888889 0.030729166666666665 0.049074074074074076
1 0.73828125 0.15046296296296297 0.019270833333333334 0.04537037037037037
1 0.6588541666666666 0.17083333333333334 0.036458333333333336 0.05648148148148148
1 0.30104166666666665 0.1439814814814815 0.030208333333333334 0.05277777777777778
1 0.17578125 0.3537037037037037 0.058854166666666666 0.09444444444444444
1 0.18385416666666668 0.18703703703703703 0.040625 0.05185185185185185
1 0.39479166666666665 0.15833333333333333 0.035416666666666666 0.04259259259259259
1 0.284375 0.125 0.03125 0.046296296296296294
1 0.5078125 0.10787037037037037 0.015625 0.04351851851851852
1 0.25703125 0.09074074074074075 0.022395833333333334 0.037037037037037035
1 0.31979166666666664 0.1050925925925926 0.029166666666666667 0.032407407407407406
1 0.37057291666666664 0.1486111111111111 0.033854166666666664 0.049074074074074076
1 0.4078125 0.1259259259259259 0.041666666666666664 0.05
1 0.3484375 0.1287037037037037 0.029166666666666667 0.04814814814814815
1 0.6354166666666666 0.15833333333333333 0.036458333333333336 0.06296296296296296
1 0.24479166666666666 0.1685185185185185 0.041666666666666664 0.046296296296296294
1 0.9765625 0.17175925925925925 0.04583333333333333 0.03425925925925926
1 0.23072916666666668 0.12824074074074074 0.03125 0.03981481481481482
1 0.359375 0.24953703703703703 0.03125 0.06759259259259259
1 0.37838541666666664 0.10046296296296296 0.030729166666666665 0.041666666666666664
1 0.415625 0.0712962962962963 0.017708333333333333 0.027777777777777776
1 0.4666666666666667 0.08564814814814815 0.019791666666666666 0.03611111111111111
1 0.16770833333333332 0.12731481481481483 0.03229166666666667 0.03981481481481482
1 0.8419270833333333 0.17685185185185184 0.04635416666666667 0.06851851851851852
1 0.8075520833333333 0.1675925925925926 0.030729166666666665 0.037037037037037035
1 0.42109375 0.19444444444444445 0.03697916666666667 0.044444444444444446
1 0.9794270833333333 0.2263888888888889 0.04010416666666667 0.0824074074074074
1 0.38958333333333334 0.19444444444444445 0.034375 0.03148148148148148
1 0.48463541666666665 0.09444444444444444 0.0203125 0.040740740740740744
1 0.3138020833333333 0.15925925925925927 0.04010416666666667 0.046296296296296294
1 0.3578125 0.08472222222222223 0.023958333333333335 0.03611111111111111
1 0.7984375 0.16064814814814815 0.029166666666666667 0.05092592592592592
1 0.6625 0.12777777777777777 0.03333333333333333 0.037037037037037035
1 0.30390625 0.08611111111111111 0.03177083333333333 0.03333333333333333
1 0.5231770833333333 0.11666666666666667 0.0234375 0.044444444444444446
1 0.16953125 0.1597222222222222 0.04114583333333333 0.04722222222222222
1 0.3567708333333333 0.22407407407407406 0.052083333333333336 0.06666666666666667
1 0.6169270833333333 0.0875 0.030729166666666665 0.026851851851851852
1 0.49661458333333336 0.10324074074074074 0.021354166666666667 0.041666666666666664
1 0.9932291666666667 0.3300925925925926 0.0125 0.09537037037037037
1 0.81328125 0.22407407407407406 0.06197916666666667 0.08148148148148149
1 0.18125 0.3074074074074074 0.06875 0.10185185185185185