1 0.46770833333333334 0.725462962962963 0.12708333333333333 0.1638888888888889
1 0.68125 0.6439814814814815 0.11666666666666667 0.16203703703703703
1 0.08645833333333333 0.41944444444444445 0.08541666666666667 0.12407407407407407
1 0.40130208333333334 0.5685185185185185 0.1046875 0.13703703703703704
1 0.20364583333333333 0.45787037037037037 0.08854166666666667 0.11944444444444445
1 0.5614583333333333 0.49027777777777776 0.090625 0.13425925925925927
1 0.6619791666666667 0.4166666666666667 0.071875 0.10555555555555556
1 0.509375 0.4449074074074074 0.07916666666666666 0.10833333333333334
1 0.3375 0.39675925925925926 0.07291666666666667 0.09537037037037037
1 0.5125 0.2935185185185185 0.06145833333333333 0.07592592592592592
1 0.7588541666666667 0.37453703703703706 0.07708333333333334 0.10277777777777777
1 0.29661458333333335 0.29907407407407405 0.05364583333333333 0.07962962962962963
1 0.9171875 0.95 0.16458333333333333 0.09814814814814815
1 0.959375 0.7069444444444445 0.08020833333333334 0.2361111111111111
1 0.58671875 0.34074074074074073 0.07552083333333333 0.11296296296296296
1 0.78671875 0.5222222222222223 0.0984375 0.14629629629629629
1 0.6619791666666667 0.2949074074074074 0.06354166666666666 0.10092592592592593
1 0.46197916666666666 0.23981481481481481 0.05 0.06666666666666667
1 0.6979166666666666 0.449537037037037 0.09375 0.12685185185185185
1 0.3953125 0.28703703703703703 0.04583333333333333 0.07777777777777778
1 0.4203125 0.13194444444444445 0.03125 0.04351851851851852
1 0.42890625 0.21574074074074073 0.044270833333333336 0.06111111111111111
1 0.18463541666666666 0.3861111111111111 0.07447916666666667 0.09814814814814815
1 0.4322916666666667 0.3106481481481482 0.06145833333333333 0.09907407407407408
1 0.17421875 0.28055555555555556 0.049479166666666664 0.07037037037037037
1 0.49973958333333335 0.12222222222222222 0.0296875 0.03518518518518519
1 0.33645833333333336 0.20787037037037037 0.036458333333333336 0.05648148148148148
1 0.71015625 0.23287037037037037 0.050520833333333334 0.05648148148148148
1 0.61953125 0.2652777777777778 0.05572916666666667 0.08981481481481482
1 0.87890625 0.4398148148148148 0.09114583333333333 0.13703703703703704
1 0.7513020833333334 0.13240740740740742 0.025520833333333333 0.037037037037037035
1 0.37916666666666665 0.5046296296296297 0.09375 0.12962962962962962
1 0.7169270833333333 0.16944444444444445 0.03802083333333333 0.05185185185185185
1 0.2994791666666667 0.1425925925925926 0.03125 0.046296296296296294
1 0.32369791666666664 0.3388888888888889 0.0609375 0.08703703703703704
1 0.6580729166666667 0.1925925925925926 0.0453125 0.05555555555555555
1 0.4830729166666667 0.3875 0.07864583333333333 0.12129629629629629
1 0.38359375 0.262037037037037 0.0453125 0.07037037037037037
1 0.8325520833333333 0.2050925925925926 0.0328125 0.06388888888888888
1 0.41796875 0.18796296296296297 0.04114583333333333 0.06666666666666667
1 0.36302083333333335 0.225 0.04479166666666667 0.07592592592592592
1 0.26588541666666665 0.8342592592592593 0.15260416666666668 0.2111111111111111
1 0.9145833333333333 0.21157407407407408 0.042708333333333334 0.06388888888888888
1 0.37864583333333335 0.10277777777777777 0.030208333333333334 0.04814814814814815
1 0.6270833333333333 0.18009259259259258 0.03333333333333333 0.03981481481481482
1 0.4119791666666667 0.12175925925925926 0.028125 0.04722222222222222
1 0.865625 0.2550925925925926 0.05520833333333333 0.0824074074074074
1 0.5919270833333333 0.16666666666666666 0.034895833333333334 0.03518518518518519
1 0.94375 0.2490740740740741 0.06354166666666666 0.07407407407407407
1 0.39010416666666664 0.16898148148148148 0.03125 0.04537037037037037
1 0.5705729166666667 0.09166666666666666 0.0265625 0.03148148148148148
1 0.8583333333333333 0.18888888888888888 0.03333333333333333 0.05185185185185185
1 0.6747395833333333 0.12824074074074074 0.0296875 0.04537037037037037
1 0.66328125 0.1685185185185185 0.0359375 0.040740740740740744
1 0.1796875 0.24768518518518517 0.04791666666666667 0.06574074074074074
1 0.55 0.2199074074074074 0.05 0.0824074074074074
1 0.734375 0.1476851851851852 0.035416666666666666 0.05092592592592592
1 0.6588541666666666 0.1398148148148148 0.03333333333333333 0.037037037037037035
1 0.3372395833333333 0.17685185185185184 0.0390625 0.044444444444444446
1 0.884375 0.19907407407407407 0.036458333333333336 0.05185185185185185
1 0.47942708333333334 0.09583333333333334 0.025520833333333333 0.032407407407407406
1 0.3177083333333333 0.17175925925925925 0.030208333333333334 0.058333333333333334
1 0.26796875 0.23564814814814813 0.05677083333333333 0.09166666666666666
1 0.6072916666666667 0.1162037037037037 0.028125 0.03796296296296296
1 0.23359375 0.13472222222222222 0.028645833333333332 0.03611111111111111
1 0.9484375 0.29583333333333334 0.0625 0.0824074074074074
1 0.3390625 0.12037037037037036 0.028125 0.04259259259259259
1 0.2708333333333333 0.1037037037037037 0.03333333333333333 0.04259259259259259
1 0.9328125 0.1638888888888889 0.053125 0.04259259259259259
1 0.22421875 0.11990740740740741 0.030729166666666665 0.03611111111111111
1 0.3567708333333333 0.14212962962962963 0.029166666666666667 0.03796296296296296
1 0.5192708333333333 0.10740740740740741 0.026041666666666668 0.046296296296296294
1 0.571875 0.1527777777777778 0.030208333333333334 0.03518518518518519
1 0.31692708333333336 0.10138888888888889 0.025520833333333333 0.03796296296296296
1 0.4432291666666667 0.08518518518518518 0.023958333333333335 0.040740740740740744
1 0.28359375 0.12037037037037036 0.034895833333333334 0.03333333333333333
1 0.16328125 0.07685185185185185 0.0234375 0.020370370370370372
1 0.50390625 0.08287037037037037 0.022395833333333334 0.03981481481481482
1 0.6825520833333333 0.10740740740740741 0.027604166666666666 0.046296296296296294
1 0.73046875 0.11666666666666667 0.022395833333333334 0.016666666666666666
1 0.3606770833333333 0.09861111111111111 0.013020833333333334 0.032407407407407406
1 0.6286458333333333 0.15416666666666667 0.034375 0.03425925925925926
1 0.6463541666666667 0.12824074074074074 0.026041666666666668 0.025
1 0.5263020833333333 0.0625 0.021354166666666667 0.025
1 0.17161458333333332 0.14027777777777778 0.0359375 0.028703703703703703
1 0.24921875 0.16527777777777777 0.04114583333333333 0.05277777777777778
1 0.5622395833333333 0.12083333333333333 0.025520833333333333 0.026851851851851852
1 0.578125 0.10601851851851851 0.023958333333333335 0.026851851851851852
1 0.35078125 0.08333333333333333 0.0203125 0.03148148148148148
1 0.16588541666666667 0.16712962962962963 0.027604166666666666 0.03796296296296296
1 0.17994791666666668 0.19722222222222222 0.0390625 0.04259259259259259
1 0.7598958333333333 0.16435185185185186 0.022916666666666665 0.026851851851851852
1 0.478125 0.06481481481481481 0.021875 0.027777777777777776
1 0.38046875 0.15787037037037038 0.030729166666666665 0.05648148148148148
1 0.19036458333333334 0.07685185185185185 0.016145833333333335 0.022222222222222223
1 0.56640625 0.23842592592592593 0.049479166666666664 0.07685185185185185
1 0.6552083333333333 0.09768518518518518 0.028125 0.03981481481481482
1 0.79921875 0.2222222222222222 0.0578125 0.08888888888888889
1 0.21927083333333333 0.10324074074074074 0.028125 0.032407407407407406
1 0.16927083333333334 0.22083333333333333 0.03958333333333333 0.075
1 0.6028645833333334 0.1412037037037037 0.030729166666666665 0.04537037037037037
1 0.9924479166666667 0.2111111111111111 0.0140625 0.07407407407407407
1 0.7484375 0.2125 0.046875 0.07314814814814814
1 0.9510416666666667 0.22546296296296298 0.051041666666666666 0.07685185185185185
1 0.2643229166666667 0.19768518518518519 0.0609375 0.062037037037037036