2 0.7330729166666666 0.10787037037037037 0.058854166666666666 0.125
2 0.6635416666666667 0.09305555555555556 0.051041666666666666 0.10277777777777777
1 0.78203125 0.5222222222222223 0.10572916666666667 0.13518518518518519
1 0.9520833333333333 0.6907407407407408 0.09479166666666666 0.18888888888888888
1 0.63671875 0.5986111111111111 0.11822916666666666 0.15648148148148147
1 0.3640625 0.5643518518518519 0.10833333333333334 0.14166666666666666
1 0.64921875 0.4074074074074074 0.07864583333333333 0.1111111111111111
1 0.48020833333333335 0.4023148148148148 0.08958333333333333 0.13425925925925927
1 0.20833333333333334 0.3726851851851852 0.06354166666666666 0.09722222222222222
1 0.5833333333333334 0.5143518518518518 0.10520833333333333 0.16018518518518518
1 0.43411458333333336 0.33101851851851855 0.0609375 0.08796296296296297
1 0.3234375 0.3560185185185185 0.06145833333333333 0.0824074074074074
1 0.03333333333333333 0.48935185185185187 0.06666666666666667 0.13425925925925927
1 0.9747395833333333 0.5143518518518518 0.049479166666666664 0.15092592592592594
1 0.6997395833333333 0.4597222222222222 0.0921875 0.13240740740740742
1 0.2671875 0.9495370370370371 0.15416666666666667 0.09907407407407408
1 0.41744791666666664 0.625 0.12135416666666667 0.1537037037037037
1 0.41770833333333335 0.2 0.03958333333333333 0.05555555555555555
1 0.49505208333333334 0.18518518518518517 0.043229166666666666 0.06296296296296296
1 0.4947916666666667 0.262037037037037 0.05625 0.07592592592592592
1 0.30833333333333335 0.3101851851851852 0.058333333333333334 0.07962962962962963
1 0.74453125 0.7648148148148148 0.17239583333333333 0.26851851851851855
1 0.54453125 0.22037037037037038 0.044270833333333336 0.06296296296296296
1 0.89921875 0.30925925925925923 0.06614583333333333 0.07407407407407407
1 0.5979166666666667 0.337037037037037 0.07083333333333333 0.11481481481481481
1 0.6916666666666667 0.18796296296296297 0.040625 0.05740740740740741
1 0.94375 0.19305555555555556 0.042708333333333334 0.05277777777777778
1 0.5338541666666666 0.2935185185185185 0.05520833333333333 0.08518518518518518
1 0.5861979166666667 0.24259259259259258 0.050520833333333334 0.08148148148148149
1 0.3966145833333333 0.28379629629629627 0.05572916666666667 0.0787037037037037
1 0.9075520833333334 0.1824074074074074 0.0390625 0.053703703703703705
1 0.5609375 0.13194444444444445 0.03125 0.03981481481481482
1 0.6364583333333333 0.18935185185185185 0.040625 0.04722222222222222
1 0.7291666666666666 0.23287037037037037 0.042708333333333334 0.05648148148148148
1 0.25885416666666666 0.20462962962962963 0.035416666666666666 0.05740740740740741
1 0.86953125 0.25833333333333336 0.0515625 0.06481481481481481
1 0.45234375 0.22037037037037038 0.0453125 0.07592592592592592
1 0.3893229166666667 0.16805555555555557 0.0359375 0.049074074074074076
1 0.18619791666666666 0.3236111111111111 0.0609375 0.10833333333333334
1 0.9450520833333333 0.29305555555555557 0.05677083333333333 0.075
1 0.17265625 0.1986111111111111 0.03802083333333333 0.05462962962962963
1 0.7026041666666667 0.15555555555555556 0.034375 0.03888888888888889
1 0.98671875 0.2708333333333333 0.025520833333333333 0.06944444444444445
1 0.3296875 0.19074074074074074 0.034375 0.06296296296296296
1 0.19765625 0.1337962962962963 0.0265625 0.04537037037037037
1 0.7635416666666667 0.24722222222222223 0.052083333333333336 0.05740740740740741
1 0.8221354166666667 0.27824074074074073 0.05364583333333333 0.058333333333333334
1 0.5026041666666666 0.10277777777777777 0.023958333333333335 0.03518518518518519
1 0.28567708333333336 0.28703703703703703 0.04739583333333333 0.07592592592592592
1 0.48151041666666666 0.11296296296296296 0.025520833333333333 0.02962962962962963
1 0.4739583333333333 0.16435185185185186 0.034375 0.04722222222222222
1 0.8520833333333333 0.2152777777777778 0.04375 0.06018518518518518
1 0.7255208333333333 0.20277777777777778 0.04375 0.05740740740740741
1 0.33567708333333335 0.07407407407407407 0.0265625 0.02962962962962963
1 0.175 0.24351851851851852 0.05520833333333333 0.05555555555555555
1 0.81875 0.18981481481481483 0.041666666666666664 0.03333333333333333
1 0.4713541666666667 0.25092592592592594 0.040625 0.06851851851851852
1 0.8625 0.19305555555555556 0.040625 0.06018518518518518
1 0.6247395833333333 0.15416666666666667 0.03802083333333333 0.062037037037037036
1 0.36354166666666665 0.15185185185185185 0.03229166666666667 0.040740740740740744
1 0.40989583333333335 0.06759259259259259 0.019791666666666666 0.022222222222222223
1 0.7890625 0.14074074074074075 0.036458333333333336 0.05740740740740741
1 0.8109375 0.2337962962962963 0.04791666666666667 0.0712962962962963
1 0.5216145833333333 0.13148148148148148 0.027604166666666666 0.02962962962962963
1 0.44479166666666664 0.1449074074074074 0.03333333333333333 0.058333333333333334
1 0.29401041666666666 0.1361111111111111 0.028645833333333332 0.05
1 0.7578125 0.16944444444444445 0.028125 0.03888888888888889
1 0.3489583333333333 0.20694444444444443 0.03958333333333333 0.06759259259259259
1 0.17786458333333333 0.2791666666666667 0.0546875 0.07314814814814814
1 0.27630208333333334 0.24861111111111112 0.0484375 0.06944444444444445
1 0.4361979166666667 0.07314814814814814 0.025520833333333333 0.037037037037037035
1 0.5705729166666667 0.11018518518518519 0.022395833333333334 0.03518518518518519
1 0.30390625 0.0912037037037037 0.021354166666666667 0.032407407407407406
1 0.5927083333333333 0.1162037037037037 0.03229166666666667 0.05092592592592592
1 0.9643229166666667 0.3337962962962963 0.044270833333333336 0.058333333333333334
1 0.621875 0.12222222222222222 0.03229166666666667 0.04259259259259259
1 0.45703125 0.1550925925925926 0.030729166666666665 0.05092592592592592
1 0.253125 0.08194444444444444 0.022916666666666665 0.03425925925925926
1 0.24947916666666667 0.18055555555555555 0.04895833333333333 0.04814814814814815
1 0.6096354166666667 0.08425925925925926 0.021354166666666667 0.02962962962962963
1 0.1546875 0.10138888888888889 0.034375 0.025
1 0.5424479166666667 0.07361111111111111 0.018229166666666668 0.026851851851851852
1 0.38307291666666665 0.2675925925925926 0.04114583333333333 0.06851851851851852
1 0.31197916666666664 0.10555555555555556 0.016666666666666666 0.03333333333333333
1 0.3729166666666667 0.2412037037037037 0.046875 0.08055555555555556
1 0.19635416666666666 0.08333333333333333 0.025 0.025925925925925925
1 0.3328125 0.1087962962962963 0.03125 0.03796296296296296
1 0.6294270833333333 0.09351851851851851 0.022395833333333334 0.02962962962962963
1 0.76875 0.12407407407407407 0.016666666666666666 0.04259259259259259
1 0.31276041666666665 0.15925925925925927 0.03802083333333333 0.05925925925925926
1 0.9822916666666667 0.3592592592592593 0.034375 0.11481481481481481
1 0.22890625 0.1300925925925926 0.03177083333333333 0.03796296296296296
1 0.24427083333333333 0.14722222222222223 0.04479166666666667 0.03148148148148148
1 0.16901041666666666 0.16018518518518518 0.04114583333333333 0.05925925925925926
1 0.15546875 0.11435185185185186 0.033854166666666664 0.049074074074074076
1 0.7596354166666667 0.2 0.024479166666666666 0.03888888888888889
1 0.27291666666666664 0.21203703703703702 0.03958333333333333 0.04259259259259259
1 0.3651041666666667 0.09490740740740741 0.023958333333333335 0.030555555555555555