1 0.39140625 0.5347222222222222 0.09635416666666667 0.12314814814814815
1 0.94453125 0.6638888888888889 0.10989583333333333 0.17962962962962964
1 0.659375 0.6796296296296296 0.14791666666666667 0.22407407407407406
1 0.21510416666666668 0.5814814814814815 0.10833333333333334 0.14629629629629629
1 0.9385416666666667 0.924537037037037 0.121875 0.14907407407407408
1 0.48463541666666665 0.39166666666666666 0.0734375 0.10740740740740741
1 0.1875 0.37222222222222223 0.07395833333333333 0.09814814814814815
1 0.5549479166666667 0.4828703703703704 0.0890625 0.12314814814814815
1 0.3614583333333333 0.44027777777777777 0.07916666666666666 0.10833333333333334
1 0.4708333333333333 0.2523148148148148 0.053125 0.06574074074074074
1 0.6049479166666667 0.3611111111111111 0.07552083333333333 0.1
1 0.5734375 0.33935185185185185 0.058333333333333334 0.08796296296296297
1 0.33619791666666665 0.3990740740740741 0.06927083333333334 0.10185185185185185
1 0.4515625 0.36064814814814816 0.05520833333333333 0.08981481481481482
1 0.5893229166666667 0.24583333333333332 0.05364583333333333 0.08425925925925926
1 0.815625 0.15231481481481482 0.030208333333333334 0.04351851851851852
1 0.7888020833333333 0.5092592592592593 0.1046875 0.16666666666666666
1 0.8166666666666667 0.2777777777777778 0.057291666666666664 0.05185185185185185
1 0.42916666666666664 0.20972222222222223 0.04375 0.05648148148148148
1 0.1703125 0.24722222222222223 0.042708333333333334 0.06111111111111111
1 0.18802083333333333 0.3074074074074074 0.053125 0.05185185185185185
1 0.665625 0.412962962962963 0.07916666666666666 0.11481481481481481
1 0.65390625 0.3037037037037037 0.06302083333333333 0.08333333333333333
1 0.5239583333333333 0.2861111111111111 0.0625 0.0962962962962963
1 0.30963541666666666 0.32546296296296295 0.06197916666666667 0.08981481481481482
1 0.27265625 0.25833333333333336 0.0421875 0.07037037037037037
1 0.7356770833333334 0.34305555555555556 0.07135416666666666 0.11018518518518519
1 0.73671875 0.2324074074074074 0.05677083333333333 0.06296296296296296
1 0.40286458333333336 0.2638888888888889 0.050520833333333334 0.08703703703703704
1 0.5526041666666667 0.22361111111111112 0.04479166666666667 0.075
1 0.7875 0.13564814814814816 0.028125 0.026851851851851852
1 0.6502604166666667 0.2 0.0390625 0.04259259259259259
1 0.3572916666666667 0.2273148148148148 0.040625 0.062037037037037036
1 0.72890625 0.1476851851851852 0.030729166666666665 0.04722222222222222
1 0.3223958333333333 0.18564814814814815 0.03229166666666667 0.05277777777777778
1 0.5184895833333333 0.20277777777777778 0.04114583333333333 0.06481481481481481
1 0.36640625 0.24722222222222223 0.0390625 0.06666666666666667
1 0.4309895833333333 0.3194444444444444 0.06614583333333333 0.10185185185185185
1 0.39817708333333335 0.11666666666666667 0.0296875 0.040740740740740744
1 0.2565104166666667 0.20833333333333334 0.05364583333333333 0.08333333333333333
1 0.34401041666666665 0.1986111111111111 0.04010416666666667 0.06944444444444445
1 0.40130208333333334 0.18981481481481483 0.03802083333333333 0.05740740740740741
1 0.7002604166666667 0.21481481481481482 0.043229166666666666 0.046296296296296294
1 0.3606770833333333 0.08981481481481482 0.033854166666666664 0.040740740740740744
1 0.7359375 0.19166666666666668 0.03854166666666667 0.02962962962962963
1 0.6184895833333334 0.1814814814814815 0.033854166666666664 0.040740740740740744
1 0.29192708333333334 0.13055555555555556 0.0265625 0.04259259259259259
1 0.8307291666666666 0.20787037037037037 0.04895833333333333 0.06018518518518518
1 0.16380208333333332 0.3435185185185185 0.05364583333333333 0.10185185185185185
1 0.1828125 0.21944444444444444 0.03958333333333333 0.06111111111111111
1 0.371875 0.15046296296296297 0.025 0.03981481481481482
1 0.696875 0.18888888888888888 0.041666666666666664 0.05185185185185185
1 0.3888020833333333 0.10648148148148148 0.0265625 0.03888888888888889
1 0.23854166666666668 0.1527777777777778 0.0375 0.05555555555555555
1 0.5375 0.1412037037037037 0.03229166666666667 0.03425925925925926
1 0.26171875 0.09490740740740741 0.0296875 0.03981481481481482
1 0.6135416666666667 0.11944444444444445 0.029166666666666667 0.02962962962962963
1 0.65078125 0.1361111111111111 0.03177083333333333 0.044444444444444446
1 0.6481770833333333 0.15833333333333333 0.033854166666666664 0.04259259259259259
1 0.7130208333333333 0.16111111111111112 0.035416666666666666 0.037037037037037035
1 0.5049479166666667 0.10555555555555556 0.027604166666666666 0.03518518518518519
1 0.8002604166666667 0.19537037037037036 0.0296875 0.05185185185185185
1 0.7158854166666667 0.11435185185185186 0.0328125 0.041666666666666664
1 0.43723958333333335 0.09212962962962963 0.024479166666666666 0.026851851851851852
1 0.596875 0.16527777777777777 0.034375 0.03981481481481482
1 0.21770833333333334 0.08101851851851852 0.025 0.026851851851851852
1 0.8669270833333333 0.25833333333333336 0.05364583333333333 0.08518518518518518
1 0.69609375 0.15046296296296297 0.03177083333333333 0.032407407407407406
1 0.3390625 0.075 0.019791666666666666 0.02962962962962963
1 0.3265625 0.10925925925925926 0.026041666666666668 0.03888888888888889
1 0.3651041666666667 0.13472222222222222 0.029166666666666667 0.03796296296296296
1 0.6229166666666667 0.1476851851851852 0.025 0.028703703703703703
1 0.46119791666666665 0.08981481481481482 0.025520833333333333 0.03518518518518519
1 0.68828125 0.11527777777777778 0.03177083333333333 0.03796296296296296
1 0.3455729166666667 0.12731481481481483 0.025520833333333333 0.03796296296296296
1 0.39765625 0.1648148148148148 0.0390625 0.05740740740740741
1 0.3203125 0.16574074074074074 0.03854166666666667 0.05925925925925926
1 0.9223958333333333 0.2740740740740741 0.071875 0.10740740740740741
1 0.6197916666666666 0.1037037037037037 0.026041666666666668 0.037037037037037035
1 0.16875 0.0824074074074074 0.028125 0.025925925925925925
1 0.5052083333333334 0.18796296296296297 0.04479166666666667 0.07407407407407407
1 0.5572916666666666 0.10324074074074074 0.023958333333333335 0.03981481481481482
1 0.4890625 0.09583333333333334 0.025 0.04351851851851852
1 0.16875 0.20462962962962963 0.035416666666666666 0.046296296296296294
1 0.30052083333333335 0.2861111111111111 0.053125 0.07592592592592592
1 0.18333333333333332 0.17546296296296296 0.03125 0.03981481481481482
1 0.575 0.08842592592592592 0.017708333333333333 0.041666666666666664
1 0.16875 0.17546296296296296 0.03333333333333333 0.026851851851851852
1 0.30442708333333335 0.15231481481481482 0.028645833333333332 0.05462962962962963
1 0.5333333333333333 0.09490740740740741 0.023958333333333335 0.04351851851851852
1 0.5549479166666667 0.12268518518518519 0.0203125 0.049074074074074076
1 0.40989583333333335 0.0699074074074074 0.01875 0.025
1 0.7885416666666667 0.16157407407407406 0.036458333333333336 0.032407407407407406
1 0.9315104166666667 0.24768518518518517 0.0671875 0.07685185185185185
1 0.9390625 0.20694444444444443 0.051041666666666666 0.041666666666666664
1 0.008333333333333333 0.5157407407407407 0.016666666666666666 0.12222222222222222
1 0.23359375 0.12824074074074074 0.033854166666666664 0.03611111111111111
1 0.16640625 0.12638888888888888 0.04114583333333333 0.05092592592592592
1 0.9903645833333333 0.32175925925925924 0.018229166666666668 0.08611111111111111
1 0.9807291666666667 0.23333333333333334 0.036458333333333336 0.06296296296296296
1 0.6010416666666667 0.1425925925925926 0.030208333333333334 0.03888888888888889