2 0.9239583333333333 0.1597222222222222 0.08854166666666667 0.16944444444444445
2 0.7903645833333334 0.1287037037037037 0.0640625 0.12962962962962962
2 0.7911458333333333 0.46805555555555556 0.1375 0.2657407407407407
1 0.6640625 0.4162037037037037 0.08229166666666667 0.10462962962962963
1 0.17552083333333332 0.6458333333333334 0.11354166666666667 0.1361111111111111
1 0.22552083333333334 0.7384259259259259 0.12083333333333333 0.1675925925925926
1 0.5348958333333333 0.8717592592592592 0.15416666666666667 0.21388888888888888
1 0.3953125 0.5254629629629629 0.096875 0.13240740740740742
1 0.5682291666666667 0.5120370370370371 0.1 0.13518518518518519
1 0.5213541666666667 0.29398148148148145 0.06041666666666667 0.0787037037037037
1 0.57265625 0.3375 0.06302083333333333 0.08981481481481482
1 0.6638020833333333 0.937962962962963 0.1953125 0.12222222222222222
1 0.7052083333333333 0.48055555555555557 0.046875 0.12222222222222222
1 0.30703125 0.33611111111111114 0.06510416666666667 0.08333333333333333
1 0.6513020833333333 0.3175925925925926 0.06302083333333333 0.08888888888888889
1 0.603125 0.17407407407407408 0.0375 0.04259259259259259
1 0.36223958333333334 0.2953703703703704 0.0546875 0.07407407407407407
1 0.5440104166666667 0.45231481481481484 0.0796875 0.1175925925925926
1 0.19322916666666667 0.29907407407407405 0.05520833333333333 0.07592592592592592
1 0.3640625 0.45555555555555555 0.1 0.16111111111111112
1 0.578125 0.14027777777777778 0.03333333333333333 0.04537037037037037
1 0.6205729166666667 0.27685185185185185 0.058854166666666666 0.08148148148148149
1 0.9411458333333333 0.6842592592592592 0.11666666666666667 0.25555555555555554
1 0.7036458333333333 0.1925925925925926 0.040625 0.05555555555555555
1 0.446875 0.3611111111111111 0.08020833333333334 0.12962962962962962
1 0.9528645833333333 0.3296296296296296 0.0671875 0.09259259259259259
1 0.19739583333333333 0.5282407407407408 0.08958333333333333 0.13796296296296295
1 0.7973958333333333 0.2300925925925926 0.053125 0.08425925925925926
1 0.92109375 0.2833333333333333 0.058854166666666666 0.08333333333333333
1 0.18932291666666667 0.44074074074074077 0.08385416666666666 0.12407407407407407
1 0.9333333333333333 0.9324074074074075 0.13229166666666667 0.13333333333333333
1 0.49583333333333335 0.2712962962962963 0.04791666666666667 0.08333333333333333
1 0.35234375 0.2222222222222222 0.03802083333333333 0.06111111111111111
1 0.26875 0.23472222222222222 0.04479166666666667 0.058333333333333334
1 0.4734375 0.25787037037037036 0.04375 0.075
1 0.41510416666666666 0.13055555555555556 0.03229166666666667 0.04259259259259259
1 0.43984375 0.14953703703703702 0.027604166666666666 0.04351851851851852
1 0.40651041666666665 0.1814814814814815 0.0421875 0.05740740740740741
1 0.34348958333333335 0.125 0.0296875 0.037037037037037035
1 0.62109375 0.12268518518518519 0.034895833333333334 0.05648148148148148
1 0.18880208333333334 0.24351851851851852 0.044270833333333336 0.06666666666666667
1 0.25286458333333334 0.1814814814814815 0.043229166666666666 0.05185185185185185
1 0.69140625 0.15185185185185185 0.0296875 0.02962962962962963
1 0.45989583333333334 0.08657407407407407 0.026041666666666668 0.03611111111111111
1 0.21041666666666667 0.10555555555555556 0.022916666666666665 0.044444444444444446
1 0.42135416666666664 0.20324074074074075 0.035416666666666666 0.06018518518518518
1 0.4127604166666667 0.3037037037037037 0.059895833333333336 0.09814814814814815
1 0.30078125 0.14814814814814814 0.034895833333333334 0.06111111111111111
1 0.2677083333333333 0.10694444444444444 0.025 0.041666666666666664
1 0.50625 0.10925925925925926 0.027083333333333334 0.03333333333333333
1 0.23854166666666668 0.15138888888888888 0.029166666666666667 0.04537037037037037
1 0.6453125 0.11712962962962963 0.020833333333333332 0.03981481481481482
1 0.44635416666666666 0.21712962962962962 0.04583333333333333 0.07685185185185185
1 0.37161458333333336 0.15648148148148147 0.03697916666666667 0.053703703703703705
1 0.66640625 0.20324074074074075 0.04114583333333333 0.04537037037037037
1 0.8697916666666666 0.16620370370370371 0.030208333333333334 0.06018518518518518
1 0.28359375 0.12037037037037036 0.028645833333333332 0.04814814814814815
1 0.3453125 0.19953703703703704 0.040625 0.06018518518518518
1 0.5630208333333333 0.1310185185185185 0.030208333333333334 0.04722222222222222
1 0.4083333333333333 0.06666666666666667 0.021875 0.024074074074074074
1 0.6833333333333333 0.12222222222222222 0.028125 0.03148148148148148
1 0.3776041666666667 0.2375 0.05625 0.062037037037037036
1 0.6598958333333333 0.16805555555555557 0.035416666666666666 0.06759259259259259
1 0.41875 0.33101851851851855 0.05416666666666667 0.08981481481481482
1 0.3875 0.10648148148148148 0.028125 0.04814814814814815
1 0.44427083333333334 0.0763888888888889 0.020833333333333332 0.032407407407407406
1 0.48411458333333335 0.09490740740740741 0.030729166666666665 0.04537037037037037
1 0.3255208333333333 0.175 0.035416666666666666 0.06111111111111111
1 0.22942708333333334 0.13055555555555556 0.0328125 0.05740740740740741
1 0.17994791666666668 0.22592592592592592 0.043229166666666666 0.05925925925925926
1 0.734375 0.16342592592592592 0.036458333333333336 0.06018518518518518
1 0.33203125 0.07268518518518519 0.021354166666666667 0.026851851851851852
1 0.6130208333333333 0.09675925925925925 0.020833333333333332 0.030555555555555555
1 0.32708333333333334 0.1162037037037037 0.022916666666666665 0.032407407407407406
1 0.9619791666666667 0.18935185185185185 0.013541666666666667 0.06944444444444445
1 0.35703125 0.1449074074074074 0.0296875 0.03796296296296296
1 0.90625 0.23703703703703705 0.05416666666666667 0.06851851851851852
1 0.40234375 0.12175925925925926 0.0296875 0.05092592592592592
1 0.32135416666666666 0.1037037037037037 0.029166666666666667 0.03888888888888889
1 0.16796875 0.1537037037037037 0.033854166666666664 0.044444444444444446
1 0.5690104166666666 0.075 0.0265625 0.025925925925925925
1 0.58984375 0.11203703703703703 0.030729166666666665 0.05
1 0.6958333333333333 0.12962962962962962 0.022916666666666665 0.027777777777777776
1 0.675 0.17222222222222222 0.03333333333333333 0.040740740740740744
1 0.7671875 0.1814814814814815 0.05 0.06666666666666667
1 0.26484375 0.20879629629629629 0.04114583333333333 0.04722222222222222
1 0.45989583333333334 0.1625 0.036458333333333336 0.05648148148148148
1 0.16953125 0.1884259259259259 0.034895833333333334 0.06574074074074074
1 0.8544270833333333 0.15601851851851853 0.034895833333333334 0.062037037037037036
1 0.9799479166666667 0.31296296296296294 0.0390625 0.07407407407407407
1 0.72109375 0.13425925925925927 0.034895833333333334 0.04814814814814815
1 0.8026041666666667 0.16712962962962963 0.036458333333333336 0.05277777777777778