2 0.7638020833333333 0.12222222222222222 0.06614583333333333 0.12222222222222222
2 0.87265625 0.537962962962963 0.15989583333333332 0.3037037037037037
2 0.88125 0.14907407407407408 0.07395833333333333 0.15925925925925927
1 0.18333333333333332 0.7430555555555556 0.13333333333333333 0.15833333333333333
1 0.7182291666666667 0.4685185185185185 0.09270833333333334 0.11296296296296296
1 0.25546875 0.862037037037037 0.1421875 0.19074074074074074
1 0.62265625 0.586574074074074 0.1140625 0.15092592592592594
1 0.7015625 0.35 0.06875 0.09444444444444444
1 0.77578125 0.5449074074074074 0.050520833333333334 0.13796296296296295
1 0.6135416666666667 0.3726851851851852 0.07083333333333333 0.09907407407407408
1 0.3216145833333333 0.36527777777777776 0.06927083333333334 0.09166666666666666
1 0.3455729166666667 0.32546296296296295 0.0640625 0.0824074074074074
1 0.1921875 0.32407407407407407 0.059375 0.07962962962962963
1 0.5455729166666666 0.3189814814814815 0.06510416666666667 0.08425925925925926
1 0.9197916666666667 0.29074074074074074 0.06458333333333334 0.07962962962962963
1 0.42526041666666664 0.5995370370370371 0.10885416666666667 0.14907407407407408
1 0.5890625 0.5125 0.08854166666666667 0.13240740740740742
1 0.38515625 0.512962962962963 0.12239583333333333 0.17777777777777778
1 0.67421875 0.18101851851851852 0.04010416666666667 0.05092592592592592
1 0.27760416666666665 0.2513888888888889 0.04583333333333333 0.062037037037037036
1 0.84921875 0.2898148148148148 0.0640625 0.06851851851851852
1 0.5619791666666667 0.13194444444444445 0.03229166666666667 0.04351851851851852
1 0.42473958333333334 0.32685185185185184 0.058854166666666666 0.1037037037037037
1 0.47890625 0.17546296296296296 0.03802083333333333 0.06018518518518518
1 0.6411458333333333 0.9773148148148149 0.1375 0.04351851851851852
1 0.39401041666666664 0.26944444444444443 0.0609375 0.09074074074074075
1 0.6302083333333334 0.18796296296296297 0.041666666666666664 0.040740740740740744
1 0.49375 0.27824074074074073 0.046875 0.075
1 0.6622395833333333 0.3023148148148148 0.0640625 0.08981481481481482
1 0.2109375 0.5967592592592592 0.1 0.1527777777777778
1 0.7580729166666667 0.2152777777777778 0.04635416666666667 0.07685185185185185
1 0.51796875 0.29398148148148145 0.05364583333333333 0.08611111111111111
1 0.46979166666666666 0.4 0.090625 0.1425925925925926
1 0.19479166666666667 0.49537037037037035 0.09166666666666666 0.1425925925925926
1 0.8572916666666667 0.22083333333333333 0.05 0.06574074074074074
1 0.41692708333333334 0.19305555555555556 0.044270833333333336 0.06018518518518518
1 0.36484375 0.2375 0.0390625 0.06388888888888888
1 0.98125 0.2587962962962963 0.036458333333333336 0.09351851851851851
1 0.25729166666666664 0.1912037037037037 0.04583333333333333 0.05648148148148148
1 0.4361979166666667 0.2152777777777778 0.0390625 0.06388888888888888
1 0.4239583333333333 0.13796296296296295 0.034375 0.04814814814814815
1 0.45859375 0.2337962962962963 0.0484375 0.0824074074074074
1 0.19166666666666668 0.2587962962962963 0.046875 0.07314814814814814
1 0.45286458333333335 0.16111111111111112 0.028645833333333332 0.046296296296296294
1 0.7328125 0.17083333333333334 0.03854166666666667 0.062037037037037036
1 0.26927083333333335 0.22962962962962963 0.04479166666666667 0.06111111111111111
1 0.17161458333333332 0.1597222222222222 0.033854166666666664 0.04351851851851852
1 0.24583333333333332 0.16064814814814815 0.036458333333333336 0.04537037037037037
1 0.4127604166666667 0.12777777777777777 0.030729166666666665 0.05185185185185185
1 0.35052083333333334 0.13333333333333333 0.028125 0.03888888888888889
1 0.47630208333333335 0.09259259259259259 0.0296875 0.04259259259259259
1 0.27395833333333336 0.11203703703703703 0.028125 0.044444444444444446
1 0.38385416666666666 0.16712962962962963 0.0375 0.05648148148148148
1 0.984375 0.3800925925925926 0.030208333333333334 0.08981481481481482
1 0.365625 0.15462962962962962 0.030208333333333334 0.040740740740740744
1 0.16692708333333334 0.09212962962962963 0.0296875 0.030555555555555555
1 0.3536458333333333 0.2111111111111111 0.040625 0.06481481481481481
1 0.6049479166666667 0.11805555555555555 0.03802083333333333 0.05462962962962963
1 0.39609375 0.1125 0.028645833333333332 0.05092592592592592
1 0.66640625 0.1425925925925926 0.0296875 0.02962962962962963
1 0.49609375 0.10324074074074074 0.025520833333333333 0.032407407407407406
1 0.3372395833333333 0.07546296296296297 0.022395833333333334 0.030555555555555555
1 0.5807291666666666 0.1625 0.03333333333333333 0.03796296296296296
1 0.8375 0.1597222222222222 0.01875 0.05648148148148148
1 0.2911458333333333 0.12731481481481483 0.030208333333333334 0.049074074074074076
1 0.9234375 0.17916666666666667 0.022916666666666665 0.06759259259259259
1 0.30963541666666666 0.15925925925925927 0.033854166666666664 0.05740740740740741
1 0.33203125 0.1865740740740741 0.03802083333333333 0.06388888888888888
1 0.70625 0.15324074074074073 0.035416666666666666 0.058333333333333334
1 0.23463541666666668 0.1449074074074074 0.04010416666666667 0.04351851851851852
1 0.6346354166666667 0.14814814814814814 0.033854166666666664 0.04814814814814815
1 0.5768229166666666 0.10555555555555556 0.028645833333333332 0.04259259259259259
1 0.6661458333333333 0.11574074074074074 0.022916666666666665 0.02962962962962963
1 0.18072916666666666 0.24074074074074073 0.04375 0.05925925925925926
1 0.64765625 0.10925925925925926 0.025520833333333333 0.037037037037037035
1 0.8307291666666666 0.15 0.03333333333333333 0.06111111111111111
1 0.8755208333333333 0.2569444444444444 0.05 0.06759259259259259
1 0.6520833333333333 0.1638888888888889 0.034375 0.046296296296296294
1 0.40234375 0.06666666666666667 0.022395833333333334 0.022222222222222223
1 0.5986979166666667 0.09074074074074075 0.022395833333333334 0.024074074074074074
1 0.3346354166666667 0.12222222222222222 0.024479166666666666 0.03333333333333333
1 0.7018229166666666 0.12824074074074074 0.034895833333333334 0.04351851851851852
1 0.5223958333333333 0.11157407407407408 0.023958333333333335 0.04351851851851852
1 0.3377604166666667 0.2050925925925926 0.022395833333333334 0.05462962962962963
1 0.21302083333333333 0.09305555555555556 0.023958333333333335 0.025
1 0.6786458333333333 0.12824074074074074 0.019791666666666666 0.03796296296296296
1 0.16901041666666666 0.13703703703703704 0.03177083333333333 0.03333333333333333
1 0.453125 0.08564814814814815 0.022916666666666665 0.030555555555555555
1 0.5559895833333334 0.08935185185185185 0.022395833333333334 0.030555555555555555
1 0.32447916666666665 0.1087962962962963 0.03333333333333333 0.041666666666666664
1 0.17734375 0.2 0.0484375 0.06481481481481481
1 0.4421875 0.3611111111111111 0.059375 0.09814814814814815
1 0.2234375 0.12037037037037036 0.05 0.02962962962962963
1 0.3020833333333333 0.14953703703703702 0.030208333333333334 0.05277777777777778