2 0.72265625 0.10555555555555556 0.0578125 0.12222222222222222
2 0.65703125 0.09166666666666666 0.049479166666666664 0.09814814814814815
1 0.34713541666666664 0.6074074074074074 0.11614583333333334 0.15185185185185185
1 0.8203125 0.5560185185185185 0.11354166666666667 0.14537037037037037
1 0.6671875 0.6412037037037037 0.12916666666666668 0.1675925925925926
1 0.49375 0.42268518518518516 0.09479166666666666 0.14351851851851852
1 0.6755208333333333 0.4273148148148148 0.08854166666666667 0.11574074074074074
1 0.8033854166666666 0.837037037037037 0.1921875 0.3
1 0.33046875 0.37175925925925923 0.06510416666666667 0.08611111111111111
1 0.20677083333333332 0.38981481481481484 0.06666666666666667 0.10185185185185185
1 0.60625 0.5444444444444444 0.10729166666666666 0.17037037037037037
1 0.43385416666666665 0.6694444444444444 0.12708333333333333 0.16296296296296298
1 0.7299479166666667 0.48564814814814816 0.09739583333333333 0.13796296296296295
1 0.9854166666666667 0.7625 0.028125 0.18611111111111112
1 0.5984375 0.25046296296296294 0.052083333333333336 0.08425925925925926
1 0.50390625 0.2708333333333333 0.058854166666666666 0.08055555555555556
1 0.4440104166666667 0.34305555555555556 0.06302083333333333 0.08981481481481482
1 0.5049479166666667 0.19166666666666668 0.043229166666666666 0.06481481481481481
1 0.3138020833333333 0.3226851851851852 0.0609375 0.0824074074074074
1 0.9252604166666667 0.18888888888888888 0.0421875 0.05185185185185185
1 0.6166666666666667 0.35138888888888886 0.07395833333333333 0.1175925925925926
1 0.5424479166666667 0.3050925925925926 0.05677083333333333 0.08796296296296297
1 0.014583333333333334 0.5175925925925926 0.029166666666666667 0.13148148148148148
1 0.42473958333333334 0.20601851851851852 0.0390625 0.058333333333333334
1 0.6231770833333333 0.18287037037037038 0.03802083333333333 0.04351851851851852
1 0.39479166666666665 0.1736111111111111 0.036458333333333336 0.05092592592592592
1 0.4046875 0.29305555555555557 0.057291666666666664 0.0824074074074074
1 0.8919270833333334 0.17824074074074073 0.03802083333333333 0.05092592592592592
1 0.4583333333333333 0.22777777777777777 0.051041666666666666 0.07777777777777778
1 0.8690104166666667 0.2953703703703704 0.0609375 0.06851851851851852
1 0.35494791666666664 0.21203703703703702 0.04114583333333333 0.07037037037037037
1 0.48046875 0.2569444444444444 0.0421875 0.0712962962962963
1 0.178125 0.337037037037037 0.065625 0.11296296296296296
1 0.7966145833333333 0.2652777777777778 0.0515625 0.05462962962962963
1 0.2911458333333333 0.2967592592592593 0.05 0.0787037037037037
1 0.6791666666666667 0.1824074074074074 0.03958333333333333 0.05555555555555555
1 0.7403645833333333 0.2375 0.049479166666666664 0.05277777777777778
1 0.9138020833333333 0.2796296296296296 0.0546875 0.07222222222222222
1 0.690625 0.15046296296296297 0.034375 0.041666666666666664
1 0.97109375 0.25925925925925924 0.05677083333333333 0.06481481481481481
1 0.1953125 0.13564814814814816 0.027083333333333334 0.04722222222222222
1 0.55625 0.12777777777777777 0.022916666666666665 0.03888888888888889
1 0.7114583333333333 0.19444444444444445 0.04583333333333333 0.05185185185185185
1 0.26197916666666665 0.20972222222222223 0.03958333333333333 0.05648148148148148
1 0.8458333333333333 0.1875 0.03854166666666667 0.05648148148148148
1 0.28072916666666664 0.25462962962962965 0.052083333333333336 0.07407407407407407
1 0.44947916666666665 0.1476851851851852 0.035416666666666666 0.058333333333333334
1 0.8338541666666667 0.19907407407407407 0.040625 0.03888888888888889
1 0.3333333333333333 0.1962962962962963 0.035416666666666666 0.06296296296296296
1 0.33828125 0.07453703703703704 0.0265625 0.032407407407407406
1 0.17291666666666666 0.20324074074074075 0.03854166666666667 0.05277777777777778
1 0.36822916666666666 0.15601851851851853 0.036458333333333336 0.041666666666666664
1 0.3151041666666667 0.16296296296296298 0.040625 0.05925925925925926
1 0.8432291666666667 0.2513888888888889 0.05 0.0712962962962963
1 0.3885416666666667 0.27685185185185185 0.041666666666666664 0.07037037037037037
1 0.48072916666666665 0.16898148148148148 0.0375 0.04722222222222222
1 0.4973958333333333 0.1 0.025 0.03333333333333333
1 0.803125 0.17962962962962964 0.034375 0.025925925925925925
1 0.7096354166666666 0.2199074074074074 0.04114583333333333 0.04537037037037037
1 0.4078125 0.06759259259259259 0.021875 0.022222222222222223
1 0.5171875 0.12916666666666668 0.03125 0.03425925925925926
1 0.17421875 0.2518518518518518 0.05677083333333333 0.05925925925925926
1 0.4622395833333333 0.16111111111111112 0.03177083333333333 0.053703703703703705
1 0.29583333333333334 0.1375 0.03229166666666667 0.05092592592592592
1 0.37786458333333334 0.2490740740740741 0.04739583333333333 0.08333333333333333
1 0.5546875 0.22916666666666666 0.04375 0.06388888888888888
1 0.9234375 0.31805555555555554 0.040625 0.05277777777777778
1 0.4739583333333333 0.11342592592592593 0.027083333333333334 0.03425925925925926
1 0.7463541666666667 0.16574074074074074 0.0375 0.040740740740740744
1 0.1765625 0.2773148148148148 0.05625 0.05462962962962963
1 0.9630208333333333 0.3472222222222222 0.07291666666666667 0.1111111111111111
1 0.23072916666666668 0.1259259259259259 0.03229166666666667 0.04814814814814815
1 0.3640625 0.09259259259259259 0.03229166666666667 0.040740740740740744
1 0.25390625 0.08333333333333333 0.024479166666666666 0.03518518518518519
1 0.5854166666666667 0.11388888888888889 0.03125 0.05185185185185185
1 0.7794270833333333 0.13703703703703704 0.0359375 0.05555555555555555
1 0.27682291666666664 0.1125 0.027604166666666666 0.03981481481481482
1 0.4356770833333333 0.06944444444444445 0.018229166666666668 0.02962962962962963
1 0.5627604166666667 0.10833333333333334 0.021354166666666667 0.03518518518518519
1 0.1671875 0.16435185185185186 0.041666666666666664 0.06018518518518518
1 0.33567708333333335 0.1111111111111111 0.034895833333333334 0.03888888888888889
1 0.45234375 0.07962962962962963 0.021354166666666667 0.03333333333333333
1 0.30546875 0.09398148148148149 0.021354166666666667 0.030555555555555555
1 0.26640625 0.09861111111111111 0.0265625 0.03981481481481482
1 0.7502604166666667 0.20277777777777778 0.04010416666666667 0.06666666666666667
1 0.24635416666666668 0.17314814814814813 0.04583333333333333 0.07037037037037037
1 0.16927083333333334 0.08287037037037037 0.035416666666666666 0.030555555555555555
1 0.3606770833333333 0.13564814814814816 0.03802083333333333 0.049074074074074076
1 0.5627604166666667 0.08796296296296297 0.022395833333333334 0.027777777777777776
1 0.6140625 0.15138888888888888 0.036458333333333336 0.06018518518518518
1 0.15442708333333333 0.10092592592592593 0.03177083333333333 0.024074074074074074
1 0.6140625 0.11990740740740741 0.034375 0.04351851851851852
1 0.8057291666666667 0.22037037037037038 0.040625 0.06111111111111111
1 0.15625 0.12407407407407407 0.03125 0.037037037037037035
1 0.19895833333333332 0.08333333333333333 0.022916666666666665 0.025925925925925925
1 0.2557291666666667 0.14212962962962963 0.029166666666666667 0.03611111111111111