2 0.9463541666666667 0.6314814814814815 0.10625 0.3537037037037037
2 0.8403645833333333 0.1398148148148148 0.0765625 0.15185185185185185
1 0.7838541666666666 0.5324074074074074 0.10416666666666667 0.12777777777777777
1 0.22057291666666667 0.8699074074074075 0.15364583333333334 0.18796296296296297
1 0.76171875 0.3861111111111111 0.0765625 0.10555555555555556
1 0.3059895833333333 0.9564814814814815 0.1609375 0.08518518518518518
1 0.6942708333333333 0.6796296296296296 0.13020833333333334 0.17592592592592593
1 0.4666666666666667 0.6953703703703704 0.128125 0.17407407407407408
1 0.575 0.3490740740740741 0.071875 0.09444444444444444
1 0.6565104166666667 0.4134259259259259 0.07864583333333333 0.11018518518518519
1 0.18619791666666666 0.3486111111111111 0.0640625 0.08981481481481482
1 0.8669270833333333 0.624537037037037 0.07239583333333334 0.15833333333333333
1 0.8697916666666666 0.2671296296296296 0.059375 0.07314814814814814
1 0.7161458333333334 0.33287037037037037 0.07291666666666667 0.10277777777777777
1 0.6447916666666667 0.586574074074074 0.10104166666666667 0.14907407407407408
1 0.4125 0.5879629629629629 0.140625 0.2074074074074074
1 0.928125 0.3375 0.07291666666666667 0.08611111111111111
1 0.40859375 0.2902777777777778 0.0640625 0.09907407407407408
1 0.6028645833333334 0.175 0.0390625 0.03888888888888889
1 0.5145833333333333 0.29907407407407405 0.05 0.08333333333333333
1 0.2859375 0.2671296296296296 0.04791666666666667 0.06574074074074074
1 0.47109375 0.39351851851851855 0.06614583333333333 0.1037037037037037
1 0.7815104166666667 0.25925925925925924 0.0578125 0.05740740740740741
1 0.45026041666666666 0.35462962962962963 0.06614583333333333 0.11296296296296296
1 0.6471354166666666 0.16944444444444445 0.03802083333333333 0.046296296296296294
1 0.19635416666666666 0.27546296296296297 0.04895833333333333 0.0712962962962963
1 0.7283854166666667 0.20046296296296295 0.04635416666666667 0.07685185185185185
1 0.5442708333333334 0.3175925925925926 0.065625 0.09074074074074075
1 0.46875 0.17037037037037037 0.03229166666666667 0.046296296296296294
1 0.23125 0.6861111111111111 0.1125 0.17592592592592593
1 0.3776041666666667 0.2518518518518518 0.042708333333333334 0.06851851851851852
1 0.4747395833333333 0.2513888888888889 0.05260416666666667 0.08796296296296297
1 0.3736979166666667 0.16296296296296298 0.030729166666666665 0.04814814814814815
1 0.5036458333333333 0.44537037037037036 0.1 0.15925925925925927
1 0.49895833333333334 0.18611111111111112 0.040625 0.06296296296296296
1 0.5565104166666667 0.15 0.0296875 0.03518518518518519
1 0.36015625 0.22314814814814815 0.04114583333333333 0.06481481481481481
1 0.4356770833333333 0.14722222222222223 0.0359375 0.05
1 0.9854166666666667 0.37407407407407406 0.028125 0.0962962962962963
1 0.20390625 0.5763888888888888 0.09322916666666667 0.18796296296296297
1 0.95625 0.2916666666666667 0.06458333333333334 0.08518518518518518
1 0.35703125 0.13842592592592592 0.03177083333333333 0.04351851851851852
1 0.3377604166666667 0.4009259259259259 0.07447916666666667 0.10185185185185185
1 0.88828125 0.1685185185185185 0.03177083333333333 0.06666666666666667
1 0.2484375 0.1675925925925926 0.036458333333333336 0.05
1 0.17239583333333333 0.16342592592592592 0.034375 0.03796296296296296
1 0.46770833333333334 0.08703703703703704 0.028125 0.040740740740740744
1 0.30625 0.15648148148148147 0.03125 0.05740740740740741
1 0.23333333333333334 0.1425925925925926 0.03854166666666667 0.06111111111111111
1 0.4513020833333333 0.22870370370370371 0.0390625 0.06666666666666667
1 0.4 0.1787037037037037 0.03958333333333333 0.06296296296296296
1 0.27890625 0.11527777777777778 0.028645833333333332 0.04537037037037037
1 0.26067708333333334 0.20277777777777778 0.049479166666666664 0.05740740740740741
1 0.4283854166666667 0.20555555555555555 0.049479166666666664 0.06296296296296296
1 0.70390625 0.16157407407407406 0.03802083333333333 0.06018518518518518
1 0.4856770833333333 0.10046296296296296 0.025520833333333333 0.032407407407407406
1 0.40625 0.11898148148148148 0.03125 0.05462962962962963
1 0.5533854166666666 0.11898148148148148 0.018229166666666668 0.030555555555555555
1 0.2755208333333333 0.24212962962962964 0.04375 0.062037037037037036
1 0.34479166666666666 0.21574074074074073 0.025 0.05740740740740741
1 0.3380208333333333 0.19675925925925927 0.03854166666666667 0.06759259259259259
1 0.8278645833333333 0.2388888888888889 0.04739583333333333 0.06481481481481481
1 0.3184895833333333 0.16805555555555557 0.034895833333333334 0.058333333333333334
1 0.5622395833333333 0.1 0.0265625 0.040740740740740744
1 0.8158854166666667 0.20416666666666666 0.04739583333333333 0.058333333333333334
1 0.5872395833333334 0.11018518518518519 0.033854166666666664 0.05185185185185185
1 0.5109375 0.10833333333333334 0.022916666666666665 0.040740740740740744
1 0.9309895833333334 0.23981481481481481 0.05677083333333333 0.08148148148148149
1 0.33515625 0.34953703703703703 0.07239583333333334 0.07314814814814814
1 0.6432291666666666 0.13425925925925927 0.026041666666666668 0.027777777777777776
1 0.34375 0.07731481481481481 0.023958333333333335 0.032407407407407406
1 0.33984375 0.12638888888888888 0.0265625 0.03611111111111111
1 0.16666666666666666 0.0912037037037037 0.029166666666666667 0.026851851851851852
1 0.6205729166666667 0.10925925925925926 0.0234375 0.03333333333333333
1 0.653125 0.10555555555555556 0.03125 0.03333333333333333
1 0.678125 0.14351851851851852 0.03333333333333333 0.05555555555555555
1 0.4239583333333333 0.1300925925925926 0.030208333333333334 0.03981481481481482
1 0.18489583333333334 0.2550925925925926 0.04791666666666667 0.06388888888888888
1 0.16979166666666667 0.1412037037037037 0.03125 0.032407407407407406
1 0.659375 0.12407407407407407 0.017708333333333333 0.040740740740740744
1 0.5236979166666667 0.11342592592592593 0.0203125 0.04722222222222222
1 0.6966145833333334 0.11342592592592593 0.0203125 0.03425925925925926
1 0.18541666666666667 0.22037037037037038 0.04791666666666667 0.04259259259259259
1 0.17604166666666668 0.20972222222222223 0.04895833333333333 0.06944444444444445
1 0.29583333333333334 0.13333333333333333 0.03229166666666667 0.05185185185185185
1 0.8010416666666667 0.1425925925925926 0.01875 0.05555555555555555
1 0.20911458333333333 0.11574074074074074 0.0265625 0.040740740740740744
1 0.6098958333333333 0.13657407407407407 0.03333333333333333 0.041666666666666664
1 0.7513020833333334 0.14814814814814814 0.0390625 0.04814814814814815
1 0.9880208333333333 0.2638888888888889 0.022916666666666665 0.06666666666666667
1 0.628125 0.1527777777777778 0.028125 0.04259259259259259
1 0.26927083333333335 0.22685185185185186 0.041666666666666664 0.06296296296296296