2 0.8651041666666667 0.14814814814814814 0.08229166666666667 0.13333333333333333
2 0.7955729166666666 0.09444444444444444 0.058854166666666666 0.09074074074074075
1 0.8674479166666667 0.8689814814814815 0.16927083333333334 0.21944444444444444
1 0.546875 0.31574074074074077 0.0625 0.08148148148148149
1 0.3424479166666667 0.38287037037037036 0.0734375 0.09722222222222222
1 0.6153645833333333 0.5634259259259259 0.10260416666666666 0.13055555555555556
1 0.20286458333333332 0.512962962962963 0.08489583333333334 0.11481481481481481
1 0.7177083333333333 0.4486111111111111 0.103125 0.1675925925925926
1 0.46875 0.3712962962962963 0.07083333333333333 0.09814814814814815
1 0.65703125 0.6504629629629629 0.1140625 0.16018518518518518
1 0.48984375 0.26481481481481484 0.049479166666666664 0.07222222222222222
1 0.5455729166666666 0.22361111111111112 0.049479166666666664 0.07314814814814814
1 0.38307291666666665 0.5430555555555555 0.08489583333333334 0.1361111111111111
1 0.9557291666666666 0.7231481481481481 0.0875 0.17592592592592593
1 0.8333333333333334 0.24259259259259258 0.04895833333333333 0.06481481481481481
1 0.8049479166666667 0.2689814814814815 0.05677083333333333 0.06574074074074074
1 0.5799479166666667 0.24537037037037038 0.049479166666666664 0.06296296296296296
1 0.44869791666666664 0.3351851851851852 0.0578125 0.08888888888888889
1 0.6440104166666667 0.17175925925925925 0.0390625 0.05277777777777778
1 0.18776041666666668 0.2439814814814815 0.04739583333333333 0.0712962962962963
1 0.19140625 0.4634259259259259 0.08489583333333334 0.10277777777777777
1 0.94609375 0.29305555555555557 0.06927083333333334 0.10277777777777777
1 0.27369791666666665 0.26851851851851855 0.05260416666666667 0.06851851851851852
1 0.46067708333333335 0.2361111111111111 0.0484375 0.06296296296296296
1 0.3416666666666667 0.20879629629629629 0.04895833333333333 0.07314814814814814
1 0.6986979166666667 0.2310185185185185 0.0515625 0.06018518518518518
1 0.32473958333333336 0.33611111111111114 0.0765625 0.12037037037037036
1 0.259375 0.19768518518518519 0.0375 0.05277777777777778
1 0.5674479166666667 0.3509259259259259 0.033854166666666664 0.09074074074074075
1 0.628125 0.1587962962962963 0.035416666666666666 0.05277777777777778
1 0.9854166666666667 0.2023148148148148 0.028125 0.0787037037037037
1 0.9572916666666667 0.19305555555555556 0.04479166666666667 0.06759259259259259
1 0.5809895833333333 0.14212962962962963 0.0328125 0.049074074074074076
1 0.88828125 0.225 0.05572916666666667 0.07962962962962963
1 0.17864583333333334 0.3907407407407407 0.06458333333333334 0.10555555555555556
1 0.37890625 0.15601851851851853 0.034895833333333334 0.05092592592592592
1 0.22265625 0.11805555555555555 0.03802083333333333 0.049074074074074076
1 0.2515625 0.17777777777777778 0.04375 0.046296296296296294
1 0.4122395833333333 0.28055555555555556 0.0609375 0.10555555555555556
1 0.2591145833333333 0.09444444444444444 0.022395833333333334 0.03518518518518519
1 0.3528645833333333 0.24166666666666667 0.0296875 0.06666666666666667
1 0.7770833333333333 0.22777777777777777 0.046875 0.05925925925925926
1 0.23307291666666666 0.13425925925925927 0.03177083333333333 0.03888888888888889
1 0.61796875 0.10462962962962963 0.024479166666666666 0.025925925925925925
1 0.7106770833333333 0.14166666666666666 0.021354166666666667 0.04259259259259259
1 0.18515625 0.2 0.0390625 0.05185185185185185
1 0.7578125 0.15 0.036458333333333336 0.044444444444444446
1 0.765625 0.2074074074074074 0.06354166666666666 0.07777777777777778
1 0.32265625 0.11018518518518519 0.030729166666666665 0.03148148148148148
1 0.30859375 0.1537037037037037 0.03177083333333333 0.05555555555555555
1 0.16822916666666668 0.08101851851851852 0.028125 0.025
1 0.24375 0.15925925925925927 0.0375 0.04814814814814815
1 0.37864583333333335 0.26805555555555555 0.03229166666666667 0.07314814814814814
1 0.36484375 0.09166666666666666 0.025520833333333333 0.044444444444444446
1 0.3484375 0.13240740740740742 0.042708333333333334 0.046296296296296294
1 0.6408854166666667 0.12361111111111112 0.0296875 0.03981481481481482
1 0.6036458333333333 0.08564814814814815 0.029166666666666667 0.028703703703703703
1 0.43984375 0.1962962962962963 0.03177083333333333 0.025925925925925925
1 0.6111979166666667 0.14305555555555555 0.033854166666666664 0.06574074074074074
1 0.8049479166666667 0.1685185185185185 0.04010416666666667 0.06666666666666667
1 0.16744791666666667 0.13148148148148148 0.033854166666666664 0.040740740740740744
1 0.6260416666666667 0.3587962962962963 0.08854166666666667 0.14351851851851852
1 0.40859375 0.17824074074074073 0.0390625 0.062037037037037036
1 0.28932291666666665 0.1310185185185185 0.030729166666666665 0.049074074074074076
1 0.934375 0.18009259259259258 0.042708333333333334 0.06759259259259259
1 0.6841145833333333 0.14907407407407408 0.04114583333333333 0.06481481481481481
1 0.4322916666666667 0.07546296296296297 0.01875 0.030555555555555555
1 0.41822916666666665 0.21064814814814814 0.03958333333333333 0.03981481481481482
1 0.5140625 0.10925925925925926 0.03333333333333333 0.04814814814814815
1 0.19296875 0.3375 0.059895833333333336 0.11018518518518519
1 0.27395833333333336 0.10740740740740741 0.028125 0.040740740740740744
1 0.3065104166666667 0.09166666666666666 0.0359375 0.03518518518518519
1 0.6619791666666667 0.10648148148148148 0.023958333333333335 0.024074074074074074
1 0.31875 0.06898148148148148 0.021875 0.019444444444444445
1 0.41640625 0.6018518518518519 0.11197916666666667 0.17407407407407408
1 0.5544270833333333 0.12824074074074074 0.019270833333333334 0.03796296296296296
1 0.171875 0.16944444444444445 0.04583333333333333 0.044444444444444446
1 0.41901041666666666 0.1361111111111111 0.044270833333333336 0.05555555555555555
1 0.88828125 0.19398148148148148 0.05572916666666667 0.05092592592592592
1 0.384375 0.17453703703703705 0.023958333333333335 0.05092592592592592
1 0.38515625 0.10648148148148148 0.0296875 0.046296296296296294
1 0.38046875 0.24722222222222223 0.043229166666666666 0.07592592592592592
1 0.32083333333333336 0.16805555555555557 0.04479166666666667 0.049074074074074076
1 0.421875 0.22824074074074074 0.04791666666666667 0.075