1 0.21145833333333333 0.6550925925925926 0.13125 0.16944444444444445
1 0.49296875 0.7518518518518519 0.14322916666666666 0.19074074074074074
1 0.5958333333333333 0.37037037037037035 0.075 0.0962962962962963
1 0.7348958333333333 0.7263888888888889 0.1375 0.1935185185185185
1 0.19583333333333333 0.5148148148148148 0.096875 0.1259259259259259
1 0.5778645833333333 0.8935185185185185 0.1609375 0.2111111111111111
1 0.38125 0.537962962962963 0.09895833333333333 0.13518518518518519
1 0.9 0.2796296296296296 0.057291666666666664 0.07407407407407407
1 0.8528645833333334 0.5791666666666667 0.11510416666666666 0.14722222222222223
1 0.7114583333333333 0.4513888888888889 0.096875 0.1527777777777778
1 0.4479166666666667 0.3587962962962963 0.057291666666666664 0.09351851851851851
1 0.8044270833333333 0.3921296296296296 0.08697916666666666 0.13055555555555556
1 0.17578125 0.34305555555555556 0.058854166666666666 0.08425925925925926
1 0.521875 0.2935185185185185 0.06041666666666667 0.07962962962962963
1 0.32760416666666664 0.375 0.06875 0.09814814814814815
1 0.4986979166666667 0.39537037037037037 0.07760416666666667 0.1259259259259259
1 0.6653645833333334 0.30277777777777776 0.06197916666666667 0.09444444444444444
1 0.37161458333333336 0.4393518518518518 0.07864583333333333 0.11203703703703703
1 0.9213541666666667 0.6425925925925926 0.140625 0.17777777777777778
1 0.4278645833333333 0.32083333333333336 0.05677083333333333 0.08425925925925926
1 0.9875 0.8171296296296297 0.023958333333333335 0.16018518518518518
1 0.6505208333333333 0.6314814814814815 0.12604166666666666 0.15555555555555556
1 0.74765625 0.34444444444444444 0.0796875 0.11296296296296296
1 0.7841145833333333 0.22870370370370371 0.0484375 0.06666666666666667
1 0.3997395833333333 0.26851851851851855 0.05260416666666667 0.09074074074074075
1 0.40729166666666666 0.12175925925925926 0.035416666666666666 0.05648148148148148
1 0.8971354166666666 0.22962962962962963 0.05364583333333333 0.07222222222222222
1 0.3111979166666667 0.16666666666666666 0.0390625 0.05185185185185185
1 0.4588541666666667 0.1587962962962963 0.035416666666666666 0.049074074074074076
1 0.9588541666666667 0.5277777777777778 0.08125 0.14444444444444443
1 0.2903645833333333 0.2814814814814815 0.06510416666666667 0.10740740740740741
1 0.3854166666666667 0.11296296296296296 0.017708333333333333 0.03518518518518519
1 0.7315104166666667 0.2023148148148148 0.0453125 0.06388888888888888
1 0.4744791666666667 0.25925925925925924 0.051041666666666666 0.06851851851851852
1 0.36380208333333336 0.2490740740740741 0.03802083333333333 0.06296296296296296
1 0.353125 0.13796296296296295 0.030208333333333334 0.04814814814814815
1 0.425 0.1986111111111111 0.035416666666666666 0.05092592592592592
1 0.18854166666666666 0.2953703703703704 0.05416666666666667 0.07777777777777778
1 0.8666666666666667 0.17962962962962964 0.046875 0.06666666666666667
1 0.728125 0.1675925925925926 0.041666666666666664 0.05
1 0.61328125 0.18009259259259258 0.0390625 0.03796296296296296
1 0.23645833333333333 0.15324074074074073 0.029166666666666667 0.04351851851851852
1 0.37161458333333336 0.09675925925925925 0.021354166666666667 0.03611111111111111
1 0.9450520833333333 0.1875 0.044270833333333336 0.06759259259259259
1 0.45598958333333334 0.2212962962962963 0.050520833333333334 0.07777777777777778
1 0.18463541666666666 0.15787037037037038 0.04114583333333333 0.06388888888888888
1 0.3846354166666667 0.16805555555555557 0.034895833333333334 0.04722222222222222
1 0.5559895833333334 0.14675925925925926 0.0265625 0.03425925925925926
1 0.3338541666666667 0.11898148148148148 0.029166666666666667 0.049074074074074076
1 0.81484375 0.20462962962962963 0.0421875 0.06296296296296296
1 0.58046875 0.15555555555555556 0.03697916666666667 0.044444444444444446
1 0.64375 0.27685185185185185 0.06145833333333333 0.1037037037037037
1 0.28177083333333336 0.11574074074074074 0.03333333333333333 0.05
1 0.5984375 0.11944444444444445 0.035416666666666666 0.044444444444444446
1 0.36640625 0.16018518518518518 0.0296875 0.03888888888888889
1 0.5276041666666667 0.13472222222222222 0.017708333333333333 0.025
1 0.33932291666666664 0.20185185185185187 0.033854166666666664 0.06666666666666667
1 0.59375 0.14166666666666666 0.030208333333333334 0.03888888888888889
1 0.3380208333333333 0.07314814814814814 0.020833333333333332 0.027777777777777776
1 0.6958333333333333 0.11666666666666667 0.028125 0.03518518518518519
1 0.26484375 0.1912037037037037 0.04114583333333333 0.05092592592592592
1 0.359375 0.2199074074074074 0.04583333333333333 0.075
1 0.6036458333333333 0.5333333333333333 0.10520833333333333 0.1685185185185185
1 0.65 0.17037037037037037 0.022916666666666665 0.05925925925925926
1 0.7036458333333333 0.1398148148148148 0.03333333333333333 0.04259259259259259
1 0.17317708333333334 0.10231481481481482 0.022395833333333334 0.023148148148148147
1 0.23203125 0.13148148148148148 0.03177083333333333 0.037037037037037035
1 0.465625 0.1037037037037037 0.023958333333333335 0.02962962962962963
1 0.16302083333333334 0.1375 0.023958333333333335 0.03981481481481482
1 0.25416666666666665 0.18796296296296297 0.03854166666666667 0.07037037037037037
1 0.5203125 0.12731481481481483 0.028125 0.030555555555555555
1 0.2794270833333333 0.1476851851851852 0.033854166666666664 0.04351851851851852
1 0.45078125 0.08287037037037037 0.0234375 0.026851851851851852
1 0.4986979166666667 0.1175925925925926 0.018229166666666668 0.027777777777777776
1 0.2799479166666667 0.23796296296296296 0.06302083333333333 0.07407407407407407
1 0.44895833333333335 0.14537037037037037 0.03125 0.053703703703703705
1 0.66640625 0.11990740740740741 0.0296875 0.041666666666666664
1 0.15703125 0.09305555555555556 0.024479166666666666 0.041666666666666664
1 0.8322916666666667 0.14537037037037037 0.042708333333333334 0.05740740740740741
1 0.62421875 0.10787037037037037 0.027604166666666666 0.03611111111111111
1 0.25234375 0.2263888888888889 0.0234375 0.062037037037037036
1 0.6130208333333333 0.0824074074074074 0.03229166666666667 0.03333333333333333
1 0.21432291666666667 0.08611111111111111 0.027604166666666666 0.03888888888888889
1 0.17265625 0.23796296296296296 0.050520833333333334 0.06111111111111111
1 0.2640625 0.09953703703703703 0.020833333333333332 0.03796296296296296
1 0.5638020833333334 0.09583333333333334 0.024479166666666666 0.026851851851851852
1 0.7692708333333333 0.1699074074074074 0.040625 0.06388888888888888
1 0.4075520833333333 0.18796296296296297 0.034895833333333334 0.05925925925925926
1 0.6765625 0.17592592592592593 0.04791666666666667 0.07407407407407407
1 0.64140625 0.09398148148148149 0.0234375 0.03796296296296296
1 0.17708333333333334 0.2611111111111111 0.04791666666666667 0.08518518518518518
1 0.16640625 0.1925925925925926 0.0359375 0.037037037037037035