2 0.8888020833333333 0.15046296296296297 0.07447916666666667 0.16018518518518518
2 0.7677083333333333 0.12314814814814815 0.06770833333333333 0.12407407407407407
2 0.8552083333333333 0.5226851851851851 0.15625 0.2953703703703704
1 0.17890625 0.7231481481481481 0.1296875 0.15555555555555556
1 0.70625 0.45694444444444443 0.090625 0.1175925925925926
1 0.41848958333333336 0.5847222222222223 0.10677083333333333 0.14537037037037037
1 0.60546875 0.36666666666666664 0.06927083333333334 0.09444444444444444
1 0.6114583333333333 0.5703703703703704 0.11145833333333334 0.15
1 0.76171875 0.5314814814814814 0.049479166666666664 0.13333333333333333
1 0.69140625 0.3439814814814815 0.06822916666666666 0.09351851851851851
1 0.34869791666666666 0.3199074074074074 0.0640625 0.0824074074074074
1 0.5796875 0.49953703703703706 0.08645833333333333 0.1287037037037037
1 0.9299479166666667 0.29583333333333334 0.06822916666666666 0.0787037037037037
1 0.3815104166666667 0.500462962962963 0.12135416666666667 0.17314814814814813
1 0.53984375 0.3143518518518518 0.0640625 0.08611111111111111
1 0.31875 0.36018518518518516 0.06875 0.09074074074074075
1 0.19296875 0.3175925925925926 0.0578125 0.08333333333333333
1 0.2752604166666667 0.24768518518518517 0.04635416666666667 0.062037037037037036
1 0.24713541666666666 0.8351851851851851 0.13697916666666668 0.18518518518518517
1 0.5640625 0.13425925925925927 0.03125 0.044444444444444446
1 0.6794270833333333 0.18333333333333332 0.04010416666666667 0.05185185185185185
1 0.4901041666666667 0.27361111111111114 0.04583333333333333 0.07685185185185185
1 0.8661458333333333 0.2962962962962963 0.06458333333333334 0.07037037037037037
1 0.5833333333333334 0.1648148148148148 0.0375 0.03888888888888889
1 0.6544270833333333 0.29768518518518516 0.06614583333333333 0.08796296296296297
1 0.42109375 0.32314814814814813 0.058854166666666666 0.10185185185185185
1 0.20729166666666668 0.5833333333333334 0.09791666666666667 0.14814814814814814
1 0.2565104166666667 0.19027777777777777 0.0453125 0.05462962962962963
1 0.39036458333333335 0.2657407407407407 0.058854166666666666 0.08888888888888889
1 0.36171875 0.23472222222222222 0.0390625 0.06388888888888888
1 0.4640625 0.3921296296296296 0.08854166666666667 0.1398148148148148
1 0.19088541666666667 0.25601851851851853 0.04635416666666667 0.0712962962962963
1 0.421875 0.1375 0.03333333333333333 0.04351851851851852
1 0.6375 0.19074074074074074 0.041666666666666664 0.04259259259259259
1 0.19453125 0.4828703703703704 0.0921875 0.1361111111111111
1 0.7669270833333334 0.2175925925925926 0.050520833333333334 0.07962962962962963
1 0.41458333333333336 0.1912037037037037 0.04583333333333333 0.06018518518518518
1 0.6072916666666667 0.11805555555555555 0.03854166666666667 0.05648148148148148
1 0.8661458333333333 0.22407407407407406 0.05 0.06666666666666667
1 0.5135416666666667 0.28935185185185186 0.052083333333333336 0.08425925925925926
1 0.7385416666666667 0.17407407407407408 0.03958333333333333 0.06481481481481481
1 0.8846354166666667 0.25462962962962965 0.0484375 0.05555555555555555
1 0.44921875 0.15833333333333333 0.0296875 0.046296296296296294
1 0.3515625 0.20925925925925926 0.041666666666666664 0.06296296296296296
1 0.17109375 0.1597222222222222 0.034895833333333334 0.04537037037037037
1 0.47760416666666666 0.09351851851851851 0.030208333333333334 0.044444444444444446
1 0.43255208333333334 0.21342592592592594 0.03802083333333333 0.062037037037037036
1 0.2328125 0.1375 0.036458333333333336 0.058333333333333334
1 0.4739583333333333 0.1736111111111111 0.03854166666666667 0.06018518518518518
1 0.2669270833333333 0.2212962962962963 0.04114583333333333 0.04814814814814815
1 0.24140625 0.15925925925925927 0.028645833333333332 0.046296296296296294
1 0.39479166666666665 0.11157407407407408 0.029166666666666667 0.05092592592592592
1 0.4979166666666667 0.1050925925925926 0.027083333333333334 0.03425925925925926
1 0.3815104166666667 0.16574074074074074 0.04010416666666667 0.05555555555555555
1 0.3299479166666667 0.18472222222222223 0.0359375 0.062037037037037036
1 0.43671875 0.35462962962962963 0.058854166666666666 0.0962962962962963
1 0.41119791666666666 0.12638888888888888 0.03177083333333333 0.05092592592592592
1 0.8440104166666667 0.16296296296296298 0.0203125 0.05555555555555555
1 0.27239583333333334 0.11157407407407408 0.025 0.04351851851851852
1 0.36354166666666665 0.15324074074074073 0.03125 0.03981481481481482
1 0.18072916666666666 0.23796296296296296 0.04375 0.05925925925925926
1 0.6708333333333333 0.1449074074074074 0.030208333333333334 0.030555555555555555
1 0.9309895833333334 0.18009259259259258 0.019270833333333334 0.06759259259259259
1 0.9877604166666667 0.2638888888888889 0.0234375 0.09259259259259259
1 0.17864583333333334 0.18101851851851852 0.04479166666666667 0.03425925925925926
1 0.6231770833333333 0.9555555555555556 0.1828125 0.08703703703703704
1 0.2890625 0.12824074074074074 0.029166666666666667 0.049074074074074076
1 0.45208333333333334 0.08564814814814815 0.026041666666666668 0.03425925925925926
1 0.16666666666666666 0.0912037037037037 0.029166666666666667 0.032407407407407406
1 0.8361979166666667 0.15092592592592594 0.034895833333333334 0.06111111111111111
1 0.45546875 0.24537037037037038 0.04635416666666667 0.05185185185185185
1 0.3494791666666667 0.13240740740740742 0.028125 0.03888888888888889
1 0.4046875 0.06851851851851852 0.023958333333333335 0.024074074074074074
1 0.3359375 0.075 0.021875 0.02962962962962963
1 0.7111979166666667 0.1550925925925926 0.0359375 0.058333333333333334
1 0.6713541666666667 0.11481481481481481 0.021875 0.027777777777777776
1 0.30833333333333335 0.15925925925925927 0.03333333333333333 0.05555555555555555
1 0.16822916666666668 0.1259259259259259 0.03333333333333333 0.04259259259259259
1 0.5619791666666667 0.07083333333333333 0.025 0.021296296296296296
1 0.5236979166666667 0.11388888888888889 0.024479166666666666 0.044444444444444446
1 0.57890625 0.10555555555555556 0.028645833333333332 0.040740740740740744
1 0.70546875 0.13240740740740742 0.0359375 0.04814814814814815
1 0.6458333333333334 0.11157407407407408 0.029166666666666667 0.03796296296296296
1 0.18567708333333333 0.07824074074074074 0.008854166666666666 0.019444444444444445
1 0.45703125 0.21388888888888888 0.0484375 0.046296296296296294
1 0.30104166666666665 0.14722222222222223 0.03125 0.05185185185185185
1 0.17604166666666668 0.20879629629629629 0.04479166666666667 0.04537037037037037
1 0.6567708333333333 0.16620370370370371 0.03333333333333333 0.04537037037037037
1 0.6010416666666667 0.08981481481481482 0.021875 0.022222222222222223
1 0.634375 0.16296296296296298 0.028125 0.037037037037037035
1 0.5559895833333334 0.09027777777777778 0.022395833333333334 0.030555555555555555
1 0.6825520833333333 0.12777777777777777 0.021354166666666667 0.03518518518518519
1 0.21119791666666668 0.09953703703703703 0.0234375 0.026851851851851852
1 0.32473958333333336 0.10787037037037037 0.028645833333333332 0.03981481481481482