3 0.9518229166666666 0.27685185185185185 0.0703125 0.10740740740740741
2 0.9200520833333333 0.1837962962962963 0.08802083333333334 0.1824074074074074
2 0.9440104166666666 0.12824074074074074 0.0859375 0.14722222222222223
1 0.2638020833333333 0.9087962962962963 0.18177083333333333 0.18055555555555555
1 0.3578125 0.4546296296296296 0.08125 0.11666666666666667
1 0.8408854166666667 0.8810185185185185 0.1609375 0.2175925925925926
1 0.21380208333333334 0.6805555555555556 0.12447916666666667 0.16296296296296298
1 0.6770833333333334 0.44583333333333336 0.08958333333333333 0.1175925925925926
1 0.4513020833333333 0.7087962962962963 0.13177083333333334 0.1787037037037037
1 0.12109375 0.40324074074074073 0.07135416666666666 0.09722222222222222
1 0.41484375 0.5518518518518518 0.09739583333333333 0.1388888888888889
1 0.9606770833333333 0.5013888888888889 0.07760416666666667 0.1638888888888889
1 0.765625 0.3675925925925926 0.078125 0.11296296296296296
1 0.5716145833333334 0.48842592592592593 0.09427083333333333 0.14907407407407408
1 0.7065104166666667 0.19398148148148148 0.043229166666666666 0.058333333333333334
1 0.51875 0.3 0.0625 0.07962962962962963
1 0.5036458333333333 0.42824074074074076 0.08125 0.11018518518518519
1 0.5786458333333333 0.34305555555555556 0.06875 0.09722222222222222
1 0.46953125 0.37916666666666665 0.07135416666666666 0.09907407407407408
1 0.18854166666666666 0.34444444444444444 0.0625 0.08703703703703704
1 0.8625 0.5861111111111111 0.12604166666666666 0.19814814814814816
1 0.7997395833333333 0.23194444444444445 0.0484375 0.06574074074074074
1 0.4940104166666667 0.18101851851851852 0.0390625 0.05462962962962963
1 0.4078125 0.12407407407407407 0.022916666666666665 0.040740740740740744
1 0.3065104166666667 0.324537037037037 0.0734375 0.12129629629629629
1 0.4510416666666667 0.2263888888888889 0.0375 0.06018518518518518
1 0.3997395833333333 0.28425925925925927 0.0453125 0.07037037037037037
1 0.8856770833333333 0.4324074074074074 0.1015625 0.14074074074074075
1 0.4317708333333333 0.3074074074074074 0.06041666666666667 0.10185185185185185
1 0.32708333333333334 0.1884259259259259 0.04479166666666667 0.05648148148148148
1 0.3731770833333333 0.15185185185185185 0.033854166666666664 0.053703703703703705
1 0.6596354166666667 0.1712962962962963 0.03697916666666667 0.05925925925925926
1 0.56640625 0.1537037037037037 0.034895833333333334 0.03333333333333333
1 0.4322916666666667 0.1375 0.03854166666666667 0.062037037037037036
1 0.8049479166666667 0.19212962962962962 0.03697916666666667 0.05648148148148148
1 0.7348958333333333 0.3314814814814815 0.07395833333333333 0.12407407407407407
1 0.8708333333333333 0.1648148148148148 0.020833333333333332 0.06111111111111111
1 0.43697916666666664 0.20972222222222223 0.03854166666666667 0.06759259259259259
1 0.4713541666666667 0.1625 0.035416666666666666 0.05462962962962963
1 0.36015625 0.2273148148148148 0.03802083333333333 0.07314814814814814
1 0.72734375 0.14166666666666666 0.0296875 0.044444444444444446
1 0.4973958333333333 0.25277777777777777 0.05625 0.08518518518518518
1 0.3809895833333333 0.2490740740740741 0.0515625 0.08333333333333333
1 0.38776041666666666 0.10462962962962963 0.024479166666666666 0.037037037037037035
1 0.38958333333333334 0.17916666666666667 0.03125 0.04537037037037037
1 0.56953125 0.10787037037037037 0.030729166666666665 0.03981481481481482
1 0.6640625 0.10740740740740741 0.026041666666666668 0.03518518518518519
1 0.7546875 0.16944444444444445 0.04375 0.07407407407407407
1 0.175 0.1675925925925926 0.03958333333333333 0.05185185185185185
1 0.7752604166666667 0.11805555555555555 0.03802083333333333 0.032407407407407406
1 0.21770833333333334 0.17083333333333334 0.04791666666666667 0.0712962962962963
1 0.6244791666666667 0.10416666666666667 0.025 0.032407407407407406
1 0.6953125 0.1550925925925926 0.0375 0.05648148148148148
1 0.79609375 0.1476851851851852 0.03802083333333333 0.03981481481481482
1 0.16380208333333332 0.2662037037037037 0.043229166666666666 0.06759259259259259
1 0.5572916666666666 0.12083333333333333 0.022916666666666665 0.03611111111111111
1 0.9822916666666667 0.9638888888888889 0.034375 0.07037037037037037
1 0.4127604166666667 0.19166666666666668 0.03697916666666667 0.05740740740740741
1 0.2703125 0.15787037037037038 0.03333333333333333 0.05462962962962963
1 0.753125 0.7199074074074074 0.14166666666666666 0.23055555555555557
1 0.67265625 0.13657407407407407 0.0296875 0.030555555555555555
1 0.6203125 0.14953703703703702 0.042708333333333334 0.06388888888888888
1 0.27005208333333336 0.10740740740740741 0.025520833333333333 0.040740740740740744
1 0.2591145833333333 0.21064814814814814 0.0421875 0.075
1 0.2734375 0.2152777777777778 0.046875 0.05648148148148148
1 0.29739583333333336 0.14629629629629629 0.027083333333333334 0.03888888888888889
1 0.44244791666666666 0.09305555555555556 0.0234375 0.030555555555555555
1 0.6533854166666667 0.10185185185185185 0.0203125 0.03333333333333333
1 0.9703125 0.21157407407407408 0.017708333333333333 0.030555555555555555
1 0.15625 0.09722222222222222 0.025 0.04259259259259259
1 0.5200520833333333 0.12638888888888888 0.019270833333333334 0.030555555555555555
1 0.17447916666666666 0.11296296296296296 0.027083333333333334 0.03148148148148148
1 0.159375 0.21435185185185185 0.03854166666666667 0.041666666666666664
1 0.29348958333333336 0.11990740740740741 0.030729166666666665 0.03981481481481482
1 0.6736979166666667 0.1162037037037037 0.028645833333333332 0.026851851851851852
1 0.6143229166666667 0.08518518518518518 0.025520833333333333 0.03518518518518519
1 0.22838541666666667 0.10972222222222222 0.0296875 0.04722222222222222
1 0.3484375 0.07962962962962963 0.021875 0.03518518518518519
1 0.68125 0.9875 0.128125 0.023148148148148147
1 0.3265625 0.1597222222222222 0.03125 0.021296296296296296
1 0.184375 0.29305555555555557 0.057291666666666664 0.09166666666666666
1 0.3484375 0.12314814814814815 0.036458333333333336 0.044444444444444446
1 0.5 0.11712962962962963 0.025 0.028703703703703703
1 0.58984375 0.09537037037037037 0.022395833333333334 0.03333333333333333
1 0.17760416666666667 0.22546296296296298 0.046875 0.04537037037037037
1 0.3072916666666667 0.26851851851851855 0.06458333333333334 0.07407407407407407
1 0.26536458333333335 0.2513888888888889 0.030729166666666665 0.06574074074074074
1 0.47994791666666664 0.24259259259259258 0.0390625 0.07407407407407407
1 0.5947916666666667 0.14351851851851852 0.023958333333333335 0.05
1 0.16510416666666666 0.14444444444444443 0.026041666666666668 0.040740740740740744
1 0.28177083333333336 0.26342592592592595 0.046875 0.08981481481481482