2 0.6065104166666667 0.0837962962962963 0.0921875 0.08055555555555556
1 0.4434895833333333 0.675 0.11927083333333334 0.1537037037037037
1 0.2513020833333333 0.7652777777777777 0.14114583333333333 0.19166666666666668
1 0.6497395833333334 0.600925925925926 0.1109375 0.15555555555555556
1 0.8596354166666667 0.9027777777777778 0.20989583333333334 0.1925925925925926
1 0.50234375 0.28425925925925927 0.059895833333333336 0.07407407407407407
1 0.11067708333333333 0.4009259259259259 0.0734375 0.11851851851851852
1 0.38776041666666666 0.5361111111111111 0.09427083333333333 0.13148148148148148
1 0.9731770833333333 0.30833333333333335 0.05260416666666667 0.08518518518518518
1 0.2 0.4375 0.08541666666666667 0.11388888888888889
1 0.64140625 0.3972222222222222 0.06927083333333334 0.10185185185185185
1 0.6463541666666667 0.2833333333333333 0.0625 0.0962962962962963
1 0.45338541666666665 0.23333333333333334 0.0484375 0.06296296296296296
1 0.57109375 0.32731481481481484 0.0734375 0.11018518518518519
1 0.37057291666666664 0.48009259259259257 0.09427083333333333 0.12129629629629629
1 0.9330729166666667 0.6527777777777778 0.1328125 0.21296296296296297
1 0.49375 0.425 0.06770833333333333 0.10555555555555556
1 0.5432291666666667 0.4666666666666667 0.08645833333333333 0.12777777777777777
1 0.2903645833333333 0.2902777777777778 0.0546875 0.0787037037037037
1 0.675 0.4273148148148148 0.08958333333333333 0.1175925925925926
1 0.33229166666666665 0.37962962962962965 0.071875 0.09444444444444444
1 0.42265625 0.2111111111111111 0.043229166666666666 0.06111111111111111
1 0.5557291666666667 0.2300925925925926 0.046875 0.07314814814814814
1 0.42526041666666664 0.3 0.0578125 0.09444444444444444
1 0.734375 0.3578703703703704 0.07395833333333333 0.09907407407407408
1 0.603125 0.25555555555555554 0.05520833333333333 0.08703703703703704
1 0.5080729166666667 0.12731481481481483 0.027604166666666666 0.03796296296296296
1 0.7611979166666667 0.49212962962962964 0.09427083333333333 0.1398148148148148
1 0.17239583333333333 0.27314814814814814 0.04791666666666667 0.06851851851851852
1 0.8440104166666667 0.4152777777777778 0.08697916666666666 0.13240740740740742
1 0.7283854166666667 0.23564814814814813 0.050520833333333334 0.049074074074074076
1 0.67734375 0.17222222222222222 0.0359375 0.03518518518518519
1 0.3890625 0.27824074074074073 0.04479166666666667 0.07314814814814814
1 0.8927083333333333 0.2671296296296296 0.057291666666666664 0.0824074074074074
1 0.7627604166666667 0.13425925925925927 0.025520833333333333 0.037037037037037035
1 0.7317708333333334 0.17453703703703705 0.040625 0.05277777777777778
1 0.38619791666666664 0.1648148148148148 0.030729166666666665 0.044444444444444446
1 0.9674479166666666 0.25833333333333336 0.06302083333333333 0.07592592592592592
1 0.4703125 0.3736111111111111 0.07708333333333334 0.1175925925925926
1 0.37604166666666666 0.10092592592592593 0.030208333333333334 0.04814814814814815
1 0.4153645833333333 0.12777777777777777 0.030729166666666665 0.044444444444444446
1 0.33046875 0.2050925925925926 0.03177083333333333 0.05462962962962963
1 0.6044270833333333 0.175 0.03697916666666667 0.040740740740740744
1 0.26484375 0.2310185185185185 0.0546875 0.08981481481481482
1 0.18463541666666666 0.3736111111111111 0.07135416666666666 0.10092592592592593
1 0.53984375 0.2125 0.0484375 0.0824074074074074
1 0.2989583333333333 0.14166666666666666 0.03333333333333333 0.03888888888888889
1 0.9372395833333333 0.21712962962962962 0.050520833333333334 0.062037037037037036
1 0.6419270833333334 0.18564814814814815 0.0328125 0.03981481481481482
1 0.40729166666666666 0.1175925925925926 0.027083333333333334 0.046296296296296294
1 0.484375 0.09768518518518518 0.026041666666666668 0.032407407407407406
1 0.3770833333333333 0.25416666666666665 0.04479166666666667 0.06944444444444445
1 0.33619791666666665 0.11712962962962963 0.027604166666666666 0.041666666666666664
1 0.9518229166666666 0.16944444444444445 0.05364583333333333 0.046296296296296294
1 0.6734375 0.20046296296296295 0.05 0.058333333333333334
1 0.18098958333333334 0.24212962962962964 0.044270833333333336 0.06388888888888888
1 0.9018229166666667 0.20324074074074075 0.0390625 0.04722222222222222
1 0.875 0.19212962962962962 0.03333333333333333 0.05277777777777778
1 0.6151041666666667 0.11944444444444445 0.028125 0.037037037037037035
1 0.7388020833333333 0.12916666666666668 0.025520833333333333 0.03611111111111111
1 0.3341145833333333 0.1712962962962963 0.04010416666666667 0.040740740740740744
1 0.22135416666666666 0.11296296296296296 0.03229166666666667 0.044444444444444446
1 0.35494791666666664 0.13842592592592592 0.028645833333333332 0.03981481481481482
1 0.64140625 0.16342592592592592 0.03697916666666667 0.041666666666666664
1 0.5557291666666667 0.15 0.03333333333333333 0.02962962962962963
1 0.9809895833333333 0.20925925925925926 0.03697916666666667 0.03148148148148148
1 0.6893229166666667 0.11018518518518519 0.028645833333333332 0.04814814814814815
1 0.6697916666666667 0.14305555555555555 0.03229166666666667 0.03611111111111111
1 0.37734375 0.15462962962962962 0.03177083333333333 0.053703703703703705
1 0.57109375 0.12361111111111112 0.028645833333333332 0.028703703703703703
1 0.18177083333333333 0.19212962962962962 0.036458333333333336 0.04351851851851852
1 0.6838541666666667 0.13194444444444445 0.030208333333333334 0.041666666666666664
1 0.24609375 0.1638888888888889 0.04010416666666667 0.05740740740740741
1 0.33880208333333334 0.1310185185185185 0.022395833333333334 0.03611111111111111
1 0.5854166666666667 0.10740740740740741 0.025 0.027777777777777776
1 0.61171875 0.1439814814814815 0.0328125 0.04537037037037037
1 0.5528645833333333 0.08194444444444444 0.019270833333333334 0.04351851851851852
1 0.3171875 0.3263888888888889 0.058333333333333334 0.08611111111111111
1 0.17005208333333333 0.12916666666666668 0.03802083333333333 0.04537037037037037
1 0.5091145833333334 0.08518518518518518 0.022395833333333334 0.040740740740740744
1 0.34817708333333336 0.08287037037037037 0.0203125 0.030555555555555555
1 0.58125 0.09212962962962963 0.027083333333333334 0.026851851851851852
1 0.5807291666666666 0.1587962962962963 0.03125 0.03796296296296296
1 0.8544270833333333 0.21435185185185185 0.0265625 0.062037037037037036
1 0.7466145833333333 0.15 0.034895833333333334 0.046296296296296294
1 0.35911458333333335 0.21944444444444444 0.044270833333333336 0.07592592592592592
1 0.8229166666666666 0.22962962962962963 0.06041666666666667 0.09444444444444444
1 0.3140625 0.16712962962962963 0.029166666666666667 0.05648148148148148
1 0.5302083333333333 0.06388888888888888 0.019791666666666666 0.025925925925925925
1 0.16640625 0.16296296296296298 0.0296875 0.03888888888888889
1 0.4471354166666667 0.08935185185185185 0.024479166666666666 0.03611111111111111
1 0.16875 0.2152777777777778 0.03854166666666667 0.07685185185185185
1 0.5229166666666667 0.10925925925925926 0.023958333333333335 0.040740740740740744
1 0.47161458333333334 0.08842592592592592 0.022395833333333334 0.041666666666666664
1 0.23932291666666666 0.13703703703703704 0.0390625 0.03518518518518519
1 0.28177083333333336 0.11851851851851852 0.035416666666666666 0.03518518518518519
1 0.6619791666666667 0.1 0.029166666666666667 0.04259259259259259
1 0.29244791666666664 0.13287037037037036 0.03802083333333333 0.03981481481481482
1 0.65546875 0.13148148148148148 0.024479166666666666 0.024074074074074074
1 0.41328125 0.18287037037037038 0.04010416666666667 0.06574074074074074
1 0.7768229166666667 0.16712962962962963 0.03697916666666667 0.03611111111111111
1 0.26276041666666666 0.1962962962962963 0.0609375 0.06111111111111111
1 0.9807291666666667 0.22592592592592592 0.0375 0.06481481481481481
1 0.7768229166666667 0.21851851851851853 0.044270833333333336 0.07777777777777778