1 0.55546875 0.875462962962963 0.15364583333333334 0.20277777777777778
1 0.20546875 0.5152777777777777 0.1046875 0.13796296296296295
1 0.78671875 0.7736111111111111 0.1421875 0.19907407407407407
1 0.35078125 0.44074074074074077 0.08072916666666667 0.1111111111111111
1 0.4192708333333333 0.5782407407407407 0.11145833333333334 0.14907407407407408
1 0.54140625 0.3194444444444444 0.0671875 0.08333333333333333
1 0.7200520833333334 0.4675925925925926 0.08177083333333333 0.11666666666666667
1 0.76484375 0.5078703703703704 0.1078125 0.14166666666666666
1 0.1875 0.4263888888888889 0.08125 0.10648148148148148
1 0.8276041666666667 0.4217592592592593 0.08645833333333333 0.11388888888888889
1 0.5510416666666667 0.5 0.090625 0.12222222222222222
1 0.7088541666666667 0.32592592592592595 0.07291666666666667 0.1111111111111111
1 0.30963541666666666 0.961574074074074 0.1453125 0.075
1 0.41328125 0.3111111111111111 0.0484375 0.08333333333333333
1 0.6278645833333333 0.37407407407407406 0.0828125 0.12777777777777777
1 0.8791666666666667 0.2671296296296296 0.058333333333333334 0.07685185185185185
1 0.48385416666666664 0.2574074074074074 0.05416666666666667 0.07037037037037037
1 0.18411458333333333 0.29953703703703705 0.0546875 0.08055555555555556
1 0.3106770833333333 0.325 0.059895833333333336 0.08518518518518518
1 0.44609375 0.23148148148148148 0.04739583333333333 0.06481481481481481
1 0.8533854166666667 0.6 0.11614583333333334 0.16666666666666666
1 0.5979166666666667 0.25972222222222224 0.05416666666666667 0.08425925925925926
1 0.96171875 0.5106481481481482 0.07552083333333333 0.16018518518518518
1 0.67265625 0.20601851851851852 0.04635416666666667 0.04722222222222222
1 0.6622395833333333 0.2902777777777778 0.0609375 0.09537037037037037
1 0.9890625 0.26805555555555555 0.020833333333333332 0.07685185185185185
1 0.43333333333333335 0.14212962962962963 0.03333333333333333 0.04722222222222222
1 0.34010416666666665 0.37083333333333335 0.06666666666666667 0.09166666666666666
1 0.45703125 0.337037037037037 0.06614583333333333 0.10740740740740741
1 0.6111979166666667 0.5611111111111111 0.1046875 0.15
1 0.37421875 0.23935185185185184 0.04739583333333333 0.0824074074074074
1 0.9546875 0.1986111111111111 0.053125 0.0712962962962963
1 0.40182291666666664 0.18101851851851852 0.03177083333333333 0.049074074074074076
1 0.02265625 0.4689814814814815 0.0453125 0.13055555555555556
1 0.6244791666666667 0.17824074074074073 0.041666666666666664 0.049074074074074076
1 0.6875 0.1574074074074074 0.035416666666666666 0.04814814814814815
1 0.70625 0.13564814814814816 0.03333333333333333 0.04537037037037037
1 0.34401041666666665 0.22361111111111112 0.03802083333333333 0.058333333333333334
1 0.23802083333333332 0.1412037037037037 0.03229166666666667 0.041666666666666664
1 0.3450520833333333 0.19027777777777777 0.04114583333333333 0.049074074074074076
1 0.5208333333333334 0.4310185185185185 0.090625 0.1398148148148148
1 0.2794270833333333 0.25092592592592594 0.059895833333333336 0.09814814814814815
1 0.3033854166666667 0.15324074074074073 0.0328125 0.04351851851851852
1 0.74140625 0.1537037037037037 0.0328125 0.02962962962962963
1 0.3260416666666667 0.18333333333333332 0.03125 0.06111111111111111
1 0.3997395833333333 0.2814814814814815 0.049479166666666664 0.07592592592592592
1 0.36875 0.10277777777777777 0.014583333333333334 0.03333333333333333
1 0.65546875 0.12314814814814815 0.0265625 0.03333333333333333
1 0.4861979166666667 0.11435185185185186 0.028645833333333332 0.032407407407407406
1 0.38776041666666666 0.17083333333333334 0.0328125 0.05462962962962963
1 0.6682291666666667 0.10416666666666667 0.026041666666666668 0.04351851851851852
1 0.4322916666666667 0.20092592592592592 0.04583333333333333 0.07037037037037037
1 0.8075520833333333 0.2337962962962963 0.050520833333333334 0.075
1 0.36666666666666664 0.15185185185185185 0.03229166666666667 0.04259259259259259
1 0.228125 0.12314814814814815 0.03125 0.03888888888888889
1 0.7294270833333333 0.125 0.024479166666666666 0.03518518518518519
1 0.35963541666666665 0.08935185185185185 0.021354166666666667 0.032407407407407406
1 0.4234375 0.1300925925925926 0.029166666666666667 0.049074074074074076
1 0.8875 0.23055555555555557 0.051041666666666666 0.07037037037037037
1 0.27578125 0.10833333333333334 0.0328125 0.04259259259259259
1 0.59765625 0.16712962962962963 0.028645833333333332 0.03796296296296296
1 0.6348958333333333 0.16157407407407406 0.03229166666666667 0.05092592592592592
1 0.5697916666666667 0.15416666666666667 0.03125 0.032407407407407406
1 0.8692708333333333 0.2074074074074074 0.05416666666666667 0.07222222222222222
1 0.8231770833333333 0.18055555555555555 0.034895833333333334 0.05555555555555555
1 0.58125 0.23935185185185184 0.05416666666666667 0.08981481481481482
1 0.184375 0.2601851851851852 0.052083333333333336 0.05925925925925926
1 0.3458333333333333 0.12731481481481483 0.029166666666666667 0.04537037037037037
1 0.34869791666666666 0.14444444444444443 0.0265625 0.03888888888888889
1 0.84765625 0.1912037037037037 0.0328125 0.05462962962962963
1 0.16171875 0.08657407407407407 0.025520833333333333 0.03611111111111111
1 0.2875 0.12638888888888888 0.034375 0.03611111111111111
1 0.5057291666666667 0.1037037037037037 0.025 0.044444444444444446
1 0.58984375 0.10740740740740741 0.025520833333333333 0.03148148148148148
1 0.325 0.10740740740740741 0.028125 0.04259259259259259
1 0.6026041666666667 0.1398148148148148 0.03229166666666667 0.02962962962962963
1 0.7119791666666667 0.19490740740740742 0.036458333333333336 0.06759259259259259
1 0.18411458333333333 0.07916666666666666 0.021354166666666667 0.025
1 0.6359375 0.13287037037037036 0.03229166666666667 0.03796296296296296
1 0.25677083333333334 0.17592592592592593 0.04375 0.05185185185185185
1 0.4666666666666667 0.08981481481481482 0.025 0.02962962962962963
1 0.7109375 0.10833333333333334 0.020833333333333332 0.012962962962962963
1 0.8916666666666667 0.16805555555555557 0.052083333333333336 0.0712962962962963
1 0.38776041666666666 0.11805555555555555 0.03177083333333333 0.03796296296296296
1 0.6401041666666667 0.09259259259259259 0.029166666666666667 0.037037037037037035
1 0.5552083333333333 0.14166666666666666 0.023958333333333335 0.03518518518518519
1 0.17265625 0.2412037037037037 0.04114583333333333 0.06944444444444445
1 0.7963541666666667 0.18194444444444444 0.020833333333333332 0.03425925925925926
1 0.17604166666666668 0.15138888888888888 0.0375 0.032407407407407406
1 0.40286458333333336 0.07361111111111111 0.0234375 0.025
1 0.6921875 0.1865740740740741 0.023958333333333335 0.05277777777777778
1 0.7484375 0.2037037037037037 0.051041666666666666 0.08148148148148149
1 0.44166666666666665 0.6620370370370371 0.11875 0.1574074074074074
1 0.26953125 0.21342592592592594 0.05572916666666667 0.06944444444444445
1 0.17604166666666668 0.19768518518518519 0.04895833333333333 0.06759259259259259