2 0.9260416666666667 0.16018518518518518 0.08854166666666667 0.1685185185185185
2 0.7908854166666667 0.12962962962962962 0.0671875 0.12962962962962962
2 0.7859375 0.46296296296296297 0.13645833333333332 0.26296296296296295
1 0.17447916666666666 0.6402777777777777 0.11458333333333333 0.13425925925925927
1 0.22473958333333333 0.7305555555555555 0.1203125 0.16296296296296298
1 0.6606770833333333 0.412962962962963 0.08177083333333333 0.1037037037037037
1 0.6526041666666667 0.9300925925925926 0.19166666666666668 0.13796296296296295
1 0.5645833333333333 0.5078703703703704 0.09895833333333333 0.13240740740740742
1 0.70078125 0.4759259259259259 0.04739583333333333 0.12222222222222222
1 0.5200520833333333 0.29259259259259257 0.059895833333333336 0.07962962962962963
1 0.52890625 0.8587962962962963 0.1515625 0.21203703703703702
1 0.6486979166666667 0.31574074074074077 0.06302083333333333 0.08703703703703704
1 0.3059895833333333 0.3347222222222222 0.0640625 0.08425925925925926
1 0.5697916666666667 0.33611111111111114 0.0625 0.08888888888888889
1 0.9260416666666667 0.925 0.146875 0.14814814814814814
1 0.6049479166666667 0.175 0.0390625 0.04259259259259259
1 0.36302083333333335 0.2962962962962963 0.052083333333333336 0.07777777777777778
1 0.36380208333333336 0.4513888888888889 0.09947916666666666 0.16203703703703703
1 0.540625 0.4486111111111111 0.07916666666666666 0.1175925925925926
1 0.19322916666666667 0.2953703703703704 0.05416666666666667 0.07962962962962963
1 0.7065104166666667 0.19398148148148148 0.0390625 0.05462962962962963
1 0.9622395833333334 0.33240740740740743 0.06614583333333333 0.09074074074074075
1 0.9247395833333333 0.2847222222222222 0.059895833333333336 0.0824074074074074
1 0.8015625 0.23148148148148148 0.053125 0.08333333333333333
1 0.5796875 0.1412037037037037 0.03333333333333333 0.04537037037037037
1 0.4466145833333333 0.3592592592592593 0.08072916666666667 0.12962962962962962
1 0.6169270833333333 0.2773148148148148 0.058854166666666666 0.08425925925925926
1 0.26927083333333335 0.23472222222222222 0.04375 0.058333333333333334
1 0.47239583333333335 0.2569444444444444 0.04375 0.075
1 0.6697916666666667 0.2064814814814815 0.041666666666666664 0.046296296296296294
1 0.4942708333333333 0.26944444444444443 0.04895833333333333 0.08333333333333333
1 0.9364583333333333 0.674537037037037 0.12604166666666666 0.2490740740740741
1 0.62265625 0.12268518518518519 0.0359375 0.05648148148148148
1 0.18932291666666667 0.43796296296296294 0.0828125 0.12407407407407407
1 0.40520833333333334 0.1824074074074074 0.041666666666666664 0.05925925925925926
1 0.4140625 0.1287037037037037 0.03125 0.044444444444444446
1 0.45859375 0.16342592592592592 0.03802083333333333 0.05648148148148148
1 0.35130208333333335 0.22083333333333333 0.0359375 0.06018518518518518
1 0.19713541666666667 0.524537037037037 0.0890625 0.1361111111111111
1 0.18880208333333334 0.24305555555555555 0.044270833333333336 0.06759259259259259
1 0.44583333333333336 0.21712962962962962 0.04479166666666667 0.07685185185185185
1 0.39348958333333334 0.5199074074074074 0.0953125 0.13055555555555556
1 0.43854166666666666 0.14953703703703702 0.027083333333333334 0.04351851851851852
1 0.5072916666666667 0.11018518518518519 0.026041666666666668 0.03333333333333333
1 0.41041666666666665 0.3023148148148148 0.05416666666666667 0.09537037037037037
1 0.46041666666666664 0.08796296296296297 0.026041666666666668 0.037037037037037035
1 0.29973958333333334 0.1476851851851852 0.033854166666666664 0.06018518518518518
1 0.25364583333333335 0.18101851851851852 0.04375 0.05462962962962963
1 0.40859375 0.06712962962962964 0.021354166666666667 0.023148148148148147
1 0.26848958333333334 0.10648148148148148 0.024479166666666666 0.04259259259259259
1 0.37734375 0.23703703703703705 0.05677083333333333 0.06111111111111111
1 0.21119791666666668 0.10555555555555556 0.0234375 0.044444444444444446
1 0.32526041666666666 0.175 0.034895833333333334 0.05925925925925926
1 0.23802083333333332 0.15231481481481482 0.027083333333333334 0.041666666666666664
1 0.37135416666666665 0.15555555555555556 0.036458333333333336 0.05185185185185185
1 0.40182291666666664 0.12175925925925926 0.0296875 0.05092592592592592
1 0.56484375 0.13240740740740742 0.030729166666666665 0.046296296296296294
1 0.34322916666666664 0.12453703703703704 0.030208333333333334 0.03796296296296296
1 0.6450520833333333 0.1175925925925926 0.019270833333333334 0.040740740740740744
1 0.69296875 0.15231481481481482 0.0296875 0.030555555555555555
1 0.9815104166666667 0.31666666666666665 0.0359375 0.07407407407407407
1 0.4434895833333333 0.07777777777777778 0.018229166666666668 0.03148148148148148
1 0.41822916666666665 0.32916666666666666 0.05416666666666667 0.08981481481481482
1 0.87265625 0.16805555555555557 0.030729166666666665 0.06018518518518518
1 0.38671875 0.10648148148148148 0.027604166666666666 0.04814814814814815
1 0.42083333333333334 0.20277777777777778 0.034375 0.06111111111111111
1 0.18125 0.22407407407407406 0.04479166666666667 0.05925925925925926
1 0.33151041666666664 0.07222222222222222 0.022395833333333334 0.025925925925925925
1 0.3567708333333333 0.14583333333333334 0.030208333333333334 0.041666666666666664
1 0.7364583333333333 0.1648148148148148 0.0375 0.05925925925925926
1 0.85625 0.1574074074074074 0.035416666666666666 0.06296296296296296
1 0.2833333333333333 0.12083333333333333 0.028125 0.049074074074074076
1 0.5705729166666667 0.07175925925925926 0.025520833333333333 0.021296296296296296
1 0.32083333333333336 0.10324074074074074 0.03125 0.03981481481481482
1 0.6614583333333334 0.16944444444444445 0.0375 0.06851851851851852
1 0.965625 0.1912037037037037 0.011458333333333333 0.06759259259259259
1 0.23098958333333333 0.1388888888888889 0.0359375 0.040740740740740744
1 0.91015625 0.23842592592592593 0.0546875 0.06944444444444445
1 0.16640625 0.08935185185185185 0.028645833333333332 0.032407407407407406
1 0.68515625 0.12083333333333333 0.028645833333333332 0.032407407407407406
1 0.16796875 0.15324074074074073 0.0328125 0.041666666666666664
1 0.17838541666666666 0.19722222222222222 0.04635416666666667 0.05185185185185185
1 0.6140625 0.09675925925925925 0.021875 0.030555555555555555
1 0.5291666666666667 0.11990740740740741 0.013541666666666667 0.041666666666666664
1 0.7580729166666667 0.18425925925925926 0.025520833333333333 0.06666666666666667
1 0.26458333333333334 0.20787037037037037 0.041666666666666664 0.049074074074074076
1 0.6979166666666666 0.1287037037037037 0.023958333333333335 0.022222222222222223
1 0.7236979166666667 0.1361111111111111 0.033854166666666664 0.05
1 0.4856770833333333 0.09490740740740741 0.030729166666666665 0.04537037037037037
1 0.6588541666666666 0.11851851851851852 0.011458333333333333 0.03148148148148148
1 0.6768229166666667 0.1726851851851852 0.0359375 0.03796296296296296
1 0.3450520833333333 0.19907407407407407 0.03802083333333333 0.05925925925925926
1 0.5908854166666667 0.11203703703703703 0.03177083333333333 0.05