3 0.9596354166666666 0.28055555555555556 0.07135416666666666 0.10555555555555556
2 0.9263020833333333 0.18518518518518517 0.0890625 0.18333333333333332
1 0.25807291666666665 0.8986111111111111 0.17760416666666667 0.20092592592592592
1 0.6713541666666667 0.44074074074074077 0.08958333333333333 0.11481481481481481
1 0.4127604166666667 0.5439814814814815 0.09947916666666666 0.13796296296296295
1 0.825 0.8611111111111112 0.15729166666666666 0.21296296296296297
1 0.44453125 0.6972222222222222 0.12864583333333332 0.17592592592592593
1 0.12604166666666666 0.39861111111111114 0.06875 0.09351851851851851
1 0.21197916666666666 0.6685185185185185 0.12291666666666666 0.16111111111111112
1 0.7114583333333333 0.19537037037037036 0.042708333333333334 0.05925925925925926
1 0.35598958333333336 0.4486111111111111 0.08072916666666667 0.11574074074074074
1 0.80703125 0.23472222222222222 0.0453125 0.06388888888888888
1 0.5744791666666667 0.33935185185185185 0.06875 0.09537037037037037
1 0.5653645833333333 0.4810185185185185 0.09322916666666667 0.14907407407407408
1 0.5161458333333333 0.29814814814814816 0.06145833333333333 0.07777777777777778
1 0.5005208333333333 0.42314814814814816 0.07916666666666666 0.10925925925925926
1 0.4674479166666667 0.375 0.06927083333333334 0.09814814814814815
1 0.9546875 0.49166666666666664 0.08958333333333333 0.16296296296296298
1 0.18828125 0.34120370370370373 0.06197916666666667 0.08611111111111111
1 0.6627604166666666 0.975462962962963 0.14635416666666667 0.04722222222222222
1 0.49166666666666664 0.17962962962962964 0.03958333333333333 0.05555555555555555
1 0.40625 0.12361111111111112 0.021875 0.03796296296296296
1 0.8505208333333333 0.575 0.12395833333333334 0.19814814814814816
1 0.75859375 0.362962962962963 0.0765625 0.11296296296296296
1 0.965625 0.9495370370370371 0.06770833333333333 0.09907407407407408
1 0.8080729166666667 0.19305555555555556 0.04114583333333333 0.05648148148148148
1 0.6630208333333333 0.17222222222222222 0.03854166666666667 0.06111111111111111
1 0.371875 0.15092592592592594 0.03333333333333333 0.05185185185185185
1 0.39765625 0.2814814814814815 0.044270833333333336 0.07037037037037037
1 0.44973958333333336 0.22453703703703703 0.03802083333333333 0.06018518518518518
1 0.5692708333333333 0.1550925925925926 0.036458333333333336 0.03425925925925926
1 0.43072916666666666 0.1361111111111111 0.03854166666666667 0.06111111111111111
1 0.43072916666666666 0.30416666666666664 0.059375 0.09907407407407408
1 0.30520833333333336 0.32083333333333336 0.071875 0.12314814814814815
1 0.3268229166666667 0.18425925925925926 0.0453125 0.05925925925925926
1 0.7286458333333333 0.3263888888888889 0.07395833333333333 0.12129629629629629
1 0.38645833333333335 0.10416666666666667 0.025 0.03611111111111111
1 0.3885416666666667 0.17777777777777778 0.03229166666666667 0.044444444444444446
1 0.17447916666666666 0.16712962962962963 0.0375 0.05092592592592592
1 0.52265625 0.12685185185185185 0.022395833333333334 0.03148148148148148
1 0.16380208333333332 0.26342592592592595 0.044270833333333336 0.06759259259259259
1 0.35911458333333335 0.22546296296296298 0.03802083333333333 0.06944444444444445
1 0.29739583333333336 0.14583333333333334 0.026041666666666668 0.03611111111111111
1 0.4114583333333333 0.18935185185185185 0.0375 0.05648148148148148
1 0.4359375 0.20833333333333334 0.03854166666666667 0.06666666666666667
1 0.4700520833333333 0.16157407407407406 0.034895833333333334 0.05462962962962963
1 0.8752604166666667 0.16620370370370371 0.022395833333333334 0.06018518518518518
1 0.37994791666666666 0.24675925925925926 0.0515625 0.0824074074074074
1 0.5705729166666667 0.10787037037037037 0.030729166666666665 0.03981481481481482
1 0.73046875 0.1412037037037037 0.03177083333333333 0.041666666666666664
1 0.490625 0.24861111111111112 0.0625 0.08611111111111111
1 0.7765625 0.1175925925925926 0.041666666666666664 0.03148148148148148
1 0.6268229166666667 0.1037037037037037 0.024479166666666666 0.03333333333333333
1 0.5919270833333333 0.09583333333333334 0.0234375 0.032407407407407406
1 0.26927083333333335 0.10648148148148148 0.023958333333333335 0.040740740740740744
1 0.15598958333333332 0.09444444444444444 0.025520833333333333 0.03888888888888889
1 0.21588541666666666 0.16944444444444445 0.049479166666666664 0.07037037037037037
1 0.6755208333333333 0.11712962962962963 0.029166666666666667 0.030555555555555555
1 0.62265625 0.15092592592592594 0.04114583333333333 0.06481481481481481
1 0.27109375 0.15648148148148147 0.033854166666666664 0.05555555555555555
1 0.6994791666666667 0.1550925925925926 0.036458333333333336 0.05648148148148148
1 0.97734375 0.21435185185185185 0.022395833333333334 0.03425925925925926
1 0.34739583333333335 0.12222222222222222 0.036458333333333336 0.044444444444444446
1 0.5015625 0.1175925925925926 0.025 0.027777777777777776
1 0.18307291666666667 0.2884259259259259 0.05572916666666667 0.08796296296296297
1 0.8747395833333333 0.42407407407407405 0.09947916666666666 0.13703703703703704
1 0.44296875 0.09351851851851851 0.0234375 0.027777777777777776
1 0.29270833333333335 0.11851851851851852 0.030208333333333334 0.03888888888888889
1 0.6666666666666666 0.10648148148148148 0.025 0.03518518518518519
1 0.51640625 0.08148148148148149 0.0203125 0.020370370370370372
1 0.7552083333333334 0.17962962962962964 0.035416666666666666 0.05555555555555555
1 0.16276041666666666 0.21296296296296297 0.044270833333333336 0.04259259259259259
1 0.17421875 0.10972222222222222 0.0265625 0.025
1 0.6158854166666666 0.08425925925925926 0.025520833333333333 0.03518518518518519
1 0.178125 0.22268518518518518 0.04583333333333333 0.04537037037037037
1 0.49635416666666665 0.09074074074074075 0.021875 0.022222222222222223
1 0.5580729166666667 0.12037037037037036 0.025520833333333333 0.037037037037037035
1 0.7432291666666667 0.7046296296296296 0.140625 0.22407407407407406
1 0.4856770833333333 0.075 0.0234375 0.037037037037037035
1 0.34739583333333335 0.0787037037037037 0.020833333333333332 0.03148148148148148
1 0.27265625 0.21157407407407408 0.04739583333333333 0.058333333333333334
1 0.6533854166666667 0.10277777777777777 0.0203125 0.03333333333333333
1 0.33125 0.06805555555555555 0.016666666666666666 0.021296296296296296
1 0.48541666666666666 0.11064814814814815 0.019791666666666666 0.025
1 0.80234375 0.15046296296296297 0.0328125 0.041666666666666664
1 0.60859375 0.11203703703703703 0.0234375 0.020370370370370372
1 0.5966145833333333 0.14537037037037037 0.0234375 0.05185185185185185
1 0.2755208333333333 0.24768518518518517 0.053125 0.06944444444444445
1 0.2578125 0.20833333333333334 0.042708333333333334 0.07777777777777778
1 0.46171875 0.08194444444444444 0.0265625 0.03796296296296296
1 0.3067708333333333 0.2652777777777778 0.065625 0.075
1 0.31744791666666666 0.1087962962962963 0.0140625 0.030555555555555555
1 0.409375 0.06527777777777778 0.01875 0.023148148148148147
1 0.67578125 0.1412037037037037 0.028645833333333332 0.041666666666666664