2 0.5997395833333333 0.30833333333333335 0.09010416666666667 0.17962962962962964
2 0.8916666666666667 0.15833333333333333 0.08645833333333333 0.14444444444444443
1 0.7536458333333333 0.7402777777777778 0.14270833333333333 0.18611111111111112
1 0.6049479166666667 0.5731481481481482 0.1015625 0.1425925925925926
1 0.8791666666666667 0.6300925925925925 0.12291666666666666 0.15833333333333333
1 0.8486979166666667 0.287962962962963 0.0609375 0.06481481481481481
1 0.20104166666666667 0.47638888888888886 0.07916666666666666 0.10462962962962963
1 0.45026041666666666 0.3453703703703704 0.06510416666666667 0.09074074074074075
1 0.5192708333333333 0.2967592592592593 0.05520833333333333 0.07685185185185185
1 0.915625 0.9078703703703703 0.16770833333333332 0.1824074074074074
1 0.67421875 0.4111111111111111 0.09427083333333333 0.1537037037037037
1 0.42552083333333335 0.3125 0.052083333333333336 0.08425925925925926
1 0.3299479166666667 0.35509259259259257 0.0671875 0.08981481481481482
1 0.5643229166666667 0.5064814814814815 0.08697916666666666 0.11666666666666667
1 0.7338541666666667 0.2388888888888889 0.05416666666666667 0.04814814814814815
1 0.9486979166666667 0.5143518518518518 0.1015625 0.13425925925925927
1 0.19270833333333334 0.4287037037037037 0.078125 0.0962962962962963
1 0.6640625 0.18101851851851852 0.03958333333333333 0.05462962962962963
1 0.3921875 0.537962962962963 0.09895833333333333 0.1574074074074074
1 0.31171875 0.3148148148148148 0.0703125 0.11481481481481481
1 0.5421875 0.32546296296296295 0.036458333333333336 0.08425925925925926
1 0.36302083333333335 0.49166666666666664 0.07604166666666666 0.12037037037037036
1 0.27005208333333336 0.25324074074074077 0.049479166666666664 0.06759259259259259
1 0.8846354166666667 0.25787037037037036 0.05677083333333333 0.06944444444444445
1 0.8135416666666667 0.23935185185185184 0.05 0.06944444444444445
1 0.4466145833333333 0.225 0.0453125 0.06111111111111111
1 0.5955729166666667 0.14675925925925926 0.033854166666666664 0.05092592592592592
1 0.25546875 0.1884259259259259 0.0359375 0.049074074074074076
1 0.184375 0.1912037037037037 0.03958333333333333 0.04722222222222222
1 0.43802083333333336 0.07731481481481481 0.022916666666666665 0.03425925925925926
1 0.4010416666666667 0.26342592592592595 0.059375 0.09907407407407408
1 0.5622395833333333 0.13425925925925927 0.0296875 0.03888888888888889
1 0.6497395833333334 0.16805555555555557 0.0359375 0.05462962962962963
1 0.3653645833333333 0.25324074074074077 0.034895833333333334 0.06944444444444445
1 0.17682291666666666 0.36435185185185187 0.059895833333333336 0.10092592592592593
1 0.98125 0.3148148148148148 0.036458333333333336 0.1037037037037037
1 0.21640625 0.11342592592592593 0.030729166666666665 0.049074074074074076
1 0.28619791666666666 0.12731481481481483 0.0296875 0.04722222222222222
1 0.1875 0.23148148148148148 0.04375 0.06851851851851852
1 0.3736979166666667 0.15046296296296297 0.034895833333333334 0.049074074074074076
1 0.19010416666666666 0.31527777777777777 0.05625 0.10277777777777777
1 0.42604166666666665 0.19398148148148148 0.03333333333333333 0.03981481481481482
1 0.33046875 0.12083333333333333 0.019270833333333334 0.032407407407407406
1 0.3802083333333333 0.10324074074074074 0.03229166666666667 0.04351851851851852
1 0.24088541666666666 0.14305555555555555 0.034895833333333334 0.026851851851851852
1 0.30234375 0.14675925925925926 0.03177083333333333 0.05462962962962963
1 0.9854166666666667 0.19583333333333333 0.028125 0.06018518518518518
1 0.25755208333333335 0.09212962962962963 0.0234375 0.03611111111111111
1 0.35963541666666665 0.2300925925925926 0.0546875 0.06388888888888888
1 0.6294270833333333 0.10787037037037037 0.0234375 0.026851851851851852
1 0.3971354166666667 0.16111111111111112 0.0359375 0.044444444444444446
1 0.6278645833333333 0.15462962962962962 0.0359375 0.06296296296296296
1 0.24609375 0.17037037037037037 0.0421875 0.046296296296296294
1 0.9635416666666666 0.16574074074074074 0.042708333333333334 0.025925925925925925
1 0.31796875 0.10555555555555556 0.0328125 0.03148148148148148
1 0.359375 0.08611111111111111 0.023958333333333335 0.037037037037037035
1 0.39921875 0.19814814814814816 0.03697916666666667 0.03333333333333333
1 0.7294270833333333 0.14722222222222223 0.0203125 0.044444444444444446
1 0.4635416666666667 0.08472222222222223 0.019791666666666666 0.03611111111111111
1 0.61328125 0.08518518518518518 0.0296875 0.025925925925925925
1 0.16770833333333332 0.08194444444444444 0.029166666666666667 0.026851851851851852
1 0.22994791666666667 0.1287037037037037 0.028645833333333332 0.03888888888888889
1 0.27109375 0.10231481481481482 0.030729166666666665 0.03981481481481482
1 0.4197916666666667 0.13148148148148148 0.026041666666666668 0.046296296296296294
1 0.17109375 0.12962962962962962 0.04010416666666667 0.037037037037037035
1 0.5205729166666667 0.11342592592592593 0.0296875 0.049074074074074076
1 0.3502604166666667 0.12824074074074074 0.03177083333333333 0.04537037037037037
1 0.40234375 0.12037037037037036 0.024479166666666666 0.037037037037037035
1 0.5276041666666667 0.2111111111111111 0.04375 0.07037037037037037
1 0.81875 0.1935185185185185 0.020833333333333332 0.02962962962962963
1 0.559375 0.23287037037037037 0.04375 0.06759259259259259
1 0.16953125 0.1625 0.043229166666666666 0.04722222222222222
1 0.3338541666666667 0.19953703703703704 0.04479166666666667 0.06944444444444445
1 0.6546875 0.12546296296296297 0.03333333333333333 0.03611111111111111
1 0.7979166666666667 0.16296296296296298 0.026041666666666668 0.03518518518518519
1 0.67578125 0.1111111111111111 0.025520833333333333 0.024074074074074074
1 0.47552083333333334 0.25046296296296294 0.04791666666666667 0.06944444444444445
1 0.7822916666666667 0.16157407407407406 0.036458333333333336 0.058333333333333334
1 0.8299479166666667 0.17546296296296296 0.0453125 0.06944444444444445
1 0.93046875 0.23796296296296296 0.050520833333333334 0.08333333333333333
1 0.9557291666666666 0.22175925925925927 0.052083333333333336 0.08611111111111111
1 0.3143229166666667 0.16111111111111112 0.04114583333333333 0.04814814814814815
1 0.503125 0.10833333333333334 0.014583333333333334 0.037037037037037035