2 0.79453125 0.1259259259259259 0.06927083333333334 0.14074074074074075
2 0.7046875 0.1050925925925926 0.058333333333333334 0.11203703703703703
1 0.91640625 0.6578703703703703 0.13177083333333334 0.15648148148148147
1 0.8703125 0.45694444444444443 0.090625 0.11944444444444445
1 0.5723958333333333 0.8902777777777777 0.165625 0.2175925925925926
1 0.8682291666666667 0.8768518518518519 0.16979166666666667 0.22592592592592592
1 0.74453125 0.49212962962962964 0.09427083333333333 0.13055555555555556
1 0.7697916666666667 0.7462962962962963 0.12916666666666668 0.18888888888888888
1 0.634375 0.40046296296296297 0.08229166666666667 0.10462962962962963
1 0.34453125 0.4199074074074074 0.08385416666666666 0.10833333333333334
1 0.43255208333333334 0.32592592592592595 0.07135416666666666 0.10925925925925926
1 0.15625 0.38842592592592595 0.071875 0.11203703703703703
1 0.2981770833333333 0.29768518518518516 0.0515625 0.06944444444444445
1 0.590625 0.362962962962963 0.06354166666666666 0.1037037037037037
1 0.3651041666666667 0.46805555555555556 0.08229166666666667 0.1175925925925926
1 0.4828125 0.736574074074074 0.175 0.25277777777777777
1 0.5549479166666667 0.3347222222222222 0.058854166666666666 0.09907407407407408
1 0.5763020833333333 0.5305555555555556 0.1203125 0.18703703703703703
1 0.39739583333333334 0.2791666666666667 0.051041666666666666 0.07314814814814814
1 0.19947916666666668 0.3074074074074074 0.053125 0.08148148148148149
1 0.45651041666666664 0.16064814814814815 0.0390625 0.05648148148148148
1 0.4890625 0.4023148148148148 0.075 0.1287037037037037
1 0.71484375 0.23148148148148148 0.050520833333333334 0.05555555555555555
1 0.8346354166666666 0.2824074074074074 0.06302083333333333 0.06111111111111111
1 0.8924479166666667 0.3087962962962963 0.06197916666666667 0.06944444444444445
1 0.8046875 0.3861111111111111 0.07916666666666666 0.11851851851851852
1 0.9776041666666667 0.26296296296296295 0.04375 0.07592592592592592
1 0.49296875 0.18935185185185185 0.03697916666666667 0.05277777777777778
1 0.5276041666666667 0.20601851851851852 0.04375 0.06944444444444445
1 0.9669270833333333 0.3587962962962963 0.06510416666666667 0.08611111111111111
1 0.24010416666666667 0.8666666666666667 0.146875 0.22407407407407406
1 0.5234375 0.4537037037037037 0.08958333333333333 0.11851851851851852
1 0.45 0.22592592592592592 0.046875 0.06851851851851852
1 0.38776041666666666 0.17546296296296296 0.034895833333333334 0.04537037037037037
1 0.2872395833333333 0.2657407407407407 0.049479166666666664 0.06851851851851852
1 0.48125 0.2513888888888889 0.04375 0.0712962962962963
1 0.6859375 0.1824074074074074 0.042708333333333334 0.06666666666666667
1 0.51171875 0.2796296296296296 0.058854166666666666 0.09444444444444444
1 0.3697916666666667 0.15092592592592594 0.03333333333333333 0.046296296296296294
1 0.6106770833333334 0.1527777777777778 0.0359375 0.044444444444444446
1 0.5703125 0.15787037037037038 0.034375 0.03796296296296296
1 0.4546875 0.0824074074074074 0.026041666666666668 0.04259259259259259
1 0.36875 0.24305555555555555 0.04895833333333333 0.0712962962962963
1 0.9747395833333333 0.21481481481481482 0.049479166666666664 0.040740740740740744
1 0.23697916666666666 0.15185185185185185 0.03854166666666667 0.06296296296296296
1 0.17083333333333334 0.17731481481481481 0.035416666666666666 0.04722222222222222
1 0.9328125 0.2833333333333333 0.06041666666666667 0.08333333333333333
1 0.7705729166666667 0.2263888888888889 0.044270833333333336 0.05092592592592592
1 0.3140625 0.1685185185185185 0.03229166666666667 0.05925925925925926
1 0.9192708333333334 0.23657407407407408 0.05 0.06388888888888888
1 0.42135416666666664 0.19398148148148148 0.041666666666666664 0.06759259259259259
1 0.20989583333333334 0.7129629629629629 0.12604166666666666 0.23148148148148148
1 0.20494791666666667 0.12175925925925926 0.027604166666666666 0.041666666666666664
1 0.26536458333333335 0.21805555555555556 0.04739583333333333 0.062037037037037036
1 0.3299479166666667 0.18333333333333332 0.0359375 0.06111111111111111
1 0.3541666666666667 0.21157407407407408 0.040625 0.0712962962962963
1 0.66796875 0.1449074074074074 0.0359375 0.058333333333333334
1 0.1921875 0.25046296296296294 0.05 0.05277777777777778
1 0.43046875 0.21805555555555556 0.025520833333333333 0.06018518518518518
1 0.5924479166666666 0.13796296296296295 0.0265625 0.040740740740740744
1 0.6127604166666667 0.12222222222222222 0.025520833333333333 0.027777777777777776
1 0.7375 0.12037037037037036 0.014583333333333334 0.053703703703703705
1 0.4734375 0.09259259259259259 0.023958333333333335 0.03333333333333333
1 0.57890625 0.12175925925925926 0.028645833333333332 0.03796296296296296
1 0.25442708333333336 0.17916666666666667 0.0359375 0.058333333333333334
1 0.3020833333333333 0.14305555555555555 0.034375 0.05462962962962963
1 0.28489583333333335 0.12361111111111112 0.027083333333333334 0.04722222222222222
1 0.521875 0.1310185185185185 0.030208333333333334 0.03425925925925926
1 0.17526041666666667 0.22777777777777777 0.049479166666666664 0.07777777777777778
1 0.27317708333333335 0.24675925925925926 0.0421875 0.06574074074074074
1 0.8721354166666667 0.24953703703703703 0.05260416666666667 0.06574074074074074
1 0.8083333333333333 0.23935185185185184 0.05416666666666667 0.06388888888888888
1 0.6416666666666667 0.13194444444444445 0.03125 0.05092592592592592
1 0.5661458333333333 0.07916666666666666 0.022916666666666665 0.021296296296296296
1 0.4393229166666667 0.14074074074074075 0.0328125 0.03888888888888889
1 0.5640625 0.1037037037037037 0.030208333333333334 0.046296296296296294
1 0.84375 0.1537037037037037 0.03958333333333333 0.05925925925925926
1 0.85234375 0.2125 0.0484375 0.06759259259259259
1 0.59765625 0.1 0.024479166666666666 0.02962962962962963
1 0.6526041666666667 0.09537037037037037 0.020833333333333332 0.02962962962962963
1 0.16901041666666666 0.1449074074074074 0.03177083333333333 0.049074074074074076
1 0.75703125 0.18611111111111112 0.03177083333333333 0.05555555555555555
1 0.353125 0.08518518518518518 0.025 0.03333333333333333
1 0.5205729166666667 0.11157407407407408 0.030729166666666665 0.03796296296296296
1 0.3375 0.11944444444444445 0.030208333333333334 0.04259259259259259
1 0.24479166666666666 0.11898148148148148 0.026041666666666668 0.028703703703703703
1 0.34869791666666666 0.13518518518518519 0.03177083333333333 0.037037037037037035
1 0.19270833333333334 0.2828703703703704 0.04791666666666667 0.0712962962962963
1 0.42239583333333336 0.12824074074074074 0.03333333333333333 0.05462962962962963