3 0.21536458333333333 0.7824074074074074 0.13697916666666668 0.2537037037037037
2 0.7778645833333333 0.12083333333333333 0.06822916666666666 0.13796296296296295
1 0.9580729166666667 0.7240740740740741 0.0828125 0.17037037037037037
1 0.93828125 0.9287037037037037 0.12239583333333333 0.14074074074074075
1 0.6369791666666667 0.9361111111111111 0.18541666666666667 0.1259259259259259
1 0.9216145833333333 0.48935185185185187 0.09739583333333333 0.13055555555555556
1 0.7877604166666666 0.5314814814814814 0.09947916666666666 0.14074074074074075
1 0.8434895833333333 0.8310185185185185 0.14635416666666667 0.21388888888888888
1 0.2604166666666667 0.9212962962962963 0.15625 0.15555555555555556
1 0.13229166666666667 0.40925925925925927 0.07604166666666666 0.11481481481481481
1 0.3020833333333333 0.30925925925925923 0.05416666666666667 0.07592592592592592
1 0.6635416666666667 0.42592592592592593 0.08645833333333333 0.10925925925925926
1 0.2015625 0.32222222222222224 0.05520833333333333 0.08518518518518518
1 0.5268229166666667 0.8143518518518519 0.19322916666666667 0.2824074074074074
1 0.40520833333333334 0.2898148148148148 0.05416666666666667 0.07777777777777778
1 0.60625 0.5722222222222222 0.12916666666666668 0.20185185185185187
1 0.5747395833333333 0.35185185185185186 0.06197916666666667 0.1037037037037037
1 0.37604166666666666 0.4976851851851852 0.0875 0.12129629629629629
1 0.353125 0.44814814814814813 0.0875 0.11481481481481481
1 0.44296875 0.34074074074074073 0.07552083333333333 0.11481481481481481
1 0.6950520833333333 0.21898148148148147 0.04635416666666667 0.05092592592592592
1 0.3734375 0.2518518518518518 0.053125 0.07407407407407407
1 0.6177083333333333 0.3824074074074074 0.07916666666666666 0.10925925925925926
1 0.5466145833333333 0.48194444444444445 0.0953125 0.12685185185185185
1 0.8544270833333333 0.29212962962962963 0.0609375 0.06574074074074074
1 0.66953125 0.17407407407407408 0.04114583333333333 0.06666666666666667
1 0.5075520833333333 0.425 0.08177083333333333 0.13703703703703704
1 0.5411458333333333 0.21296296296296297 0.04583333333333333 0.07037037037037037
1 0.3932291666666667 0.1814814814814815 0.03854166666666667 0.05
1 0.7505208333333333 0.20972222222222223 0.04375 0.06388888888888888
1 0.8458333333333333 0.4111111111111111 0.08958333333333333 0.1259259259259259
1 0.49557291666666664 0.25925925925925924 0.04739583333333333 0.07592592592592592
1 0.4661458333333333 0.1648148148148148 0.040625 0.05740740740740741
1 0.9309895833333334 0.33055555555555555 0.07135416666666666 0.06851851851851852
1 0.1703125 0.18194444444444444 0.036458333333333336 0.049074074074074076
1 0.9778645833333334 0.3138888888888889 0.043229166666666666 0.08518518518518518
1 0.5052083333333334 0.19490740740740742 0.035416666666666666 0.05462962962962963
1 0.20182291666666666 0.12453703703703704 0.027604166666666666 0.04537037037037037
1 0.59609375 0.14629629629629629 0.034895833333333334 0.044444444444444446
1 0.37447916666666664 0.15416666666666667 0.03333333333333333 0.04722222222222222
1 0.5575520833333333 0.15 0.030729166666666665 0.03518518518518519
1 0.8065104166666667 0.2671296296296296 0.05364583333333333 0.058333333333333334
1 0.3346354166666667 0.18703703703703703 0.03802083333333333 0.06481481481481481
1 0.94375 0.24861111111111112 0.046875 0.07314814814814814
1 0.7450520833333333 0.17916666666666667 0.04114583333333333 0.05462962962962963
1 0.9809895833333333 0.20092592592592592 0.03697916666666667 0.053703703703703705
1 0.5291666666666667 0.2916666666666667 0.0625 0.09814814814814815
1 0.3614583333333333 0.2175925925925926 0.04375 0.07592592592592592
1 0.8888020833333333 0.22407407407407406 0.0515625 0.05740740740740741
1 0.42890625 0.19953703703703704 0.043229166666666666 0.06944444444444445
1 0.3171875 0.175 0.03125 0.05925925925925926
1 0.3572916666666667 0.08611111111111111 0.022916666666666665 0.03333333333333333
1 0.78671875 0.2263888888888889 0.05260416666666667 0.06759259259259259
1 0.5213541666666667 0.11203703703703703 0.026041666666666668 0.03888888888888889
1 0.4591145833333333 0.2337962962962963 0.049479166666666664 0.06944444444444445
1 0.26536458333333335 0.225 0.0421875 0.06296296296296296
1 0.82734375 0.1527777777777778 0.0421875 0.06481481481481481
1 0.9416666666666667 0.21064814814814814 0.053125 0.05277777777777778
1 0.89921875 0.26296296296296295 0.0546875 0.06851851851851852
1 0.6557291666666667 0.1398148148148148 0.036458333333333336 0.05555555555555555
1 0.44583333333333336 0.14444444444444443 0.036458333333333336 0.04259259259259259
1 0.34921875 0.13703703703703704 0.0359375 0.03888888888888889
1 0.44973958333333336 0.07824074074074074 0.0265625 0.03981481481481482
1 0.28671875 0.12546296296296297 0.027604166666666666 0.04722222222222222
1 0.51015625 0.12731481481481483 0.030729166666666665 0.032407407407407406
1 0.43854166666666666 0.225 0.029166666666666667 0.05925925925925926
1 0.178125 0.21064814814814814 0.04479166666666667 0.03425925925925926
1 0.17786458333333333 0.25046296296296294 0.0453125 0.06574074074074074
1 0.24036458333333333 0.1550925925925926 0.043229166666666666 0.06759259259259259
1 0.31171875 0.15694444444444444 0.04114583333333333 0.03796296296296296
1 0.25859375 0.1865740740740741 0.0390625 0.05462962962962963
1 0.30364583333333334 0.13842592592592592 0.036458333333333336 0.04351851851851852
1 0.16979166666666667 0.13796296296296295 0.036458333333333336 0.03333333333333333
1 0.8278645833333333 0.1962962962962963 0.04010416666666667 0.05
1 0.6276041666666666 0.12453703703703704 0.030208333333333334 0.05277777777777778
1 0.27421875 0.25555555555555554 0.043229166666666666 0.07037037037037037
1 0.5690104166666666 0.11574074074074074 0.028645833333333332 0.03518518518518519
1 0.7260416666666667 0.11712962962962963 0.016666666666666666 0.05277777777777778
1 0.4283854166666667 0.13194444444444445 0.034895833333333334 0.058333333333333334
1 0.19453125 0.29398148148148145 0.05260416666666667 0.0712962962962963
1 0.42161458333333335 0.07037037037037037 0.021354166666666667 0.03148148148148148
1 0.18932291666666667 0.07962962962962963 0.0171875 0.024074074074074074
1 0.22447916666666667 0.11203703703703703 0.027083333333333334 0.04259259259259259
1 0.2515625 0.07592592592592592 0.019791666666666666 0.027777777777777776
1 0.5794270833333334 0.13148148148148148 0.024479166666666666 0.040740740740740744
1 0.3419270833333333 0.1175925925925926 0.03697916666666667 0.040740740740740744
1 0.16041666666666668 0.10833333333333334 0.03333333333333333 0.05
1 0.34713541666666664 0.07916666666666666 0.019270833333333334 0.032407407407407406
1 0.3296875 0.07361111111111111 0.023958333333333335 0.023148148148148147
1 0.40703125 0.06666666666666667 0.016145833333333335 0.022222222222222223
1 0.64140625 0.09212962962962963 0.021354166666666667 0.030555555555555555
1 0.16796875 0.1537037037037037 0.0328125 0.03888888888888889
1 0.7013020833333333 0.13425925925925927 0.034895833333333334 0.044444444444444446
1 0.19401041666666666 0.25925925925925924 0.05260416666666667 0.04814814814814815
1 0.5578125 0.0962962962962963 0.026041666666666668 0.046296296296296294
1 0.8424479166666666 0.23333333333333334 0.050520833333333334 0.05925925925925926
1 0.6015625 0.11851851851851852 0.025 0.02962962962962963
1 0.2981770833333333 0.27546296296296297 0.0640625 0.07314814814814814