2 0.94921875 0.16712962962962963 0.08489583333333334 0.1787037037037037
2 0.8049479166666667 0.13240740740740742 0.0640625 0.12777777777777777
2 0.7546875 0.43425925925925923 0.128125 0.2462962962962963
1 0.6390625 0.38981481481481484 0.078125 0.1037037037037037
1 0.178125 0.6 0.10625 0.12777777777777777
1 0.8513020833333333 0.8597222222222223 0.15572916666666667 0.20092592592592592
1 0.49114583333333334 0.7810185185185186 0.140625 0.18981481481481483
1 0.21901041666666668 0.6814814814814815 0.1109375 0.15
1 0.5419270833333333 0.47685185185185186 0.0921875 0.1259259259259259
1 0.5869791666666667 0.8856481481481482 0.17291666666666666 0.22685185185185186
1 0.953125 0.2986111111111111 0.0625 0.08796296296296297
1 0.2986979166666667 0.32222222222222224 0.06197916666666667 0.08148148148148149
1 0.55078125 0.3226851851851852 0.059895833333333336 0.08611111111111111
1 0.509375 0.2833333333333333 0.057291666666666664 0.07592592592592592
1 0.6322916666666667 0.3037037037037037 0.059375 0.08333333333333333
1 0.38203125 0.4912037037037037 0.0921875 0.12314814814814815
1 0.19296875 0.28564814814814815 0.05260416666666667 0.08055555555555556
1 0.6723958333333333 0.45 0.05 0.11851851851851852
1 0.18932291666666667 0.40555555555555556 0.07864583333333333 0.0962962962962963
1 0.26875 0.22870370370370371 0.041666666666666664 0.05740740740740741
1 0.6018229166666667 0.26805555555555555 0.0578125 0.08425925925925926
1 0.6184895833333334 0.18287037037037038 0.0390625 0.03796296296296296
1 0.52265625 0.42407407407407405 0.07447916666666667 0.1111111111111111
1 0.5903645833333333 0.14583333333333334 0.034895833333333334 0.04537037037037037
1 0.43776041666666665 0.34305555555555556 0.0734375 0.125
1 0.19296875 0.4962962962962963 0.08385416666666666 0.12777777777777777
1 0.8229166666666666 0.24074074074074073 0.05520833333333333 0.08518518518518518
1 0.36796875 0.28564814814814815 0.04010416666666667 0.07685185185185185
1 0.8924479166666667 0.6222222222222222 0.1421875 0.23148148148148148
1 0.35833333333333334 0.42453703703703705 0.09583333333333334 0.14907407407407408
1 0.6901041666666666 0.21805555555555556 0.042708333333333334 0.05462962962962963
1 0.7260416666666667 0.2013888888888889 0.03854166666666667 0.05648148148148148
1 0.4010416666666667 0.17777777777777778 0.041666666666666664 0.05740740740740741
1 0.9380208333333333 0.24675925925925926 0.057291666666666664 0.07314814814814814
1 0.2390625 0.1476851851851852 0.030208333333333334 0.04351851851851852
1 0.34661458333333334 0.2152777777777778 0.0359375 0.06018518518518518
1 0.5138020833333333 0.11296296296296296 0.027604166666666666 0.03333333333333333
1 0.8890625 0.1726851851851852 0.0375 0.062037037037037036
1 0.6346354166666667 0.12731481481481483 0.0421875 0.058333333333333334
1 0.46588541666666666 0.08981481481481482 0.025520833333333333 0.03518518518518519
1 0.69609375 0.1259259259259259 0.0296875 0.03333333333333333
1 0.9528645833333333 0.9805555555555555 0.09322916666666667 0.037037037037037035
1 0.23098958333333333 0.13796296296296295 0.0359375 0.03888888888888889
1 0.26666666666666666 0.10416666666666667 0.026041666666666668 0.03981481481481482
1 0.2513020833333333 0.17777777777777778 0.04010416666666667 0.05
1 0.40989583333333335 0.12731481481481483 0.030208333333333334 0.03981481481481482
1 0.41510416666666666 0.19768518518518519 0.03229166666666667 0.058333333333333334
1 0.44947916666666665 0.08148148148148149 0.019791666666666666 0.03148148148148148
1 0.5731770833333333 0.1361111111111111 0.03177083333333333 0.04814814814814815
1 0.490625 0.09814814814814815 0.03125 0.044444444444444446
1 0.4401041666666667 0.20925925925925926 0.042708333333333334 0.07407407407407407
1 0.45234375 0.15833333333333333 0.0359375 0.05555555555555555
1 0.4114583333333333 0.06898148148148148 0.019791666666666666 0.023148148148148147
1 0.38333333333333336 0.1037037037037037 0.027083333333333334 0.046296296296296294
1 0.34140625 0.12175925925925926 0.027604166666666666 0.03611111111111111
1 0.7518229166666667 0.17222222222222222 0.03697916666666667 0.06111111111111111
1 0.3697916666666667 0.24351851851851852 0.053125 0.08518518518518518
1 0.6643229166666667 0.12083333333333333 0.018229166666666668 0.03611111111111111
1 0.39921875 0.1175925925925926 0.0296875 0.046296296296296294
1 0.32395833333333335 0.1726851851851852 0.035416666666666666 0.06018518518518518
1 0.8697916666666666 0.16157407407407406 0.036458333333333336 0.06388888888888888
1 0.7856770833333333 0.19027777777777777 0.04739583333333333 0.06944444444444445
1 0.2984375 0.14583333333333334 0.03333333333333333 0.05648148148148148
1 0.34348958333333335 0.19537037037037036 0.04114583333333333 0.05925925925925926
1 0.2643229166666667 0.20185185185185187 0.0421875 0.04814814814814815
1 0.18880208333333334 0.23564814814814813 0.043229166666666666 0.06759259259259259
1 0.7364583333333333 0.14166666666666666 0.036458333333333336 0.053703703703703705
1 0.3299479166666667 0.07175925925925926 0.0203125 0.023148148148148147
1 0.46458333333333335 0.24768518518518517 0.041666666666666664 0.06759259259259259
1 0.7083333333333334 0.1337962962962963 0.026041666666666668 0.026851851851851852
1 0.21145833333333333 0.1050925925925926 0.022916666666666665 0.041666666666666664
1 0.48463541666666665 0.26157407407407407 0.044270833333333336 0.075
1 0.6919270833333333 0.17824074074074073 0.03802083333333333 0.03981481481481482
1 0.41067708333333336 0.2962962962962963 0.0578125 0.10555555555555556
1 0.3190104166666667 0.10138888888888889 0.0296875 0.03796296296296296
1 0.16901041666666666 0.18518518518518517 0.033854166666666664 0.06111111111111111
1 0.32395833333333335 0.11574074074074074 0.019791666666666666 0.03333333333333333
1 0.43359375 0.14583333333333334 0.025520833333333333 0.041666666666666664
1 0.16901041666666666 0.1486111111111111 0.033854166666666664 0.03981481481481482
1 0.5768229166666666 0.0787037037037037 0.0265625 0.03148148148148148
1 0.5994791666666667 0.11527777777777778 0.03125 0.05092592592592592
1 0.62265625 0.10277777777777777 0.022395833333333334 0.037037037037037035
1 0.6763020833333333 0.17407407407407408 0.0390625 0.06666666666666667
1 0.7078125 0.15925925925925927 0.029166666666666667 0.03333333333333333
1 0.90234375 0.17916666666666667 0.0171875 0.06759259259259259
1 0.43645833333333334 0.07175925925925926 0.017708333333333333 0.030555555555555555
1 0.5372395833333333 0.06574074074074074 0.0234375 0.03148148148148148
1 0.18072916666666666 0.20972222222222223 0.04375 0.07314814814814814
1 0.9911458333333333 0.3574074074074074 0.016666666666666666 0.08888888888888889
1 0.3653645833333333 0.1527777777777778 0.0421875 0.053703703703703705