2 0.7440104166666667 0.1125 0.06197916666666667 0.1287037037037037
2 0.6700520833333333 0.09490740740740741 0.05260416666666667 0.10462962962962963
1 0.057291666666666664 0.46574074074074073 0.08645833333333333 0.12962962962962962
1 0.9114583333333334 0.6407407407407407 0.121875 0.1685185185185185
1 0.74765625 0.49212962962962964 0.09947916666666666 0.12685185185185185
1 0.6825520833333333 0.9388888888888889 0.24947916666666667 0.12037037037037036
1 0.6091145833333333 0.562037037037037 0.11197916666666667 0.14629629629629629
1 0.31666666666666665 0.3425925925925926 0.059375 0.07962962962962963
1 0.37057291666666664 0.525 0.10260416666666666 0.13148148148148148
1 0.6518229166666667 0.19537037037037036 0.0421875 0.044444444444444446
1 0.46848958333333335 0.3837962962962963 0.08697916666666666 0.1287037037037037
1 0.6302083333333334 0.38796296296296295 0.08020833333333334 0.10925925925925926
1 0.40182291666666664 0.5833333333333334 0.1078125 0.1425925925925926
1 0.20859375 0.35648148148148145 0.0609375 0.09259259259259259
1 0.6731770833333334 0.43657407407407406 0.08697916666666666 0.125
1 0.425 0.31851851851851853 0.059375 0.08333333333333333
1 0.24635416666666668 0.9097222222222222 0.16979166666666667 0.1787037037037037
1 0.5611979166666666 0.48564814814814816 0.09947916666666666 0.1527777777777778
1 0.9760416666666667 0.30648148148148147 0.046875 0.07222222222222222
1 0.69765625 0.7018518518518518 0.1578125 0.25
1 0.9619791666666667 0.19814814814814816 0.04479166666666667 0.05555555555555555
1 0.48723958333333334 0.18055555555555555 0.04114583333333333 0.06296296296296296
1 0.48515625 0.25092592592592594 0.05364583333333333 0.07407407407407407
1 0.5328125 0.21342592592592594 0.04375 0.06018518518518518
1 0.30416666666666664 0.29907407407407405 0.058333333333333334 0.07777777777777778
1 0.9325520833333333 0.3337962962962963 0.06822916666666666 0.09351851851851851
1 0.9513020833333333 0.48009259259259257 0.09635416666666667 0.14537037037037037
1 0.38723958333333336 0.27361111111111114 0.05677083333333333 0.0787037037037037
1 0.41119791666666666 0.19537037037037036 0.0390625 0.053703703703703705
1 0.3841145833333333 0.16435185185185186 0.0359375 0.049074074074074076
1 0.525 0.2833333333333333 0.05416666666666667 0.08148148148148149
1 0.5786458333333333 0.32222222222222224 0.06979166666666667 0.10925925925925926
1 0.5739583333333333 0.23287037037037037 0.04895833333333333 0.07685185185185185
1 0.7067708333333333 0.1935185185185185 0.040625 0.05925925925925926
1 0.7484375 0.2388888888888889 0.04583333333333333 0.05
1 0.19010416666666666 0.3106481481481482 0.059375 0.10092592592592593
1 0.45859375 0.24212962962962964 0.0328125 0.06574074074074074
1 0.6364583333333333 0.16018518518518518 0.0375 0.06296296296296296
1 0.28151041666666665 0.2777777777777778 0.0453125 0.07222222222222222
1 0.36302083333333335 0.08981481481481482 0.026041666666666668 0.03148148148148148
1 0.8359375 0.19722222222222222 0.042708333333333334 0.037037037037037035
1 0.7408854166666666 0.20787037037037037 0.04635416666666667 0.06018518518518518
1 0.5690104166666666 0.13425925925925927 0.0328125 0.040740740740740744
1 0.19817708333333334 0.13055555555555556 0.028645833333333332 0.04814814814814815
1 0.34479166666666666 0.20046296296296295 0.03854166666666667 0.06759259259259259
1 0.88203125 0.19953703703703704 0.0421875 0.06018518518518518
1 0.3697916666666667 0.23472222222222222 0.04583333333333333 0.08055555555555556
1 0.7130208333333333 0.1587962962962963 0.0375 0.03981481481481482
1 0.8486979166666667 0.2898148148148148 0.05677083333333333 0.05925925925925926
1 0.87265625 0.22407407407407406 0.0453125 0.06481481481481481
1 0.5080729166666667 0.1050925925925926 0.024479166666666666 0.03796296296296296
1 0.46640625 0.15694444444444444 0.034895833333333334 0.04351851851851852
1 0.8979166666666667 0.2722222222222222 0.05416666666666667 0.07037037037037037
1 0.25807291666666665 0.19953703703703704 0.0328125 0.05462962962962963
1 0.44505208333333335 0.2152777777777778 0.044270833333333336 0.07314814814814814
1 0.3606770833333333 0.14722222222222223 0.034895833333333334 0.040740740740740744
1 0.4390625 0.14212962962962963 0.034375 0.062037037037037036
1 0.9239583333333333 0.18796296296296297 0.040625 0.053703703703703705
1 0.8291666666666667 0.2375 0.05 0.06388888888888888
1 0.4869791666666667 0.11435185185185186 0.027083333333333334 0.028703703703703703
1 0.4388020833333333 0.07314814814814814 0.025520833333333333 0.037037037037037035
1 0.29192708333333334 0.13287037037037036 0.028645833333333332 0.05092592592592592
1 0.8015625 0.14212962962962963 0.03229166666666667 0.058333333333333334
1 0.6291666666666667 0.12777777777777777 0.03333333333333333 0.05185185185185185
1 0.2747395833333333 0.24027777777777778 0.049479166666666664 0.06944444444444445
1 0.178125 0.2708333333333333 0.05416666666666667 0.06944444444444445
1 0.32526041666666666 0.18564814814814815 0.0328125 0.062037037037037036
1 0.17161458333333332 0.19398148148148148 0.0359375 0.05277777777777778
1 0.6182291666666667 0.08564814814814815 0.021875 0.030555555555555555
1 0.7854166666666667 0.25925925925925924 0.05416666666666667 0.06111111111111111
1 0.7796875 0.18981481481481483 0.040625 0.07407407407407407
1 0.52578125 0.13240740740740742 0.0203125 0.025925925925925925
1 0.48046875 0.0912037037037037 0.0328125 0.03796296296296296
1 0.3533854166666667 0.0824074074074074 0.0203125 0.02962962962962963
1 0.16796875 0.08148148148148149 0.033854166666666664 0.02962962962962963
1 0.3536458333333333 0.12824074074074074 0.0375 0.049074074074074076
1 0.3033854166666667 0.09027777777777778 0.021354166666666667 0.030555555555555555
1 0.6989583333333333 0.10925925925925926 0.03125 0.05
1 0.6013020833333333 0.11574074074074074 0.030729166666666665 0.05
1 0.228125 0.11712962962962963 0.029166666666666667 0.04537037037037037
1 0.33359375 0.07314814814814814 0.025520833333333333 0.027777777777777776
1 0.4513020833333333 0.15092592592592594 0.0265625 0.05
1 0.5403645833333334 0.09259259259259259 0.0296875 0.046296296296296294
1 0.30963541666666666 0.15462962962962962 0.03802083333333333 0.05740740740740741
1 0.2625 0.09351851851851851 0.027083333333333334 0.03518518518518519
1 0.4122395833333333 0.06805555555555555 0.021354166666666667 0.025
1 0.2526041666666667 0.08101851851851852 0.021875 0.03425925925925926
1 0.5778645833333333 0.11481481481481481 0.021354166666666667 0.040740740740740744
1 0.5552083333333333 0.11851851851851852 0.023958333333333335 0.044444444444444446
1 0.16927083333333334 0.16574074074074074 0.035416666666666666 0.040740740740740744
1 0.39739583333333334 0.06574074074074074 0.014583333333333334 0.024074074074074074
1 0.24375 0.16527777777777777 0.042708333333333334 0.06944444444444445
1 0.52265625 0.08657407407407407 0.018229166666666668 0.03796296296296296
1 0.19375 0.0824074074074074 0.019791666666666666 0.025925925925925925
1 0.15572916666666667 0.11157407407407408 0.03333333333333333 0.05092592592592592
1 0.253125 0.13518518518518519 0.025 0.037037037037037035
1 0.48984375 0.06851851851851852 0.019270833333333334 0.020370370370370372
1 0.77890625 0.12731481481481483 0.016145833333333335 0.04537037037037037
1 0.175 0.23703703703703705 0.05416666666666667 0.05555555555555555
1 0.16901041666666666 0.1449074074074074 0.04010416666666667 0.03796296296296296
1 0.9908854166666666 0.37222222222222223 0.0171875 0.09814814814814815