2 0.9510416666666667 0.16712962962962963 0.084375 0.17685185185185184
2 0.753125 0.43287037037037035 0.12708333333333333 0.24351851851851852
2 0.8052083333333333 0.13240740740740742 0.06458333333333334 0.1259259259259259
1 0.17708333333333334 0.5967592592592592 0.10833333333333334 0.125
1 0.6375 0.3888888888888889 0.07708333333333334 0.10185185185185185
1 0.21875 0.6773148148148148 0.11041666666666666 0.14907407407407408
1 0.48776041666666664 0.775 0.1390625 0.18703703703703703
1 0.5822916666666667 0.8796296296296297 0.17083333333333334 0.2388888888888889
1 0.8455729166666667 0.8523148148148149 0.1546875 0.19907407407407407
1 0.95546875 0.29953703703703705 0.06302083333333333 0.08796296296296297
1 0.55 0.32175925925925924 0.059375 0.08425925925925926
1 0.5403645833333334 0.47453703703703703 0.09010416666666667 0.125
1 0.5088541666666667 0.28194444444444444 0.058333333333333334 0.07685185185185185
1 0.29791666666666666 0.32175925925925924 0.06145833333333333 0.08055555555555556
1 0.6713541666666667 0.44814814814814813 0.05 0.11481481481481481
1 0.6302083333333334 0.30324074074074076 0.059375 0.08425925925925926
1 0.19244791666666666 0.2865740740740741 0.05260416666666667 0.07685185185185185
1 0.38046875 0.4888888888888889 0.09427083333333333 0.12222222222222222
1 0.6197916666666666 0.1837962962962963 0.03854166666666667 0.03796296296296296
1 0.94765625 0.975462962962963 0.10364583333333334 0.04722222222222222
1 0.60078125 0.2671296296296296 0.0578125 0.08425925925925926
1 0.5213541666666667 0.4217592592592593 0.07395833333333333 0.11203703703703703
1 0.18880208333333334 0.4041666666666667 0.07760416666666667 0.09537037037037037
1 0.26875 0.22824074074074074 0.041666666666666664 0.05648148148148148
1 0.5916666666666667 0.14629629629629629 0.035416666666666666 0.04814814814814815
1 0.825 0.24212962962962964 0.05520833333333333 0.08425925925925926
1 0.19192708333333333 0.4935185185185185 0.08697916666666666 0.12407407407407407
1 0.7276041666666667 0.20092592592592592 0.03854166666666667 0.05740740740740741
1 0.9401041666666666 0.24768518518518517 0.058333333333333334 0.07314814814814814
1 0.4375 0.34120370370370373 0.07291666666666667 0.12685185185185185
1 0.6916666666666667 0.2175925925925926 0.04479166666666667 0.05185185185185185
1 0.4010416666666667 0.17731481481481481 0.040625 0.058333333333333334
1 0.3578125 0.42314814814814816 0.09583333333333334 0.14814814814814814
1 0.36875 0.28564814814814815 0.03958333333333333 0.075
1 0.23802083333333332 0.1486111111111111 0.029166666666666667 0.04537037037037037
1 0.88828125 0.6189814814814815 0.14010416666666667 0.23055555555555557
1 0.3463541666666667 0.21435185185185185 0.036458333333333336 0.058333333333333334
1 0.18828125 0.23472222222222222 0.043229166666666666 0.06759259259259259
1 0.45 0.08101851851851852 0.020833333333333332 0.03425925925925926
1 0.4661458333333333 0.08935185185185185 0.026041666666666668 0.03425925925925926
1 0.8885416666666667 0.1726851851851852 0.035416666666666666 0.062037037037037036
1 0.6361979166666667 0.12777777777777777 0.04010416666666667 0.05925925925925926
1 0.2518229166666667 0.17777777777777778 0.0421875 0.05
1 0.415625 0.19675925925925927 0.03333333333333333 0.058333333333333334
1 0.696875 0.12638888888888888 0.029166666666666667 0.032407407407407406
1 0.49114583333333334 0.09907407407407408 0.03125 0.04259259259259259
1 0.2669270833333333 0.10462962962962963 0.025520833333333333 0.040740740740740744
1 0.5729166666666666 0.13703703703703704 0.029166666666666667 0.04814814814814815
1 0.8713541666666667 0.16203703703703703 0.0375 0.06481481481481481
1 0.34140625 0.12175925925925926 0.028645833333333332 0.03425925925925926
1 0.18098958333333334 0.21712962962962962 0.0421875 0.058333333333333334
1 0.34348958333333335 0.19490740740740742 0.04010416666666667 0.06018518518518518
1 0.2984375 0.14629629629629629 0.03229166666666667 0.05740740740740741
1 0.4119791666666667 0.06944444444444445 0.019791666666666666 0.024074074074074074
1 0.21119791666666668 0.10601851851851851 0.0234375 0.04351851851851852
1 0.5140625 0.11435185185185186 0.026041666666666668 0.032407407407407406
1 0.39895833333333336 0.11898148148148148 0.030208333333333334 0.04722222222222222
1 0.9036458333333334 0.17916666666666667 0.017708333333333333 0.0712962962962963
1 0.66484375 0.12222222222222222 0.019270833333333334 0.037037037037037035
1 0.46432291666666664 0.24675925925925926 0.0421875 0.06574074074074074
1 0.48125 0.26064814814814813 0.04791666666666667 0.075
1 0.40989583333333335 0.1259259259259259 0.03125 0.040740740740740744
1 0.3697916666666667 0.24305555555555555 0.05416666666666667 0.08425925925925926
1 0.38333333333333336 0.1037037037037037 0.027083333333333334 0.046296296296296294
1 0.32760416666666664 0.18796296296296297 0.026041666666666668 0.05185185185185185
1 0.7096354166666666 0.13333333333333333 0.025520833333333333 0.027777777777777776
1 0.32447916666666665 0.17222222222222222 0.034375 0.05925925925925926
1 0.7377604166666667 0.1412037037037037 0.03697916666666667 0.05277777777777778
1 0.4401041666666667 0.20925925925925926 0.04375 0.07592592592592592
1 0.16953125 0.18518518518518517 0.0359375 0.05925925925925926
1 0.41041666666666665 0.3148148148148148 0.05520833333333333 0.08333333333333333
1 0.26484375 0.20185185185185187 0.044270833333333336 0.04814814814814815
1 0.3299479166666667 0.07268518518518519 0.021354166666666667 0.023148148148148147
1 0.3541666666666667 0.14166666666666666 0.028125 0.03888888888888889
1 0.7528645833333333 0.1726851851851852 0.0359375 0.06018518518518518
1 0.5393229166666667 0.06574074074074074 0.021354166666666667 0.03148148148148148
1 0.16822916666666668 0.14953703703703702 0.034375 0.041666666666666664
1 0.5526041666666667 0.12222222222222222 0.015625 0.037037037037037035
1 0.2296875 0.12962962962962962 0.035416666666666666 0.05740740740740741
1 0.43333333333333335 0.1439814814814815 0.025 0.03981481481481482
1 0.28125 0.11712962962962963 0.027083333333333334 0.04351851851851852
1 0.5997395833333333 0.11527777777777778 0.03177083333333333 0.05092592592592592
1 0.45286458333333335 0.1574074074074074 0.034895833333333334 0.05555555555555555
1 0.6770833333333334 0.17453703703703705 0.03854166666666667 0.06574074074074074
1 0.69140625 0.18194444444444444 0.04010416666666667 0.04351851851851852
1 0.6234375 0.1037037037037037 0.021875 0.037037037037037035
1 0.31953125 0.10092592592592593 0.027604166666666666 0.037037037037037035
1 0.7088541666666667 0.15925925925925927 0.030208333333333334 0.03333333333333333
1 0.17864583333333334 0.19305555555555556 0.04375 0.04722222222222222
1 0.81796875 0.17175925925925925 0.0390625 0.05092592592592592
1 0.7973958333333333 0.1875 0.022916666666666665 0.062037037037037036
1 0.3671875 0.15185185185185185 0.03854166666666667 0.05185185185185185