2 0.6364583333333333 0.0912037037037037 0.10104166666666667 0.09722222222222222
1 0.9140625 0.625462962962963 0.128125 0.16944444444444445
1 0.6317708333333333 0.6375 0.13958333333333334 0.2101851851851852
1 0.21197916666666666 0.5513888888888889 0.103125 0.14166666666666666
1 0.38307291666666665 0.5101851851851852 0.0921875 0.11851851851851852
1 0.9020833333333333 0.8888888888888888 0.18541666666666667 0.22037037037037038
1 0.5919270833333333 0.3490740740740741 0.0734375 0.09814814814814815
1 0.47317708333333336 0.37777777777777777 0.07135416666666666 0.1037037037037037
1 0.7640625 0.4842592592592593 0.10104166666666667 0.15925925925925927
1 0.35651041666666666 0.4236111111111111 0.0765625 0.10462962962962963
1 0.18567708333333333 0.3611111111111111 0.07135416666666666 0.09444444444444444
1 0.6471354166666666 0.3976851851851852 0.07552083333333333 0.11388888888888889
1 0.5783854166666667 0.23935185185185184 0.05260416666666667 0.0824074074074074
1 0.7153645833333333 0.32916666666666666 0.06822916666666666 0.10648148148148148
1 0.42604166666666665 0.20416666666666666 0.042708333333333334 0.05277777777777778
1 0.3302083333333333 0.3861111111111111 0.06770833333333333 0.0962962962962963
1 0.17057291666666666 0.2412037037037037 0.0421875 0.062037037037037036
1 0.46536458333333336 0.24675925925925926 0.0515625 0.06388888888888888
1 0.5611979166666666 0.3277777777777778 0.0546875 0.08703703703703704
1 0.51484375 0.27824074074074073 0.0578125 0.09166666666666666
1 0.53828125 0.46435185185185185 0.08385416666666666 0.11944444444444445
1 0.8270833333333333 0.15601851851851853 0.034375 0.04537037037037037
1 0.8098958333333334 0.20416666666666666 0.042708333333333334 0.058333333333333334
1 0.18854166666666666 0.30185185185185187 0.052083333333333336 0.05740740740740741
1 0.5106770833333333 0.19768518518518519 0.0390625 0.06574074074074074
1 0.44375 0.34953703703703703 0.053125 0.08796296296296297
1 0.7395833333333334 0.15092592592592594 0.03333333333333333 0.04814814814814815
1 0.30520833333333336 0.31805555555555554 0.059375 0.08055555555555556
1 0.8369791666666667 0.2875 0.06458333333333334 0.05462962962962963
1 0.3619791666666667 0.24166666666666667 0.03854166666666667 0.06481481481481481
1 0.64140625 0.29444444444444445 0.0609375 0.08148148148148149
1 0.39817708333333335 0.2569444444444444 0.0515625 0.08611111111111111
1 0.1828125 0.2162037037037037 0.03854166666666667 0.058333333333333334
1 0.42421875 0.3101851851851852 0.0640625 0.1
1 0.6302083333333334 0.18518518518518517 0.035416666666666666 0.03888888888888889
1 0.35833333333333334 0.08935185185185185 0.03229166666666667 0.041666666666666664
1 0.2559895833333333 0.2037037037037037 0.049479166666666664 0.08148148148148149
1 0.3184895833333333 0.18055555555555555 0.028645833333333332 0.05185185185185185
1 0.3536458333333333 0.22314814814814815 0.03854166666666667 0.06111111111111111
1 0.75234375 0.20185185185185187 0.04114583333333333 0.03518518518518519
1 0.2908854166666667 0.12824074074074074 0.0265625 0.041666666666666664
1 0.7526041666666666 0.24027777777777778 0.059375 0.06759259259259259
1 0.54453125 0.14444444444444443 0.034895833333333334 0.03518518518518519
1 0.7981770833333334 0.13935185185185187 0.030729166666666665 0.028703703703703703
1 0.34088541666666666 0.19490740740740742 0.0390625 0.06944444444444445
1 0.025520833333333333 0.47685185185185186 0.051041666666666666 0.15
1 0.8515625 0.24074074074074073 0.04583333333333333 0.046296296296296294
1 0.6604166666666667 0.13564814814814816 0.03229166666666667 0.03981481481481482
1 0.26979166666666665 0.2523148148148148 0.041666666666666664 0.06944444444444445
1 0.5416666666666666 0.22175925925925927 0.04479166666666667 0.08055555555555556
1 0.7046875 0.16296296296296298 0.03333333333333333 0.05
1 0.8484375 0.2162037037037037 0.04791666666666667 0.06944444444444445
1 0.39453125 0.11435185185185186 0.028645833333333332 0.03796296296296296
1 0.5591145833333333 0.125 0.027604166666666666 0.05185185185185185
1 0.9505208333333334 0.28564814814814815 0.07708333333333334 0.10833333333333334
1 0.32317708333333334 0.10694444444444444 0.024479166666666666 0.03796296296296296
1 0.44244791666666666 0.09351851851851851 0.0234375 0.027777777777777776
1 0.8901041666666667 0.26851851851851855 0.05520833333333333 0.08703703703703704
1 0.7143229166666667 0.22175925925925927 0.0453125 0.05092592592592592
1 0.34322916666666664 0.1259259259259259 0.027083333333333334 0.037037037037037035
1 0.4981770833333333 0.1837962962962963 0.043229166666666666 0.07314814814814814
1 0.72421875 0.16620370370370371 0.034895833333333334 0.041666666666666664
1 0.7971354166666667 0.16898148148148148 0.027604166666666666 0.03796296296296296
1 0.9559895833333333 0.2064814814814815 0.050520833333333334 0.03148148148148148
1 0.38567708333333334 0.10324074074074074 0.025520833333333333 0.03611111111111111
1 0.7109375 0.19444444444444445 0.041666666666666664 0.05740740740740741
1 0.3684895833333333 0.1476851851851852 0.025520833333333333 0.041666666666666664
1 0.7223958333333333 0.11666666666666667 0.03333333333333333 0.044444444444444446
1 0.3377604166666667 0.07546296296296297 0.0203125 0.030555555555555555
1 0.696875 0.10833333333333334 0.028125 0.040740740740740744
1 0.6072916666666667 0.1486111111111111 0.03229166666666667 0.04537037037037037
1 0.6080729166666666 0.17175925925925925 0.03177083333333333 0.03796296296296296
1 0.16822916666666668 0.12638888888888888 0.034375 0.05462962962962963
1 0.315625 0.16296296296296298 0.034375 0.05925925925925926
1 0.17734375 0.14583333333333334 0.033854166666666664 0.026851851851851852
1 0.3020833333333333 0.14814814814814814 0.028125 0.05185185185185185
1 0.6565104166666667 0.16111111111111112 0.034895833333333334 0.04259259259259259
1 0.6270833333333333 0.10694444444444444 0.026041666666666668 0.03981481481481482
1 0.5091145833333334 0.10787037037037037 0.0265625 0.03425925925925926
1 0.46484375 0.09074074074074075 0.024479166666666666 0.037037037037037035
1 0.14817708333333332 0.12638888888888888 0.013020833333333334 0.04537037037037037
1 0.396875 0.18333333333333332 0.03958333333333333 0.05740740740740741
1 0.17057291666666666 0.19953703703703704 0.03697916666666667 0.04537037037037037
1 0.17291666666666666 0.1736111111111111 0.03958333333333333 0.03425925925925926
1 0.21666666666666667 0.0787037037037037 0.025 0.025925925925925925
1 0.2596354166666667 0.09490740740740741 0.027604166666666666 0.03981481481481482
1 0.62109375 0.12314814814814815 0.03177083333333333 0.03333333333333333
1 0.6625 0.20416666666666666 0.040625 0.041666666666666664
1 0.56328125 0.1050925925925926 0.025520833333333333 0.041666666666666664
1 0.20182291666666666 0.10740740740740741 0.022395833333333334 0.03518518518518519
1 0.6325520833333333 0.15231481481481482 0.025520833333333333 0.028703703703703703
1 0.5799479166666667 0.08842592592592592 0.018229166666666668 0.04351851851851852
1 0.5231770833333333 0.09351851851851851 0.015104166666666667 0.03148148148148148
1 0.39348958333333334 0.16111111111111112 0.04010416666666667 0.05925925925925926
1 0.23697916666666666 0.15092592592592594 0.035416666666666666 0.053703703703703705
1 0.23229166666666667 0.12685185185185185 0.034375 0.03148148148148148
1 0.1671875 0.3333333333333333 0.052083333333333336 0.1
1 0.29635416666666664 0.27870370370370373 0.052083333333333336 0.07407407407407407
1 0.9578125 0.24212962962962964 0.06770833333333333 0.05277777777777778
1 0.9911458333333333 0.7907407407407407 0.016666666666666666 0.17592592592592593
1 0.9911458333333333 0.23657407407407408 0.016666666666666666 0.058333333333333334