1 0.5046875 0.7907407407407407 0.13854166666666667 0.17962962962962964
1 0.7255208333333333 0.7013888888888888 0.128125 0.175
1 0.2838541666666667 0.9055555555555556 0.16770833333333332 0.18703703703703703
1 0.5247395833333334 0.3055555555555556 0.06302083333333333 0.07962962962962963
1 0.5841145833333333 0.5236111111111111 0.0953125 0.1398148148148148
1 0.41822916666666665 0.6111111111111112 0.11145833333333334 0.14629629629629629
1 0.20442708333333334 0.48564814814814816 0.09635416666666667 0.12685185185185185
1 0.04583333333333333 0.44305555555555554 0.08229166666666667 0.1287037037037037
1 0.7278645833333334 0.4740740740740741 0.10052083333333334 0.13148148148148148
1 0.3450520833333333 0.41712962962962963 0.0796875 0.10277777777777777
1 0.60625 0.3574074074074074 0.07708333333333334 0.11851851851851852
1 0.8169270833333333 0.5569444444444445 0.1078125 0.15648148148148147
1 0.47239583333333335 0.24953703703703703 0.051041666666666666 0.06759259259259259
1 0.684375 0.30925925925925923 0.06666666666666667 0.10555555555555556
1 0.7903645833333334 0.3962962962962963 0.08177083333333333 0.10740740740740741
1 0.1859375 0.4023148148148148 0.07708333333333334 0.09907407407407408
1 0.91484375 0.2814814814814815 0.0609375 0.07962962962962963
1 0.39869791666666665 0.5370370370370371 0.10572916666666667 0.13703703703703704
1 0.30572916666666666 0.31157407407407406 0.06145833333333333 0.0824074074074074
1 0.4375 0.22407407407407406 0.046875 0.06296296296296296
1 0.6390625 0.2763888888888889 0.058333333333333334 0.09166666666666666
1 0.4036458333333333 0.29814814814814816 0.04583333333333333 0.07962962962962963
1 0.5799479166666667 0.24675925925925926 0.0515625 0.0787037037037037
1 0.42604166666666665 0.13518518518518519 0.03229166666666667 0.046296296296296294
1 0.69140625 0.21574074074074073 0.04635416666666667 0.044444444444444446
1 0.9236979166666667 0.4699074074074074 0.09739583333333333 0.14907407407407408
1 0.8369791666666667 0.24259259259259258 0.052083333333333336 0.08148148148148149
1 0.49375 0.11666666666666667 0.027083333333333334 0.037037037037037035
1 0.6885416666666667 0.4412037037037037 0.07604166666666666 0.11203703703703703
1 0.6416666666666667 0.18564814814814815 0.04375 0.05092592592592592
1 0.5276041666666667 0.47129629629629627 0.08854166666666667 0.11481481481481481
1 0.39557291666666666 0.17546296296296296 0.03177083333333333 0.049074074074074076
1 0.9783854166666667 0.2050925925925926 0.0421875 0.075
1 0.33229166666666665 0.35324074074074074 0.065625 0.08981481481481482
1 0.39140625 0.2708333333333333 0.04739583333333333 0.07314814814814814
1 0.38255208333333335 0.10694444444444444 0.03177083333333333 0.05092592592592592
1 0.7013020833333333 0.16342592592592592 0.03697916666666667 0.05092592592592592
1 0.33958333333333335 0.2152777777777778 0.0375 0.06018518518518518
1 0.18177083333333333 0.25416666666666665 0.05 0.06388888888888888
1 0.17890625 0.2898148148148148 0.050520833333333334 0.07407407407407407
1 0.5578125 0.08888888888888889 0.025 0.02962962962962963
1 0.7401041666666667 0.12777777777777777 0.025 0.03518518518518519
1 0.5 0.40879629629629627 0.08541666666666667 0.1287037037037037
1 0.6130208333333333 0.17407407407407408 0.030208333333333334 0.040740740740740744
1 0.36432291666666666 0.10046296296296296 0.0140625 0.032407407407407406
1 0.4427083333333333 0.3226851851851852 0.06354166666666666 0.10092592592592593
1 0.6643229166666667 0.12361111111111112 0.0296875 0.04351851851851852
1 0.16223958333333333 0.08194444444444444 0.024479166666666666 0.028703703703703703
1 0.6489583333333333 0.16805555555555557 0.034375 0.05092592592592592
1 0.17317708333333334 0.13657407407407407 0.03697916666666667 0.04537037037037037
1 0.7546875 0.1587962962962963 0.03333333333333333 0.030555555555555555
1 0.7208333333333333 0.14074074074074075 0.03229166666666667 0.046296296296296294
1 0.340625 0.18287037037037038 0.040625 0.04537037037037037
1 0.22682291666666668 0.12083333333333333 0.03177083333333333 0.03796296296296296
1 0.5809895833333333 0.16157407407407406 0.034895833333333334 0.03425925925925926
1 0.8690104166666667 0.19212962962962962 0.03177083333333333 0.049074074074074076
1 0.9125 0.23703703703703705 0.05520833333333333 0.06666666666666667
1 0.3463541666666667 0.13842592592592592 0.026041666666666668 0.03796296296296296
1 0.840625 0.1814814814814815 0.03229166666666667 0.04814814814814815
1 0.6153645833333333 0.14675925925925926 0.034895833333333334 0.03425925925925926
1 0.67578125 0.10648148148148148 0.025520833333333333 0.046296296296296294
1 0.5619791666666667 0.14583333333333334 0.029166666666666667 0.03425925925925926
1 0.34270833333333334 0.12361111111111112 0.028125 0.04537037037037037
1 0.7338541666666667 0.20324074074074075 0.040625 0.06944444444444445
1 0.7747395833333334 0.21388888888888888 0.05677083333333333 0.08518518518518518
1 0.5984375 0.1111111111111111 0.027083333333333334 0.03518518518518519
1 0.5122395833333333 0.10694444444444444 0.0265625 0.04537037037037037
1 0.91328125 0.16574074074074074 0.049479166666666664 0.05555555555555555
1 0.5716145833333334 0.10324074074074074 0.022395833333333334 0.026851851851851852
1 0.27395833333333336 0.10648148148148148 0.03333333333333333 0.04259259259259259
1 0.36171875 0.14537037037037037 0.030729166666666665 0.03888888888888889
1 0.5645833333333333 0.2273148148148148 0.052083333333333336 0.08611111111111111
1 0.8088541666666667 0.1986111111111111 0.035416666666666666 0.058333333333333334
1 0.16666666666666666 0.16944444444444445 0.028125 0.03148148148148148
1 0.47369791666666666 0.09212962962962963 0.025520833333333333 0.028703703703703703
1 0.2908854166666667 0.13657407407407407 0.030729166666666665 0.04351851851851852
1 0.3546875 0.08564814814814815 0.020833333333333332 0.032407407407407406
1 0.32057291666666665 0.10416666666666667 0.0265625 0.03981481481481482
1 0.7203125 0.11157407407407408 0.020833333333333332 0.01574074074074074
1 0.32135416666666666 0.17731481481481481 0.03125 0.058333333333333334
1 0.6484375 0.1337962962962963 0.03229166666666667 0.032407407407407406
1 0.4109375 0.07685185185185185 0.019791666666666666 0.022222222222222223
1 0.6359375 0.12638888888888888 0.027083333333333334 0.032407407407407406
1 0.43723958333333335 0.07962962962962963 0.0234375 0.03518518518518519
1 0.30104166666666665 0.14814814814814814 0.03229166666666667 0.040740740740740744
1 0.6479166666666667 0.09351851851851851 0.028125 0.037037037037037035
1 0.26536458333333335 0.2037037037037037 0.05572916666666667 0.05925925925925926
1 0.28567708333333336 0.12314814814814815 0.0359375 0.03333333333333333
1 0.8861979166666667 0.20555555555555555 0.0296875 0.06111111111111111
1 0.171875 0.23981481481481481 0.041666666666666664 0.05740740740740741
1 0.36822916666666666 0.23194444444444445 0.046875 0.0787037037037037
1 0.17864583333333334 0.2023148148148148 0.042708333333333334 0.04537037037037037
1 0.4166666666666667 0.12685185185185185 0.027083333333333334 0.05
1 0.5427083333333333 0.07222222222222222 0.017708333333333333 0.025925925925925925
1 0.4981770833333333 0.07962962962962963 0.021354166666666667 0.03518518518518519
1 0.190625 0.07824074074074074 0.01875 0.023148148148148147
1 0.21145833333333333 0.0837962962962963 0.025 0.03425925925925926
1 0.5921875 0.13472222222222222 0.030208333333333334 0.03981481481481482
1 0.9072916666666667 0.21203703703703702 0.053125 0.06666666666666667
1 0.7174479166666666 0.19166666666666668 0.034895833333333334 0.05555555555555555
1 0.27265625 0.24305555555555555 0.059895833333333336 0.09537037037037037
1 0.5546875 0.11898148148148148 0.021875 0.030555555555555555
1 0.42473958333333334 0.1935185185185185 0.043229166666666666 0.07037037037037037
1 0.3703125 0.21296296296296297 0.04375 0.040740740740740744
1 0.25234375 0.1712962962962963 0.043229166666666666 0.05555555555555555
1 0.24322916666666666 0.14074074074074075 0.042708333333333334 0.037037037037037035