2 0.7138020833333333 0.10092592592592593 0.05572916666666667 0.12037037037037036
2 0.6510416666666666 0.09166666666666666 0.05 0.0962962962962963
1 0.32786458333333335 0.6564814814814814 0.12552083333333333 0.16111111111111112
1 0.45416666666666666 0.7185185185185186 0.13541666666666666 0.17222222222222222
1 0.7018229166666666 0.6833333333333333 0.13697916666666668 0.17777777777777778
1 0.5072916666666667 0.4439814814814815 0.09895833333333333 0.14722222222222223
1 0.8606770833333334 0.5888888888888889 0.1203125 0.1537037037037037
1 0.33619791666666665 0.38657407407407407 0.06614583333333333 0.08796296296296297
1 0.8802083333333334 0.8773148148148148 0.21458333333333332 0.24351851851851852
1 0.6328125 0.575925925925926 0.11770833333333333 0.1814814814814815
1 0.7002604166666667 0.44583333333333336 0.0921875 0.12129629629629629
1 0.20572916666666666 0.4060185185185185 0.071875 0.10648148148148148
1 0.7614583333333333 0.5111111111111111 0.103125 0.1425925925925926
1 0.31927083333333334 0.33287037037037037 0.0625 0.08425925925925926
1 0.4549479166666667 0.35648148148148145 0.06614583333333333 0.09074074074074075
1 0.5138020833333333 0.2791666666666667 0.059895833333333336 0.0824074074074074
1 0.5127604166666667 0.19722222222222222 0.044270833333333336 0.06666666666666667
1 0.5643229166666667 0.23703703703703705 0.04635416666666667 0.06851851851851852
1 0.4122395833333333 0.30277777777777776 0.058854166666666666 0.08518518518518518
1 0.43125 0.21157407407407408 0.03958333333333333 0.058333333333333334
1 0.9104166666666667 0.18333333333333332 0.040625 0.05185185185185185
1 0.5520833333333334 0.3162037037037037 0.059375 0.08981481481481482
1 0.6111979166666667 0.17824074074074073 0.03697916666666667 0.04351851851851852
1 0.775 0.2564814814814815 0.051041666666666666 0.05185185185185185
1 0.6106770833333334 0.25972222222222224 0.05364583333333333 0.08611111111111111
1 0.6674479166666667 0.17824074074074073 0.0390625 0.05648148148148148
1 0.29635416666666664 0.3074074074074074 0.051041666666666666 0.07962962962962963
1 0.39921875 0.17685185185185184 0.03697916666666667 0.04814814814814815
1 0.9828125 0.2726851851851852 0.03333333333333333 0.08425925925925926
1 0.8791666666666667 0.17407407407407408 0.035416666666666666 0.05185185185185185
1 0.165625 0.3509259259259259 0.065625 0.11296296296296296
1 0.8299479166666667 0.18287037037037038 0.0390625 0.05648148148148148
1 0.2625 0.2152777777777778 0.03854166666666667 0.058333333333333334
1 0.37057291666666664 0.1587962962962963 0.03697916666666667 0.04537037037037037
1 0.8427083333333333 0.2833333333333333 0.06041666666666667 0.06296296296296296
1 0.7236979166666667 0.2324074074074074 0.04635416666666667 0.05740740740740741
1 0.6338541666666667 0.3638888888888889 0.07708333333333334 0.12222222222222222
1 0.68046875 0.14583333333333334 0.033854166666666664 0.03981481481481482
1 0.46536458333333336 0.2324074074074074 0.0484375 0.07962962962962963
1 0.7705729166666667 0.13518518518518519 0.0359375 0.05555555555555555
1 0.4921875 0.09907407407407408 0.025 0.037037037037037035
1 0.8208333333333333 0.24351851851851852 0.04791666666666667 0.06851851851851852
1 0.93203125 0.3337962962962963 0.0796875 0.11388888888888889
1 0.19427083333333334 0.13842592592592592 0.025 0.04537037037037037
1 0.4875 0.17731481481481481 0.03854166666666667 0.05462962962962963
1 0.3606770833333333 0.21805555555555556 0.0421875 0.07314814814814814
1 0.6927083333333334 0.2125 0.03958333333333333 0.04351851851851852
1 0.38307291666666665 0.2550925925925926 0.050520833333333334 0.08425925925925926
1 0.6997395833333333 0.1837962962962963 0.04010416666666667 0.03796296296296296
1 0.39479166666666665 0.2861111111111111 0.042708333333333334 0.07222222222222222
1 0.6044270833333333 0.14675925925925926 0.034895833333333334 0.058333333333333334
1 0.8895833333333333 0.3037037037037037 0.03958333333333333 0.053703703703703705
1 0.49166666666666664 0.2657407407407407 0.04583333333333333 0.07222222222222222
1 0.54296875 0.12453703703703704 0.0359375 0.03981481481481482
1 0.46640625 0.16527777777777777 0.03177083333333333 0.05277777777777778
1 0.2552083333333333 0.08425925925925926 0.023958333333333335 0.03518518518518519
1 0.4544270833333333 0.15231481481481482 0.03802083333333333 0.058333333333333334
1 0.28489583333333335 0.2625 0.05416666666666667 0.07314814814814814
1 0.17421875 0.20879629629629629 0.0390625 0.05648148148148148
1 0.3703125 0.1 0.025 0.03518518518518519
1 0.46901041666666665 0.10787037037037037 0.0265625 0.026851851851851852
1 0.2981770833333333 0.14166666666666666 0.030729166666666665 0.05185185185185185
1 0.278125 0.11388888888888889 0.028125 0.037037037037037035
1 0.7953125 0.17592592592592593 0.017708333333333333 0.027777777777777776
1 0.31796875 0.16018518518518518 0.04114583333333333 0.04814814814814815
1 0.3359375 0.11435185185185186 0.030208333333333334 0.041666666666666664
1 0.7322916666666667 0.1597222222222222 0.035416666666666666 0.03796296296296296
1 0.33567708333333335 0.19074074074074074 0.03697916666666667 0.053703703703703705
1 0.27786458333333336 0.21805555555555556 0.03697916666666667 0.032407407407407406
1 0.17578125 0.2513888888888889 0.05677083333333333 0.04537037037037037
1 0.17552083333333332 0.18703703703703703 0.03854166666666667 0.04814814814814815
1 0.81640625 0.1935185185185185 0.0390625 0.037037037037037035
1 0.30755208333333334 0.09444444444444444 0.022395833333333334 0.03148148148148148
1 0.5955729166666667 0.0824074074074074 0.019270833333333334 0.02962962962962963
1 0.16744791666666667 0.08101851851851852 0.0328125 0.025
1 0.175 0.2949074074074074 0.06145833333333333 0.075
1 0.8872395833333333 0.2671296296296296 0.05364583333333333 0.06388888888888888
1 0.5783854166666667 0.1111111111111111 0.03177083333333333 0.05
1 0.94609375 0.24861111111111112 0.05572916666666667 0.06388888888888888
1 0.23229166666666667 0.12916666666666668 0.03229166666666667 0.04722222222222222
1 0.6721354166666667 0.11944444444444445 0.0296875 0.04259259259259259
1 0.34921875 0.13055555555555556 0.027604166666666666 0.040740740740740744
1 0.47604166666666664 0.06388888888888888 0.01875 0.018518518518518517
1 0.5567708333333333 0.10787037037037037 0.020833333333333332 0.03425925925925926
1 0.80625 0.21296296296296297 0.03854166666666667 0.05555555555555555
1 0.6080729166666666 0.11064814814814815 0.027604166666666666 0.030555555555555555
1 0.73671875 0.20833333333333334 0.03802083333333333 0.04814814814814815
1 0.2921875 0.13055555555555556 0.026041666666666668 0.046296296296296294
1 0.5106770833333333 0.12685185185185185 0.028645833333333332 0.03333333333333333
1 0.24973958333333332 0.18981481481481483 0.044270833333333336 0.04814814814814815
1 0.74921875 0.12083333333333333 0.0203125 0.04537037037037037
1 0.553125 0.12453703703703704 0.015625 0.03796296296296296
1 0.246875 0.16203703703703703 0.04479166666666667 0.04259259259259259
1 0.16927083333333334 0.16666666666666666 0.041666666666666664 0.06296296296296296