1 0.20911458333333333 0.6074074074074074 0.12135416666666667 0.1574074074074074
1 0.5263020833333333 0.812962962962963 0.14739583333333334 0.19814814814814816
1 0.68671875 0.6675925925925926 0.1265625 0.17962962962962964
1 0.465625 0.6925925925925925 0.13229166666666667 0.17592592592592593
1 0.37057291666666664 0.5055555555555555 0.09427083333333333 0.1259259259259259
1 0.93828125 0.29583333333333334 0.0609375 0.07685185185185185
1 0.9458333333333333 0.9361111111111111 0.10729166666666666 0.1259259259259259
1 0.57890625 0.35462962962962963 0.07135416666666666 0.09074074074074075
1 0.68359375 0.42685185185185187 0.0921875 0.1425925925925926
1 0.5096354166666667 0.2824074074074074 0.0578125 0.07777777777777778
1 0.8643229166666667 0.5953703703703703 0.1296875 0.16666666666666666
1 0.8098958333333334 0.23981481481481481 0.051041666666666666 0.06851851851851852
1 0.43671875 0.3435185185185185 0.0546875 0.08888888888888889
1 0.8059895833333334 0.5435185185185185 0.1015625 0.13703703703703704
1 0.19348958333333333 0.48842592592592593 0.09010416666666667 0.1175925925925926
1 0.6119791666666666 0.587037037037037 0.10729166666666666 0.14444444444444443
1 0.321875 0.3597222222222222 0.065625 0.09351851851851851
1 0.7721354166666666 0.37037037037037035 0.08177083333333333 0.12407407407407407
1 0.465625 0.2518518518518518 0.051041666666666666 0.06666666666666667
1 0.36354166666666665 0.41712962962962963 0.07395833333333333 0.10648148148148148
1 0.48671875 0.37777777777777777 0.0734375 0.11666666666666667
1 0.6455729166666667 0.2902777777777778 0.059895833333333336 0.09166666666666666
1 0.18359375 0.33055555555555555 0.05677083333333333 0.08333333333333333
1 0.7192708333333333 0.32546296296296295 0.07083333333333333 0.10462962962962963
1 0.4203125 0.30972222222222223 0.05416666666666667 0.0824074074074074
1 0.44973958333333336 0.15416666666666667 0.0359375 0.049074074074074076
1 0.83671875 0.21388888888888888 0.043229166666666666 0.06296296296296296
1 0.3809895833333333 0.11018518518518519 0.016145833333333335 0.03518518518518519
1 0.35885416666666664 0.24166666666666667 0.040625 0.06111111111111111
1 0.7442708333333333 0.17546296296296296 0.042708333333333334 0.05277777777777778
1 0.9515625 0.7282407407407407 0.09583333333333334 0.20462962962962963
1 0.7533854166666667 0.2111111111111111 0.044270833333333336 0.06666666666666667
1 0.2859375 0.27314814814814814 0.06354166666666666 0.1037037037037037
1 0.6049479166666667 0.14583333333333334 0.0328125 0.04537037037037037
1 0.18020833333333333 0.1550925925925926 0.04479166666666667 0.06388888888888888
1 0.9263020833333333 0.4898148148148148 0.10052083333333334 0.13333333333333333
1 0.30911458333333336 0.16527777777777777 0.03697916666666667 0.05092592592592592
1 0.89140625 0.18611111111111112 0.049479166666666664 0.06851851851851852
1 0.578125 0.49953703703703706 0.10416666666666667 0.15833333333333333
1 0.35130208333333335 0.1337962962962963 0.030729166666666665 0.04722222222222222
1 0.3927083333333333 0.25925925925925924 0.052083333333333336 0.08888888888888889
1 0.41770833333333335 0.1935185185185185 0.034375 0.05
1 0.44973958333333336 0.21574074074074073 0.0484375 0.07592592592592592
1 0.23645833333333333 0.15185185185185185 0.029166666666666667 0.04259259259259259
1 0.9294270833333333 0.24074074074074073 0.0546875 0.07037037037037037
1 0.6294270833333333 0.18888888888888888 0.04010416666666667 0.040740740740740744
1 0.3796875 0.16435185185185186 0.03333333333333333 0.04722222222222222
1 0.6239583333333333 0.26481481481481484 0.06041666666666667 0.1
1 0.47161458333333334 0.10833333333333334 0.025520833333333333 0.03333333333333333
1 0.28125 0.11527777777777778 0.036458333333333336 0.049074074074074076
1 0.23098958333333333 0.12824074074074074 0.03177083333333333 0.041666666666666664
1 0.44244791666666666 0.14212962962962963 0.030729166666666665 0.05277777777777778
1 0.6677083333333333 0.17824074074074073 0.028125 0.062037037037037036
1 0.5671875 0.1527777777777778 0.027083333333333334 0.03518518518518519
1 0.28489583333333335 0.1449074074074074 0.029166666666666667 0.041666666666666664
1 0.715625 0.14675925925925926 0.03333333333333333 0.04351851851851852
1 0.3307291666666667 0.07407407407407407 0.029166666666666667 0.02962962962962963
1 0.35989583333333336 0.15601851851851853 0.025 0.03981481481481482
1 0.6783854166666666 0.12546296296296297 0.028645833333333332 0.041666666666666664
1 0.70546875 0.12083333333333333 0.028645833333333332 0.03981481481481482
1 0.18828125 0.2861111111111111 0.05260416666666667 0.07222222222222222
1 0.6333333333333333 0.1125 0.026041666666666668 0.03425925925925926
1 0.5934895833333333 0.16574074074074074 0.03802083333333333 0.05
1 0.3692708333333333 0.09351851851851851 0.021875 0.03333333333333333
1 0.17395833333333333 0.10092592592592593 0.021875 0.018518518518518517
1 0.5739583333333333 0.12777777777777777 0.028125 0.024074074074074074
1 0.15807291666666667 0.0912037037037037 0.024479166666666666 0.04351851851851852
1 0.9651041666666667 0.1935185185185185 0.04583333333333333 0.06666666666666667
1 0.54375 0.14027777777777778 0.027083333333333334 0.026851851851851852
1 0.5255208333333333 0.13240740740740742 0.022916666666666665 0.03148148148148148
1 0.5161458333333333 0.08703703703703704 0.025 0.037037037037037035
1 0.8322916666666667 0.1763888888888889 0.03958333333333333 0.03981481481481482
1 0.6966145833333334 0.18425925925925926 0.049479166666666664 0.07592592592592592
1 0.17369791666666667 0.20277777777777778 0.0453125 0.06481481481481481
1 0.2638020833333333 0.09768518518518518 0.022395833333333334 0.03611111111111111
1 0.328125 0.20879629629629629 0.01875 0.041666666666666664
1 0.6580729166666667 0.14351851851851852 0.033854166666666664 0.044444444444444446
1 0.3541666666666667 0.21342592592592594 0.042708333333333334 0.07314814814814814
1 0.6109375 0.1259259259259259 0.03333333333333333 0.044444444444444446
1 0.40182291666666664 0.11944444444444445 0.034895833333333334 0.05740740740740741
1 0.54921875 0.09444444444444444 0.015104166666666667 0.024074074074074074
1 0.4010416666666667 0.18287037037037038 0.03333333333333333 0.058333333333333334
1 0.8497395833333333 0.15462962962962962 0.0453125 0.06481481481481481
1 0.5244791666666667 0.10555555555555556 0.021875 0.025925925925925925
1 0.27838541666666666 0.22962962962962963 0.0640625 0.07592592592592592
1 0.50859375 0.12361111111111112 0.022395833333333334 0.032407407407407406
1 0.6494791666666667 0.09861111111111111 0.023958333333333335 0.041666666666666664
1 0.3333333333333333 0.11805555555555555 0.03125 0.04537037037037037
1 0.4546875 0.08518518518518518 0.021875 0.02962962962962963
1 0.571875 0.10046296296296296 0.025 0.028703703703703703
1 0.17005208333333333 0.1310185185185185 0.0359375 0.041666666666666664
1 0.6575520833333334 0.16666666666666666 0.0328125 0.05185185185185185
1 0.33515625 0.19675925925925927 0.0328125 0.06574074074074074
1 0.6893229166666667 0.10787037037037037 0.018229166666666668 0.021296296296296296
1 0.2526041666666667 0.18287037037037038 0.035416666666666666 0.06944444444444445
1 0.17473958333333334 0.2537037037037037 0.0453125 0.08333333333333333
1 0.8002604166666667 0.18425925925925926 0.028645833333333332 0.05740740740740741