2 0.8752604166666667 0.14629629629629629 0.0734375 0.15925925925925927
2 0.76015625 0.11990740740740741 0.0640625 0.11944444444444445
2 0.8880208333333334 0.5509259259259259 0.16458333333333333 0.30925925925925923
1 0.18723958333333332 0.7611111111111111 0.13697916666666668 0.16296296296296298
1 0.7276041666666667 0.4773148148148148 0.09479166666666666 0.1175925925925926
1 0.2625 0.8824074074074074 0.14479166666666668 0.1962962962962963
1 0.7104166666666667 0.35555555555555557 0.06979166666666667 0.0962962962962963
1 0.5484375 0.3236111111111111 0.065625 0.08611111111111111
1 0.7885416666666667 0.5569444444444445 0.052083333333333336 0.1398148148148148
1 0.6317708333333333 0.5976851851851852 0.11666666666666667 0.15462962962962962
1 0.4309895833333333 0.6129629629629629 0.11197916666666667 0.1537037037037037
1 0.6192708333333333 0.3787037037037037 0.07083333333333333 0.1
1 0.9114583333333334 0.28703703703703703 0.06458333333333334 0.07777777777777778
1 0.19166666666666668 0.3263888888888889 0.06041666666666667 0.0824074074074074
1 0.5966145833333333 0.5222222222222223 0.09010416666666667 0.13518518518518519
1 0.3859375 0.5236111111111111 0.11875 0.1824074074074074
1 0.8375 0.2851851851851852 0.06354166666666666 0.06851851851851852
1 0.34322916666666664 0.33101851851851855 0.06458333333333334 0.08425925925925926
1 0.32369791666666664 0.37175925925925923 0.07135416666666666 0.09351851851851851
1 0.4817708333333333 0.17777777777777778 0.03854166666666667 0.06111111111111111
1 0.5765625 0.16157407407407406 0.03333333333333333 0.03981481481481482
1 0.6703125 0.30787037037037035 0.065625 0.09351851851851851
1 0.2791666666666667 0.25324074074074077 0.04583333333333333 0.062037037037037036
1 0.21302083333333333 0.6092592592592593 0.10416666666666667 0.15555555555555556
1 0.39609375 0.2726851851851852 0.0609375 0.09166666666666666
1 0.6260416666666667 0.18611111111111112 0.041666666666666664 0.03888888888888889
1 0.496875 0.2814814814814815 0.04791666666666667 0.07777777777777778
1 0.2 0.5157407407407407 0.10104166666666667 0.1685185185185185
1 0.4278645833333333 0.33101851851851855 0.059895833333333336 0.10648148148148148
1 0.47317708333333336 0.4060185185185185 0.0921875 0.14351851851851852
1 0.6697916666666667 0.17824074074074073 0.03854166666666667 0.049074074074074076
1 0.5213541666666667 0.2986111111111111 0.05416666666666667 0.08611111111111111
1 0.4466145833333333 0.36435185185185187 0.0609375 0.10092592592592593
1 0.7544270833333333 0.21203703703703702 0.0484375 0.07777777777777778
1 0.41744791666666664 0.19444444444444445 0.0453125 0.06111111111111111
1 0.19244791666666666 0.26064814814814813 0.04739583333333333 0.07314814814814814
1 0.56015625 0.12962962962962962 0.0296875 0.040740740740740744
1 0.8505208333333333 0.21851851851851853 0.05 0.06481481481481481
1 0.46119791666666665 0.2361111111111111 0.049479166666666664 0.08333333333333333
1 0.36692708333333335 0.2388888888888889 0.04010416666666667 0.06666666666666667
1 0.38697916666666665 0.1675925925925926 0.03958333333333333 0.05740740740740741
1 0.7286458333333333 0.16944444444444445 0.03958333333333333 0.06111111111111111
1 0.42604166666666665 0.13796296296296295 0.03333333333333333 0.04814814814814815
1 0.45390625 0.1625 0.0296875 0.04537037037037037
1 0.43828125 0.21805555555555556 0.03802083333333333 0.06574074074074074
1 0.9182291666666667 0.17777777777777778 0.021875 0.06666666666666667
1 0.3984375 0.11342592592592593 0.029166666666666667 0.05092592592592592
1 0.86796875 0.25277777777777777 0.049479166666666664 0.06666666666666667
1 0.275 0.11203703703703703 0.029166666666666667 0.044444444444444446
1 0.3528645833333333 0.1337962962962963 0.030729166666666665 0.03981481481481482
1 0.25729166666666664 0.19398148148148148 0.04479166666666667 0.05462962962962963
1 0.5213541666666667 0.11203703703703703 0.026041666666666668 0.04259259259259259
1 0.3658854166666667 0.15601851851851853 0.030729166666666665 0.04351851851851852
1 0.30833333333333335 0.16018518518518518 0.03958333333333333 0.05925925925925926
1 0.4942708333333333 0.10324074074074074 0.026041666666666668 0.032407407407407406
1 0.6619791666666667 0.14074074074074075 0.030208333333333334 0.02962962962962963
1 0.3385416666666667 0.07546296296296297 0.022916666666666665 0.030555555555555555
1 0.9765625 0.25787037037037036 0.04583333333333333 0.08796296296296297
1 0.23333333333333334 0.1388888888888889 0.036458333333333336 0.05740740740740741
1 0.6015625 0.1162037037037037 0.0375 0.05462962962962963
1 0.41432291666666665 0.1300925925925926 0.030729166666666665 0.05277777777777778
1 0.29140625 0.12731481481481483 0.03177083333333333 0.04722222222222222
1 0.33541666666666664 0.12268518518518519 0.026041666666666668 0.03425925925925926
1 0.3546875 0.21296296296296297 0.041666666666666664 0.06481481481481481
1 0.4752604166666667 0.09074074074074075 0.030729166666666665 0.04259259259259259
1 0.7010416666666667 0.15 0.035416666666666666 0.05555555555555555
1 0.27265625 0.22962962962962963 0.0484375 0.05925925925925926
1 0.8322916666666667 0.1587962962962963 0.017708333333333333 0.05648148148148148
1 0.6640625 0.11388888888888889 0.023958333333333335 0.027777777777777776
1 0.6325520833333333 0.13472222222222222 0.028645833333333332 0.025
1 0.3333333333333333 0.18796296296296297 0.03854166666666667 0.06481481481481481
1 0.17213541666666668 0.15787037037037038 0.034895833333333334 0.041666666666666664
1 0.8260416666666667 0.14907407407407408 0.030208333333333334 0.05925925925925926
1 0.6479166666666667 0.16296296296296298 0.030208333333333334 0.044444444444444446
1 0.5309895833333333 0.08472222222222223 0.024479166666666666 0.023148148148148147
1 0.6755208333333333 0.12685185185185185 0.01875 0.037037037037037035
1 0.21328125 0.1125 0.027604166666666666 0.04351851851851852
1 0.5747395833333333 0.10462962962962963 0.028645833333333332 0.04259259259259259
1 0.6252604166666667 0.15601851851851853 0.025520833333333333 0.028703703703703703
1 0.17734375 0.20185185185185187 0.0484375 0.06851851851851852
1 0.6963541666666667 0.12685185185185185 0.03333333333333333 0.04259259259259259
1 0.24661458333333333 0.16203703703703703 0.03697916666666667 0.046296296296296294
1 0.16588541666666667 0.08425925925925926 0.0265625 0.020370370370370372
1 0.4484375 0.07916666666666666 0.027083333333333334 0.03981481481481482
1 0.18229166666666666 0.23425925925925925 0.04791666666666667 0.07962962962962963
1 0.40182291666666664 0.06712962962962964 0.022395833333333334 0.021296296296296296
1 0.16953125 0.13796296296296295 0.0328125 0.03333333333333333
1 0.3268229166666667 0.10972222222222222 0.03177083333333333 0.041666666666666664
1 0.33958333333333335 0.2074074074074074 0.025 0.053703703703703705
1 0.9778645833333334 0.3726851851851852 0.043229166666666666 0.09166666666666666