3 0.8674479166666667 0.2462962962962963 0.06302083333333333 0.09444444444444444
2 0.8557291666666667 0.1685185185185185 0.08125 0.1685185185185185
2 0.8986979166666667 0.1310185185185185 0.0734375 0.15648148148148147
1 0.7580729166666667 0.5180555555555556 0.1046875 0.13425925925925927
1 0.46171875 0.6662037037037037 0.1203125 0.1675925925925926
1 0.5552083333333333 0.8953703703703704 0.16666666666666666 0.2074074074074074
1 0.24635416666666668 0.8666666666666667 0.15625 0.20555555555555555
1 0.9705729166666667 0.30324074074074076 0.0578125 0.10462962962962963
1 0.18697916666666667 0.3875 0.06875 0.10092592592592593
1 0.6640625 0.17824074074074073 0.03854166666666667 0.05462962962962963
1 0.3932291666666667 0.5319444444444444 0.09583333333333334 0.1361111111111111
1 0.5557291666666667 0.3347222222222222 0.06770833333333333 0.08611111111111111
1 0.040625 0.46064814814814814 0.08125 0.11018518518518519
1 0.74140625 0.21203703703703702 0.044270833333333336 0.05740740740740741
1 0.6255208333333333 0.3888888888888889 0.07708333333333334 0.10740740740740741
1 0.5544270833333333 0.4949074074074074 0.09322916666666667 0.125
1 0.47265625 0.25092592592592594 0.043229166666666666 0.06851851851851852
1 0.51171875 0.4310185185185185 0.0796875 0.11203703703703703
1 0.42291666666666666 0.13518518518518519 0.026041666666666668 0.04259259259259259
1 0.42291666666666666 0.31527777777777777 0.05 0.0787037037037037
1 0.6481770833333333 0.5805555555555556 0.1109375 0.17962962962962964
1 0.5213541666666667 0.20185185185185187 0.042708333333333334 0.05925925925925926
1 0.69765625 0.13425925925925927 0.03177083333333333 0.044444444444444446
1 0.45546875 0.34444444444444444 0.0671875 0.11481481481481481
1 0.3380208333333333 0.20555555555555555 0.04583333333333333 0.06111111111111111
1 0.3971354166666667 0.2740740740740741 0.05572916666666667 0.08888888888888889
1 0.9283854166666666 0.8939814814814815 0.1421875 0.2101851851851852
1 0.40234375 0.19490740740740742 0.033854166666666664 0.049074074074074076
1 0.6239583333333333 0.15601851851851853 0.035416666666666666 0.05462962962962963
1 0.3221354166666667 0.3625 0.0828125 0.1361111111111111
1 0.4309895833333333 0.2074074074074074 0.04010416666666667 0.06111111111111111
1 0.1765625 0.18611111111111112 0.040625 0.05740740740740741
1 0.45338541666666665 0.22962962962962963 0.04114583333333333 0.07222222222222222
1 0.38515625 0.1648148148148148 0.033854166666666664 0.05555555555555555
1 0.8588541666666667 0.43333333333333335 0.090625 0.13333333333333333
1 0.9606770833333333 0.19722222222222222 0.04635416666666667 0.05925925925925926
1 0.65859375 0.14166666666666666 0.034895833333333334 0.05185185185185185
1 0.98125 0.7101851851851851 0.036458333333333336 0.18703703703703703
1 0.4010416666666667 0.11342592592592593 0.026041666666666668 0.03796296296296296
1 0.71796875 0.16805555555555557 0.0390625 0.05092592592592592
1 0.75390625 0.17685185185185184 0.03697916666666667 0.053703703703703705
1 0.49270833333333336 0.18055555555555555 0.03854166666666667 0.05925925925925926
1 0.15494791666666666 0.10277777777777777 0.0265625 0.04259259259259259
1 0.37526041666666665 0.24768518518518517 0.04114583333333333 0.0824074074074074
1 0.7390625 0.10972222222222222 0.0375 0.030555555555555555
1 0.44921875 0.15138888888888888 0.04114583333333333 0.06574074074074074
1 0.5372395833333333 0.14166666666666666 0.0328125 0.03148148148148148
1 0.5294270833333333 0.2796296296296296 0.05677083333333333 0.09444444444444444
1 0.17734375 0.125 0.0296875 0.03518518518518519
1 0.28151041666666665 0.12222222222222222 0.0203125 0.040740740740740744
1 0.634375 0.12731481481481483 0.03125 0.03425925925925926
1 0.26510416666666664 0.2310185185185185 0.04479166666666667 0.08055555555555556
1 0.5901041666666667 0.13842592592592592 0.03854166666666667 0.058333333333333334
1 0.5541666666666667 0.10277777777777777 0.020833333333333332 0.03333333333333333
1 0.30078125 0.1310185185185185 0.034895833333333334 0.04537037037037037
1 0.23072916666666668 0.11944444444444445 0.030208333333333334 0.053703703703703705
1 0.16692708333333334 0.2912037037037037 0.0515625 0.07314814814814814
1 0.80859375 0.3819444444444444 0.09010416666666667 0.13796296296296295
1 0.5684895833333333 0.13333333333333333 0.0234375 0.05185185185185185
1 0.29609375 0.2902777777777778 0.05260416666666667 0.09722222222222222
1 0.16354166666666667 0.25277777777777777 0.059375 0.07592592592592592
1 0.33645833333333336 0.07083333333333333 0.020833333333333332 0.023148148148148147
1 0.50625 0.26851851851851855 0.041666666666666664 0.07962962962962963
1 0.5192708333333333 0.08287037037037037 0.021875 0.025
1 0.5705729166666667 0.09166666666666666 0.0234375 0.03148148148148148
1 0.30104166666666665 0.08842592592592592 0.025 0.03611111111111111
1 0.17265625 0.15833333333333333 0.0390625 0.044444444444444446
1 0.3359375 0.175 0.03125 0.020370370370370372
1 0.4703125 0.07222222222222222 0.020833333333333332 0.03333333333333333
1 0.9799479166666667 0.5231481481481481 0.0390625 0.17592592592592593
1 0.2786458333333333 0.23703703703703705 0.051041666666666666 0.07222222222222222
1 0.18125 0.30185185185185187 0.0625 0.05740740740740741
1 0.6484375 0.10185185185185185 0.028125 0.02962962962962963
1 0.23828125 0.18425925925925926 0.04635416666666667 0.07407407407407407
1 0.4822916666666667 0.10787037037037037 0.020833333333333332 0.026851851851851852
1 0.17916666666666667 0.3453703703703704 0.05625 0.07222222222222222
1 0.46848958333333335 0.1037037037037037 0.019270833333333334 0.024074074074074074
1 0.2708333333333333 0.17083333333333334 0.03229166666666667 0.04537037037037037
1 0.35260416666666666 0.08333333333333333 0.022916666666666665 0.025925925925925925
1 0.5122395833333333 0.12175925925925926 0.03177083333333333 0.03611111111111111
1 0.5994791666666667 0.07777777777777778 0.021875 0.024074074074074074
1 0.72421875 0.13472222222222222 0.022395833333333334 0.021296296296296296
1 0.303125 0.1625 0.036458333333333336 0.03981481481481482
1 0.42916666666666664 0.08611111111111111 0.023958333333333335 0.027777777777777776
1 0.4786458333333333 0.08703703703703704 0.019791666666666666 0.018518518518518517
1 0.4015625 0.06666666666666667 0.019791666666666666 0.022222222222222223
1 0.7502604166666667 0.14166666666666666 0.0359375 0.03888888888888889
1 0.3171875 0.2962962962962963 0.06458333333333334 0.08148148148148149
1 0.36484375 0.14953703703703702 0.03177083333333333 0.04537037037037037