2 0.93046875 0.16157407407407406 0.08489583333333334 0.1675925925925926
2 0.778125 0.45601851851851855 0.13333333333333333 0.2601851851851852
2 0.79453125 0.13194444444444445 0.0671875 0.1287037037037037
1 0.6557291666666667 0.4083333333333333 0.08125 0.1
1 0.22291666666666668 0.7175925925925926 0.11875 0.15925925925925927
1 0.17552083333333332 0.6296296296296297 0.11145833333333334 0.13333333333333333
1 0.6356770833333333 0.9148148148148149 0.18697916666666667 0.1685185185185185
1 0.9158854166666667 0.9143518518518519 0.1671875 0.16944444444444445
1 0.5200520833333333 0.8412037037037037 0.15052083333333333 0.20833333333333334
1 0.5651041666666666 0.3333333333333333 0.0625 0.08888888888888889
1 0.390625 0.5138888888888888 0.09479166666666666 0.12962962962962962
1 0.64453125 0.31296296296296294 0.06197916666666667 0.08518518518518518
1 0.5174479166666667 0.28935185185185186 0.059895833333333336 0.0787037037037037
1 0.6942708333333333 0.4685185185185185 0.04791666666666667 0.11851851851851852
1 0.3046875 0.3314814814814815 0.06354166666666666 0.08333333333333333
1 0.19375 0.2935185185185185 0.05520833333333333 0.07962962962962963
1 0.9309895833333334 0.287962962962963 0.059895833333333336 0.08333333333333333
1 0.9671875 0.33287037037037037 0.06458333333333334 0.08796296296296297
1 0.5364583333333334 0.4412037037037037 0.07708333333333334 0.11574074074074074
1 0.36484375 0.29305555555555557 0.050520833333333334 0.0787037037037037
1 0.6138020833333333 0.2759259259259259 0.059895833333333336 0.08703703703703704
1 0.60703125 0.17731481481481481 0.04010416666666667 0.041666666666666664
1 0.58203125 0.1425925925925926 0.033854166666666664 0.046296296296296294
1 0.44296875 0.35509259259259257 0.07552083333333333 0.1287037037037037
1 0.26927083333333335 0.23333333333333334 0.042708333333333334 0.05740740740740741
1 0.7106770833333333 0.1962962962962963 0.0390625 0.05555555555555555
1 0.9299479166666667 0.663425925925926 0.1390625 0.24537037037037038
1 0.8078125 0.2337962962962963 0.05 0.08611111111111111
1 0.675 0.20879629629629629 0.041666666666666664 0.049074074074074076
1 0.56015625 0.500462962962963 0.09635416666666667 0.13055555555555556
1 0.1890625 0.4300925925925926 0.08125 0.11944444444444445
1 0.41302083333333334 0.12777777777777777 0.03125 0.044444444444444446
1 0.19505208333333332 0.5166666666666667 0.08802083333333334 0.13518518518518519
1 0.3625 0.4449074074074074 0.09895833333333333 0.15833333333333333
1 0.3502604166666667 0.22083333333333333 0.0359375 0.058333333333333334
1 0.18880208333333334 0.24166666666666667 0.043229166666666666 0.06851851851851852
1 0.45755208333333336 0.1625 0.03697916666666667 0.058333333333333334
1 0.6247395833333333 0.12453703703703704 0.0359375 0.05648148148148148
1 0.25338541666666664 0.18009259259259258 0.043229166666666666 0.05277777777777778
1 0.8765625 0.1685185185185185 0.03333333333333333 0.06111111111111111
1 0.4044270833333333 0.18055555555555555 0.04114583333333333 0.05925925925925926
1 0.4127604166666667 0.3 0.0609375 0.0962962962962963
1 0.50859375 0.10972222222222222 0.0265625 0.03425925925925926
1 0.26796875 0.10648148148148148 0.025520833333333333 0.04259259259259259
1 0.23802083333333332 0.15231481481481482 0.028125 0.04351851851851852
1 0.3260416666666667 0.1162037037037037 0.020833333333333332 0.032407407407407406
1 0.7729166666666667 0.18518518518518517 0.04791666666666667 0.07037037037037037
1 0.44427083333333334 0.21481481481481482 0.04583333333333333 0.07592592592592592
1 0.47109375 0.2550925925925926 0.0421875 0.07314814814814814
1 0.4197916666666667 0.20092592592592592 0.035416666666666666 0.06111111111111111
1 0.375 0.23564814814814813 0.05520833333333333 0.06018518518518518
1 0.3419270833333333 0.12407407407407407 0.027604166666666666 0.037037037037037035
1 0.36614583333333334 0.15324074074074073 0.04479166666666667 0.05648148148148148
1 0.40078125 0.12037037037037036 0.030729166666666665 0.04814814814814815
1 0.4921875 0.2671296296296296 0.04791666666666667 0.08055555555555556
1 0.3 0.14629629629629629 0.03229166666666667 0.05925925925925926
1 0.32526041666666666 0.175 0.034895833333333334 0.05925925925925926
1 0.46171875 0.0875 0.024479166666666666 0.03611111111111111
1 0.43697916666666664 0.14814814814814814 0.026041666666666668 0.044444444444444446
1 0.8885416666666667 0.18055555555555555 0.011458333333333333 0.05740740740740741
1 0.1671875 0.0875 0.029166666666666667 0.032407407407407406
1 0.44505208333333335 0.07777777777777778 0.0203125 0.03148148148148148
1 0.6958333333333333 0.15462962962962962 0.029166666666666667 0.03333333333333333
1 0.21067708333333332 0.10601851851851851 0.0234375 0.04537037037037037
1 0.6466145833333333 0.11851851851851852 0.0171875 0.04259259259259259
1 0.40963541666666664 0.06759259259259259 0.021354166666666667 0.024074074074074074
1 0.8596354166666667 0.15833333333333333 0.0359375 0.06296296296296296
1 0.5661458333333333 0.13287037037037036 0.030208333333333334 0.04722222222222222
1 0.38619791666666664 0.1050925925925926 0.0265625 0.04537037037037037
1 0.6653645833333334 0.1699074074074074 0.03697916666666667 0.06759259259259259
1 0.7401041666666667 0.1675925925925926 0.035416666666666666 0.06111111111111111
1 0.32135416666666666 0.1037037037037037 0.029166666666666667 0.03888888888888889
1 0.5927083333333333 0.11342592592592593 0.030208333333333334 0.049074074074074076
1 0.4861979166666667 0.09490740740740741 0.03177083333333333 0.04537037037037037
1 0.33098958333333334 0.07222222222222222 0.021354166666666667 0.025925925925925925
1 0.91953125 0.22407407407407406 0.049479166666666664 0.03888888888888889
1 0.5716145833333334 0.07222222222222222 0.0265625 0.018518518518518517
1 0.23151041666666666 0.13935185185185187 0.03697916666666667 0.03981481481481482
1 0.2830729166666667 0.11990740740740741 0.028645833333333332 0.04722222222222222
1 0.26536458333333335 0.2064814814814815 0.043229166666666666 0.04814814814814815
1 0.34453125 0.19722222222222222 0.0390625 0.05925925925925926
1 0.70078125 0.1310185185185185 0.0234375 0.025
1 0.68828125 0.12268518518518519 0.028645833333333332 0.032407407407407406
1 0.9166666666666666 0.24027777777777778 0.05625 0.0712962962962963
1 0.5330729166666667 0.06388888888888888 0.0234375 0.02962962962962963
1 0.61640625 0.09814814814814815 0.022395833333333334 0.02962962962962963
1 0.16875 0.1527777777777778 0.034375 0.044444444444444446
1 0.17838541666666666 0.1962962962962963 0.0453125 0.05
1 0.97109375 0.1925925925925926 0.0109375 0.06481481481481481
1 0.43411458333333336 0.06898148148148148 0.015104166666666667 0.028703703703703703
1 0.7265625 0.13935185185185187 0.036458333333333336 0.05462962962962963
1 0.18098958333333334 0.22268518518518518 0.043229166666666666 0.058333333333333334
1 0.80625 0.16805555555555557 0.03958333333333333 0.05462962962962963
1 0.4166666666666667 0.3263888888888889 0.05416666666666667 0.08981481481481482