1 0.30494791666666665 0.9490740740740741 0.18489583333333334 0.1
1 0.20546875 0.5092592592592593 0.10260416666666666 0.13333333333333333
1 0.35104166666666664 0.4361111111111111 0.08333333333333333 0.10925925925925926
1 0.7731770833333333 0.7597222222222222 0.1390625 0.19166666666666668
1 0.75703125 0.5 0.10677083333333333 0.14074074074074075
1 0.60546875 0.5527777777777778 0.1015625 0.14814814814814814
1 0.4359375 0.6513888888888889 0.11666666666666667 0.15462962962962962
1 0.5372395833333333 0.3162037037037037 0.06510416666666667 0.0824074074074074
1 0.846875 0.5916666666666667 0.11145833333333334 0.1685185185185185
1 0.54453125 0.8564814814814815 0.14947916666666666 0.19814814814814816
1 0.027083333333333334 0.4634259259259259 0.05416666666666667 0.1287037037037037
1 0.8197916666666667 0.4166666666666667 0.08541666666666667 0.11296296296296296
1 0.6247395833333333 0.3699074074074074 0.08072916666666667 0.125
1 0.1875 0.4222222222222222 0.08020833333333334 0.1037037037037037
1 0.4158854166666667 0.5694444444444444 0.1109375 0.14444444444444443
1 0.70390625 0.3226851851851852 0.0703125 0.10833333333333334
1 0.54453125 0.4949074074074074 0.09322916666666667 0.12129629629629629
1 0.6768229166666667 0.20925925925925926 0.0453125 0.046296296296296294
1 0.18359375 0.29768518518518516 0.05572916666666667 0.0787037037037037
1 0.41171875 0.30925925925925923 0.0484375 0.08148148148148149
1 0.30911458333333336 0.3212962962962963 0.058854166666666666 0.08518518518518518
1 0.8856770833333333 0.26990740740740743 0.0609375 0.07685185185185185
1 0.39817708333333335 0.27870370370370373 0.049479166666666664 0.07592592592592592
1 0.48151041666666666 0.25555555555555554 0.05260416666666667 0.07037037037037037
1 0.4544270833333333 0.33425925925925926 0.06614583333333333 0.10555555555555556
1 0.4315104166666667 0.14027777777777778 0.0328125 0.04537037037037037
1 0.71328125 0.4634259259259259 0.0796875 0.1175925925925926
1 0.9567708333333333 0.5018518518518519 0.08541666666666667 0.1574074074074074
1 0.5947916666666667 0.25787037037037036 0.053125 0.0824074074074074
1 0.3385416666666667 0.36712962962962964 0.065625 0.08981481481481482
1 0.48828125 0.11435185185185186 0.027604166666666666 0.032407407407407406
1 0.628125 0.17916666666666667 0.042708333333333334 0.049074074074074076
1 0.4440104166666667 0.22916666666666666 0.04739583333333333 0.06388888888888888
1 0.27838541666666666 0.25046296296296294 0.059895833333333336 0.09537037037037037
1 0.3731770833333333 0.23796296296296296 0.04739583333333333 0.08148148148148149
1 0.8135416666666667 0.2361111111111111 0.05 0.07592592592592592
1 0.5158854166666667 0.4263888888888889 0.0890625 0.1398148148148148
1 0.30234375 0.15324074074074073 0.03177083333333333 0.041666666666666664
1 0.7088541666666667 0.13703703703703704 0.03333333333333333 0.044444444444444446
1 0.9606770833333333 0.2 0.05364583333333333 0.07222222222222222
1 0.40078125 0.17916666666666667 0.0328125 0.04722222222222222
1 0.6010416666666667 0.16898148148148148 0.029166666666666667 0.03981481481481482
1 0.34427083333333336 0.1884259259259259 0.040625 0.049074074074074076
1 0.73125 0.125 0.023958333333333335 0.03518518518518519
1 0.6901041666666666 0.1587962962962963 0.035416666666666666 0.049074074074074076
1 0.3421875 0.22268518518518518 0.036458333333333336 0.06018518518518518
1 0.23697916666666666 0.1425925925925926 0.030208333333333334 0.04259259259259259
1 0.65703125 0.12175925925925926 0.028645833333333332 0.041666666666666664
1 0.43125 0.1986111111111111 0.04583333333333333 0.0712962962962963
1 0.36744791666666665 0.10277777777777777 0.0140625 0.03333333333333333
1 0.6377604166666667 0.16296296296296298 0.0328125 0.05185185185185185
1 0.6575520833333334 0.2851851851851852 0.059895833333333336 0.08888888888888889
1 0.87421875 0.20925925925925926 0.049479166666666664 0.07407407407407407
1 0.5776041666666667 0.23657407407407408 0.05416666666666667 0.08796296296296297
1 0.34791666666666665 0.14305555555555555 0.023958333333333335 0.03796296296296296
1 0.16145833333333334 0.08472222222222223 0.026041666666666668 0.03425925925925926
1 0.5716145833333334 0.15648148148148147 0.0328125 0.03333333333333333
1 0.38776041666666666 0.1685185185185185 0.0328125 0.05555555555555555
1 0.7442708333333333 0.15462962962962962 0.03333333333333333 0.027777777777777776
1 0.85234375 0.19166666666666668 0.03177083333333333 0.05185185185185185
1 0.22760416666666666 0.12314814814814815 0.03125 0.03888888888888889
1 0.2760416666666667 0.10740740740740741 0.03333333333333333 0.04259259259259259
1 0.2872395833333333 0.1259259259259259 0.03697916666666667 0.03518518518518519
1 0.18411458333333333 0.2587962962962963 0.05260416666666667 0.06018518518518518
1 0.42213541666666665 0.12916666666666668 0.0296875 0.05092592592592592
1 0.6697916666666667 0.10416666666666667 0.025 0.04537037037037037
1 0.32473958333333336 0.10648148148148148 0.028645833333333332 0.04259259259259259
1 0.17447916666666666 0.13935185185185187 0.03854166666666667 0.049074074074074076
1 0.82578125 0.1837962962962963 0.03177083333333333 0.062037037037037036
1 0.34479166666666666 0.12685185185185185 0.028125 0.044444444444444446
1 0.3658854166666667 0.15092592592592594 0.03177083333333333 0.04259259259259259
1 0.565625 0.10138888888888889 0.020833333333333332 0.025
1 0.17291666666666666 0.23287037037037037 0.042708333333333334 0.08425925925925926
1 0.35911458333333335 0.08796296296296297 0.021354166666666667 0.03333333333333333
1 0.25677083333333334 0.17453703703703705 0.041666666666666664 0.05092592592592592
1 0.5916666666666667 0.1087962962962963 0.027083333333333334 0.032407407407407406
1 0.46848958333333335 0.08981481481481482 0.0234375 0.03148148148148148
1 0.6059895833333333 0.14027777777777778 0.03177083333333333 0.028703703703703703
1 0.38697916666666665 0.11805555555555555 0.03125 0.03796296296296296
1 0.7979166666666667 0.19212962962962962 0.023958333333333335 0.05462962962962963
1 0.8971354166666666 0.16898148148148148 0.0484375 0.0712962962962963
1 0.18177083333333333 0.1787037037037037 0.03958333333333333 0.027777777777777776
1 0.18411458333333333 0.07916666666666666 0.022395833333333334 0.025
1 0.26901041666666664 0.21342592592592594 0.0546875 0.06944444444444445
1 0.50703125 0.1050925925925926 0.025520833333333333 0.041666666666666664
1 0.6377604166666667 0.13333333333333333 0.0328125 0.040740740740740744
1 0.55703125 0.14305555555555555 0.025520833333333333 0.03425925925925926
1 0.8924479166666667 0.23148148148148148 0.05260416666666667 0.06851851851851852
1 0.16822916666666668 0.17546296296296296 0.03125 0.03611111111111111
1 0.52734375 0.1361111111111111 0.0203125 0.025925925925925925
1 0.64140625 0.09351851851851851 0.028645833333333332 0.037037037037037035
1 0.21119791666666668 0.0824074074074074 0.027604166666666666 0.03518518518518519
1 0.325 0.18287037037037038 0.03125 0.062037037037037036
1 0.5833333333333334 0.1310185185185185 0.028125 0.03796296296296296
1 0.9932291666666667 0.27314814814814814 0.0125 0.07407407407407407
1 0.709375 0.19583333333333333 0.05 0.06944444444444445
1 0.7502604166666667 0.20462962962962963 0.0453125 0.08148148148148149
1 0.17630208333333333 0.1962962962962963 0.049479166666666664 0.06851851851851852