3 0.9377604166666667 0.6152777777777778 0.1234375 0.3435185185185185
2 0.7421875 0.11481481481481481 0.0625 0.11481481481481481
2 0.84921875 0.14212962962962963 0.0703125 0.1527777777777778
1 0.21328125 0.8476851851851852 0.15052083333333333 0.1787037037037037
1 0.7729166666666667 0.5217592592592593 0.103125 0.12685185185185185
1 0.459375 0.6787037037037037 0.12395833333333334 0.17222222222222222
1 0.2955729166666667 0.9435185185185185 0.15989583333333332 0.1111111111111111
1 0.6817708333333333 0.662962962962963 0.12708333333333333 0.17037037037037037
1 0.8510416666666667 0.611574074074074 0.06770833333333333 0.1527777777777778
1 0.56953125 0.3449074074074074 0.06927083333333334 0.09537037037037037
1 0.6497395833333334 0.4074074074074074 0.07760416666666667 0.10925925925925926
1 0.8768229166666667 0.27175925925925926 0.06197916666666667 0.07314814814814814
1 0.18697916666666667 0.3439814814814815 0.0625 0.08981481481481482
1 0.93984375 0.34814814814814815 0.0734375 0.09444444444444444
1 0.40729166666666666 0.5745370370370371 0.1375 0.20277777777777778
1 0.790625 0.2652777777777778 0.057291666666666664 0.062037037037037036
1 0.6356770833333333 0.5740740740740741 0.09947916666666666 0.14629629629629629
1 0.5114583333333333 0.29444444444444445 0.05 0.08333333333333333
1 0.40546875 0.2865740740740741 0.0640625 0.09722222222222222
1 0.49557291666666664 0.18472222222222223 0.04010416666666667 0.062037037037037036
1 0.46640625 0.38842592592592595 0.06510416666666667 0.10462962962962963
1 0.6065104166666667 0.17777777777777778 0.04010416666666667 0.040740740740740744
1 0.834375 0.2412037037037037 0.04791666666666667 0.06388888888888888
1 0.49713541666666666 0.43657407407407406 0.09947916666666666 0.1527777777777778
1 0.7518229166666667 0.38055555555555554 0.07552083333333333 0.10185185185185185
1 0.65078125 0.1712962962962963 0.0390625 0.04814814814814815
1 0.70625 0.32916666666666666 0.06770833333333333 0.10277777777777777
1 0.28463541666666664 0.2652777777777778 0.04739583333333333 0.06574074074074074
1 0.19583333333333333 0.27314814814814814 0.04895833333333333 0.07407407407407407
1 0.5372395833333333 0.3148148148148148 0.059895833333333336 0.09074074074074075
1 0.44505208333333335 0.34953703703703703 0.0640625 0.11203703703703703
1 0.5583333333333333 0.15416666666666667 0.03333333333333333 0.03981481481481482
1 0.22682291666666668 0.6708333333333333 0.11510416666666666 0.1712962962962963
1 0.3734375 0.16111111111111112 0.03125 0.044444444444444446
1 0.47161458333333334 0.24768518518518517 0.0515625 0.08425925925925926
1 0.7328125 0.20277777777777778 0.04583333333333333 0.07592592592592592
1 0.33567708333333335 0.34305555555555556 0.0703125 0.06944444444444445
1 0.4666666666666667 0.1685185185185185 0.03125 0.046296296296296294
1 0.37473958333333335 0.24953703703703703 0.04114583333333333 0.06759259259259259
1 0.8216145833333334 0.2074074074074074 0.04739583333333333 0.05925925925925926
1 0.43307291666666664 0.14675925925925926 0.034895833333333334 0.05092592592592592
1 0.4484375 0.2263888888888889 0.03854166666666667 0.06574074074074074
1 0.9669270833333333 0.2972222222222222 0.06510416666666667 0.08703703703703704
1 0.8940104166666667 0.17037037037037037 0.0296875 0.06481481481481481
1 0.42578125 0.2037037037037037 0.04635416666666667 0.06296296296296296
1 0.20208333333333334 0.5643518518518519 0.10104166666666667 0.1824074074074074
1 0.359375 0.2222222222222222 0.040625 0.06666666666666667
1 0.24765625 0.16805555555555557 0.03697916666666667 0.05092592592592592
1 0.46848958333333335 0.08888888888888889 0.028645833333333332 0.040740740740740744
1 0.3567708333333333 0.1388888888888889 0.030208333333333334 0.040740740740740744
1 0.7078125 0.16342592592592592 0.036458333333333336 0.05648148148148148
1 0.39817708333333335 0.17824074074074073 0.04010416666666667 0.06388888888888888
1 0.48723958333333334 0.10046296296296296 0.025520833333333333 0.032407407407407406
1 0.55390625 0.12175925925925926 0.0203125 0.030555555555555555
1 0.25859375 0.20185185185185187 0.04635416666666667 0.05740740740740741
1 0.23359375 0.14212962962962963 0.0390625 0.06018518518518518
1 0.33489583333333334 0.3962962962962963 0.07395833333333333 0.09814814814814815
1 0.17213541666666668 0.16342592592592592 0.033854166666666664 0.03796296296296296
1 0.27838541666666666 0.11574074074074074 0.0296875 0.046296296296296294
1 0.64609375 0.13518518518518519 0.027604166666666666 0.027777777777777776
1 0.34296875 0.07731481481481481 0.024479166666666666 0.032407407407407406
1 0.5890625 0.1125 0.03229166666666667 0.05277777777777778
1 0.5143229166666666 0.10925925925925926 0.0265625 0.04259259259259259
1 0.31692708333333336 0.1675925925925926 0.034895833333333334 0.05925925925925926
1 0.3375 0.19537037037037036 0.03854166666666667 0.06851851851851852
1 0.21692708333333333 0.08333333333333333 0.030729166666666665 0.03333333333333333
1 0.30572916666666666 0.15648148148148147 0.03125 0.05555555555555555
1 0.5640625 0.10185185185185185 0.025 0.040740740740740744
1 0.3390625 0.12638888888888888 0.027083333333333334 0.03611111111111111
1 0.34453125 0.21481481481481482 0.025520833333333333 0.05740740740740741
1 0.5515625 0.07037037037037037 0.026041666666666668 0.025925925925925925
1 0.16875 0.12083333333333333 0.03229166666666667 0.023148148148148147
1 0.525 0.11342592592592593 0.01875 0.04537037037037037
1 0.2760416666666667 0.2412037037037037 0.04479166666666667 0.06018518518518518
1 0.9401041666666666 0.24166666666666667 0.057291666666666664 0.08333333333333333
1 0.80546875 0.14444444444444443 0.021354166666666667 0.05740740740740741
1 0.6825520833333333 0.14583333333333334 0.033854166666666664 0.05648148148148148
1 0.16666666666666666 0.09212962962962963 0.029166666666666667 0.028703703703703703
1 0.17005208333333333 0.14212962962962963 0.03177083333333333 0.03425925925925926
1 0.29453125 0.1287037037037037 0.03177083333333333 0.040740740740740744
1 0.5455729166666666 0.12361111111111112 0.03697916666666667 0.03611111111111111
1 0.5872395833333334 0.08333333333333333 0.022395833333333334 0.018518518518518517
1 0.6299479166666667 0.15462962962962962 0.030729166666666665 0.044444444444444446
1 0.6536458333333334 0.10601851851851851 0.028125 0.03425925925925926
1 0.42109375 0.12962962962962962 0.03177083333333333 0.03888888888888889
1 0.23828125 0.11157407407407408 0.027604166666666666 0.028703703703703703
1 0.44296875 0.07916666666666666 0.025520833333333333 0.03425925925925926
1 0.4046875 0.1037037037037037 0.029166666666666667 0.024074074074074074
1 0.1765625 0.20879629629629629 0.04895833333333333 0.06944444444444445
1 0.6075520833333333 0.14722222222222223 0.022395833333333334 0.024074074074074074
1 0.9869791666666666 0.3800925925925926 0.025 0.09722222222222222
1 0.62265625 0.1111111111111111 0.025520833333333333 0.03518518518518519
1 0.7015625 0.11574074074074074 0.020833333333333332 0.03518518518518519
1 0.20989583333333334 0.1162037037037037 0.026041666666666668 0.03981481481481482
1 0.18463541666666666 0.24351851851851852 0.04739583333333333 0.08333333333333333