1 0.20989583333333334 0.6268518518518519 0.125 0.16296296296296298
1 0.19505208333333332 0.49953703703703706 0.09427083333333333 0.11944444444444445
1 0.37421875 0.5180555555555556 0.09739583333333333 0.1287037037037037
1 0.5471354166666667 0.8472222222222222 0.15364583333333334 0.20925925925925926
1 0.7057291666666666 0.6907407407407408 0.13020833333333334 0.1814814814814815
1 0.9213541666666667 0.287962962962963 0.059375 0.07592592592592592
1 0.4791666666666667 0.7189814814814814 0.14375 0.18055555555555555
1 0.5861979166666667 0.3611111111111111 0.07239583333333334 0.09259259259259259
1 0.8216145833333334 0.5587962962962963 0.09947916666666666 0.1398148148148148
1 0.6953125 0.43842592592592594 0.09375 0.14907407407407408
1 0.32421875 0.3662037037037037 0.0671875 0.09537037037037037
1 0.5151041666666667 0.28703703703703703 0.058333333333333334 0.07777777777777778
1 0.440625 0.3490740740740741 0.05625 0.09259259259259259
1 0.8877604166666667 0.6157407407407407 0.13489583333333333 0.1685185185185185
1 0.46953125 0.25416666666666665 0.05260416666666667 0.06759259259259259
1 0.7989583333333333 0.23472222222222222 0.05 0.06759259259259259
1 0.6263020833333334 0.6041666666666666 0.10989583333333333 0.14722222222222223
1 0.9700520833333334 0.962037037037037 0.058854166666666666 0.07407407407407407
1 0.4234375 0.3148148148148148 0.05520833333333333 0.08333333333333333
1 0.49192708333333335 0.38564814814814813 0.07447916666666667 0.11944444444444445
1 0.7854166666666667 0.3800925925925926 0.084375 0.12685185185185185
1 0.73125 0.33055555555555555 0.07395833333333333 0.1
1 0.3671875 0.4263888888888889 0.07604166666666666 0.10648148148148148
1 0.8286458333333333 0.20925925925925926 0.041666666666666664 0.06481481481481481
1 0.2872395833333333 0.2763888888888889 0.06302083333333333 0.10648148148148148
1 0.18046875 0.3365740740740741 0.058854166666666666 0.08055555555555556
1 0.6536458333333334 0.2962962962962963 0.06041666666666667 0.09259259259259259
1 0.45338541666666665 0.1550925925925926 0.0359375 0.049074074074074076
1 0.3098958333333333 0.16620370370370371 0.036458333333333336 0.05092592592592592
1 0.3953125 0.26296296296296295 0.052083333333333336 0.08888888888888889
1 0.965625 0.7592592592592593 0.06770833333333333 0.2037037037037037
1 0.38255208333333335 0.11064814814814815 0.018229166666666668 0.03611111111111111
1 0.3609375 0.2449074074074074 0.03958333333333333 0.06388888888888888
1 0.74453125 0.20787037037037037 0.044270833333333336 0.06574074074074074
1 0.18828125 0.2898148148148148 0.05364583333333333 0.07407407407407407
1 0.6221354166666667 0.18425925925925926 0.0390625 0.037037037037037035
1 0.35130208333333335 0.13564814814814816 0.030729166666666665 0.049074074074074076
1 0.6 0.14351851851851852 0.03125 0.04259259259259259
1 0.4041666666666667 0.11944444444444445 0.035416666666666666 0.05555555555555555
1 0.4200520833333333 0.19583333333333333 0.033854166666666664 0.049074074074074076
1 0.94609375 0.5050925925925925 0.10364583333333334 0.1361111111111111
1 0.6734375 0.12175925925925926 0.028125 0.03981481481481482
1 0.18125 0.1550925925925926 0.04479166666666667 0.062037037037037036
1 0.23541666666666666 0.15231481481481482 0.028125 0.04351851851851852
1 0.8809895833333333 0.18287037037037038 0.0484375 0.06759259259259259
1 0.7369791666666666 0.17222222222222222 0.040625 0.053703703703703705
1 0.36223958333333334 0.15694444444444444 0.027604166666666666 0.03981481481481482
1 0.44505208333333335 0.14444444444444443 0.030729166666666665 0.053703703703703705
1 0.28098958333333335 0.11712962962962963 0.034895833333333334 0.05092592592592592
1 0.7098958333333333 0.14305555555555555 0.03229166666666667 0.04351851851851852
1 0.37005208333333334 0.09537037037037037 0.021354166666666667 0.03518518518518519
1 0.3333333333333333 0.11666666666666667 0.03125 0.04814814814814815
1 0.915625 0.23472222222222222 0.05416666666666667 0.07314814814814814
1 0.3809895833333333 0.1648148148148148 0.0328125 0.046296296296296294
1 0.6598958333333333 0.175 0.026041666666666668 0.06111111111111111
1 0.6325520833333333 0.26944444444444443 0.059895833333333336 0.10185185185185185
1 0.56171875 0.15 0.027604166666666666 0.03518518518518519
1 0.5875 0.16064814814814815 0.03854166666666667 0.04351851851851852
1 0.95703125 0.19074074074074074 0.044270833333333336 0.06666666666666667
1 0.7010416666666667 0.11805555555555555 0.028125 0.03611111111111111
1 0.3359375 0.07314814814814814 0.021875 0.027777777777777776
1 0.3294270833333333 0.21064814814814814 0.019270833333333334 0.04351851851851852
1 0.5388020833333333 0.13796296296296295 0.027604166666666666 0.02962962962962963
1 0.15755208333333334 0.09212962962962963 0.024479166666666666 0.04351851851851852
1 0.35625 0.21712962962962962 0.04479166666666667 0.07314814814814814
1 0.6536458333333334 0.13518518518518519 0.030208333333333334 0.03148148148148148
1 0.8424479166666666 0.15231481481481482 0.044270833333333336 0.06388888888888888
1 0.17135416666666667 0.18935185185185185 0.041666666666666664 0.03611111111111111
1 0.26328125 0.09861111111111111 0.022395833333333334 0.03611111111111111
1 0.46927083333333336 0.10555555555555556 0.023958333333333335 0.02962962962962963
1 0.5895833333333333 0.5143518518518518 0.10625 0.16203703703703703
1 0.40338541666666666 0.18472222222222223 0.034895833333333334 0.06018518518518518
1 0.175 0.2587962962962963 0.04583333333333333 0.0787037037037037
1 0.23151041666666666 0.12916666666666668 0.03177083333333333 0.03796296296296296
1 0.56875 0.12685185185185185 0.027083333333333334 0.024074074074074074
1 0.6057291666666667 0.12407407407407407 0.034375 0.044444444444444446
1 0.5236979166666667 0.1300925925925926 0.025520833333333333 0.030555555555555555
1 0.45234375 0.21805555555555556 0.050520833333333334 0.0787037037037037
1 0.17369791666666667 0.10231481481481482 0.022395833333333334 0.021296296296296296
1 0.78125 0.17222222222222222 0.041666666666666664 0.06666666666666667
1 0.2638020833333333 0.1837962962962963 0.04114583333333333 0.04351851851851852
1 0.3385416666666667 0.17824074074074073 0.030208333333333334 0.028703703703703703
1 0.16901041666666666 0.13425925925925927 0.033854166666666664 0.04259259259259259
1 0.6877604166666667 0.18009259259259258 0.0484375 0.07685185185185185
1 0.65078125 0.16527777777777777 0.030729166666666665 0.049074074074074076
1 0.2513020833333333 0.2222222222222222 0.0234375 0.06111111111111111
1 0.25286458333333334 0.18518518518518517 0.03697916666666667 0.06851851851851852
1 0.2890625 0.21157407407407408 0.041666666666666664 0.03425925925925926
1 0.21432291666666667 0.08703703703703704 0.028645833333333332 0.03888888888888889
1 0.82421875 0.1763888888888889 0.04114583333333333 0.04537037037037037
1 0.17630208333333333 0.10787037037037037 0.028645833333333332 0.028703703703703703
1 0.6294270833333333 0.11018518518518519 0.0265625 0.03518518518518519
1 0.6471354166666666 0.09675925925925925 0.0234375 0.041666666666666664
1 0.33697916666666666 0.1986111111111111 0.034375 0.06759259259259259
1 0.27786458333333336 0.2324074074074074 0.06302083333333333 0.07592592592592592
1 0.1734375 0.23472222222222222 0.046875 0.062037037037037036