3 0.9796875 0.687037037037037 0.03958333333333333 0.362962962962963
2 0.8265625 0.13564814814814816 0.06770833333333333 0.14722222222222223
1 0.24609375 0.9231481481481482 0.16614583333333333 0.15185185185185185
1 0.8239583333333333 0.5680555555555555 0.1125 0.1398148148148148
1 0.7958333333333333 0.4078703703703704 0.08125 0.11018518518518519
1 0.49609375 0.7532407407407408 0.13802083333333334 0.18796296296296297
1 0.74296875 0.7379629629629629 0.14114583333333333 0.19074074074074074
1 0.68359375 0.4393518518518518 0.08385416666666666 0.11574074074074074
1 0.67890625 0.6328703703703704 0.1078125 0.16018518518518518
1 0.1796875 0.35833333333333334 0.06666666666666667 0.10185185185185185
1 0.59296875 0.3662037037037037 0.0734375 0.09537037037037037
1 0.5260416666666666 0.30972222222222223 0.053125 0.08425925925925926
1 0.8934895833333333 0.31203703703703706 0.06927083333333334 0.06666666666666667
1 0.4166666666666667 0.3023148148148148 0.06666666666666667 0.10277777777777777
1 0.34791666666666665 0.42268518518518516 0.075 0.10462962962962963
1 0.4317708333333333 0.6314814814814815 0.15104166666666666 0.21851851851851853
1 0.46197916666666666 0.3699074074074074 0.06770833333333333 0.1175925925925926
1 0.33619791666666665 0.37962962962962965 0.0765625 0.09814814814814815
1 0.55859375 0.33194444444444443 0.058854166666666666 0.09537037037037037
1 0.5083333333333333 0.19305555555555556 0.040625 0.06574074074074074
1 0.48541666666666666 0.4111111111111111 0.06979166666666667 0.10925925925925926
1 0.84765625 0.2569444444444444 0.0578125 0.06944444444444445
1 0.9643229166666667 0.35555555555555557 0.0703125 0.09814814814814815
1 0.23802083333333332 0.7398148148148148 0.11770833333333333 0.18703703703703703
1 0.19791666666666666 0.2851851851851852 0.05 0.07592592592592592
1 0.7138020833333333 0.19305555555555556 0.0453125 0.075
1 0.634375 0.1638888888888889 0.03854166666666667 0.046296296296296294
1 0.5260416666666666 0.4708333333333333 0.10729166666666666 0.16574074074074074
1 0.2911458333333333 0.2773148148148148 0.04895833333333333 0.06759259259259259
1 0.384375 0.262037037037037 0.04479166666666667 0.06851851851851852
1 0.48515625 0.2601851851851852 0.0546875 0.08888888888888889
1 0.8059895833333334 0.2337962962962963 0.04739583333333333 0.06944444444444445
1 0.7552083333333334 0.24722222222222223 0.052083333333333336 0.04814814814814815
1 0.4354166666666667 0.2125 0.046875 0.06388888888888888
1 0.4421875 0.15138888888888888 0.035416666666666666 0.05277777777777778
1 0.20572916666666666 0.6189814814814815 0.11041666666666666 0.20277777777777778
1 0.9716145833333333 0.25324074074074077 0.0546875 0.06759259259259259
1 0.47708333333333336 0.17777777777777778 0.03229166666666667 0.05
1 0.45989583333333334 0.23703703703703705 0.040625 0.06851851851851852
1 0.36328125 0.23055555555555557 0.04635416666666667 0.06851851851851852
1 0.9252604166666667 0.2740740740740741 0.059895833333333336 0.07407407407407407
1 0.37916666666666665 0.1675925925925926 0.03229166666666667 0.04814814814814815
1 0.8028645833333333 0.19074074074074074 0.0328125 0.04259259259259259
1 0.46328125 0.08657407407407407 0.027604166666666666 0.04351851851851852
1 0.6919270833333333 0.15555555555555556 0.03802083333333333 0.05740740740740741
1 0.48098958333333336 0.09814814814814815 0.025520833333333333 0.03148148148148148
1 0.4083333333333333 0.18425925925925926 0.041666666666666664 0.06481481481481481
1 0.5427083333333333 0.1425925925925926 0.03125 0.037037037037037035
1 0.23333333333333334 0.14583333333333334 0.036458333333333336 0.062037037037037036
1 0.8729166666666667 0.1648148148148148 0.03333333333333333 0.06296296296296296
1 0.20755208333333333 0.11898148148148148 0.0265625 0.041666666666666664
1 0.9223958333333333 0.674537037037037 0.090625 0.1712962962962963
1 0.25104166666666666 0.17175925925925925 0.0375 0.05277777777777778
1 0.5973958333333333 0.13194444444444445 0.03229166666666667 0.03981481481481482
1 0.32265625 0.17314814814814813 0.034895833333333334 0.06111111111111111
1 0.984375 0.30462962962962964 0.030208333333333334 0.07592592592592592
1 0.42916666666666664 0.13194444444444445 0.030208333333333334 0.03981481481481482
1 0.28072916666666664 0.11805555555555555 0.027083333333333334 0.04351851851851852
1 0.17057291666666666 0.12546296296296297 0.030729166666666665 0.023148148148148147
1 0.3611979166666667 0.1439814814814815 0.0296875 0.04351851851851852
1 0.171875 0.16805555555555557 0.035416666666666666 0.041666666666666664
1 0.5799479166666667 0.08194444444444444 0.0234375 0.01574074074074074
1 0.6153645833333333 0.14814814814814814 0.030729166666666665 0.04259259259259259
1 0.29765625 0.13518518518518519 0.0328125 0.05
1 0.4361979166666667 0.08194444444444444 0.022395833333333334 0.026851851851851852
1 0.3458333333333333 0.08009259259259259 0.027083333333333334 0.03425925925925926
1 0.41822916666666665 0.2074074074074074 0.020833333333333332 0.053703703703703705
1 0.5786458333333333 0.1087962962962963 0.03333333333333333 0.049074074074074076
1 0.9015625 0.23194444444444445 0.05520833333333333 0.07685185185185185
1 0.41015625 0.12962962962962962 0.028645833333333332 0.04259259259259259
1 0.18828125 0.26342592592592595 0.050520833333333334 0.06574074074074074
1 0.26145833333333335 0.20694444444444443 0.04791666666666667 0.06018518518518518
1 0.33098958333333334 0.11388888888888889 0.03697916666666667 0.03888888888888889
1 0.7458333333333333 0.3509259259259259 0.07708333333333334 0.10740740740740741
1 0.42604166666666665 0.07083333333333333 0.028125 0.028703703703703703
1 0.34270833333333334 0.12962962962962962 0.03125 0.03518518518518519
1 0.6408854166666667 0.10648148148148148 0.021354166666666667 0.027777777777777776
1 0.61328125 0.10601851851851851 0.0234375 0.030555555555555555
1 0.6861979166666666 0.10972222222222222 0.019270833333333334 0.03425925925925926
1 0.5458333333333333 0.06805555555555555 0.023958333333333335 0.023148148148148147
1 0.16953125 0.14305555555555555 0.030729166666666665 0.03611111111111111
1 0.30859375 0.16064814814814815 0.030729166666666665 0.058333333333333334
1 0.41171875 0.10648148148148148 0.028645833333333332 0.024074074074074074
1 0.6317708333333333 0.12916666666666668 0.026041666666666668 0.026851851851851852
1 0.55625 0.09861111111111111 0.025 0.03981481481481482
1 0.17369791666666667 0.2152777777777778 0.04635416666666667 0.0712962962962963
1 0.32395833333333335 0.07083333333333333 0.020833333333333332 0.023148148148148147
1 0.53671875 0.11805555555555555 0.0359375 0.03981481481481482
1 0.5921875 0.1699074074074074 0.0375 0.03981481481481482
1 0.6515625 0.12129629629629629 0.019791666666666666 0.037037037037037035
1 0.51875 0.11203703703703703 0.025 0.044444444444444446
1 0.34270833333333334 0.2023148148148148 0.040625 0.06944444444444445
1 0.6596354166666667 0.09537037037037037 0.021354166666666667 0.018518518518518517
1 0.6651041666666667 0.1388888888888889 0.03229166666666667 0.053703703703703705
1 0.73671875 0.1476851851851852 0.033854166666666664 0.04537037037037037
1 0.28046875 0.2490740740740741 0.0484375 0.06481481481481481