1 0.21171875 0.6592592592592592 0.13072916666666667 0.17037037037037037
1 0.596875 0.37083333333333335 0.075 0.09722222222222222
1 0.5828125 0.8962962962962963 0.16458333333333333 0.20555555555555555
1 0.7388020833333333 0.7296296296296296 0.14010416666666667 0.1925925925925926
1 0.19583333333333333 0.5180555555555556 0.09791666666666667 0.12685185185185185
1 0.38125 0.5407407407407407 0.1 0.13703703703703704
1 0.8979166666666667 0.2777777777777778 0.05625 0.07407407407407407
1 0.7140625 0.4537037037037037 0.09791666666666667 0.1537037037037037
1 0.4479166666666667 0.36018518518518516 0.057291666666666664 0.09444444444444444
1 0.17552083333333332 0.34305555555555556 0.059375 0.08796296296296297
1 0.328125 0.3763888888888889 0.06875 0.09722222222222222
1 0.8067708333333333 0.39351851851851855 0.08854166666666667 0.13148148148148148
1 0.9255208333333333 0.6462962962962963 0.14166666666666666 0.17962962962962964
1 0.6520833333333333 0.6351851851851852 0.12395833333333334 0.15555555555555556
1 0.52265625 0.29398148148148145 0.059895833333333336 0.08055555555555556
1 0.6669270833333333 0.3037037037037037 0.06302083333333333 0.0962962962962963
1 0.78203125 0.22777777777777777 0.0484375 0.06666666666666667
1 0.49973958333333335 0.39675925925925926 0.07760416666666667 0.125
1 0.4283854166666667 0.32222222222222224 0.05572916666666667 0.08518518518518518
1 0.4005208333333333 0.26851851851851855 0.052083333333333336 0.09074074074074075
1 0.371875 0.4425925925925926 0.07708333333333334 0.11296296296296296
1 0.8950520833333333 0.22870370370370371 0.0515625 0.07037037037037037
1 0.7299479166666667 0.20277777777777778 0.0453125 0.06296296296296296
1 0.31145833333333334 0.1675925925925926 0.040625 0.053703703703703705
1 0.29140625 0.2828703703703704 0.06614583333333333 0.10833333333333334
1 0.18880208333333334 0.29583333333333334 0.05260416666666667 0.07685185185185185
1 0.38567708333333334 0.11435185185185186 0.018229166666666668 0.03611111111111111
1 0.8520833333333333 0.5828703703703704 0.10833333333333334 0.14722222222222223
1 0.4075520833333333 0.12268518518518519 0.034895833333333334 0.05648148148148148
1 0.4591145833333333 0.1587962962962963 0.034895833333333334 0.049074074074074076
1 0.3645833333333333 0.25046296296296294 0.03958333333333333 0.06388888888888888
1 0.74921875 0.3439814814814815 0.07760416666666667 0.11018518518518519
1 0.45677083333333335 0.22268518518518518 0.052083333333333336 0.0787037037037037
1 0.47552083333333334 0.26064814814814813 0.052083333333333336 0.06944444444444445
1 0.9432291666666667 0.18703703703703703 0.04375 0.06666666666666667
1 0.425 0.19953703703703704 0.035416666666666666 0.05092592592592592
1 0.96015625 0.5337962962962963 0.07864583333333333 0.1527777777777778
1 0.6119791666666666 0.1787037037037037 0.03958333333333333 0.037037037037037035
1 0.5546875 0.14583333333333334 0.026041666666666668 0.03425925925925926
1 0.5921875 0.1388888888888889 0.03125 0.04259259259259259
1 0.353125 0.13796296296296295 0.030208333333333334 0.05
1 0.23567708333333334 0.1537037037037037 0.028645833333333332 0.044444444444444446
1 0.3859375 0.1685185185185185 0.035416666666666666 0.046296296296296294
1 0.36692708333333335 0.1597222222222222 0.03177083333333333 0.03981481481481482
1 0.8645833333333334 0.1787037037037037 0.046875 0.06666666666666667
1 0.6453125 0.27824074074074073 0.0625 0.10462962962962963
1 0.5984375 0.11990740740740741 0.034375 0.04351851851851852
1 0.28151041666666665 0.11666666666666667 0.0328125 0.05
1 0.5794270833333334 0.15601851851851853 0.03697916666666667 0.04537037037037037
1 0.4083333333333333 0.18888888888888888 0.034375 0.05925925925925926
1 0.371875 0.09768518518518518 0.021875 0.03425925925925926
1 0.2794270833333333 0.1476851851851852 0.0328125 0.04537037037037037
1 0.33984375 0.2013888888888889 0.034895833333333334 0.06759259259259259
1 0.6059895833333333 0.5365740740740741 0.10572916666666667 0.1675925925925926
1 0.25390625 0.1884259259259259 0.03802083333333333 0.0712962962962963
1 0.17109375 0.23796296296296296 0.049479166666666664 0.05925925925925926
1 0.2638020833333333 0.09907407407407408 0.021354166666666667 0.03888888888888889
1 0.81484375 0.20462962962962963 0.04010416666666667 0.06296296296296296
1 0.5278645833333333 0.13472222222222222 0.019270833333333334 0.026851851851851852
1 0.3346354166666667 0.11805555555555555 0.030729166666666665 0.049074074074074076
1 0.7265625 0.16712962962962963 0.041666666666666664 0.05277777777777778
1 0.6486979166666667 0.17037037037037037 0.022395833333333334 0.05925925925925926
1 0.44869791666666664 0.1449074074074074 0.03177083333333333 0.05462962962962963
1 0.4981770833333333 0.11805555555555555 0.019270833333333334 0.026851851851851852
1 0.6953125 0.11574074074074074 0.028125 0.037037037037037035
1 0.46510416666666665 0.10277777777777777 0.023958333333333335 0.02962962962962963
1 0.26458333333333334 0.19212962962962962 0.041666666666666664 0.05092592592592592
1 0.6658854166666667 0.11990740740740741 0.0296875 0.041666666666666664
1 0.16276041666666666 0.13796296296296295 0.0234375 0.040740740740740744
1 0.9895833333333334 0.8217592592592593 0.019791666666666666 0.15648148148148147
1 0.17447916666666666 0.19722222222222222 0.04895833333333333 0.044444444444444446
1 0.17317708333333334 0.09953703703703703 0.022395833333333334 0.021296296296296296
1 0.8307291666666666 0.14351851851851852 0.042708333333333334 0.05555555555555555
1 0.70390625 0.1398148148148148 0.03177083333333333 0.044444444444444446
1 0.49557291666666664 0.7569444444444444 0.14427083333333332 0.18611111111111112
1 0.5203125 0.12546296296296297 0.029166666666666667 0.032407407407407406
1 0.6229166666666667 0.10740740740740741 0.026041666666666668 0.03518518518518519
1 0.51796875 0.10092592592592593 0.0234375 0.024074074074074074
1 0.45078125 0.0824074074074074 0.024479166666666666 0.025925925925925925
1 0.6458333333333334 0.1300925925925926 0.029166666666666667 0.026851851851851852
1 0.5630208333333333 0.0962962962962963 0.025 0.027777777777777776
1 0.18489583333333334 0.15787037037037038 0.041666666666666664 0.06388888888888888
1 0.5611979166666666 0.12037037037037036 0.028645833333333332 0.025925925925925925
1 0.3377604166666667 0.0699074074074074 0.0203125 0.021296296296296296
1 0.6802083333333333 0.10787037037037037 0.016666666666666666 0.030555555555555555
1 0.15729166666666666 0.09259259259259259 0.026041666666666668 0.046296296296296294
1 0.23229166666666667 0.13148148148148148 0.03125 0.037037037037037035
1 0.6390625 0.16157407407407406 0.027083333333333334 0.05092592592592592
1 0.19661458333333334 0.0763888888888889 0.0078125 0.023148148148148147
1 0.28020833333333334 0.2375 0.06354166666666666 0.075
1 0.29453125 0.21666666666666667 0.034895833333333334 0.02962962962962963
1 0.6416666666666667 0.09444444444444444 0.022916666666666665 0.03888888888888889
1 0.3606770833333333 0.22083333333333333 0.04635416666666667 0.075
1 0.6755208333333333 0.17453703703703705 0.04791666666666667 0.07314814814814814
1 0.1796875 0.2601851851851852 0.052083333333333336 0.08703703703703704
1 0.2640625 0.2351851851851852 0.034375 0.07962962962962963
1 0.7677083333333333 0.17037037037037037 0.03958333333333333 0.06666666666666667