2 0.9231770833333334 0.7092592592592593 0.15260416666666668 0.5777777777777777
2 0.9708333333333333 0.18287037037037038 0.057291666666666664 0.1712962962962963
2 0.8708333333333333 0.12222222222222222 0.07083333333333333 0.1259259259259259
2 0.6325520833333333 0.8023148148148148 0.34322916666666664 0.39351851851851855
1 0.5114583333333333 0.43657407407407406 0.078125 0.11018518518518519
1 0.020833333333333332 0.4981481481481482 0.041666666666666664 0.11666666666666667
1 0.58359375 0.5263888888888889 0.10052083333333334 0.13240740740740742
1 0.46484375 0.40046296296296297 0.07239583333333334 0.09537037037037037
1 0.81796875 0.5708333333333333 0.06614583333333333 0.18981481481481483
1 0.07317708333333334 0.45740740740740743 0.0828125 0.1111111111111111
1 0.19921875 0.39305555555555555 0.06614583333333333 0.08981481481481482
1 0.69921875 0.46620370370370373 0.0921875 0.11574074074074074
1 0.7309895833333333 0.2101851851851852 0.04635416666666667 0.06111111111111111
1 0.9354166666666667 0.287962962962963 0.06041666666666667 0.08518518518518518
1 0.6427083333333333 0.6050925925925926 0.11979166666666667 0.16944444444444445
1 0.30078125 0.29907407407407405 0.0546875 0.07592592592592592
1 0.4395833333333333 0.21666666666666667 0.040625 0.05925925925925926
1 0.4578125 0.7555555555555555 0.140625 0.2574074074074074
1 0.8611979166666667 0.2953703703703704 0.0671875 0.053703703703703705
1 0.4114583333333333 0.19722222222222222 0.040625 0.05740740740740741
1 0.4083333333333333 0.2916666666666667 0.05520833333333333 0.07962962962962963
1 0.7643229166666666 0.38333333333333336 0.0796875 0.10185185185185185
1 0.18776041666666668 0.20324074074074075 0.03802083333333333 0.058333333333333334
1 0.5731770833333333 0.3351851851851852 0.07864583333333333 0.12407407407407407
1 0.24895833333333334 0.16944444444444445 0.036458333333333336 0.044444444444444446
1 0.37864583333333335 0.26296296296296295 0.04375 0.07407407407407407
1 0.35208333333333336 0.4166666666666667 0.078125 0.12407407407407407
1 0.21041666666666667 0.13472222222222222 0.029166666666666667 0.03796296296296296
1 0.6479166666666667 0.16805555555555557 0.040625 0.05648148148148148
1 0.39114583333333336 0.14629629629629629 0.036458333333333336 0.05185185185185185
1 0.47239583333333335 0.25277777777777777 0.04375 0.06851851851851852
1 0.19244791666666666 0.35324074074074074 0.06510416666666667 0.08055555555555556
1 0.48098958333333336 0.27546296296296297 0.028645833333333332 0.06944444444444445
1 0.3268229166666667 0.3939814814814815 0.06197916666666667 0.09907407407407408
1 0.4583333333333333 0.08611111111111111 0.026041666666666668 0.03518518518518519
1 0.9848958333333333 0.3726851851851852 0.029166666666666667 0.08796296296296297
1 0.26979166666666665 0.2212962962962963 0.046875 0.05925925925925926
1 0.6111979166666667 0.1550925925925926 0.0359375 0.041666666666666664
1 0.71484375 0.19444444444444445 0.04114583333333333 0.06111111111111111
1 0.31744791666666666 0.1763888888888889 0.03802083333333333 0.06388888888888888
1 0.7049479166666667 0.14583333333333334 0.0421875 0.041666666666666664
1 0.27890625 0.11712962962962963 0.0296875 0.04351851851851852
1 0.6809895833333334 0.17962962962962964 0.0421875 0.06851851851851852
1 0.56328125 0.12685185185185185 0.0359375 0.05555555555555555
1 0.303125 0.1486111111111111 0.03333333333333333 0.04722222222222222
1 0.6723958333333333 0.11944444444444445 0.028125 0.02962962962962963
1 0.5208333333333334 0.11296296296296296 0.027083333333333334 0.044444444444444446
1 0.18359375 0.17407407407407408 0.03802083333333333 0.05185185185185185
1 0.9083333333333333 0.18009259259259258 0.030208333333333334 0.05092592592592592
1 0.3684895833333333 0.22824074074074074 0.05260416666666667 0.08981481481481482
1 0.39739583333333334 0.07175925925925926 0.017708333333333333 0.025
1 0.6736979166666667 0.13935185185185187 0.0265625 0.026851851851851852
1 0.18203125 0.2662037037037037 0.0484375 0.08611111111111111
1 0.34661458333333334 0.07592592592592592 0.022395833333333334 0.03333333333333333
1 0.25364583333333335 0.0837962962962963 0.021875 0.03425925925925926
1 0.2682291666666667 0.0962962962962963 0.027083333333333334 0.040740740740740744
1 0.6427083333333333 0.09768518518518518 0.036458333333333336 0.03796296296296296
1 0.35989583333333336 0.13842592592592592 0.035416666666666666 0.05092592592592592
1 0.4752604166666667 0.07083333333333333 0.019270833333333334 0.032407407407407406
1 0.8565104166666667 0.18518518518518517 0.03802083333333333 0.06666666666666667
1 0.9299479166666667 0.22916666666666666 0.03802083333333333 0.03796296296296296
1 0.3380208333333333 0.11805555555555555 0.028125 0.04537037037037037
1 0.29322916666666665 0.13425925925925927 0.028125 0.05
1 0.3385416666666667 0.225 0.022916666666666665 0.06296296296296296
1 0.36484375 0.09166666666666666 0.0296875 0.03888888888888889
1 0.3997395833333333 0.11527777777777778 0.0265625 0.04537037037037037
1 0.5822916666666667 0.12175925925925926 0.022916666666666665 0.05092592592592592
1 0.5059895833333333 0.09675925925925925 0.0265625 0.041666666666666664
1 0.31979166666666664 0.11203703703703703 0.017708333333333333 0.03518518518518519
1 0.3846354166666667 0.10648148148148148 0.022395833333333334 0.03333333333333333
1 0.8729166666666667 0.1962962962962963 0.046875 0.05925925925925926
1 0.9270833333333334 0.18611111111111112 0.03333333333333333 0.053703703703703705
1 0.4309895833333333 0.07407407407407407 0.021354166666666667 0.02962962962962963
1 0.23697916666666666 0.15694444444444444 0.03958333333333333 0.04351851851851852
1 0.23671875 0.13194444444444445 0.0328125 0.028703703703703703
1 0.16822916666666668 0.11712962962962963 0.030208333333333334 0.03425925925925926
1 0.7247395833333333 0.12777777777777777 0.028645833333333332 0.03148148148148148
1 0.484375 0.09537037037037037 0.021875 0.03888888888888889
1 0.17291666666666666 0.30416666666666664 0.052083333333333336 0.08425925925925926
1 0.22083333333333333 0.09953703703703703 0.0375 0.03611111111111111
1 0.29270833333333335 0.2675925925925926 0.057291666666666664 0.09814814814814815
1 0.7369791666666666 0.1550925925925926 0.026041666666666668 0.028703703703703703
1 0.7705729166666667 0.1736111111111111 0.0578125 0.06388888888888888
1 0.8768229166666667 0.41759259259259257 0.12552083333333333 0.12037037037037036
1 0.5494791666666666 0.08148148148148149 0.022916666666666665 0.02962962962962963
1 0.49296875 0.1824074074074074 0.058854166666666666 0.06111111111111111
1 0.9002604166666667 0.25833333333333336 0.059895833333333336 0.08518518518518518
1 0.39453125 0.17453703703703705 0.0328125 0.041666666666666664
1 0.34270833333333334 0.1986111111111111 0.040625 0.0712962962962963