2 0.8520833333333333 0.1398148148148148 0.08020833333333334 0.12222222222222222
2 0.6505208333333333 0.3527777777777778 0.10520833333333333 0.20185185185185187
1 0.93984375 0.9319444444444445 0.11927083333333334 0.13425925925925927
1 0.7080729166666667 0.7203703703703703 0.12864583333333332 0.17777777777777778
1 0.5661458333333333 0.33101851851851855 0.06458333333333334 0.08611111111111111
1 0.6768229166666667 0.21203703703703702 0.049479166666666664 0.046296296296296294
1 0.20494791666666667 0.5430555555555555 0.09010416666666667 0.12314814814814815
1 0.6552083333333333 0.6125 0.11145833333333334 0.14351851851851852
1 0.35130208333333335 0.40324074074074073 0.07760416666666667 0.10277777777777777
1 0.4401041666666667 0.6532407407407408 0.121875 0.1935185185185185
1 0.4817708333333333 0.39166666666666666 0.07291666666666667 0.10555555555555556
1 0.5921875 0.25601851851851853 0.051041666666666666 0.06574074074074074
1 0.19114583333333332 0.49212962962962964 0.08958333333333333 0.10833333333333334
1 0.5020833333333333 0.27685185185185185 0.052083333333333336 0.07407407407407407
1 0.6299479166666667 0.16435185185185186 0.03697916666666667 0.05092592592592592
1 0.7526041666666666 0.4810185185185185 0.11041666666666666 0.18055555555555555
1 0.40130208333333334 0.5851851851851851 0.0953125 0.14444444444444443
1 0.18932291666666667 0.25416666666666665 0.04739583333333333 0.06944444444444445
1 0.2786458333333333 0.2791666666666667 0.057291666666666664 0.0712962962962963
1 0.4713541666666667 0.24768518518518517 0.053125 0.06759259259259259
1 0.4661458333333333 0.3523148148148148 0.0625 0.09351851851851851
1 0.7783854166666667 0.25324074074074077 0.049479166666666664 0.06018518518518518
1 0.5880208333333333 0.3712962962962963 0.035416666666666666 0.09259259259259259
1 0.3333333333333333 0.35462962962962963 0.08125 0.1259259259259259
1 0.5575520833333333 0.2324074074074074 0.049479166666666664 0.07592592592592592
1 0.8078125 0.2310185185185185 0.03958333333333333 0.062037037037037036
1 0.2625 0.2050925925925926 0.0375 0.05277777777777778
1 0.9390625 0.18796296296296297 0.042708333333333334 0.06666666666666667
1 0.8598958333333333 0.21666666666666667 0.051041666666666666 0.07777777777777778
1 0.35911458333333335 0.2513888888888889 0.03177083333333333 0.06574074074074074
1 0.18072916666666666 0.4125 0.06979166666666667 0.10833333333333334
1 0.27578125 0.10787037037037037 0.03177083333333333 0.04351851851851852
1 0.7515625 0.21481481481481482 0.040625 0.06296296296296296
1 0.4200520833333333 0.29398148148148145 0.0640625 0.10833333333333334
1 0.26145833333333335 0.09722222222222222 0.021875 0.03888888888888889
1 0.5723958333333333 0.13657407407407407 0.03229166666666667 0.04722222222222222
1 0.48776041666666664 0.10138888888888889 0.0203125 0.03425925925925926
1 0.34817708333333336 0.2162037037037037 0.050520833333333334 0.075
1 0.6984375 0.1361111111111111 0.019791666666666666 0.040740740740740744
1 0.3299479166666667 0.19537037037037036 0.03177083333333333 0.05185185185185185
1 0.16979166666666667 0.08287037037037037 0.026041666666666668 0.026851851851851852
1 0.740625 0.1412037037037037 0.035416666666666666 0.03981481481481482
1 0.23567708333333334 0.1375 0.033854166666666664 0.041666666666666664
1 0.3919270833333333 0.10972222222222222 0.033854166666666664 0.04537037037037037
1 0.3268229166666667 0.11157407407407408 0.0328125 0.032407407407407406
1 0.509375 0.10601851851851851 0.030208333333333334 0.049074074074074076
1 0.3578125 0.13796296296296295 0.034375 0.05
1 0.9127604166666666 0.2773148148148148 0.06510416666666667 0.10092592592592593
1 0.2916666666666667 0.13425925925925927 0.03125 0.05
1 0.6140625 0.15324074074074073 0.034375 0.05092592592592592
1 0.43411458333333336 0.22361111111111112 0.04114583333333333 0.05092592592592592
1 0.2453125 0.1625 0.03854166666666667 0.05092592592592592
1 0.7869791666666667 0.16296296296296298 0.03958333333333333 0.06481481481481481
1 0.18645833333333334 0.2023148148148148 0.03958333333333333 0.049074074074074076
1 0.7549479166666667 0.14953703703703702 0.0296875 0.030555555555555555
1 0.6682291666666667 0.14212962962962963 0.046875 0.06388888888888888
1 0.3684895833333333 0.09444444444444444 0.024479166666666666 0.044444444444444446
1 0.3421875 0.12777777777777777 0.027083333333333334 0.037037037037037035
1 0.22578125 0.12824074074074074 0.03802083333333333 0.03796296296296296
1 0.425 0.0712962962962963 0.022916666666666665 0.03148148148148148
1 0.3890625 0.25601851851851853 0.04791666666666667 0.08425925925925926
1 0.6286458333333333 0.11851851851851852 0.03125 0.040740740740740744
1 0.97578125 0.19444444444444445 0.04739583333333333 0.07962962962962963
1 0.31197916666666664 0.15601851851851853 0.03229166666666667 0.05648148148148148
1 0.1859375 0.35462962962962963 0.078125 0.11296296296296296
1 0.6018229166666667 0.13796296296296295 0.03177083333333333 0.06481481481481481
1 0.16796875 0.13935185185185187 0.033854166666666664 0.03611111111111111
1 0.3927083333333333 0.17777777777777778 0.026041666666666668 0.053703703703703705
1 0.84765625 0.19907407407407407 0.05260416666666667 0.07777777777777778
1 0.4510416666666667 0.07824074074074074 0.019791666666666666 0.03611111111111111
1 0.3299479166666667 0.16944444444444445 0.033854166666666664 0.04259259259259259
1 0.65078125 0.13425925925925927 0.019270833333333334 0.044444444444444446
1 0.609375 0.0962962962962963 0.021875 0.014814814814814815
1 0.65234375 0.10231481481481482 0.024479166666666666 0.023148148148148147
1 0.32109375 0.06712962962962964 0.024479166666666666 0.017592592592592594
1 0.9182291666666667 0.17592592592592593 0.03958333333333333 0.06851851851851852
1 0.25729166666666664 0.1837962962962963 0.05 0.04351851851851852
1 0.4244791666666667 0.14166666666666666 0.04479166666666667 0.05555555555555555
1 0.3859375 0.16064814814814815 0.03854166666666667 0.05277777777777778
1 0.4171875 0.1837962962962963 0.040625 0.062037037037037036
1 0.17447916666666666 0.1726851851851852 0.04791666666666667 0.04722222222222222
1 0.73515625 0.19768518518518519 0.0453125 0.075