2 0.5950520833333334 0.3055555555555556 0.08802083333333334 0.17777777777777778
2 0.8940104166666667 0.15787037037037038 0.0859375 0.14537037037037037
2 0.8166666666666667 0.09814814814814815 0.06145833333333333 0.09074074074074075
1 0.7442708333333333 0.7296296296296296 0.13958333333333334 0.18333333333333332
1 0.5997395833333333 0.5671296296296297 0.10052083333333334 0.14166666666666666
1 0.8697916666666666 0.6212962962962963 0.12083333333333333 0.15555555555555556
1 0.5591145833333333 0.5009259259259259 0.08489583333333334 0.11666666666666667
1 0.8528645833333334 0.29074074074074074 0.0609375 0.06666666666666667
1 0.4473958333333333 0.34305555555555556 0.065625 0.09166666666666666
1 0.51796875 0.29398148148148145 0.05677083333333333 0.07685185185185185
1 0.32890625 0.3523148148148148 0.0671875 0.08981481481481482
1 0.2 0.47129629629629627 0.078125 0.10740740740740741
1 0.36041666666666666 0.48842592592592593 0.075 0.12129629629629629
1 0.38984375 0.5310185185185186 0.0984375 0.15648148148148147
1 0.42291666666666666 0.3111111111111111 0.051041666666666666 0.08333333333333333
1 0.94375 0.5074074074074074 0.10729166666666666 0.13518518518518519
1 0.6653645833333334 0.18101851851851852 0.04010416666666667 0.05462962962962963
1 0.8890625 0.25972222222222224 0.057291666666666664 0.06944444444444445
1 0.9080729166666667 0.8962962962962963 0.1828125 0.20555555555555555
1 0.81640625 0.23981481481481481 0.050520833333333334 0.07037037037037037
1 0.53984375 0.3236111111111111 0.03697916666666667 0.08425925925925926
1 0.19192708333333333 0.42407407407407405 0.07760416666666667 0.09814814814814815
1 0.52578125 0.20972222222222223 0.044270833333333336 0.06944444444444445
1 0.26979166666666665 0.2523148148148148 0.05 0.06759259259259259
1 0.25494791666666666 0.1884259259259259 0.0359375 0.049074074074074076
1 0.9833333333333333 0.3162037037037037 0.03229166666666667 0.10462962962962963
1 0.1828125 0.18935185185185185 0.03958333333333333 0.04537037037037037
1 0.44505208333333335 0.22453703703703703 0.0453125 0.062037037037037036
1 0.5583333333333333 0.23148148148148148 0.04479166666666667 0.06851851851851852
1 0.18645833333333334 0.23148148148148148 0.042708333333333334 0.06666666666666667
1 0.39817708333333335 0.262037037037037 0.0578125 0.1
1 0.5638020833333334 0.13564814814814816 0.030729166666666665 0.03981481481481482
1 0.43828125 0.07731481481481481 0.0234375 0.03425925925925926
1 0.21588541666666666 0.11388888888888889 0.03177083333333333 0.05
1 0.17526041666666667 0.36018518518518516 0.0609375 0.1
1 0.42421875 0.1935185185185185 0.03697916666666667 0.04259259259259259
1 0.35859375 0.08564814814814815 0.0234375 0.03611111111111111
1 0.28515625 0.12638888888888888 0.030729166666666665 0.04537037037037037
1 0.3015625 0.14629629629629629 0.03125 0.05185185185185185
1 0.5041666666666667 0.10416666666666667 0.016666666666666666 0.04351851851851852
1 0.5984375 0.14675925925925926 0.034375 0.049074074074074076
1 0.23072916666666668 0.12777777777777777 0.03125 0.03888888888888889
1 0.63046875 0.1050925925925926 0.024479166666666666 0.023148148148148147
1 0.33307291666666666 0.1986111111111111 0.044270833333333336 0.06944444444444445
1 0.9341145833333333 0.23842592592592593 0.0515625 0.08425925925925926
1 0.6520833333333333 0.1675925925925926 0.036458333333333336 0.053703703703703705
1 0.3484375 0.12824074074074074 0.034375 0.04722222222222222
1 0.36276041666666664 0.25277777777777777 0.033854166666666664 0.06851851851851852
1 0.6140625 0.08472222222222223 0.030208333333333334 0.025
1 0.3731770833333333 0.14953703703703702 0.034895833333333334 0.05092592592592592
1 0.18958333333333333 0.31342592592592594 0.05520833333333333 0.10277777777777777
1 0.34296875 0.23055555555555557 0.0234375 0.05740740740740741
1 0.415625 0.07037037037037037 0.023958333333333335 0.02962962962962963
1 0.25703125 0.09212962962962963 0.022395833333333334 0.03796296296296296
1 0.31744791666666666 0.10555555555555556 0.0359375 0.03333333333333333
1 0.73125 0.14907407407407408 0.017708333333333333 0.04259259259259259
1 0.9864583333333333 0.19583333333333333 0.026041666666666668 0.06018518518518518
1 0.9690104166666667 0.1648148148148148 0.034895833333333334 0.024074074074074074
1 0.38229166666666664 0.10277777777777777 0.029166666666666667 0.03888888888888889
1 0.7984375 0.16342592592592592 0.028125 0.03425925925925926
1 0.16692708333333334 0.08148148148148149 0.0296875 0.025925925925925925
1 0.628125 0.1550925925925926 0.035416666666666666 0.062037037037037036
1 0.3028645833333333 0.08564814814814815 0.033854166666666664 0.03425925925925926
1 0.3963541666666667 0.1962962962962963 0.036458333333333336 0.03333333333333333
1 0.3966145833333333 0.16018518518518518 0.03697916666666667 0.04259259259259259
1 0.9619791666666667 0.22083333333333333 0.052083333333333336 0.08425925925925926
1 0.48203125 0.09074074074074075 0.0234375 0.04259259259259259
1 0.52109375 0.11203703703703703 0.027604166666666666 0.04814814814814815
1 0.16901041666666666 0.16203703703703703 0.043229166666666666 0.044444444444444446
1 0.4205729166666667 0.12777777777777777 0.0203125 0.046296296296296294
1 0.16692708333333334 0.1287037037037037 0.033854166666666664 0.03518518518518519
1 0.4635416666666667 0.0837962962962963 0.019791666666666666 0.03796296296296296
1 0.24010416666666667 0.14305555555555555 0.034375 0.028703703703703703
1 0.3299479166666667 0.11990740740740741 0.019270833333333334 0.03425925925925926
1 0.27005208333333336 0.10231481481481482 0.0296875 0.03796296296296296
1 0.6697916666666667 0.4074074074074074 0.09375 0.1537037037037037
1 0.24479166666666666 0.16944444444444445 0.042708333333333334 0.046296296296296294
1 0.7380208333333333 0.23935185185185184 0.05416666666666667 0.049074074074074076
1 0.4010416666666667 0.11527777777777778 0.025 0.030555555555555555
1 0.5856770833333333 0.1125 0.022395833333333334 0.041666666666666664
1 0.3111979166666667 0.31296296296296294 0.0703125 0.11481481481481481
1 0.35859375 0.2273148148148148 0.05364583333333333 0.06574074074074074
1 0.65625 0.12638888888888888 0.03229166666666667 0.03796296296296296
1 0.5268229166666667 0.07824074074074074 0.024479166666666666 0.030555555555555555
1 0.7841145833333333 0.15324074074074073 0.0359375 0.041666666666666664
1 0.37786458333333334 0.06759259259259259 0.018229166666666668 0.020370370370370372
1 0.6765625 0.1111111111111111 0.025 0.024074074074074074
1 0.4734375 0.24861111111111112 0.046875 0.06759259259259259
1 0.8213541666666667 0.19398148148148148 0.020833333333333332 0.028703703703703703
1 0.83125 0.17685185185185184 0.04375 0.07037037037037037
1 0.3143229166666667 0.16018518518518518 0.04114583333333333 0.046296296296296294
1 0.7921875 0.21712962962962962 0.04583333333333333 0.075