3 0.89140625 0.25601851851851853 0.0640625 0.09722222222222222
2 0.8723958333333334 0.1736111111111111 0.08541666666666667 0.1712962962962963
1 0.06744791666666666 0.4449074074074074 0.0796875 0.10648148148148148
1 0.5203125 0.8412037037037037 0.15625 0.21203703703703702
1 0.23567708333333334 0.8069444444444445 0.1453125 0.1935185185185185
1 0.5447916666666667 0.325 0.06666666666666667 0.08333333333333333
1 0.44583333333333336 0.6305555555555555 0.11458333333333333 0.1574074074074074
1 0.73203125 0.49537037037037035 0.09947916666666666 0.12777777777777777
1 0.18802083333333333 0.37453703703703706 0.06666666666666667 0.09722222222222222
1 0.6770833333333334 0.18333333333333332 0.040625 0.05555555555555555
1 0.6114583333333333 0.37546296296296294 0.075 0.10277777777777777
1 0.38177083333333334 0.5083333333333333 0.090625 0.13148148148148148
1 0.97578125 0.20185185185185187 0.04739583333333333 0.06111111111111111
1 0.83125 0.4125 0.08645833333333333 0.12685185185185185
1 0.6229166666666667 0.5523148148148148 0.103125 0.1712962962962963
1 0.7572916666666667 0.2175925925925926 0.04583333333333333 0.06111111111111111
1 0.4661458333333333 0.2449074074074074 0.040625 0.06574074074074074
1 0.41796875 0.1337962962962963 0.022395833333333334 0.041666666666666664
1 0.5135416666666667 0.1962962962962963 0.042708333333333334 0.05925925925925926
1 0.49895833333333334 0.41712962962962963 0.07708333333333334 0.10833333333333334
1 0.44869791666666664 0.3333333333333333 0.0640625 0.1111111111111111
1 0.9861979166666667 0.31851851851851853 0.0265625 0.1037037037037037
1 0.3177083333333333 0.350462962962963 0.07708333333333334 0.13240740740740742
1 0.44453125 0.14675925925925926 0.04010416666666667 0.06574074074074074
1 0.4171875 0.30694444444444446 0.04791666666666667 0.07685185185185185
1 0.7065104166666667 0.1375 0.03177083333333333 0.04351851851851852
1 0.9604166666666667 0.4935185185185185 0.078125 0.1648148148148148
1 0.39140625 0.2675925925925926 0.05364583333333333 0.08703703703703704
1 0.33619791666666665 0.20185185185185187 0.04739583333333333 0.06111111111111111
1 0.39765625 0.1125 0.025520833333333333 0.03611111111111111
1 0.7505208333333333 0.1125 0.034375 0.030555555555555555
1 0.38229166666666664 0.16203703703703703 0.034375 0.05555555555555555
1 0.4265625 0.2037037037037037 0.03958333333333333 0.05925925925925926
1 0.5388020833333333 0.475462962962963 0.0890625 0.12129629629629629
1 0.39921875 0.1912037037037037 0.033854166666666664 0.04722222222222222
1 0.6346354166666667 0.16157407407407406 0.0359375 0.05648148148148148
1 0.44869791666666664 0.22546296296296298 0.04010416666666667 0.06944444444444445
1 0.6697916666666667 0.14583333333333334 0.035416666666666666 0.05277777777777778
1 0.9528645833333333 0.6805555555555556 0.09322916666666667 0.22407407407407406
1 0.1765625 0.1824074074074074 0.040625 0.05925925925925926
1 0.7591145833333334 0.17407407407407408 0.025520833333333333 0.037037037037037035
1 0.5580729166666667 0.1037037037037037 0.024479166666666666 0.03333333333333333
1 0.26901041666666664 0.1685185185185185 0.034895833333333334 0.04259259259259259
1 0.17526041666666667 0.12407407407407407 0.0328125 0.037037037037037035
1 0.7291666666666666 0.17037037037037037 0.03958333333333333 0.053703703703703705
1 0.5450520833333333 0.14583333333333334 0.03177083333333333 0.032407407407407406
1 0.3625 0.1412037037037037 0.035416666666666666 0.05462962962962963
1 0.16744791666666667 0.28379629629629627 0.0515625 0.0712962962962963
1 0.15572916666666667 0.10046296296296296 0.026041666666666668 0.04351851851851852
1 0.8822916666666667 0.8634259259259259 0.17395833333333333 0.2675925925925926
1 0.37083333333333335 0.24351851851851852 0.03958333333333333 0.07592592592592592
1 0.35078125 0.08472222222222223 0.0234375 0.032407407407407406
1 0.78671875 0.36666666666666664 0.0828125 0.13518518518518519
1 0.7640625 0.1476851851851852 0.036458333333333336 0.04537037037037037
1 0.23151041666666666 0.1175925925925926 0.0328125 0.05185185185185185
1 0.271875 0.1162037037037037 0.03125 0.04351851851851852
1 0.2989583333333333 0.13148148148148148 0.03333333333333333 0.046296296296296294
1 0.5989583333333334 0.14212962962962963 0.03958333333333333 0.062037037037037036
1 0.30052083333333335 0.15787037037037038 0.035416666666666666 0.04351851851851852
1 0.48333333333333334 0.08981481481481482 0.020833333333333332 0.020370370370370372
1 0.17265625 0.15601851851851853 0.0390625 0.04537037037037037
1 0.23255208333333333 0.1814814814814815 0.04635416666666667 0.07407407407407407
1 0.5020833333333333 0.12222222222222222 0.014583333333333334 0.03148148148148148
1 0.6377604166666667 0.1 0.018229166666666668 0.03148148148148148
1 0.575 0.13703703703703704 0.022916666666666665 0.05185185185185185
1 0.5765625 0.09351851851851851 0.021875 0.02962962962962963
1 0.18333333333333332 0.3175925925925926 0.0625 0.10185185185185185
1 0.48776041666666664 0.11064814814814815 0.021354166666666667 0.028703703703703703
1 0.2375 0.13055555555555556 0.03229166666666667 0.03333333333333333
1 0.2640625 0.22546296296296298 0.04375 0.08055555555555556
1 0.33515625 0.0699074074074074 0.019270833333333334 0.021296296296296296
1 0.30885416666666665 0.29074074074074074 0.07708333333333334 0.08333333333333333
1 0.47421875 0.07407407407407407 0.021354166666666667 0.03333333333333333
1 0.6447916666666667 0.12916666666666668 0.03125 0.028703703703703703
1 0.16328125 0.25046296296296294 0.05677083333333333 0.0712962962962963
1 0.21979166666666666 0.09398148148148149 0.029166666666666667 0.04351851851851852
1 0.6049479166666667 0.07824074074074074 0.021354166666666667 0.025
1 0.6580729166666667 0.1087962962962963 0.025520833333333333 0.023148148148148147
1 0.7356770833333334 0.1375 0.027604166666666666 0.021296296296296296
1 0.28567708333333336 0.2689814814814815 0.06197916666666667 0.0712962962962963
1 0.5143229166666666 0.26342592592592595 0.07239583333333334 0.0787037037037037
1 0.48671875 0.17824074074074073 0.0390625 0.062037037037037036
1 0.43203125 0.0875 0.021354166666666667 0.026851851851851852
1 0.27708333333333335 0.2324074074074074 0.04791666666666667 0.06851851851851852