1 0.4890625 0.7412037037037037 0.14166666666666666 0.18981481481481483
1 0.72734375 0.7166666666666667 0.1359375 0.19074074074074074
1 0.5932291666666667 0.3680555555555556 0.075 0.09537037037037037
1 0.2109375 0.6481481481481481 0.12916666666666668 0.1685185185185185
1 0.19583333333333333 0.5106481481481482 0.096875 0.125
1 0.90546875 0.2814814814814815 0.0578125 0.07407407407407407
1 0.3268229166666667 0.3736111111111111 0.0671875 0.09722222222222222
1 0.5203125 0.29212962962962963 0.059375 0.08055555555555556
1 0.7072916666666667 0.44675925925925924 0.09583333333333334 0.15092592592592594
1 0.8447916666666667 0.5736111111111111 0.11145833333333334 0.14722222222222223
1 0.37916666666666665 0.5333333333333333 0.1 0.13333333333333333
1 0.7877604166666666 0.22962962962962963 0.049479166666666664 0.06851851851851852
1 0.79921875 0.3888888888888889 0.08697916666666666 0.12962962962962962
1 0.6401041666666667 0.624537037037037 0.11354166666666667 0.15092592592592594
1 0.44635416666666666 0.35648148148148145 0.057291666666666664 0.09259259259259259
1 0.17682291666666666 0.3402777777777778 0.059895833333333336 0.08611111111111111
1 0.49713541666666666 0.39305555555555555 0.07760416666666667 0.12314814814814815
1 0.91328125 0.6356481481481482 0.14010416666666667 0.175
1 0.6625 0.30092592592592593 0.0625 0.09444444444444444
1 0.98203125 0.7842592592592592 0.034895833333333334 0.20925925925925926
1 0.40651041666666665 0.12175925925925926 0.0359375 0.05462962962962963
1 0.4278645833333333 0.3199074074074074 0.0578125 0.08425925925925926
1 0.5703125 0.8814814814814815 0.159375 0.21851851851851853
1 0.45677083333333335 0.1574074074074074 0.036458333333333336 0.04814814814814815
1 0.3848958333333333 0.11388888888888889 0.01875 0.03518518518518519
1 0.39869791666666665 0.26666666666666666 0.05364583333333333 0.09074074074074075
1 0.7348958333333333 0.20462962962962963 0.04583333333333333 0.06296296296296296
1 0.36328125 0.24861111111111112 0.0390625 0.062037037037037036
1 0.9557291666666666 0.5226851851851851 0.0875 0.14351851851851852
1 0.8697916666666666 0.18009259259259258 0.04791666666666667 0.06574074074074074
1 0.3111979166666667 0.16712962962962963 0.0390625 0.05092592592592592
1 0.6143229166666667 0.1814814814814815 0.04010416666666667 0.03888888888888889
1 0.9026041666666667 0.2310185185185185 0.053125 0.07314814814814814
1 0.7427083333333333 0.34120370370370373 0.075 0.11018518518518519
1 0.184375 0.15694444444444444 0.042708333333333334 0.06388888888888888
1 0.29010416666666666 0.2814814814814815 0.06458333333333334 0.10740740740740741
1 0.73046875 0.16898148148148148 0.0421875 0.05277777777777778
1 0.18854166666666666 0.29444444444444445 0.053125 0.07777777777777778
1 0.45546875 0.22037037037037038 0.050520833333333334 0.07777777777777778
1 0.3533854166666667 0.1375 0.0296875 0.049074074074074076
1 0.55703125 0.14814814814814814 0.027604166666666666 0.03518518518518519
1 0.23541666666666666 0.1537037037037037 0.027083333333333334 0.04259259259259259
1 0.42421875 0.19814814814814816 0.034895833333333334 0.05
1 0.6791666666666667 0.17731481481481481 0.04791666666666667 0.07314814814814814
1 0.6403645833333333 0.275 0.06302083333333333 0.1037037037037037
1 0.7057291666666666 0.1412037037037037 0.03229166666666667 0.04351851851851852
1 0.371875 0.09722222222222222 0.021875 0.03518518518518519
1 0.81875 0.20555555555555555 0.040625 0.06296296296296296
1 0.94765625 0.1884259259259259 0.043229166666666666 0.06574074074074074
1 0.60234375 0.5291666666666667 0.10885416666666667 0.16574074074074074
1 0.36354166666666665 0.15925925925925927 0.025 0.03888888888888889
1 0.6002604166666666 0.12083333333333333 0.0359375 0.04537037037037037
1 0.653125 0.17175925925925925 0.025 0.06018518518518518
1 0.4739583333333333 0.25833333333333336 0.052083333333333336 0.07037037037037037
1 0.2638020833333333 0.1 0.021354166666666667 0.03888888888888889
1 0.4479166666666667 0.1449074074074074 0.03229166666666667 0.05462962962962963
1 0.5286458333333334 0.1361111111111111 0.016666666666666666 0.025925925925925925
1 0.6971354166666667 0.11712962962962963 0.028645833333333332 0.03796296296296296
1 0.33828125 0.07222222222222222 0.0203125 0.024074074074074074
1 0.28203125 0.1162037037037037 0.033854166666666664 0.049074074074074076
1 0.66796875 0.12083333333333333 0.0296875 0.041666666666666664
1 0.35885416666666664 0.21898148148148147 0.04583333333333333 0.075
1 0.2552083333333333 0.1875 0.041666666666666664 0.06944444444444445
1 0.5822916666666667 0.1574074074074074 0.0375 0.044444444444444446
1 0.5955729166666667 0.14166666666666666 0.030729166666666665 0.040740740740740744
1 0.6244791666666667 0.10833333333333334 0.027083333333333334 0.03518518518518519
1 0.37083333333333335 0.43657407407407406 0.07916666666666666 0.11203703703703703
1 0.4674479166666667 0.1037037037037037 0.0234375 0.03148148148148148
1 0.23229166666666667 0.13148148148148148 0.03229166666666667 0.037037037037037035
1 0.3390625 0.2013888888888889 0.034375 0.06574074074074074
1 0.2643229166666667 0.18981481481481483 0.04114583333333333 0.04814814814814815
1 0.3341145833333333 0.11805555555555555 0.028645833333333332 0.04722222222222222
1 0.64296875 0.09444444444444444 0.0234375 0.040740740740740744
1 0.3841145833333333 0.16712962962962963 0.034895833333333334 0.04537037037037037
1 0.5643229166666667 0.0962962962962963 0.025520833333333333 0.027777777777777776
1 0.5640625 0.11990740740740741 0.026041666666666668 0.028703703703703703
1 0.5221354166666666 0.12777777777777777 0.0265625 0.02962962962962963
1 0.40703125 0.17314814814814813 0.033854166666666664 0.03148148148148148
1 0.8161458333333333 0.17175925925925925 0.03958333333333333 0.041666666666666664
1 0.21458333333333332 0.08703703703703704 0.028125 0.03888888888888889
1 0.4513020833333333 0.08148148148148149 0.024479166666666666 0.027777777777777776
1 0.5080729166666667 0.08611111111111111 0.025520833333333333 0.03888888888888889
1 0.17630208333333333 0.26064814814814813 0.04635416666666667 0.08425925925925926
1 0.2796875 0.2375 0.0625 0.07314814814814814
1 0.7713541666666667 0.17407407407407408 0.03854166666666667 0.05740740740740741
1 0.49947916666666664 0.11805555555555555 0.021875 0.028703703703703703
1 0.4005208333333333 0.19675925925925927 0.020833333333333332 0.041666666666666664
1 0.8361979166666667 0.14583333333333334 0.04114583333333333 0.06018518518518518
1 0.28072916666666664 0.1476851851851852 0.034375 0.04351851851851852
1 0.16614583333333333 0.1912037037037037 0.0375 0.03611111111111111
1 0.17265625 0.2375 0.049479166666666664 0.062037037037037036