2 0.6041666666666666 0.08333333333333333 0.09166666666666666 0.07962962962962963
1 0.45078125 0.6916666666666667 0.12239583333333333 0.1574074074074074
1 0.2520833333333333 0.7870370370370371 0.13645833333333332 0.19814814814814816
1 0.6598958333333333 0.6152777777777778 0.1125 0.15648148148148147
1 0.5489583333333333 0.47314814814814815 0.08854166666666667 0.12962962962962962
1 0.5049479166666667 0.2865740740740741 0.058854166666666666 0.075
1 0.96796875 0.3037037037037037 0.06302083333333333 0.08518518518518518
1 0.390625 0.5476851851851852 0.09479166666666666 0.13425925925925927
1 0.10234375 0.40694444444444444 0.07552083333333333 0.11944444444444445
1 0.6822916666666666 0.43472222222222223 0.09166666666666666 0.12129629629629629
1 0.6481770833333333 0.4041666666666667 0.06927083333333334 0.10277777777777777
1 0.20208333333333334 0.44305555555555554 0.08541666666666667 0.11574074074074074
1 0.7700520833333333 0.5018518518518519 0.0953125 0.14074074074074075
1 0.49713541666666666 0.4310185185185185 0.0703125 0.10648148148148148
1 0.5763020833333333 0.3314814814814815 0.07447916666666667 0.1111111111111111
1 0.45598958333333334 0.2361111111111111 0.0484375 0.06481481481481481
1 0.9411458333333333 0.6699074074074074 0.11666666666666667 0.21944444444444444
1 0.4276041666666667 0.3037037037037037 0.059375 0.0962962962962963
1 0.29348958333333336 0.29259259259259257 0.05677083333333333 0.07962962962962963
1 0.7427083333333333 0.36342592592592593 0.075 0.09907407407407408
1 0.8557291666666667 0.42314814814814816 0.08854166666666667 0.13518518518518519
1 0.425 0.21342592592592594 0.04479166666666667 0.06018518518518518
1 0.3690104166666667 0.4875 0.08697916666666666 0.12314814814814815
1 0.39088541666666665 0.2814814814814815 0.044270833333333336 0.07592592592592592
1 0.3338541666666667 0.38564814814814813 0.07083333333333333 0.09537037037037037
1 0.6515625 0.287962962962963 0.06354166666666666 0.1
1 0.31979166666666664 0.33101851851851855 0.06041666666666667 0.08611111111111111
1 0.60859375 0.25787037037037036 0.0546875 0.08425925925925926
1 0.5044270833333333 0.1259259259259259 0.030729166666666665 0.03518518518518519
1 0.47317708333333336 0.3768518518518518 0.07552083333333333 0.11851851851851852
1 0.184375 0.37592592592592594 0.07291666666666667 0.09814814814814815
1 0.66796875 0.19722222222222222 0.049479166666666664 0.05555555555555555
1 0.41640625 0.12962962962962962 0.0328125 0.04259259259259259
1 0.3796875 0.2564814814814815 0.04479166666666667 0.07037037037037037
1 0.38723958333333336 0.16666666666666666 0.03177083333333333 0.044444444444444446
1 0.17265625 0.275 0.0484375 0.07037037037037037
1 0.92890625 0.21574074074074073 0.04739583333333333 0.06296296296296296
1 0.26614583333333336 0.23194444444444445 0.05520833333333333 0.08981481481481482
1 0.36041666666666666 0.22037037037037038 0.04479166666666667 0.07592592592592592
1 0.33151041666666664 0.20601851851851852 0.0328125 0.05648148148148148
1 0.8471354166666667 0.21296296296296297 0.027604166666666666 0.06111111111111111
1 0.7229166666666667 0.23333333333333334 0.05 0.04814814814814815
1 0.7265625 0.1726851851851852 0.03854166666666667 0.05277777777777778
1 0.3768229166666667 0.10092592592592593 0.030729166666666665 0.046296296296296294
1 0.9630208333333333 0.25555555555555554 0.07083333333333333 0.07592592592592592
1 0.75859375 0.13333333333333333 0.024479166666666666 0.03518518518518519
1 0.18098958333333334 0.24351851851851852 0.044270833333333336 0.06296296296296296
1 0.8830729166666667 0.26342592592592595 0.05572916666666667 0.0824074074074074
1 0.2989583333333333 0.14166666666666666 0.03229166666666667 0.03888888888888889
1 0.6377604166666667 0.18333333333333332 0.030729166666666665 0.037037037037037035
1 0.6729166666666667 0.17175925925925925 0.036458333333333336 0.03981481481481482
1 0.3580729166666667 0.0962962962962963 0.013020833333333334 0.02962962962962963
1 0.8690104166666667 0.1912037037037037 0.033854166666666664 0.05092592592592592
1 0.8848958333333333 0.9180555555555555 0.215625 0.16203703703703703
1 0.378125 0.15648148148148147 0.03125 0.05185185185185185
1 0.6122395833333333 0.11712962962962963 0.028645833333333332 0.03611111111111111
1 0.48333333333333334 0.09675925925925925 0.027083333333333334 0.03425925925925926
1 0.9450520833333333 0.1685185185185185 0.05364583333333333 0.04814814814814815
1 0.40859375 0.11898148148148148 0.027604166666666666 0.04537037037037037
1 0.5432291666666667 0.2152777777777778 0.05 0.08425925925925926
1 0.5546875 0.1476851851851852 0.029166666666666667 0.030555555555555555
1 0.7411458333333333 0.1486111111111111 0.0375 0.049074074074074076
1 0.4153645833333333 0.18518518518518517 0.04114583333333333 0.06666666666666667
1 0.89609375 0.2023148148148148 0.0390625 0.05092592592592592
1 0.6 0.1736111111111111 0.036458333333333336 0.03981481481481482
1 0.3372395833333333 0.11851851851851852 0.027604166666666666 0.04259259259259259
1 0.63671875 0.16018518518518518 0.03697916666666667 0.04259259259259259
1 0.97421875 0.20879629629629629 0.050520833333333334 0.03425925925925926
1 0.56796875 0.12268518518518519 0.0265625 0.028703703703703703
1 0.17057291666666666 0.1310185185185185 0.03802083333333333 0.04351851851851852
1 0.33489583333333334 0.17314814814814813 0.03958333333333333 0.040740740740740744
1 0.18125 0.1935185185185185 0.036458333333333336 0.044444444444444446
1 0.5520833333333334 0.08101851851851852 0.017708333333333333 0.041666666666666664
1 0.3106770833333333 0.17685185185185184 0.0203125 0.040740740740740744
1 0.246875 0.16342592592592592 0.03958333333333333 0.05277777777777778
1 0.33880208333333334 0.13287037037037036 0.021354166666666667 0.03425925925925926
1 0.5778645833333333 0.15694444444444444 0.028645833333333332 0.03611111111111111
1 0.66640625 0.14212962962962963 0.0328125 0.03981481481481482
1 0.5825520833333333 0.10601851851851851 0.0265625 0.030555555555555555
1 0.5078125 0.08472222222222223 0.022916666666666665 0.041666666666666664
1 0.6841145833333333 0.10833333333333334 0.033854166666666664 0.046296296296296294
1 0.35598958333333336 0.1398148148148148 0.0296875 0.03888888888888889
1 0.34817708333333336 0.0824074074074074 0.0203125 0.02962962962962963
1 0.68125 0.13240740740740742 0.029166666666666667 0.03888888888888889
1 0.5299479166666666 0.0625 0.0203125 0.025
1 0.559375 0.2324074074074074 0.046875 0.07592592592592592
1 0.3143229166666667 0.09953703703703703 0.027604166666666666 0.03611111111111111
1 0.6088541666666667 0.14305555555555555 0.03229166666666667 0.04537037037037037
1 0.52265625 0.10925925925925926 0.025520833333333333 0.046296296296296294
1 0.5770833333333333 0.09305555555555556 0.029166666666666667 0.032407407407407406
1 0.44583333333333336 0.08657407407407407 0.025 0.03981481481481482
1 0.7372395833333333 0.1175925925925926 0.021354166666666667 0.014814814814814815
1 0.6526041666666667 0.13055555555555556 0.026041666666666668 0.024074074074074074
1 0.7635416666666667 0.16712962962962963 0.014583333333333334 0.028703703703703703
1 0.16953125 0.2175925925925926 0.0390625 0.07592592592592592
1 0.8151041666666666 0.22870370370370371 0.059375 0.09074074074074075
1 0.16536458333333334 0.16435185185185186 0.028645833333333332 0.03611111111111111
1 0.2828125 0.11851851851851852 0.035416666666666666 0.03518518518518519
1 0.2234375 0.11990740740740741 0.03125 0.032407407407407406
1 0.6596354166666667 0.09814814814814815 0.0296875 0.040740740740740744
1 0.75234375 0.21574074074074073 0.0453125 0.07407407407407407