2 0.8869791666666667 0.15046296296296297 0.07395833333333333 0.16018518518518518
2 0.85859375 0.5254629629629629 0.15572916666666667 0.2972222222222222
2 0.76640625 0.12314814814814815 0.0671875 0.12407407407407407
1 0.17994791666666668 0.7263888888888889 0.1296875 0.15648148148148147
1 0.24869791666666666 0.8407407407407408 0.13802083333333334 0.18703703703703703
1 0.7083333333333334 0.45740740740740743 0.090625 0.11481481481481481
1 0.4200520833333333 0.587037037037037 0.1078125 0.14629629629629629
1 0.6135416666666667 0.5726851851851852 0.11145833333333334 0.14907407407407408
1 0.69296875 0.3449074074074074 0.06822916666666666 0.09351851851851851
1 0.6067708333333334 0.3680555555555556 0.06875 0.09722222222222222
1 0.7643229166666666 0.5342592592592592 0.049479166666666664 0.13333333333333333
1 0.3484375 0.32175925925925924 0.06458333333333334 0.0824074074074074
1 0.5408854166666667 0.3162037037037037 0.0640625 0.08611111111111111
1 0.31953125 0.36064814814814816 0.06927083333333334 0.09166666666666666
1 0.5815104166666667 0.5018518518518519 0.08697916666666666 0.12962962962962962
1 0.6328125 0.9564814814814815 0.17291666666666666 0.08518518518518518
1 0.92734375 0.2949074074074074 0.06822916666666666 0.08055555555555556
1 0.19270833333333334 0.3194444444444444 0.058333333333333334 0.08148148148148149
1 0.58359375 0.16620370370370371 0.034895833333333334 0.041666666666666664
1 0.6786458333333333 0.18194444444444444 0.03958333333333333 0.05092592592592592
1 0.6559895833333333 0.29953703703703705 0.06614583333333333 0.09166666666666666
1 0.4239583333333333 0.32407407407407407 0.06354166666666666 0.10185185185185185
1 0.8635416666666667 0.2967592592592593 0.06770833333333333 0.07314814814814814
1 0.20807291666666666 0.5861111111111111 0.09739583333333333 0.15
1 0.5640625 0.1337962962962963 0.03125 0.04537037037037037
1 0.46484375 0.39351851851851855 0.08802083333333334 0.1388888888888889
1 0.47552083333333334 0.1736111111111111 0.0375 0.06018518518518518
1 0.27578125 0.24953703703703703 0.04635416666666667 0.062037037037037036
1 0.38125 0.5023148148148148 0.11979166666666667 0.175
1 0.8640625 0.22407407407407406 0.05 0.06481481481481481
1 0.36276041666666664 0.23564814814814813 0.04010416666666667 0.06574074074074074
1 0.515625 0.29074074074074074 0.05 0.08518518518518518
1 0.9861979166666667 0.26481481481481484 0.0265625 0.09074074074074075
1 0.7651041666666667 0.21712962962962962 0.05 0.0787037037037037
1 0.39114583333333336 0.2671296296296296 0.06041666666666667 0.08981481481481482
1 0.7375 0.17314814814814813 0.03958333333333333 0.06296296296296296
1 0.415625 0.19166666666666668 0.04479166666666667 0.05925925925925926
1 0.25703125 0.19166666666666668 0.04635416666666667 0.05555555555555555
1 0.60703125 0.11805555555555555 0.03802083333333333 0.05462962962962963
1 0.42265625 0.13703703703703704 0.0328125 0.046296296296296294
1 0.27291666666666664 0.22592592592592592 0.052083333333333336 0.05740740740740741
1 0.17109375 0.1597222222222222 0.034895833333333334 0.04537037037037037
1 0.4505208333333333 0.15925925925925927 0.029166666666666667 0.04814814814814815
1 0.38229166666666664 0.16620370370370371 0.03958333333333333 0.05462962962962963
1 0.19088541666666667 0.2564814814814815 0.04635416666666667 0.07037037037037037
1 0.49114583333333334 0.27546296296296297 0.04479166666666667 0.07685185185185185
1 0.6364583333333333 0.1912037037037037 0.042708333333333334 0.04351851851851852
1 0.43776041666666665 0.3560185185185185 0.059895833333333336 0.09537037037037037
1 0.43385416666666665 0.21435185185185185 0.03854166666666667 0.062037037037037036
1 0.4778645833333333 0.09351851851851851 0.030729166666666665 0.044444444444444446
1 0.41119791666666666 0.12824074074074074 0.0328125 0.05092592592592592
1 0.27265625 0.11157407407407408 0.0265625 0.04351851851851852
1 0.30833333333333335 0.1587962962962963 0.03333333333333333 0.05462962962962963
1 0.33645833333333336 0.075 0.022916666666666665 0.02962962962962963
1 0.66953125 0.1439814814814815 0.030729166666666665 0.030555555555555555
1 0.3502604166666667 0.13148148148148148 0.028645833333333332 0.037037037037037035
1 0.33046875 0.18564814814814815 0.03697916666666667 0.06574074074074074
1 0.8419270833333333 0.16435185185185186 0.0203125 0.05277777777777778
1 0.35182291666666665 0.20972222222222223 0.04010416666666667 0.06388888888888888
1 0.16588541666666667 0.08935185185185185 0.027604166666666666 0.025
1 0.7096354166666666 0.15462962962962962 0.03697916666666667 0.05740740740740741
1 0.6705729166666666 0.11527777777777778 0.021354166666666667 0.026851851851851852
1 0.453125 0.08518518518518518 0.023958333333333335 0.03333333333333333
1 0.8348958333333333 0.15092592592592594 0.034375 0.06111111111111111
1 0.28932291666666665 0.12824074074074074 0.028645833333333332 0.049074074074074076
1 0.5786458333333333 0.10555555555555556 0.028125 0.04259259259259259
1 0.4979166666666667 0.1050925925925926 0.026041666666666668 0.03425925925925926
1 0.45651041666666664 0.24537037037037038 0.0453125 0.053703703703703705
1 0.30130208333333336 0.1476851851851852 0.030729166666666665 0.05277777777777778
1 0.3640625 0.15324074074074073 0.030208333333333334 0.041666666666666664
1 0.4578125 0.2162037037037037 0.04895833333333333 0.049074074074074076
1 0.33359375 0.12129629629629629 0.024479166666666666 0.03518518518518519
1 0.6463541666666667 0.1111111111111111 0.027083333333333334 0.03518518518518519
1 0.16822916666666668 0.12731481481481483 0.03333333333333333 0.04351851851851852
1 0.43776041666666665 0.07453703703703704 0.0234375 0.03611111111111111
1 0.65546875 0.16620370370370371 0.0328125 0.04537037037037037
1 0.60078125 0.0912037037037037 0.022395833333333334 0.025
1 0.9294270833333333 0.17962962962962964 0.0203125 0.06851851851851852
1 0.23255208333333333 0.1398148148148148 0.03697916666666667 0.05555555555555555
1 0.4036458333333333 0.06759259259259259 0.022916666666666665 0.022222222222222223
1 0.5622395833333333 0.07222222222222222 0.024479166666666666 0.024074074074074074
1 0.18098958333333334 0.23796296296296296 0.0453125 0.06111111111111111
1 0.5236979166666667 0.11296296296296296 0.024479166666666666 0.044444444444444446
1 0.7041666666666667 0.13148148148148148 0.0375 0.04814814814814815
1 0.39557291666666666 0.11157407407407408 0.028645833333333332 0.05092592592592592
1 0.6815104166666667 0.12731481481481483 0.0203125 0.03425925925925926
1 0.19583333333333333 0.4837962962962963 0.09479166666666666 0.1361111111111111
1 0.8822916666666667 0.25462962962962965 0.051041666666666666 0.05740740740740741
1 0.5546875 0.1162037037037037 0.020833333333333332 0.05092592592592592
1 0.24609375 0.16157407407407406 0.03802083333333333 0.04537037037037037
1 0.3255208333333333 0.10925925925925926 0.030208333333333334 0.040740740740740744
1 0.17682291666666666 0.19814814814814816 0.0484375 0.06481481481481481