3 0.9791666666666666 0.29583333333333334 0.040625 0.11203703703703703
2 0.9528645833333333 0.19398148148148148 0.09322916666666667 0.18981481481481483
1 0.23671875 0.8333333333333334 0.16197916666666667 0.2111111111111111
1 0.42161458333333335 0.6476851851851851 0.1203125 0.16203703703703703
1 0.96875 0.7125 0.06145833333333333 0.17685185185185184
1 0.7630208333333334 0.7893518518518519 0.14270833333333333 0.1935185185185185
1 0.6078125 0.9273148148148148 0.184375 0.14351851851851852
1 0.14401041666666667 0.38333333333333336 0.06614583333333333 0.09259259259259259
1 0.6473958333333333 0.4203703703703704 0.08333333333333333 0.10925925925925926
1 0.5046875 0.2875 0.06041666666666667 0.07685185185185185
1 0.20390625 0.6217592592592592 0.11510416666666666 0.1527777777777778
1 0.56015625 0.3282407407407407 0.06510416666666667 0.09166666666666666
1 0.9169270833333333 0.8967592592592593 0.16510416666666666 0.20462962962962963
1 0.4 0.5120370370370371 0.09479166666666666 0.1259259259259259
1 0.34765625 0.42824074074074076 0.0765625 0.11018518518518519
1 0.8052083333333333 0.5375 0.11458333333333333 0.18055555555555555
1 0.4864583333333333 0.4050925925925926 0.07604166666666666 0.10462962962962963
1 0.4 0.12175925925925926 0.020833333333333332 0.03796296296296296
1 0.7286458333333333 0.20555555555555555 0.04375 0.06111111111111111
1 0.8263020833333333 0.2037037037037037 0.04739583333333333 0.06111111111111111
1 0.45416666666666666 0.36064814814814816 0.06666666666666667 0.09351851851851851
1 0.4830729166666667 0.17453703703703705 0.0390625 0.05277777777777778
1 0.91484375 0.46296296296296297 0.10260416666666666 0.15185185185185185
1 0.18828125 0.3277777777777778 0.058854166666666666 0.08333333333333333
1 0.73046875 0.3472222222222222 0.07239583333333334 0.10925925925925926
1 0.8341145833333333 0.3958333333333333 0.09010416666666667 0.11944444444444445
1 0.3216145833333333 0.18333333333333332 0.0421875 0.05555555555555555
1 0.421875 0.2953703703703704 0.057291666666666664 0.09814814814814815
1 0.42421875 0.13287037037037036 0.03802083333333333 0.058333333333333334
1 0.5799479166666667 0.16342592592592592 0.0359375 0.03611111111111111
1 0.8955729166666667 0.1726851851851852 0.0328125 0.062037037037037036
1 0.365625 0.1486111111111111 0.03229166666666667 0.05092592592592592
1 0.3026041666666667 0.31203703703703706 0.07083333333333333 0.11666666666666667
1 0.44244791666666666 0.21851851851851853 0.0359375 0.05555555555555555
1 0.38776041666666666 0.2740740740740741 0.043229166666666666 0.06851851851851852
1 0.20520833333333333 0.16666666666666666 0.04375 0.06851851851851852
1 0.5432291666666667 0.45787037037037037 0.0875 0.1398148148148148
1 0.38333333333333336 0.17407407407407408 0.03229166666666667 0.04814814814814815
1 0.5658854166666667 0.12731481481481483 0.027604166666666666 0.03611111111111111
1 0.40338541666666666 0.18472222222222223 0.03697916666666667 0.05462962962962963
1 0.8278645833333333 0.24537037037037038 0.0515625 0.06851851851851852
1 0.38229166666666664 0.10277777777777777 0.023958333333333335 0.03518518518518519
1 0.6830729166666667 0.12916666666666668 0.030729166666666665 0.04351851851851852
1 0.6778645833333333 0.18101851851851852 0.04010416666666667 0.062037037037037036
1 0.63671875 0.10972222222222222 0.0265625 0.03425925925925926
1 0.7421875 0.14629629629629629 0.026041666666666668 0.04259259259259259
1 0.6984375 0.649537037037037 0.128125 0.20833333333333334
1 0.7919270833333333 0.12268518518518519 0.0390625 0.030555555555555555
1 0.27265625 0.16018518518518518 0.034895833333333334 0.06111111111111111
1 0.5778645833333333 0.1125 0.03177083333333333 0.03981481481481482
1 0.48046875 0.24212962962962964 0.058854166666666666 0.08611111111111111
1 0.42916666666666664 0.20416666666666666 0.03854166666666667 0.06574074074074074
1 0.5091145833333334 0.12546296296296297 0.025520833333333333 0.030555555555555555
1 0.16302083333333334 0.2569444444444444 0.042708333333333334 0.06574074074074074
1 0.6604166666666667 0.10694444444444444 0.021875 0.03425925925925926
1 0.15651041666666668 0.09583333333333334 0.025520833333333333 0.041666666666666664
1 0.81328125 0.1648148148148148 0.043229166666666666 0.06296296296296296
1 0.37395833333333334 0.24027777777777778 0.05 0.0787037037037037
1 0.24010416666666667 0.16296296296296298 0.03229166666666667 0.04814814814814815
1 0.44869791666666664 0.0962962962962963 0.0234375 0.025925925925925925
1 0.46197916666666666 0.1587962962962963 0.034375 0.05648148148148148
1 0.18020833333333333 0.2722222222222222 0.051041666666666666 0.06851851851851852
1 0.528125 0.1337962962962963 0.016666666666666666 0.028703703703703703
1 0.7044270833333334 0.31296296296296294 0.0703125 0.11851851851851852
1 0.5221354166666666 0.08564814814814815 0.021354166666666667 0.021296296296296296
1 0.6354166666666666 0.1597222222222222 0.04375 0.06759259259259259
1 0.6229166666666667 0.08935185185185185 0.022916666666666665 0.03425925925925926
1 0.6057291666666667 0.14722222222222223 0.026041666666666668 0.044444444444444446
1 0.7143229166666667 0.16342592592592592 0.03697916666666667 0.06018518518518518
1 0.26796875 0.10648148148148148 0.0234375 0.037037037037037035
1 0.4908854166666667 0.08009259259259259 0.024479166666666666 0.03611111111111111
1 0.34609375 0.12731481481481483 0.0328125 0.05462962962962963
1 0.6880208333333333 0.14351851851851852 0.03333333333333333 0.02962962962962963
1 0.6736979166666667 0.1111111111111111 0.0265625 0.03333333333333333
1 0.5997395833333333 0.10092592592592593 0.024479166666666666 0.03333333333333333
1 0.5557291666666667 0.1412037037037037 0.023958333333333335 0.03981481481481482
1 0.26536458333333335 0.24305555555555555 0.03802083333333333 0.06759259259259259
1 0.49244791666666665 0.11435185185185186 0.0203125 0.025
1 0.3111979166666667 0.09027777777777778 0.025520833333333333 0.03981481481481482
1 0.34375 0.08009259259259259 0.023958333333333335 0.032407407407407406
1 0.7713541666666667 0.18564814814814815 0.042708333333333334 0.062037037037037036
1 0.4122395833333333 0.0699074074074074 0.019270833333333334 0.025
1 0.17734375 0.22083333333333333 0.0421875 0.041666666666666664
1 0.23046875 0.11898148148148148 0.0359375 0.030555555555555555
1 0.29296875 0.25972222222222224 0.0734375 0.07685185185185185
1 0.43802083333333336 0.07916666666666666 0.022916666666666665 0.030555555555555555
1 0.503125 0.0962962962962963 0.023958333333333335 0.024074074074074074
1 0.17239583333333333 0.16342592592592592 0.03229166666666667 0.05092592592592592
1 0.5453125 0.09814814814814815 0.023958333333333335 0.040740740740740744
1 0.32916666666666666 0.0699074074074074 0.016666666666666666 0.021296296296296296
1 0.46848958333333335 0.08564814814814815 0.0234375 0.03611111111111111
1 0.22552083333333334 0.09675925925925925 0.025 0.021296296296296296
1 0.26979166666666665 0.20833333333333334 0.04479166666666667 0.05740740740740741
1 0.6184895833333334 0.1175925925925926 0.024479166666666666 0.020370370370370372
1 0.3536458333333333 0.21805555555555556 0.0375 0.07314814814814814