2 0.9122395833333333 0.7027777777777777 0.17447916666666666 0.5907407407407408
2 0.6203125 0.8097222222222222 0.33229166666666665 0.3787037037037037
2 0.9739583333333334 0.18194444444444444 0.051041666666666666 0.175
1 0.8020833333333334 0.5601851851851852 0.05520833333333333 0.18703703703703703
1 0.6919270833333333 0.46064814814814814 0.08802083333333334 0.11203703703703703
1 0.4596354166666667 0.39490740740740743 0.06614583333333333 0.09351851851851851
1 0.509375 0.42962962962962964 0.08020833333333334 0.10740740740740741
1 0.19947916666666668 0.38796296296296295 0.065625 0.08888888888888889
1 0.025260416666666667 0.4888888888888889 0.050520833333333334 0.11851851851851852
1 0.5786458333333333 0.5166666666666667 0.1 0.13148148148148148
1 0.40546875 0.28888888888888886 0.0546875 0.07962962962962963
1 0.08098958333333334 0.45231481481481484 0.08072916666666667 0.10833333333333334
1 0.634375 0.5921296296296297 0.11770833333333333 0.1675925925925926
1 0.9432291666666667 0.29074074074074074 0.06145833333333333 0.08518518518518518
1 0.73515625 0.21157407407407408 0.0453125 0.062037037037037036
1 0.5692708333333333 0.3300925925925926 0.07604166666666666 0.125
1 0.43723958333333335 0.21435185185185185 0.0390625 0.06018518518518518
1 0.4700520833333333 0.24953703703703703 0.043229166666666666 0.06759259259259259
1 0.24947916666666667 0.16712962962962963 0.035416666666666666 0.04537037037037037
1 0.19244791666666666 0.3486111111111111 0.06510416666666667 0.0787037037037037
1 0.86953125 0.3023148148148148 0.0671875 0.06388888888888888
1 0.35078125 0.4101851851851852 0.0765625 0.1259259259259259
1 0.7572916666666667 0.37916666666666665 0.07916666666666666 0.10462962962962963
1 0.40989583333333335 0.19490740740740742 0.03958333333333333 0.05462962962962963
1 0.18723958333333332 0.20092592592592592 0.03802083333333333 0.05740740740740741
1 0.6505208333333333 0.16712962962962963 0.040625 0.05648148148148148
1 0.61328125 0.15694444444444444 0.034895833333333334 0.03981481481481482
1 0.71796875 0.19490740740740742 0.0421875 0.06018518518518518
1 0.3768229166666667 0.26064814814814813 0.044270833333333336 0.0712962962962963
1 0.459375 0.08472222222222223 0.027083333333333334 0.03425925925925926
1 0.32473958333333336 0.3888888888888889 0.058854166666666666 0.0962962962962963
1 0.35885416666666664 0.13796296296296295 0.036458333333333336 0.05555555555555555
1 0.2921875 0.26435185185185184 0.05625 0.09537037037037037
1 0.5645833333333333 0.12731481481481483 0.03958333333333333 0.05648148148148148
1 0.21171875 0.13333333333333333 0.028645833333333332 0.037037037037037035
1 0.45546875 0.7375 0.1359375 0.2490740740740741
1 0.2791666666666667 0.11574074074074074 0.03125 0.04259259259259259
1 0.315625 0.1726851851851852 0.035416666666666666 0.062037037037037036
1 0.3640625 0.09074074074074075 0.03125 0.03888888888888889
1 0.17213541666666668 0.300462962962963 0.0515625 0.08425925925925926
1 0.39817708333333335 0.07083333333333333 0.018229166666666668 0.025
1 0.26953125 0.21805555555555556 0.0453125 0.058333333333333334
1 0.8770833333333333 0.19722222222222222 0.04583333333333333 0.05925925925925926
1 0.7080729166666667 0.14537037037037037 0.0421875 0.044444444444444446
1 0.6744791666666666 0.11851851851851852 0.028125 0.027777777777777776
1 0.36692708333333335 0.22592592592592592 0.05260416666666667 0.08703703703703704
1 0.3921875 0.11157407407407408 0.03958333333333333 0.04537037037037037
1 0.3453125 0.075 0.021875 0.03333333333333333
1 0.23645833333333333 0.1527777777777778 0.03854166666666667 0.04259259259259259
1 0.18307291666666667 0.1712962962962963 0.0359375 0.05
1 0.18203125 0.2625 0.04739583333333333 0.08425925925925926
1 0.3927083333333333 0.14212962962962963 0.034375 0.04722222222222222
1 0.2674479166666667 0.09583333333333334 0.027604166666666666 0.041666666666666664
1 0.25338541666666664 0.08287037037037037 0.021354166666666667 0.03611111111111111
1 0.684375 0.17824074074074073 0.041666666666666664 0.06944444444444445
1 0.5091145833333334 0.10555555555555556 0.0234375 0.03888888888888889
1 0.16979166666666667 0.11527777777777778 0.028125 0.028703703703703703
1 0.49192708333333335 0.18101851851851852 0.058854166666666666 0.062037037037037036
1 0.17395833333333333 0.14629629629629629 0.034375 0.04259259259259259
1 0.3020833333333333 0.14629629629629629 0.03333333333333333 0.046296296296296294
1 0.86015625 0.18518518518518517 0.0390625 0.06666666666666667
1 0.7276041666666667 0.12638888888888888 0.029166666666666667 0.030555555555555555
1 0.47552083333333334 0.06898148148148148 0.017708333333333333 0.030555555555555555
1 0.521875 0.1125 0.026041666666666668 0.04537037037037037
1 0.6440104166666667 0.09444444444444444 0.03697916666666667 0.03148148148148148
1 0.9338541666666667 0.18564814814814815 0.03333333333333333 0.05648148148148148
1 0.39427083333333335 0.16944444444444445 0.03333333333333333 0.03518518518518519
1 0.5869791666666667 0.12129629629629629 0.019791666666666666 0.05
1 0.9127604166666666 0.18055555555555555 0.030729166666666665 0.05185185185185185
1 0.93671875 0.23148148148148148 0.0390625 0.040740740740740744
1 0.31979166666666664 0.11157407407407408 0.016666666666666666 0.03425925925925926
1 0.29244791666666664 0.13055555555555556 0.028645833333333332 0.046296296296296294
1 0.33619791666666665 0.11712962962962963 0.027604166666666666 0.04537037037037037
1 0.3377604166666667 0.22268518518518518 0.024479166666666666 0.062037037037037036
1 0.8643229166666667 0.4083333333333333 0.12239583333333333 0.11666666666666667
1 0.4861979166666667 0.09444444444444444 0.0234375 0.040740740740740744
1 0.6752604166666667 0.1361111111111111 0.027604166666666666 0.020370370370370372
1 0.6361979166666667 0.12638888888888888 0.0484375 0.049074074074074076
1 0.47890625 0.27175925925925926 0.0296875 0.06944444444444445
1 0.16875 0.08703703703703704 0.029166666666666667 0.03148148148148148
1 0.7953125 0.16944444444444445 0.015625 0.04814814814814815
1 0.3424479166666667 0.1986111111111111 0.04010416666666667 0.06944444444444445
1 0.8799479166666667 0.38657407407407407 0.09114583333333333 0.0712962962962963
1 0.3 0.2962962962962963 0.05416666666666667 0.07592592592592592
1 0.9075520833333334 0.25925925925925924 0.0609375 0.08333333333333333