2 0.5638020833333334 0.2814814814814815 0.08385416666666666 0.1648148148148148
2 0.9338541666666667 0.17037037037037037 0.09375 0.15555555555555556
2 0.9614583333333333 0.49166666666666664 0.07604166666666666 0.22592592592592592
2 0.8419270833333333 0.1037037037037037 0.06510416666666667 0.09444444444444444
1 0.6549479166666666 0.6194444444444445 0.11927083333333334 0.15555555555555556
1 0.9169270833333333 0.3212962962962963 0.0671875 0.07037037037037037
1 0.7786458333333334 0.5407407407407407 0.10625 0.13518518518518519
1 0.46119791666666665 0.9018518518518519 0.1765625 0.19444444444444445
1 0.9614583333333333 0.6944444444444444 0.07604166666666666 0.23333333333333334
1 0.51015625 0.449537037037037 0.08177083333333333 0.10462962962962963
1 0.55234375 0.49907407407407406 0.08802083333333334 0.12407407407407407
1 0.9671875 0.28564814814814815 0.06145833333333333 0.075
1 0.3143229166666667 0.32685185185185184 0.06302083333333333 0.08333333333333333
1 0.19869791666666667 0.43472222222222223 0.0734375 0.09722222222222222
1 0.85078125 0.44537037037037036 0.09322916666666667 0.11481481481481481
1 0.6236979166666666 0.37175925925925923 0.0859375 0.13796296296296295
1 0.49557291666666664 0.27546296296296297 0.0515625 0.0712962962962963
1 0.8674479166666667 0.26064814814814813 0.05572916666666667 0.07685185185185185
1 0.42994791666666665 0.31851851851851853 0.06197916666666667 0.08518518518518518
1 0.75546875 0.7652777777777777 0.14739583333333334 0.24166666666666667
1 0.19375 0.38981481481481484 0.071875 0.08888888888888889
1 0.79140625 0.26342592592592595 0.059895833333333336 0.049074074074074076
1 0.42942708333333335 0.21157407407407408 0.043229166666666666 0.05648148148148148
1 0.45859375 0.23333333333333334 0.0421875 0.06481481481481481
1 0.6932291666666667 0.19444444444444445 0.042708333333333334 0.05740740740740741
1 0.25104166666666666 0.17916666666666667 0.036458333333333336 0.049074074074074076
1 0.26953125 0.23796296296296296 0.049479166666666664 0.06296296296296296
1 0.012760416666666666 0.5138888888888888 0.025520833333333333 0.11666666666666667
1 0.5111979166666667 0.30092592592592593 0.033854166666666664 0.07777777777777778
1 0.4010416666666667 0.287962962962963 0.04895833333333333 0.07962962962962963
1 0.446875 0.07916666666666666 0.023958333333333335 0.030555555555555555
1 0.34348958333333335 0.44027777777777777 0.0703125 0.11018518518518519
1 0.584375 0.14583333333333334 0.034375 0.03981481481481482
1 0.61875 0.15555555555555556 0.035416666666666666 0.05185185185185185
1 0.19505208333333332 0.14212962962962963 0.027604166666666666 0.03796296296296296
1 0.5322916666666667 0.21851851851851853 0.03854166666666667 0.06111111111111111
1 0.40182291666666664 0.12222222222222222 0.04114583333333333 0.05
1 0.6776041666666667 0.18055555555555555 0.0375 0.05740740740740741
1 0.17447916666666666 0.3337962962962963 0.05520833333333333 0.09351851851851851
1 0.18333333333333332 0.18101851851851852 0.036458333333333336 0.04351851851851852
1 0.38307291666666665 0.2462962962962963 0.0546875 0.09444444444444444
1 0.4083333333333333 0.18981481481481483 0.040625 0.046296296296296294
1 0.34401041666666665 0.1259259259259259 0.0296875 0.04814814814814815
1 0.21510416666666668 0.10648148148148148 0.030208333333333334 0.044444444444444446
1 0.34869791666666666 0.23935185185185184 0.030729166666666665 0.06574074074074074
1 0.846875 0.23333333333333334 0.065625 0.08333333333333333
1 0.18515625 0.2902777777777778 0.05260416666666667 0.09537037037037037
1 0.32526041666666666 0.11574074074074074 0.0203125 0.03333333333333333
1 0.35260416666666666 0.0824074074074074 0.022916666666666665 0.03518518518518519
1 0.50625 0.19722222222222222 0.040625 0.06666666666666667
1 0.30026041666666664 0.2912037037037037 0.06510416666666667 0.10648148148148148
1 0.6484375 0.11203703703703703 0.025 0.024074074074074074
1 0.4640625 0.06851851851851852 0.016666666666666666 0.02962962962962963
1 0.5177083333333333 0.11527777777777778 0.019791666666666666 0.03611111111111111
1 0.2552083333333333 0.08888888888888889 0.021875 0.03518518518518519
1 0.6513020833333333 0.16527777777777777 0.0390625 0.06388888888888888
1 0.3653645833333333 0.1439814814814815 0.0328125 0.049074074074074076
1 0.8296875 0.18472222222222223 0.0375 0.05648148148148148
1 0.34921875 0.2175925925925926 0.0453125 0.06111111111111111
1 0.26875 0.10046296296296296 0.029166666666666667 0.03981481481481482
1 0.16744791666666667 0.125 0.028645833333333332 0.03518518518518519
1 0.29713541666666665 0.13935185185185187 0.030729166666666665 0.05092592592592592
1 0.8161458333333333 0.17222222222222222 0.03854166666666667 0.06296296296296296
1 0.31588541666666664 0.10277777777777777 0.034895833333333334 0.03148148148148148
1 0.8666666666666667 0.17592592592592593 0.04895833333333333 0.05740740740740741
1 0.28125 0.12175925925925926 0.03229166666666667 0.04351851851851852
1 0.36822916666666666 0.09583333333333334 0.028125 0.03796296296296296
1 0.7572916666666667 0.1587962962962963 0.014583333333333334 0.041666666666666664
1 0.73125 0.16527777777777777 0.04479166666666667 0.0712962962962963
1 0.98125 0.25092592592592594 0.036458333333333336 0.07222222222222222
1 0.3703125 0.4726851851851852 0.08541666666666667 0.13796296296296295
1 0.37161458333333336 0.1865740740740741 0.0328125 0.028703703703703703
1 0.62578125 0.09351851851851851 0.0328125 0.03333333333333333
1 0.6953125 0.11898148148148148 0.027083333333333334 0.028703703703703703
1 0.30807291666666664 0.15555555555555556 0.034895833333333334 0.046296296296296294
1 0.47239583333333335 0.08842592592592592 0.020833333333333332 0.03981481481481482
1 0.39010416666666664 0.1527777777777778 0.034375 0.04814814814814815
1 0.22942708333333334 0.12361111111111112 0.0296875 0.03611111111111111
1 0.23880208333333333 0.1361111111111111 0.0359375 0.024074074074074074
1 0.6768229166666667 0.13472222222222222 0.03697916666666667 0.03981481481481482
1 0.32578125 0.1884259259259259 0.044270833333333336 0.06759259259259259
1 0.54140625 0.11898148148148148 0.0390625 0.05277777777777778
1 0.821875 0.9458333333333333 0.25625 0.10648148148148148
1 0.24036458333333333 0.1625 0.0421875 0.049074074074074076
1 0.18567708333333333 0.2175925925925926 0.04010416666666667 0.05740740740740741
1 0.9893229166666667 0.18796296296296297 0.0203125 0.05185185185185185