2 0.6372395833333333 0.09166666666666666 0.1015625 0.09814814814814815
1 0.90703125 0.6185185185185185 0.12760416666666666 0.1685185185185185
1 0.6265625 0.6296296296296297 0.1375 0.20925925925925926
1 0.21171875 0.5458333333333333 0.1015625 0.13796296296296295
1 0.3807291666666667 0.5060185185185185 0.09166666666666666 0.1175925925925926
1 0.8890625 0.8828703703703704 0.18229166666666666 0.2324074074074074
1 0.7591145833333334 0.4791666666666667 0.09947916666666666 0.15833333333333333
1 0.5591145833333333 0.32546296296296295 0.0546875 0.08611111111111111
1 0.35520833333333335 0.42083333333333334 0.07604166666666666 0.10462962962962963
1 0.53515625 0.4615740740740741 0.08489583333333334 0.1175925925925926
1 0.5888020833333333 0.34675925925925927 0.0734375 0.09722222222222222
1 0.471875 0.37546296296296294 0.07083333333333333 0.10277777777777777
1 0.5763020833333333 0.23796296296296296 0.0515625 0.08148148148148149
1 0.6440104166666667 0.3939814814814815 0.07552083333333333 0.11203703703703703
1 0.18541666666666667 0.3592592592592593 0.07083333333333333 0.09259259259259259
1 0.028645833333333332 0.47129629629629627 0.057291666666666664 0.14814814814814814
1 0.8403645833333333 0.28935185185185186 0.06614583333333333 0.05462962962962963
1 0.46458333333333335 0.24537037037037038 0.052083333333333336 0.06481481481481481
1 0.9854166666666667 0.7763888888888889 0.028125 0.2064814814814815
1 0.33255208333333336 0.38101851851851853 0.07447916666666667 0.09907407407407408
1 0.44244791666666666 0.3476851851851852 0.05364583333333333 0.08611111111111111
1 0.7119791666666667 0.32685185185185184 0.06770833333333333 0.10555555555555556
1 0.8294270833333334 0.15601851851851853 0.03177083333333333 0.04537037037037037
1 0.27005208333333336 0.25092592592592594 0.0421875 0.06851851851851852
1 0.425 0.20324074074074075 0.04375 0.05277777777777778
1 0.3609375 0.24074074074074073 0.0375 0.06481481481481481
1 0.8122395833333333 0.20601851851851852 0.044270833333333336 0.06018518518518518
1 0.1703125 0.23981481481481481 0.042708333333333334 0.06111111111111111
1 0.63828125 0.29259259259259257 0.0609375 0.08148148148148149
1 0.5127604166666667 0.2777777777777778 0.059895833333333336 0.09074074074074075
1 0.7424479166666667 0.15185185185185185 0.0328125 0.04814814814814815
1 0.42239583333333336 0.3087962962962963 0.06458333333333334 0.09907407407407408
1 0.3958333333333333 0.1824074074074074 0.03958333333333333 0.05555555555555555
1 0.18203125 0.21481481481481482 0.0390625 0.05740740740740741
1 0.7533854166666667 0.20092592592592592 0.03802083333333333 0.03148148148148148
1 0.5096354166666667 0.19675925925925927 0.03802083333333333 0.06388888888888888
1 0.3966145833333333 0.25555555555555554 0.050520833333333334 0.08518518518518518
1 0.18802083333333333 0.3 0.053125 0.05740740740740741
1 0.30442708333333335 0.31574074074074077 0.059895833333333336 0.08148148148148149
1 0.3932291666666667 0.11435185185185186 0.029166666666666667 0.03796296296296296
1 0.3575520833333333 0.08842592592592592 0.03177083333333333 0.041666666666666664
1 0.6614583333333334 0.1388888888888889 0.03229166666666667 0.044444444444444446
1 0.31796875 0.18009259259259258 0.027604166666666666 0.049074074074074076
1 0.6325520833333333 0.1865740740740741 0.034895833333333334 0.03981481481481482
1 0.6653645833333334 0.20462962962962963 0.04010416666666667 0.040740740740740744
1 0.8950520833333333 0.27037037037037037 0.0546875 0.08703703703703704
1 0.7078125 0.16435185185185186 0.035416666666666666 0.05092592592592592
1 0.8518229166666667 0.21712962962962962 0.04739583333333333 0.0712962962962963
1 0.7171875 0.22546296296296298 0.046875 0.05648148148148148
1 0.290625 0.12777777777777777 0.027083333333333334 0.040740740740740744
1 0.7239583333333334 0.11712962962962963 0.03333333333333333 0.04351851851851852
1 0.7578125 0.24212962962962964 0.06041666666666667 0.06388888888888888
1 0.95703125 0.21435185185185185 0.0546875 0.04351851851851852
1 0.3223958333333333 0.10648148148148148 0.023958333333333335 0.037037037037037035
1 0.8557291666666667 0.24305555555555555 0.046875 0.04722222222222222
1 0.3533854166666667 0.2222222222222222 0.0390625 0.06111111111111111
1 0.5104166666666666 0.10833333333333334 0.027083333333333334 0.03518518518518519
1 0.18098958333333334 0.17083333333333334 0.034895833333333334 0.03981481481481482
1 0.29453125 0.2773148148148148 0.050520833333333334 0.07314814814814814
1 0.7255208333333333 0.16666666666666666 0.036458333333333336 0.04259259259259259
1 0.38515625 0.1037037037037037 0.025520833333333333 0.03888888888888889
1 0.340625 0.19398148148148148 0.03958333333333333 0.06759259259259259
1 0.33697916666666666 0.075 0.020833333333333332 0.02962962962962963
1 0.2565104166666667 0.20277777777777778 0.049479166666666664 0.08148148148148149
1 0.49713541666666666 0.1824074074074074 0.04114583333333333 0.07407407407407407
1 0.62890625 0.10740740740740741 0.025520833333333333 0.04259259259259259
1 0.23697916666666666 0.15092592592592594 0.035416666666666666 0.053703703703703705
1 0.14791666666666667 0.12638888888888888 0.013541666666666667 0.04537037037037037
1 0.5596354166666667 0.12453703703703704 0.028645833333333332 0.05277777777777778
1 0.27682291666666664 0.11342592592592593 0.0328125 0.04537037037037037
1 0.36822916666666666 0.1476851851851852 0.023958333333333335 0.041666666666666664
1 0.4427083333333333 0.09398148148148149 0.025 0.028703703703703703
1 0.65859375 0.16342592592592592 0.033854166666666664 0.04351851851851852
1 0.6979166666666666 0.10972222222222222 0.028125 0.04351851851851852
1 0.7143229166666667 0.19444444444444445 0.04114583333333333 0.05555555555555555
1 0.26119791666666664 0.09398148148148149 0.030729166666666665 0.03981481481481482
1 0.17005208333333333 0.19953703703703704 0.03697916666666667 0.04722222222222222
1 0.3927083333333333 0.1486111111111111 0.036458333333333336 0.03611111111111111
1 0.17760416666666667 0.14305555555555555 0.03333333333333333 0.025
1 0.9559895833333333 0.287962962962963 0.07760416666666667 0.10925925925925926
1 0.62265625 0.12361111111111112 0.0328125 0.032407407407407406
1 0.46588541666666666 0.09074074074074075 0.024479166666666666 0.037037037037037035
1 0.7989583333333333 0.17685185185185184 0.028125 0.05
1 0.23255208333333333 0.1259259259259259 0.033854166666666664 0.03148148148148148
1 0.8015625 0.14629629629629629 0.029166666666666667 0.03888888888888889
1 0.16796875 0.12685185185185185 0.034895833333333334 0.05185185185185185
1 0.3421875 0.1259259259259259 0.027083333333333334 0.037037037037037035
1 0.16875 0.09027777777777778 0.03229166666666667 0.03981481481481482
1 0.31536458333333334 0.16203703703703703 0.0359375 0.05925925925925926
1 0.3015625 0.14675925925925926 0.027083333333333334 0.05277777777777778
1 0.9708333333333333 0.24259259259259258 0.053125 0.04814814814814815
1 0.21614583333333334 0.0787037037037037 0.026041666666666668 0.025925925925925925
1 0.17109375 0.17175925925925925 0.03697916666666667 0.030555555555555555
1 0.5807291666666666 0.08981481481481482 0.017708333333333333 0.04259259259259259
1 0.16744791666666667 0.33240740740740743 0.05260416666666667 0.1
1 0.5643229166666667 0.10416666666666667 0.024479166666666666 0.03981481481481482
1 0.36276041666666664 0.13796296296296295 0.030729166666666665 0.046296296296296294
1 0.6091145833333333 0.15046296296296297 0.0328125 0.04722222222222222
1 0.5393229166666667 0.21851851851851853 0.0453125 0.07777777777777778
1 0.20182291666666666 0.10787037037037037 0.0234375 0.032407407407407406
1 0.26197916666666665 0.15416666666666667 0.026041666666666668 0.021296296296296296
1 0.30494791666666665 0.0837962962962963 0.0265625 0.04722222222222222
1 0.63359375 0.15324074074074073 0.024479166666666666 0.028703703703703703
1 0.546875 0.1449074074074074 0.034375 0.03611111111111111
1 0.9940104166666667 0.2375 0.0109375 0.05648148148148148