3 0.9421875 0.6226851851851852 0.11458333333333333 0.3472222222222222
2 0.8440104166666667 0.14074074074074075 0.07552083333333333 0.1537037037037037
2 0.7403645833333333 0.11574074074074074 0.0640625 0.11851851851851852
1 0.2171875 0.8592592592592593 0.15208333333333332 0.18703703703703703
1 0.7567708333333333 0.38333333333333336 0.07604166666666666 0.1037037037037037
1 0.3 0.95 0.16145833333333334 0.09814814814814815
1 0.6877604166666667 0.6712962962962963 0.12864583333333332 0.17407407407407408
1 0.6536458333333334 0.4101851851851852 0.078125 0.10925925925925926
1 0.8580729166666666 0.6175925925925926 0.06822916666666666 0.1537037037037037
1 0.5723958333333333 0.3472222222222222 0.07083333333333333 0.0962962962962963
1 0.18671875 0.3449074074074074 0.06302083333333333 0.09166666666666666
1 0.7119791666666667 0.33055555555555555 0.07291666666666667 0.10185185185185185
1 0.640625 0.5805555555555556 0.1 0.14814814814814814
1 0.8731770833333333 0.26944444444444443 0.0609375 0.07407407407407407
1 0.41067708333333336 0.5814814814814815 0.14010416666666667 0.20185185185185187
1 0.6049479166666667 0.1763888888888889 0.0390625 0.03796296296296296
1 0.7854166666666667 0.2625 0.057291666666666664 0.058333333333333334
1 0.934375 0.3472222222222222 0.07291666666666667 0.0962962962962963
1 0.5127604166666667 0.2962962962962963 0.049479166666666664 0.08333333333333333
1 0.40651041666666665 0.2875 0.06510416666666667 0.09907407407407408
1 0.28541666666666665 0.26666666666666666 0.046875 0.06666666666666667
1 0.49713541666666666 0.1865740740740741 0.04010416666666667 0.06388888888888888
1 0.6494791666666667 0.17037037037037037 0.03854166666666667 0.04814814814814815
1 0.22838541666666667 0.6791666666666667 0.11614583333333334 0.1712962962962963
1 0.5002604166666667 0.4412037037037037 0.1015625 0.15833333333333333
1 0.19661458333333334 0.274537037037037 0.04739583333333333 0.07314814814814814
1 0.33515625 0.3476851851851852 0.07135416666666666 0.07314814814814814
1 0.7299479166666667 0.2013888888888889 0.04635416666666667 0.07685185185185185
1 0.46848958333333335 0.3912037037037037 0.06614583333333333 0.10462962962962963
1 0.5567708333333333 0.15092592592592594 0.03229166666666667 0.037037037037037035
1 0.5408854166666667 0.31712962962962965 0.058854166666666666 0.09166666666666666
1 0.47369791666666666 0.2490740740740741 0.05260416666666667 0.08703703703703704
1 0.46796875 0.1699074074074074 0.03177083333333333 0.04722222222222222
1 0.3734375 0.1625 0.03229166666666667 0.04537037037037037
1 0.8315104166666667 0.23981481481481481 0.04739583333333333 0.06296296296296296
1 0.44635416666666666 0.35185185185185186 0.065625 0.11296296296296296
1 0.45 0.22777777777777777 0.03958333333333333 0.06851851851851852
1 0.37578125 0.25092592592592594 0.0421875 0.06851851851851852
1 0.89140625 0.16898148148148148 0.0296875 0.06574074074074074
1 0.9606770833333333 0.2949074074074074 0.06510416666666667 0.08796296296296297
1 0.778125 0.5273148148148148 0.10416666666666667 0.12685185185185185
1 0.42682291666666666 0.20462962962962963 0.0484375 0.06296296296296296
1 0.35963541666666665 0.22314814814814815 0.04114583333333333 0.06666666666666667
1 0.4625 0.6875 0.128125 0.1712962962962963
1 0.43359375 0.14583333333333334 0.03697916666666667 0.05092592592592592
1 0.7057291666666666 0.1625 0.036458333333333336 0.058333333333333334
1 0.3580729166666667 0.1388888888888889 0.0328125 0.04259259259259259
1 0.2484375 0.16666666666666666 0.036458333333333336 0.05185185185185185
1 0.20208333333333334 0.5708333333333333 0.09791666666666667 0.18611111111111112
1 0.33619791666666665 0.39861111111111114 0.07552083333333333 0.10092592592592593
1 0.46796875 0.08842592592592592 0.028645833333333332 0.041666666666666664
1 0.34348958333333335 0.07731481481481481 0.024479166666666666 0.03425925925925926
1 0.4864583333333333 0.10092592592592593 0.026041666666666668 0.03333333333333333
1 0.39921875 0.1787037037037037 0.04114583333333333 0.06481481481481481
1 0.27838541666666666 0.11574074074074074 0.0296875 0.044444444444444446
1 0.5533854166666666 0.11944444444444445 0.018229166666666668 0.027777777777777776
1 0.259375 0.20185185185185187 0.046875 0.05740740740740741
1 0.8184895833333333 0.2064814814814815 0.0484375 0.05925925925925926
1 0.17265625 0.16296296296296298 0.034895833333333334 0.037037037037037035
1 0.2328125 0.14305555555555555 0.0375 0.062037037037037036
1 0.3059895833333333 0.15601851851851853 0.030729166666666665 0.05462962962962963
1 0.5885416666666666 0.11157407407407408 0.03333333333333333 0.05092592592592592
1 0.5122395833333333 0.10925925925925926 0.024479166666666666 0.040740740740740744
1 0.9888020833333333 0.37546296296296294 0.021354166666666667 0.09166666666666666
1 0.40546875 0.11851851851851852 0.0296875 0.053703703703703705
1 0.31796875 0.16898148148148148 0.034895833333333334 0.05648148148148148
1 0.34479166666666666 0.2152777777777778 0.026041666666666668 0.058333333333333334
1 0.6453125 0.13518518518518519 0.026041666666666668 0.027777777777777776
1 0.3377604166666667 0.19537037037037036 0.03802083333333333 0.06666666666666667
1 0.42213541666666665 0.12916666666666668 0.030729166666666665 0.03796296296296296
1 0.21744791666666666 0.08194444444444444 0.03177083333333333 0.030555555555555555
1 0.55078125 0.0712962962962963 0.025520833333333333 0.025925925925925925
1 0.2955729166666667 0.13333333333333333 0.0328125 0.05
1 0.33932291666666664 0.12731481481481483 0.0265625 0.03611111111111111
1 0.6221354166666667 0.10972222222222222 0.024479166666666666 0.03611111111111111
1 0.18515625 0.24953703703703703 0.04739583333333333 0.07314814814814814
1 0.56328125 0.10092592592592593 0.025520833333333333 0.040740740740740744
1 0.1671875 0.09074074074074075 0.029166666666666667 0.024074074074074074
1 0.6799479166666667 0.14583333333333334 0.0328125 0.05462962962962963
1 0.17578125 0.20972222222222223 0.0484375 0.06944444444444445
1 0.3221354166666667 0.07361111111111111 0.025520833333333333 0.026851851851851852
1 0.5244791666666667 0.11435185185185186 0.01875 0.04537037037037037
1 0.44244791666666666 0.08055555555555556 0.025520833333333333 0.02962962962962963
1 0.5856770833333333 0.08287037037037037 0.0203125 0.01574074074074074
1 0.6135416666666667 0.12685185185185185 0.029166666666666667 0.022222222222222223
1 0.8033854166666666 0.1439814814814815 0.0203125 0.058333333333333334
1 0.6528645833333333 0.10601851851851851 0.0296875 0.03425925925925926
1 0.525 0.0837962962962963 0.027083333333333334 0.025
1 0.3265625 0.11203703703703703 0.03333333333333333 0.037037037037037035
1 0.3984375 0.06898148148148148 0.01875 0.023148148148148147
1 0.9359375 0.24074074074074073 0.057291666666666664 0.08333333333333333
1 0.6291666666666667 0.1537037037037037 0.03125 0.040740740740740744
1 0.209375 0.1162037037037037 0.025 0.041666666666666664
1 0.17109375 0.14537037037037037 0.033854166666666664 0.03888888888888889
1 0.9903645833333333 0.2662037037037037 0.018229166666666668 0.06759259259259259
1 0.28072916666666664 0.24212962962962964 0.058333333333333334 0.06574074074074074