2 0.85078125 0.13842592592592592 0.0796875 0.11944444444444445
2 0.65234375 0.3537037037037037 0.1046875 0.2037037037037037
2 0.7828125 0.0912037037037037 0.057291666666666664 0.08981481481481482
1 0.7119791666666667 0.725925925925926 0.12916666666666668 0.17962962962962964
1 0.5674479166666667 0.33240740740740743 0.06510416666666667 0.08518518518518518
1 0.9440104166666666 0.9356481481481481 0.1109375 0.12685185185185185
1 0.6580729166666667 0.6157407407407407 0.11197916666666667 0.1425925925925926
1 0.675 0.21203703703703702 0.05 0.046296296296296294
1 0.4828125 0.3925925925925926 0.07291666666666667 0.10740740740740741
1 0.20494791666666667 0.5462962962962963 0.09010416666666667 0.12407407407407407
1 0.44166666666666665 0.6574074074074074 0.12291666666666666 0.19444444444444445
1 0.4010416666666667 0.5875 0.09270833333333334 0.14351851851851852
1 0.35234375 0.4046296296296296 0.07760416666666667 0.10185185185185185
1 0.19140625 0.4935185185185185 0.09010416666666667 0.10925925925925926
1 0.5901041666666667 0.37175925925925923 0.034375 0.09166666666666666
1 0.5026041666666666 0.2773148148148148 0.052083333333333336 0.07314814814814814
1 0.5927083333333333 0.2564814814814815 0.051041666666666666 0.06666666666666667
1 0.7546875 0.48194444444444445 0.11041666666666666 0.18055555555555555
1 0.4713541666666667 0.24861111111111112 0.053125 0.06759259259259259
1 0.18932291666666667 0.2537037037037037 0.04739583333333333 0.07037037037037037
1 0.2794270833333333 0.2791666666666667 0.05677083333333333 0.0712962962962963
1 0.6283854166666667 0.16435185185185186 0.03697916666666667 0.05092592592592592
1 0.4669270833333333 0.3541666666666667 0.06197916666666667 0.09351851851851851
1 0.5588541666666667 0.23333333333333334 0.052083333333333336 0.07592592592592592
1 0.91015625 0.2763888888888889 0.0640625 0.10092592592592593
1 0.33541666666666664 0.35555555555555557 0.08541666666666667 0.12777777777777777
1 0.2625 0.20601851851851852 0.0375 0.05277777777777778
1 0.85859375 0.21481481481481482 0.0515625 0.07777777777777778
1 0.8065104166666667 0.22916666666666666 0.03697916666666667 0.062037037037037036
1 0.7770833333333333 0.25277777777777777 0.04895833333333333 0.06111111111111111
1 0.34817708333333336 0.21666666666666667 0.049479166666666664 0.07592592592592592
1 0.35963541666666665 0.2523148148148148 0.03177083333333333 0.06759259259259259
1 0.26145833333333335 0.09768518518518518 0.021875 0.03796296296296296
1 0.4205729166666667 0.2953703703703704 0.0640625 0.10740740740740741
1 0.6125 0.1527777777777778 0.034375 0.05
1 0.38619791666666664 0.16111111111111112 0.0390625 0.05555555555555555
1 0.571875 0.13564814814814816 0.03229166666666667 0.04722222222222222
1 0.33046875 0.19398148148148148 0.0328125 0.05462962962962963
1 0.18645833333333334 0.20324074074074075 0.03958333333333333 0.049074074074074076
1 0.48723958333333334 0.1 0.0203125 0.03518518518518519
1 0.6973958333333333 0.13425925925925927 0.020833333333333332 0.04259259259259259
1 0.29010416666666666 0.1300925925925926 0.034375 0.04351851851851852
1 0.24583333333333332 0.1625 0.03854166666666667 0.049074074074074076
1 0.18125 0.41388888888888886 0.06875 0.10740740740740741
1 0.23567708333333334 0.13796296296296295 0.033854166666666664 0.040740740740740744
1 0.91640625 0.175 0.0390625 0.06666666666666667
1 0.7388020833333333 0.14166666666666666 0.033854166666666664 0.03888888888888889
1 0.50859375 0.10601851851851851 0.030729166666666665 0.049074074074074076
1 0.27578125 0.10833333333333334 0.03177083333333333 0.04259259259259259
1 0.4348958333333333 0.22314814814814815 0.041666666666666664 0.05185185185185185
1 0.3268229166666667 0.1125 0.0296875 0.032407407407407406
1 0.39166666666666666 0.11018518518518519 0.03333333333333333 0.044444444444444446
1 0.7510416666666667 0.21435185185185185 0.042708333333333334 0.062037037037037036
1 0.6697916666666667 0.14166666666666666 0.042708333333333334 0.06296296296296296
1 0.34010416666666665 0.12824074074074074 0.020833333333333332 0.03611111111111111
1 0.3690104166666667 0.09398148148148149 0.025520833333333333 0.04351851851851852
1 0.17005208333333333 0.08009259259259259 0.025520833333333333 0.023148148148148147
1 0.42473958333333334 0.07083333333333333 0.0234375 0.032407407407407406
1 0.465625 0.08703703703703704 0.016666666666666666 0.03148148148148148
1 0.7856770833333333 0.16203703703703703 0.04114583333333333 0.06481481481481481
1 0.3919270833333333 0.17824074074074073 0.028645833333333332 0.05462962962962963
1 0.3572916666666667 0.13796296296296295 0.03333333333333333 0.05
1 0.73359375 0.19722222222222222 0.044270833333333336 0.07407407407407407
1 0.6283854166666667 0.11805555555555555 0.030729166666666665 0.03981481481481482
1 0.7536458333333333 0.14907407407407408 0.029166666666666667 0.02962962962962963
1 0.18645833333333334 0.35694444444444445 0.078125 0.11574074074074074
1 0.6005208333333333 0.1375 0.03229166666666667 0.06574074074074074
1 0.3302083333333333 0.1699074074074074 0.034375 0.04351851851851852
1 0.16770833333333332 0.1388888888888889 0.03333333333333333 0.037037037037037035
1 0.9390625 0.16805555555555557 0.03854166666666667 0.028703703703703703
1 0.22526041666666666 0.12962962962962962 0.03697916666666667 0.037037037037037035
1 0.4505208333333333 0.0787037037037037 0.019791666666666666 0.03333333333333333
1 0.5544270833333333 0.07037037037037037 0.028645833333333332 0.040740740740740744
1 0.6497395833333334 0.13425925925925927 0.018229166666666668 0.044444444444444446
1 0.3893229166666667 0.2564814814814815 0.04635416666666667 0.08333333333333333
1 0.31145833333333334 0.09212962962962963 0.03125 0.03425925925925926
1 0.3125 0.15694444444444444 0.03229166666666667 0.05648148148148148
1 0.596875 0.08333333333333333 0.027083333333333334 0.02962962962962963
1 0.6088541666666667 0.0962962962962963 0.021875 0.014814814814814815
1 0.17395833333333333 0.17407407407407408 0.046875 0.04814814814814815
1 0.8442708333333333 0.1986111111111111 0.053125 0.0787037037037037
1 0.425 0.14212962962962963 0.04583333333333333 0.05648148148148148
1 0.7625 0.1726851851851852 0.01875 0.023148148148148147
1 0.4036458333333333 0.06944444444444445 0.022916666666666665 0.027777777777777776
1 0.975 0.19398148148148148 0.04895833333333333 0.0787037037037037
1 0.6515625 0.10138888888888889 0.023958333333333335 0.023148148148148147
1 0.21901041666666668 0.10462962962962963 0.03697916666666667 0.027777777777777776
1 0.17057291666666666 0.10092592592592593 0.0296875 0.02962962962962963
1 0.39479166666666665 0.27870370370370373 0.052083333333333336 0.07777777777777778
1 0.41796875 0.18425925925925926 0.04114583333333333 0.06296296296296296
1 0.25807291666666665 0.18425925925925926 0.049479166666666664 0.044444444444444446
1 0.9375 0.18703703703703703 0.041666666666666664 0.06666666666666667