1 0.49609375 0.7759259259259259 0.1359375 0.17777777777777778
1 0.2796875 0.8958333333333334 0.16354166666666667 0.2064814814814815
1 0.5223958333333333 0.30324074074074076 0.06145833333333333 0.0787037037037037
1 0.20416666666666666 0.47962962962962963 0.096875 0.12777777777777777
1 0.71484375 0.687962962962963 0.12552083333333333 0.17222222222222222
1 0.0546875 0.4375 0.08125 0.12685185185185185
1 0.4127604166666667 0.600925925925926 0.10677083333333333 0.14444444444444443
1 0.5794270833333334 0.5148148148148148 0.09427083333333333 0.1388888888888889
1 0.5236979166666667 0.4671296296296296 0.08697916666666666 0.11574074074074074
1 0.34270833333333334 0.4125 0.07916666666666666 0.10277777777777777
1 0.6825520833333333 0.4351851851851852 0.07552083333333333 0.1111111111111111
1 0.6028645833333334 0.3527777777777778 0.07864583333333333 0.11851851851851852
1 0.6791666666666667 0.30462962962962964 0.065625 0.10555555555555556
1 0.78359375 0.38981481481481484 0.08072916666666667 0.10555555555555556
1 0.1859375 0.3972222222222222 0.07708333333333334 0.0962962962962963
1 0.9140625 0.46296296296296297 0.096875 0.14814814814814814
1 0.8119791666666667 0.5486111111111112 0.10416666666666667 0.15462962962962962
1 0.5768229166666666 0.2462962962962963 0.0515625 0.07962962962962963
1 0.7213541666666666 0.4685185185185185 0.1 0.13148148148148148
1 0.30234375 0.30787037037037035 0.05677083333333333 0.08055555555555556
1 0.43515625 0.22083333333333333 0.0453125 0.062037037037037036
1 0.39453125 0.5305555555555556 0.10364583333333334 0.13518518518518519
1 0.46927083333333336 0.24675925925925926 0.051041666666666666 0.06759259259259259
1 0.40208333333333335 0.29583333333333334 0.04583333333333333 0.0787037037037037
1 0.9877604166666667 0.7699074074074074 0.0234375 0.2101851851851852
1 0.3294270833333333 0.35 0.06197916666666667 0.08888888888888889
1 0.6348958333333333 0.27175925925925926 0.058333333333333334 0.08796296296296297
1 0.69453125 0.21712962962962962 0.049479166666666664 0.04722222222222222
1 0.84296875 0.24444444444444444 0.05364583333333333 0.08148148148148149
1 0.3893229166666667 0.26805555555555555 0.04739583333333333 0.07314814814814814
1 0.4244791666666667 0.13518518518518519 0.03229166666666667 0.046296296296296294
1 0.178125 0.2884259259259259 0.051041666666666666 0.0712962962962963
1 0.33880208333333334 0.21481481481481482 0.0359375 0.05925925925925926
1 0.6674479166666667 0.125 0.0296875 0.04259259259259259
1 0.38203125 0.10648148148148148 0.03177083333333333 0.05
1 0.4947916666666667 0.4027777777777778 0.08125 0.12777777777777777
1 0.39453125 0.17453703703703705 0.030729166666666665 0.04537037037037037
1 0.6458333333333334 0.18611111111111112 0.04375 0.05
1 0.4401041666666667 0.3199074074074074 0.0625 0.10092592592592593
1 0.4953125 0.11944444444444445 0.028125 0.037037037037037035
1 0.33958333333333335 0.18101851851851852 0.03958333333333333 0.04537037037037037
1 0.7041666666666667 0.1648148148148148 0.0375 0.05
1 0.5614583333333333 0.22592592592592592 0.052083333333333336 0.08703703703703704
1 0.30104166666666665 0.14675925925925926 0.03333333333333333 0.04351851851851852
1 0.7432291666666667 0.1287037037037037 0.023958333333333335 0.03518518518518519
1 0.8145833333333333 0.19907407407407407 0.034375 0.05925925925925926
1 0.98125 0.2050925925925926 0.036458333333333336 0.075
1 0.8716145833333333 0.1935185185185185 0.030729166666666665 0.04814814814814815
1 0.415625 0.12546296296296297 0.027083333333333334 0.049074074074074076
1 0.6166666666666667 0.17453703703703705 0.030208333333333334 0.03981481481481482
1 0.36328125 0.09907407407407408 0.0140625 0.03148148148148148
1 0.7559895833333333 0.16064814814814815 0.033854166666666664 0.032407407407407406
1 0.2721354166666667 0.2412037037037037 0.058854166666666666 0.09351851851851851
1 0.5838541666666667 0.16111111111111112 0.034375 0.03333333333333333
1 0.1625 0.07962962962962963 0.023958333333333335 0.024074074074074074
1 0.8447916666666667 0.1814814814814815 0.03333333333333333 0.04814814814814815
1 0.6776041666666667 0.10648148148148148 0.025 0.046296296296296294
1 0.7234375 0.14166666666666666 0.03229166666666667 0.046296296296296294
1 0.6520833333333333 0.1685185185185185 0.036458333333333336 0.05
1 0.17239583333333333 0.13518518518518519 0.0375 0.04259259259259259
1 0.7796875 0.21574074074074073 0.05625 0.08518518518518518
1 0.5596354166666667 0.08888888888888889 0.0265625 0.02962962962962963
1 0.63828125 0.12546296296296297 0.0265625 0.028703703703703703
1 0.9182291666666667 0.16435185185185186 0.04895833333333333 0.05462962962962963
1 0.3536458333333333 0.08472222222222223 0.019791666666666666 0.030555555555555555
1 0.41119791666666666 0.0763888888888889 0.019270833333333334 0.021296296296296296
1 0.18098958333333334 0.25324074074074077 0.0484375 0.06574074074074074
1 0.22630208333333332 0.12129629629629629 0.03177083333333333 0.037037037037037035
1 0.65 0.1337962962962963 0.03333333333333333 0.032407407407407406
1 0.3450520833333333 0.13842592592592592 0.0265625 0.03796296296296296
1 0.2908854166666667 0.13703703703703704 0.03177083333333333 0.040740740740740744
1 0.8927083333333333 0.20555555555555555 0.03229166666666667 0.06111111111111111
1 0.2721354166666667 0.10555555555555556 0.03177083333333333 0.04259259259259259
1 0.6005208333333333 0.1125 0.027083333333333334 0.03611111111111111
1 0.5135416666666667 0.1050925925925926 0.028125 0.049074074074074076
1 0.3609375 0.14629629629629629 0.030208333333333334 0.040740740740740744
1 0.34296875 0.12314814814814815 0.028645833333333332 0.044444444444444446
1 0.31979166666666664 0.1037037037037037 0.029166666666666667 0.040740740740740744
1 0.38307291666666665 0.1625 0.03177083333333333 0.05462962962962963
1 0.6182291666666667 0.14675925925925926 0.034375 0.03425925925925926
1 0.43854166666666666 0.08055555555555556 0.022916666666666665 0.03333333333333333
1 0.2513020833333333 0.1685185185185185 0.0421875 0.053703703703703705
1 0.5640625 0.14722222222222223 0.030208333333333334 0.03333333333333333
1 0.5731770833333333 0.10231481481481482 0.0234375 0.025
1 0.28515625 0.12037037037037036 0.0359375 0.03518518518518519
1 0.7229166666666667 0.1125 0.021875 0.013888888888888888
1 0.32005208333333335 0.17592592592592593 0.030729166666666665 0.05925925925925926
1 0.17916666666666667 0.20046296296296295 0.041666666666666664 0.04537037037037037
1 0.1671875 0.16666666666666666 0.029166666666666667 0.02962962962962963
1 0.7385416666666667 0.20462962962962963 0.041666666666666664 0.06851851851851852
1 0.5559895833333334 0.1175925925925926 0.0234375 0.027777777777777776
1 0.4752604166666667 0.09444444444444444 0.025520833333333333 0.027777777777777776
1 0.17239583333333333 0.22870370370370371 0.041666666666666664 0.07592592592592592
1 0.36692708333333335 0.23055555555555557 0.04739583333333333 0.07777777777777778
1 0.54375 0.07175925925925926 0.017708333333333333 0.026851851851851852
1 0.9161458333333333 0.20694444444444443 0.053125 0.05648148148148148
1 0.9182291666666667 0.23981481481481481 0.05625 0.07407407407407407
1 0.5958333333333333 0.13287037037037036 0.029166666666666667 0.03611111111111111
1 0.5 0.07962962962962963 0.022916666666666665 0.03888888888888889
1 0.18776041666666668 0.07824074074074074 0.021354166666666667 0.023148148148148147
1 0.42265625 0.19212962962962962 0.04114583333333333 0.06759259259259259
1 0.6502604166666667 0.09259259259259259 0.0265625 0.03518518518518519
1 0.26510416666666664 0.2013888888888889 0.053125 0.05462962962962963
1 0.9221354166666667 0.29444444444444445 0.0609375 0.05925925925925926
1 0.21145833333333333 0.0824074074074074 0.025 0.03518518518518519
1 0.7208333333333333 0.19444444444444445 0.03333333333333333 0.053703703703703705
1 0.24244791666666668 0.13935185185185187 0.043229166666666666 0.03981481481481482