2 0.9776041666666667 0.17731481481481481 0.04375 0.1824074074074074
2 0.69765625 0.38981481481481484 0.11822916666666666 0.2222222222222222
2 0.8296875 0.14212962962962963 0.06979166666666667 0.13796296296296295
2 0.7658854166666667 0.08842592592592592 0.05572916666666667 0.08611111111111111
1 0.7307291666666667 0.7101851851851851 0.128125 0.1648148148148148
1 0.8161458333333333 0.862037037037037 0.153125 0.21296296296296297
1 0.59921875 0.35833333333333334 0.07135416666666666 0.09259259259259259
1 0.365625 0.4412037037037037 0.084375 0.11203703703703703
1 0.6458333333333334 0.1962962962962963 0.04583333333333333 0.03888888888888889
1 0.21067708333333332 0.6023148148148149 0.09947916666666666 0.13425925925925927
1 0.28515625 0.2986111111111111 0.0578125 0.075
1 0.50625 0.4273148148148148 0.08020833333333334 0.11574074074074074
1 0.18932291666666667 0.5370370370370371 0.0953125 0.11666666666666667
1 0.5223958333333333 0.2972222222222222 0.05520833333333333 0.07777777777777778
1 0.49505208333333334 0.7578703703703704 0.14322916666666666 0.22685185185185186
1 0.4322916666666667 0.6657407407407407 0.10729166666666666 0.16296296296296298
1 0.6098958333333333 0.2777777777777778 0.05520833333333333 0.07407407407407407
1 0.5786458333333333 0.2490740740740741 0.05520833333333333 0.07962962962962963
1 0.19140625 0.2689814814814815 0.049479166666666664 0.07314814814814814
1 0.26536458333333335 0.21574074074074073 0.04010416666666667 0.053703703703703705
1 0.6255208333333333 0.4041666666666667 0.04479166666666667 0.10462962962962963
1 0.61015625 0.1550925925925926 0.034895833333333334 0.049074074074074076
1 0.8119791666666667 0.5402777777777777 0.12291666666666666 0.20277777777777778
1 0.3455729166666667 0.3851851851851852 0.08697916666666666 0.13703703703703704
1 0.48828125 0.2625 0.05677083333333333 0.0712962962962963
1 0.8677083333333333 0.2587962962962963 0.059375 0.09351851851851851
1 0.734375 0.2351851851851852 0.046875 0.05740740740740741
1 0.184375 0.4462962962962963 0.07708333333333334 0.1111111111111111
1 0.3578125 0.2300925925925926 0.052083333333333336 0.0787037037037037
1 0.49166666666666664 0.38472222222222224 0.06770833333333333 0.10277777777777777
1 0.3671875 0.2671296296296296 0.035416666666666666 0.0712962962962963
1 0.9138020833333333 0.18009259259259258 0.0390625 0.06388888888888888
1 0.42864583333333334 0.31574074074074077 0.06770833333333333 0.11481481481481481
1 0.3919270833333333 0.1685185185185185 0.0390625 0.05555555555555555
1 0.3575520833333333 0.1449074074074074 0.04114583333333333 0.05092592592592592
1 0.4557291666666667 0.23657407407407408 0.04895833333333333 0.06574074074074074
1 0.8223958333333333 0.2037037037037037 0.046875 0.07407407407407407
1 0.5598958333333334 0.1287037037037037 0.030208333333333334 0.046296296296296294
1 0.68125 0.1310185185185185 0.020833333333333332 0.03981481481481482
1 0.5947916666666667 0.14537037037037037 0.03229166666666667 0.05
1 0.3372395833333333 0.20416666666666666 0.033854166666666664 0.05462962962962963
1 0.40338541666666666 0.1884259259259259 0.030729166666666665 0.05462962962962963
1 0.2630208333333333 0.10092592592592593 0.025 0.03888888888888889
1 0.52421875 0.11944444444444445 0.022395833333333334 0.03333333333333333
1 0.18697916666666667 0.22361111111111112 0.040625 0.06759259259259259
1 0.16822916666666668 0.0837962962962963 0.027083333333333334 0.028703703703703703
1 0.50078125 0.10231481481481482 0.030729166666666665 0.04722222222222222
1 0.9416666666666667 0.18611111111111112 0.036458333333333336 0.07592592592592592
1 0.7244791666666667 0.2023148148148148 0.04583333333333333 0.06018518518518518
1 0.98046875 0.2773148148148148 0.03802083333333333 0.05648148148148148
1 0.2604166666666667 0.19305555555555556 0.04791666666666667 0.04537037037037037
1 0.24713541666666666 0.1699074074074074 0.03802083333333333 0.05092592592592592
1 0.6518229166666667 0.13518518518518519 0.0421875 0.06111111111111111
1 0.33098958333333334 0.18333333333333332 0.044270833333333336 0.05555555555555555
1 0.29453125 0.14027777777777778 0.0328125 0.05277777777777778
1 0.715625 0.13472222222222222 0.030208333333333334 0.03425925925925926
1 0.22760416666666666 0.1259259259259259 0.035416666666666666 0.04814814814814815
1 0.3294270833333333 0.11712962962962963 0.03802083333333333 0.03425925925925926
1 0.45859375 0.08518518518518518 0.019270833333333334 0.03518518518518519
1 0.47708333333333336 0.0962962962962963 0.022916666666666665 0.03333333333333333
1 0.61484375 0.11851851851851852 0.03177083333333333 0.04814814814814815
1 0.5864583333333333 0.13148148148148148 0.03229166666666667 0.06111111111111111
1 0.42916666666666664 0.21064814814814814 0.03958333333333333 0.04351851851851852
1 0.43020833333333336 0.18703703703703703 0.041666666666666664 0.05
1 0.41770833333333335 0.0712962962962963 0.01875 0.027777777777777776
1 0.5473958333333333 0.06574074074074074 0.022916666666666665 0.03333333333333333
1 0.18046875 0.20833333333333334 0.04010416666666667 0.053703703703703705
1 0.8947916666666667 0.16944444444444445 0.0375 0.06666666666666667
1 0.37421875 0.09953703703703703 0.024479166666666666 0.04351851851851852
1 0.7317708333333334 0.14074074074074075 0.027083333333333334 0.027777777777777776
1 0.7611979166666667 0.14953703703703702 0.03802083333333333 0.05462962962962963
1 0.16666666666666666 0.1449074074074074 0.03333333333333333 0.041666666666666664
1 0.7614583333333333 0.21342592592592594 0.03229166666666667 0.05277777777777778
1 0.39296875 0.11203703703703703 0.027604166666666666 0.04259259259259259
1 0.3190104166666667 0.1638888888888889 0.034895833333333334 0.05925925925925926
1 0.39947916666666666 0.2967592592592593 0.04791666666666667 0.08055555555555556
1 0.59609375 0.09444444444444444 0.0203125 0.018518518518518517
1 0.18723958333333332 0.37777777777777777 0.07760416666666667 0.10925925925925926
1 0.3263020833333333 0.0712962962962963 0.0203125 0.020370370370370372
1 0.79921875 0.18287037037037038 0.0296875 0.06574074074074074
1 0.5869791666666667 0.0787037037037037 0.027083333333333334 0.025925925925925925
1 0.4427083333333333 0.07731481481481481 0.017708333333333333 0.032407407407407406
1 0.40130208333333334 0.11898148148148148 0.028645833333333332 0.03981481481481482
1 0.38671875 0.2662037037037037 0.07447916666666667 0.07314814814814814
1 0.984375 0.24444444444444444 0.030208333333333334 0.03333333333333333
1 0.6375 0.10416666666666667 0.023958333333333335 0.032407407407407406
1 0.2390625 0.14444444444444443 0.036458333333333336 0.03888888888888889
1 0.28880208333333335 0.13055555555555556 0.0265625 0.040740740740740744
1 0.7046875 0.1865740740740741 0.040625 0.06944444444444445
1 0.43411458333333336 0.15046296296296297 0.04739583333333333 0.05648148148148148
1 0.98984375 0.325 0.019270833333333334 0.09074074074074075