1 0.4986979166666667 0.7805555555555556 0.13697916666666668 0.17777777777777778
1 0.28072916666666664 0.899074074074074 0.16458333333333333 0.2
1 0.5234375 0.30416666666666664 0.0625 0.0787037037037037
1 0.20390625 0.4810185185185185 0.09635416666666667 0.12685185185185185
1 0.5799479166666667 0.5180555555555556 0.09322916666666667 0.14166666666666666
1 0.7184895833333333 0.6930555555555555 0.1265625 0.175
1 0.0515625 0.4393518518518518 0.08229166666666667 0.12685185185185185
1 0.5244791666666667 0.46944444444444444 0.08645833333333333 0.11481481481481481
1 0.34375 0.41435185185185186 0.078125 0.10092592592592593
1 0.6841145833333333 0.4375 0.07552083333333333 0.11203703703703703
1 0.6036458333333333 0.3541666666666667 0.07708333333333334 0.1175925925925926
1 0.91953125 0.2824074074074074 0.0609375 0.07962962962962963
1 0.7856770833333333 0.3921296296296296 0.08072916666666667 0.10648148148148148
1 0.8135416666666667 0.5504629629629629 0.10520833333333333 0.15462962962962962
1 0.6809895833333334 0.3060185185185185 0.06614583333333333 0.10648148148148148
1 0.4359375 0.22175925925925927 0.04583333333333333 0.062037037037037036
1 0.7236979166666667 0.47129629629629627 0.09947916666666666 0.13333333333333333
1 0.3958333333333333 0.5337962962962963 0.10416666666666667 0.13425925925925927
1 0.1859375 0.3990740740740741 0.07708333333333334 0.09814814814814815
1 0.3028645833333333 0.30925925925925923 0.05677083333333333 0.08148148148148149
1 0.578125 0.2462962962962963 0.051041666666666666 0.07777777777777778
1 0.4705729166666667 0.24814814814814815 0.0515625 0.06851851851851852
1 0.40286458333333336 0.2967592592592593 0.0453125 0.0787037037037037
1 0.9171875 0.46574074074074073 0.096875 0.14814814814814814
1 0.69140625 0.21666666666666667 0.0515625 0.046296296296296294
1 0.64453125 0.18518518518518517 0.044270833333333336 0.05
1 0.8408854166666667 0.2439814814814815 0.05364583333333333 0.08055555555555556
1 0.42526041666666664 0.13472222222222222 0.03177083333333333 0.04537037037037037
1 0.49713541666666666 0.40555555555555556 0.08489583333333334 0.12777777777777777
1 0.3299479166666667 0.35138888888888886 0.06302083333333333 0.08981481481481482
1 0.9802083333333333 0.20555555555555555 0.03854166666666667 0.07407407407407407
1 0.6356770833333333 0.275 0.058854166666666666 0.09259259259259259
1 0.3390625 0.21481481481481482 0.036458333333333336 0.05925925925925926
1 0.39479166666666665 0.17407407407407408 0.03125 0.044444444444444446
1 0.4947916666666667 0.12037037037037036 0.028125 0.04259259259259259
1 0.38984375 0.26944444444444443 0.04635416666666667 0.07407407407407407
1 0.7028645833333333 0.16342592592592592 0.03697916666666667 0.05092592592592592
1 0.38229166666666664 0.10694444444444444 0.03125 0.05092592592592592
1 0.44114583333333335 0.32083333333333336 0.06354166666666666 0.10092592592592593
1 0.66640625 0.12546296296296297 0.0296875 0.041666666666666664
1 0.41484375 0.6027777777777777 0.10885416666666667 0.14444444444444443
1 0.81328125 0.19907407407407407 0.034895833333333334 0.05740740740740741
1 0.16223958333333333 0.08055555555555556 0.024479166666666666 0.024074074074074074
1 0.61484375 0.1736111111111111 0.030729166666666665 0.03981481481481482
1 0.34036458333333336 0.18101851851851852 0.04010416666666667 0.04537037037037037
1 0.18177083333333333 0.2523148148148148 0.04895833333333333 0.06574074074074074
1 0.75546875 0.16018518518518518 0.0328125 0.03333333333333333
1 0.4158854166666667 0.1259259259259259 0.0265625 0.05
1 0.30104166666666665 0.14629629629629629 0.03229166666666667 0.04259259259259259
1 0.27291666666666664 0.24166666666666667 0.058333333333333334 0.09444444444444444
1 0.56171875 0.22685185185185186 0.05260416666666667 0.08703703703703704
1 0.8700520833333333 0.19398148148148148 0.033854166666666664 0.049074074074074076
1 0.22604166666666667 0.12083333333333333 0.03229166666666667 0.03796296296296296
1 0.7223958333333333 0.1412037037037037 0.03229166666666667 0.04722222222222222
1 0.43828125 0.08009259259259259 0.0234375 0.03611111111111111
1 0.8442708333333333 0.18194444444444444 0.034375 0.049074074074074076
1 0.9903645833333333 0.7944444444444444 0.018229166666666668 0.17037037037037037
1 0.7421875 0.12777777777777777 0.023958333333333335 0.03518518518518519
1 0.7778645833333333 0.21435185185185185 0.05677083333333333 0.08425925925925926
1 0.3463541666666667 0.13796296296296295 0.028125 0.03888888888888889
1 0.31979166666666664 0.17685185185185184 0.030208333333333334 0.05925925925925926
1 0.38385416666666666 0.16342592592592592 0.03125 0.05277777777777778
1 0.4239583333333333 0.19166666666666668 0.042708333333333334 0.06851851851851852
1 0.3203125 0.1037037037037037 0.027083333333333334 0.037037037037037035
1 0.6505208333333333 0.16574074074074074 0.035416666666666666 0.044444444444444446
1 0.5828125 0.16064814814814815 0.03333333333333333 0.032407407407407406
1 0.64921875 0.13425925925925927 0.033854166666666664 0.03148148148148148
1 0.56328125 0.14722222222222223 0.030729166666666665 0.03333333333333333
1 0.3640625 0.1 0.013541666666666667 0.03333333333333333
1 0.91640625 0.2388888888888889 0.05572916666666667 0.07222222222222222
1 0.3611979166666667 0.14583333333333334 0.030729166666666665 0.041666666666666664
1 0.4747395833333333 0.09351851851851851 0.025520833333333333 0.027777777777777776
1 0.3424479166666667 0.12222222222222222 0.028645833333333332 0.04259259259259259
1 0.6171875 0.1476851851851852 0.034375 0.03425925925925926
1 0.6760416666666667 0.10648148148148148 0.027083333333333334 0.046296296296296294
1 0.35390625 0.08472222222222223 0.0203125 0.030555555555555555
1 0.17109375 0.13240740740740742 0.0390625 0.040740740740740744
1 0.27239583333333334 0.10555555555555556 0.03229166666666667 0.04259259259259259
1 0.6375 0.1259259259259259 0.027083333333333334 0.02962962962962963
1 0.178125 0.2898148148148148 0.051041666666666666 0.07037037037037037
1 0.41171875 0.07824074074074074 0.019270833333333334 0.021296296296296296
1 0.28515625 0.12175925925925926 0.0359375 0.03425925925925926
1 0.5135416666666667 0.10555555555555556 0.028125 0.04814814814814815
1 0.2903645833333333 0.13703703703703704 0.030729166666666665 0.040740740740740744
1 0.8916666666666667 0.2050925925925926 0.03229166666666667 0.06018518518518518
1 0.91640625 0.16574074074074074 0.050520833333333334 0.053703703703703705
1 0.5591145833333333 0.08796296296296297 0.0265625 0.027777777777777776
1 0.5997395833333333 0.11435185185185186 0.027604166666666666 0.03796296296296296
1 0.5729166666666666 0.1037037037037037 0.022916666666666665 0.025925925925925925
1 0.5432291666666667 0.07268518518518519 0.017708333333333333 0.026851851851851852
1 0.1671875 0.1699074074074074 0.029166666666666667 0.03611111111111111
1 0.18854166666666666 0.07824074074074074 0.020833333333333332 0.023148148148148147
1 0.36953125 0.21342592592592594 0.044270833333333336 0.04351851851851852
1 0.36640625 0.24351851851851852 0.044270833333333336 0.05555555555555555
1 0.21979166666666666 0.1037037037037037 0.03125 0.03333333333333333
1 0.7302083333333333 0.20324074074074075 0.05416666666666667 0.0712962962962963
1 0.6494791666666667 0.09305555555555556 0.026041666666666668 0.03425925925925926
1 0.7223958333333333 0.11157407407407408 0.019791666666666666 0.013888888888888888
1 0.2638020833333333 0.2013888888888889 0.05572916666666667 0.05648148148148148
1 0.21145833333333333 0.08333333333333333 0.026041666666666668 0.03518518518518519
1 0.17291666666666666 0.14444444444444443 0.036458333333333336 0.02962962962962963
1 0.55625 0.11805555555555555 0.022916666666666665 0.028703703703703703
1 0.17213541666666668 0.23055555555555557 0.04114583333333333 0.07222222222222222
1 0.2513020833333333 0.16898148148148148 0.0421875 0.05462962962962963
1 0.49921875 0.07962962962962963 0.021354166666666667 0.037037037037037035
1 0.9127604166666666 0.20694444444444443 0.0515625 0.05648148148148148
1 0.24296875 0.13842592592592592 0.043229166666666666 0.041666666666666664
1 0.17786458333333333 0.20092592592592592 0.043229166666666666 0.044444444444444446