3 0.8231770833333333 0.2273148148148148 0.059895833333333336 0.08796296296296297
2 0.85 0.13657407407407407 0.12708333333333333 0.18055555555555555
1 0.8213541666666667 0.5657407407407408 0.11458333333333333 0.14814814814814814
1 0.5049479166666667 0.750462962962963 0.1359375 0.18796296296296297
1 0.18776041666666668 0.4125 0.0734375 0.10833333333333334
1 0.5932291666666667 0.5388888888888889 0.1 0.1388888888888889
1 0.41848958333333336 0.5842592592592593 0.10364583333333334 0.15
1 0.6591145833333333 0.41574074074074074 0.08385416666666666 0.11666666666666667
1 0.7125 0.6453703703703704 0.121875 0.20185185185185187
1 0.5833333333333334 0.35509259259259257 0.071875 0.09351851851851851
1 0.9859375 0.23333333333333334 0.027083333333333334 0.06666666666666667
1 0.2760416666666667 0.9462962962962963 0.18229166666666666 0.10555555555555556
1 0.93125 0.18518518518518517 0.04583333333333333 0.05740740740740741
1 0.64140625 0.16435185185185186 0.03802083333333333 0.05277777777777778
1 0.47369791666666666 0.3662037037037037 0.07239583333333334 0.11944444444444445
1 0.5432291666666667 0.46574074074074073 0.08645833333333333 0.11666666666666667
1 0.9247395833333333 0.275 0.06927083333333334 0.1
1 0.7119791666666667 0.19490740740740742 0.042708333333333334 0.05648148148148148
1 0.6520833333333333 0.9555555555555556 0.184375 0.08703703703703704
1 0.4890625 0.25972222222222224 0.04583333333333333 0.07314814814814814
1 0.9229166666666667 0.4708333333333333 0.10208333333333333 0.14537037037037037
1 0.43255208333333334 0.13935185185185187 0.027604166666666666 0.04351851851851852
1 0.43697916666666664 0.32916666666666666 0.05416666666666667 0.08425925925925926
1 0.540625 0.20972222222222223 0.04583333333333333 0.06388888888888888
1 0.7348958333333333 0.1638888888888889 0.03854166666666667 0.053703703703703705
1 0.46171875 0.15648148148148147 0.043229166666666666 0.06851851851851852
1 0.01328125 0.4962962962962963 0.0265625 0.11481481481481481
1 0.34817708333333336 0.20925925925925926 0.04635416666666667 0.06481481481481481
1 0.39401041666666664 0.1685185185185185 0.0359375 0.05555555555555555
1 0.6833333333333333 0.12546296296296297 0.03125 0.04537037037037037
1 0.55390625 0.29305555555555557 0.06510416666666667 0.09907407407407408
1 0.41015625 0.28703703703703703 0.0578125 0.09444444444444444
1 0.40963541666666664 0.11527777777777778 0.027604166666666666 0.041666666666666664
1 0.33125 0.3837962962962963 0.090625 0.14351851851851852
1 0.17734375 0.18935185185185185 0.04114583333333333 0.06018518518518518
1 0.69921875 0.15648148148148147 0.03802083333333333 0.05
1 0.4109375 0.19953703703703704 0.036458333333333336 0.05092592592592592
1 0.50703125 0.18564814814814815 0.04114583333333333 0.062037037037037036
1 0.4674479166666667 0.23796296296296296 0.043229166666666666 0.07407407407407407
1 0.6065104166666667 0.14351851851851852 0.0359375 0.053703703703703705
1 0.44244791666666666 0.2125 0.0421875 0.06018518518518518
1 0.52421875 0.10231481481481482 0.025520833333333333 0.028703703703703703
1 0.72265625 0.10092592592592593 0.034895833333333334 0.02962962962962963
1 0.15572916666666667 0.09861111111111111 0.027083333333333334 0.03981481481481482
1 0.3106770833333333 0.16435185185185186 0.034895833333333334 0.041666666666666664
1 0.30546875 0.13564814814814816 0.03802083333333333 0.05277777777777778
1 0.5239583333333333 0.13148148148148148 0.029166666666666667 0.03518518518518519
1 0.17604166666666668 0.12314814814814815 0.03854166666666667 0.037037037037037035
1 0.38619791666666664 0.25462962962962965 0.044270833333333336 0.08148148148148149
1 0.24140625 0.15185185185185185 0.0390625 0.040740740740740744
1 0.5895833333333333 0.09444444444444444 0.025 0.037037037037037035
1 0.575 0.12685185185185185 0.0375 0.05925925925925926
1 0.35572916666666665 0.0787037037037037 0.025 0.024074074074074074
1 0.17369791666666667 0.3439814814814815 0.06302083333333333 0.11203703703703703
1 0.25546875 0.0712962962962963 0.0296875 0.027777777777777776
1 0.5544270833333333 0.12268518518518519 0.0171875 0.049074074074074076
1 0.2791666666666667 0.1162037037037037 0.03125 0.04351851851851852
1 0.6411458333333333 0.12777777777777777 0.03333333333333333 0.046296296296296294
1 0.28541666666666665 0.12361111111111112 0.021875 0.03981481481481482
1 0.4005208333333333 0.06388888888888888 0.020833333333333332 0.025925925925925925
1 0.26484375 0.08935185185185185 0.025520833333333333 0.03425925925925926
1 0.46510416666666665 0.06435185185185185 0.021875 0.030555555555555555
1 0.37109375 0.15185185185185185 0.030729166666666665 0.046296296296296294
1 0.28046875 0.17685185185185184 0.022395833333333334 0.04259259259259259
1 0.49921875 0.11203703703703703 0.0328125 0.03518518518518519
1 0.5263020833333333 0.2800925925925926 0.04635416666666667 0.08425925925925926
1 0.7234375 0.1287037037037037 0.035416666666666666 0.037037037037037035
1 0.23359375 0.11851851851851852 0.0328125 0.053703703703703705
1 0.2713541666666667 0.23703703703703705 0.046875 0.08518518518518518
1 0.59296875 0.075 0.022395833333333334 0.03148148148148148
1 0.17473958333333334 0.16435185185185186 0.043229166666666666 0.04722222222222222
1 0.61953125 0.11666666666666667 0.0265625 0.02962962962962963
1 0.3229166666666667 0.3101851851851852 0.07708333333333334 0.08703703703703704
1 0.32916666666666666 0.11527777777777778 0.017708333333333333 0.032407407407407406
1 0.5588541666666667 0.09166666666666666 0.027083333333333334 0.046296296296296294
1 0.6361979166666667 0.09351851851851851 0.024479166666666666 0.027777777777777776
1 0.28567708333333336 0.24351851851851852 0.05364583333333333 0.06851851851851852
1 0.2515625 0.18703703703703703 0.04583333333333333 0.07592592592592592
1 0.5677083333333334 0.06851851851851852 0.028125 0.03518518518518519
1 0.35078125 0.11527777777777778 0.033854166666666664 0.058333333333333334
1 0.2203125 0.09259259259259259 0.028125 0.040740740740740744
1 0.8619791666666666 0.4134259259259259 0.09583333333333334 0.14907407407407408
1 0.28463541666666664 0.2861111111111111 0.049479166666666664 0.07592592592592592
1 0.15755208333333334 0.2388888888888889 0.044270833333333336 0.03888888888888889
1 0.30442708333333335 0.08703703703703704 0.027604166666666666 0.03888888888888889
1 0.42265625 0.08055555555555556 0.025520833333333333 0.027777777777777776
1 0.16666666666666666 0.2652777777777778 0.059375 0.06574074074074074
1 0.17630208333333333 0.29398148148148145 0.0609375 0.06018518518518518
1 0.171875 0.07916666666666666 0.023958333333333335 0.021296296296296296