2 0.9533854166666667 0.17546296296296296 0.0921875 0.1638888888888889
2 0.54609375 0.27175925925925926 0.08489583333333334 0.15833333333333333
1 0.74375 0.5074074074074074 0.09895833333333333 0.12777777777777777
1 0.6221354166666667 0.5791666666666667 0.11197916666666667 0.14722222222222223
1 0.4869791666666667 0.4287037037037037 0.07291666666666667 0.09814814814814815
1 0.9296875 0.6398148148148148 0.13958333333333334 0.21296296296296297
1 0.30807291666666664 0.31666666666666665 0.058854166666666666 0.08148148148148149
1 0.5348958333333333 0.4736111111111111 0.08229166666666667 0.11574074074074074
1 0.0328125 0.49074074074074076 0.065625 0.11481481481481481
1 0.42135416666666664 0.30833333333333335 0.06145833333333333 0.08333333333333333
1 0.9513020833333333 0.3296296296296296 0.07135416666666666 0.05740740740740741
1 0.19817708333333334 0.41712962962962963 0.0703125 0.09351851851851851
1 0.89375 0.27175925925925926 0.05625 0.08055555555555556
1 0.8130208333333333 0.41898148148148145 0.0875 0.11203703703703703
1 0.4510416666666667 0.22592592592592592 0.042708333333333334 0.06296296296296296
1 0.7075520833333333 0.2013888888888889 0.043229166666666666 0.058333333333333334
1 0.42213541666666665 0.2064814814814815 0.04114583333333333 0.05555555555555555
1 0.8182291666666667 0.2777777777777778 0.0625 0.05740740740740741
1 0.36223958333333334 0.45046296296296295 0.0828125 0.1361111111111111
1 0.2708333333333333 0.23055555555555557 0.052083333333333336 0.06296296296296296
1 0.4859375 0.2671296296296296 0.04791666666666667 0.06944444444444445
1 0.25052083333333336 0.1763888888888889 0.036458333333333336 0.04537037037037037
1 0.34010416666666665 0.4212962962962963 0.075 0.10555555555555556
1 0.39140625 0.2777777777777778 0.04635416666666667 0.07777777777777778
1 0.6291666666666667 0.16203703703703703 0.035416666666666666 0.053703703703703705
1 0.60234375 0.3560185185185185 0.08177083333333333 0.13240740740740742
1 0.7036458333333333 0.6990740740740741 0.13541666666666666 0.22407407407407406
1 0.19401041666666666 0.3736111111111111 0.06822916666666666 0.0824074074074074
1 0.3776041666666667 0.23935185185185184 0.05520833333333333 0.09166666666666666
1 0.20078125 0.13935185185185187 0.03177083333333333 0.03981481481481482
1 0.4973958333333333 0.2902777777777778 0.030208333333333334 0.07314814814814814
1 0.459375 0.861574074074074 0.16145833333333334 0.275
1 0.5950520833333334 0.14953703703703702 0.034895833333333334 0.03981481481481482
1 0.403125 0.18333333333333332 0.040625 0.046296296296296294
1 0.17369791666666667 0.3212962962962963 0.05364583333333333 0.08888888888888889
1 0.69921875 0.1865740740740741 0.05260416666666667 0.058333333333333334
1 0.4510416666666667 0.08333333333333333 0.025 0.03333333333333333
1 0.9869791666666666 0.29814814814814816 0.025 0.07407407407407407
1 0.25364583333333335 0.08703703703703704 0.022916666666666665 0.037037037037037035
1 0.18567708333333333 0.21064814814814814 0.04114583333333333 0.058333333333333334
1 0.5098958333333333 0.2013888888888889 0.059375 0.04351851851851852
1 0.16744791666666667 0.12222222222222222 0.030729166666666665 0.03333333333333333
1 0.66328125 0.17175925925925925 0.0390625 0.06388888888888888
1 0.39817708333333335 0.11990740740740741 0.04114583333333333 0.049074074074074076
1 0.6583333333333333 0.1162037037037037 0.027083333333333334 0.026851851851851852
1 0.18385416666666668 0.2824074074074074 0.04895833333333333 0.09444444444444444
1 0.29635416666666664 0.28194444444444444 0.0625 0.10092592592592593
1 0.2682291666666667 0.09861111111111111 0.029166666666666667 0.03981481481481482
1 0.2950520833333333 0.1375 0.028645833333333332 0.05092592592592592
1 0.8700520833333333 0.2412037037037037 0.07239583333333334 0.0824074074074074
1 0.2799479166666667 0.11851851851851852 0.03177083333333333 0.04259259259259259
1 0.7440104166666667 0.17083333333333334 0.044270833333333336 0.0712962962962963
1 0.46770833333333334 0.0699074074074074 0.017708333333333333 0.032407407407407406
1 0.321875 0.19490740740740742 0.0375 0.04537037037037037
1 0.35052083333333334 0.07962962962962963 0.022916666666666665 0.03518518518518519
1 0.18229166666666666 0.17731481481481481 0.036458333333333336 0.04351851851851852
1 0.21510416666666668 0.10138888888888889 0.03229166666666667 0.03796296296296296
1 0.8888020833333333 0.17824074074074073 0.044270833333333336 0.05648148148148148
1 0.8322916666666667 0.17731481481481481 0.03854166666666667 0.06574074074074074
1 0.34479166666666666 0.23333333333333334 0.025 0.06296296296296296
1 0.22708333333333333 0.11851851851851852 0.03125 0.027777777777777776
1 0.8471354166666667 0.18935185185185185 0.0421875 0.05648148148148148
1 0.31953125 0.16944444444444445 0.044270833333333336 0.037037037037037035
1 0.3497395833333333 0.2101851851851852 0.049479166666666664 0.06666666666666667
1 0.36302083333333335 0.1412037037037037 0.034375 0.049074074074074076
1 0.3416666666666667 0.12453703703703704 0.028125 0.04537037037037037
1 0.30625 0.15138888888888888 0.03333333333333333 0.04537037037037037
1 0.47682291666666665 0.09212962962962963 0.022395833333333334 0.03981481481481482
1 0.2390625 0.16203703703703703 0.042708333333333334 0.044444444444444446
1 0.6869791666666667 0.13935185185185187 0.040625 0.041666666666666664
1 0.49895833333333334 0.18981481481481483 0.04479166666666667 0.06481481481481481
1 0.5109375 0.11018518518518519 0.025 0.04259259259259259
1 0.390625 0.1550925925925926 0.03333333333333333 0.06018518518518518