2 0.86328125 0.1439814814814815 0.07239583333333334 0.15648148148148147
2 0.9145833333333333 0.5768518518518518 0.16041666666666668 0.32407407407407407
2 0.7520833333333333 0.10555555555555556 0.06458333333333334 0.09444444444444444
1 0.19765625 0.7953703703703704 0.14114583333333333 0.1685185185185185
1 0.7471354166666667 0.49583333333333335 0.09739583333333333 0.12129629629629629
1 0.7278645833333334 0.3662037037037037 0.07239583333333334 0.09907407407407408
1 0.6526041666666667 0.6259259259259259 0.11979166666666667 0.16296296296296298
1 0.27682291666666664 0.9138888888888889 0.1515625 0.17037037037037037
1 0.4421875 0.6407407407407407 0.11666666666666667 0.15925925925925927
1 0.6315104166666666 0.3888888888888889 0.0734375 0.10555555555555556
1 0.8143229166666667 0.5782407407407407 0.05677083333333333 0.14722222222222223
1 0.5580729166666667 0.33240740740740743 0.06822916666666666 0.08703703703703704
1 0.9653645833333333 0.3587962962962963 0.06822916666666666 0.09351851851851851
1 0.18958333333333333 0.33287037037037037 0.06041666666666667 0.08796296296296297
1 0.8950520833333333 0.27824074074074073 0.06302083333333333 0.075
1 0.6119791666666666 0.5449074074074074 0.08958333333333333 0.1398148148148148
1 0.39427083333333335 0.5444444444444444 0.12708333333333333 0.18888888888888888
1 0.48776041666666664 0.18101851851851852 0.0390625 0.062037037037037036
1 0.32838541666666665 0.38101851851851853 0.07239583333333334 0.09722222222222222
1 0.6171875 0.1824074074074074 0.03854166666666667 0.040740740740740744
1 0.5033854166666667 0.2861111111111111 0.0484375 0.07962962962962963
1 0.6614583333333334 0.175 0.03958333333333333 0.05
1 0.21979166666666666 0.6351851851851852 0.10625 0.16111111111111112
1 0.74453125 0.20879629629629629 0.04739583333333333 0.07685185185185185
1 0.43671875 0.3375 0.06510416666666667 0.10833333333333334
1 0.5674479166666667 0.15694444444444444 0.033854166666666664 0.03981481481481482
1 0.8174479166666667 0.2759259259259259 0.05572916666666667 0.06296296296296296
1 0.3390625 0.3384259259259259 0.06666666666666667 0.08611111111111111
1 0.5309895833333333 0.3050925925925926 0.0546875 0.08981481481481482
1 0.4549479166666667 0.375 0.06302083333333333 0.10185185185185185
1 0.4 0.2791666666666667 0.06145833333333333 0.09166666666666666
1 0.28151041666666665 0.25787037037037036 0.04635416666666667 0.062037037037037036
1 0.19895833333333332 0.537962962962963 0.096875 0.17592592592592593
1 0.19348958333333333 0.2662037037037037 0.0484375 0.07314814814814814
1 0.68515625 0.3175925925925926 0.06614583333333333 0.09814814814814815
1 0.4830729166666667 0.4185185185185185 0.0953125 0.15185185185185185
1 0.3703125 0.24305555555555555 0.03854166666666667 0.06388888888888888
1 0.42109375 0.19907407407407407 0.04739583333333333 0.06481481481481481
1 0.7197916666666667 0.16666666666666666 0.03854166666666667 0.06111111111111111
1 0.8541666666666666 0.24861111111111112 0.046875 0.06759259259259259
1 0.36875 0.15925925925925927 0.03125 0.044444444444444446
1 0.5567708333333333 0.1259259259259259 0.027083333333333334 0.03888888888888889
1 0.9067708333333333 0.1736111111111111 0.026041666666666668 0.06759259259259259
1 0.4283854166666667 0.14212962962962963 0.034895833333333334 0.049074074074074076
1 0.3567708333333333 0.21712962962962962 0.040625 0.06388888888888888
1 0.5958333333333333 0.11388888888888889 0.035416666666666666 0.053703703703703705
1 0.39088541666666665 0.17175925925925925 0.04010416666666667 0.058333333333333334
1 0.23333333333333334 0.14027777777777778 0.0375 0.06018518518518518
1 0.98125 0.2902777777777778 0.036458333333333336 0.05648148148148148
1 0.35390625 0.13657407407407407 0.0296875 0.041666666666666664
1 0.45989583333333334 0.1648148148148148 0.029166666666666667 0.04259259259259259
1 0.5184895833333333 0.10972222222222222 0.027604166666666666 0.041666666666666664
1 0.47161458333333334 0.09027777777777778 0.030729166666666665 0.041666666666666664
1 0.16666666666666666 0.09166666666666666 0.029166666666666667 0.03333333333333333
1 0.4432291666666667 0.22175925925925927 0.0375 0.06388888888888888
1 0.24817708333333333 0.16342592592592592 0.03802083333333333 0.049074074074074076
1 0.21041666666666667 0.11342592592592593 0.023958333333333335 0.03796296296296296
1 0.2734375 0.23425925925925925 0.046875 0.06296296296296296
1 0.4908854166666667 0.10324074074074074 0.025520833333333333 0.030555555555555555
1 0.33619791666666665 0.12407407407407407 0.027604166666666666 0.03518518518518519
1 0.33515625 0.1912037037037037 0.03802083333333333 0.06574074074074074
1 0.171875 0.1587962962962963 0.034375 0.03796296296296296
1 0.40078125 0.11527777777777778 0.0296875 0.05277777777777778
1 0.5692708333333333 0.10277777777777777 0.026041666666666668 0.04259259259259259
1 0.18177083333333333 0.24814814814814815 0.04479166666666667 0.06111111111111111
1 0.3033854166666667 0.15416666666666667 0.030729166666666665 0.05462962962962963
1 0.25807291666666665 0.1962962962962963 0.0453125 0.05740740740740741
1 0.26197916666666665 0.09444444444444444 0.023958333333333335 0.03333333333333333
1 0.8174479166666667 0.14629629629629629 0.0265625 0.05740740740740741
1 0.46510416666666665 0.24027777777777778 0.04895833333333333 0.0824074074074074
1 0.178125 0.18611111111111112 0.04479166666666667 0.03333333333333333
1 0.3421875 0.20925925925925926 0.026041666666666668 0.053703703703703705
1 0.8223958333333333 0.15648148148148147 0.016666666666666666 0.05555555555555555
1 0.6518229166666667 0.10740740740740741 0.027604166666666666 0.03518518518518519
1 0.6924479166666667 0.14814814814814814 0.034895833333333334 0.05740740740740741
1 0.6393229166666666 0.15925925925925927 0.03177083333333333 0.044444444444444446
1 0.2765625 0.11388888888888889 0.030208333333333334 0.044444444444444446
1 0.6221354166666667 0.14166666666666666 0.0328125 0.04259259259259259
1 0.33958333333333335 0.07546296296296297 0.025 0.032407407407407406
1 0.5916666666666667 0.08518518518518518 0.021875 0.018518518518518517
1 0.65390625 0.13796296296296295 0.0296875 0.02962962962962963
1 0.446875 0.08148148148148149 0.026041666666666668 0.03333333333333333
1 0.29322916666666665 0.12916666666666668 0.03229166666666667 0.04722222222222222
1 0.5552083333333333 0.07037037037037037 0.027083333333333334 0.024074074074074074
1 0.3138020833333333 0.16342592592592592 0.033854166666666664 0.058333333333333334
1 0.6700520833333333 0.12685185185185185 0.0171875 0.037037037037037035
1 0.39947916666666666 0.06620370370370371 0.021875 0.021296296296296296
1 0.18203125 0.2175925925925926 0.0484375 0.046296296296296294
1 0.32421875 0.10787037037037037 0.034895833333333334 0.03611111111111111
1 0.16875 0.1388888888888889 0.03125 0.03148148148148148
1 0.6278645833333333 0.10972222222222222 0.0265625 0.03611111111111111
1 0.96328125 0.2490740740740741 0.0609375 0.08703703703703704
1 0.8372395833333334 0.21296296296296297 0.0484375 0.06111111111111111
1 0.16848958333333333 0.11805555555555555 0.0328125 0.023148148148148147
1 0.2671875 0.21944444444444444 0.03854166666666667 0.05740740740740741