1 0.42734375 0.6342592592592593 0.11197916666666667 0.14444444444444443
1 0.23697916666666666 0.7083333333333334 0.13020833333333334 0.17592592592592593
1 0.7955729166666666 0.8643518518518518 0.18802083333333333 0.26944444444444443
1 0.62265625 0.5662037037037037 0.10364583333333334 0.14351851851851852
1 0.19791666666666666 0.41898148148148145 0.08229166666666667 0.11018518518518519
1 0.52734375 0.4449074074074074 0.08385416666666666 0.12314814814814815
1 0.4940104166666667 0.27685185185185185 0.0578125 0.07222222222222222
1 0.3807291666666667 0.5074074074074074 0.09166666666666666 0.1259259259259259
1 0.6557291666666667 0.4083333333333333 0.08645833333333333 0.11481481481481481
1 0.6307291666666667 0.2740740740740741 0.059375 0.09259259259259259
1 0.6229166666666667 0.3819444444444444 0.065625 0.09722222222222222
1 0.7354166666666667 0.4703703703703704 0.08958333333333333 0.13148148148148148
1 0.8885416666666667 0.6097222222222223 0.12604166666666666 0.19722222222222222
1 0.55703125 0.3162037037037037 0.0703125 0.10462962962962963
1 0.48203125 0.4078703703703704 0.0640625 0.10092592592592593
1 0.28463541666666664 0.28194444444444444 0.049479166666666664 0.075
1 0.44609375 0.22824074074074074 0.04739583333333333 0.06388888888888888
1 0.5145833333333333 0.13055555555555556 0.03229166666666667 0.03518518518518519
1 0.13567708333333334 0.38472222222222224 0.07447916666666667 0.11388888888888889
1 0.7109375 0.3435185185185185 0.06979166666666667 0.0962962962962963
1 0.45807291666666666 0.35833333333333334 0.0734375 0.1111111111111111
1 0.8122395833333333 0.39351851851851855 0.08177083333333333 0.1259259259259259
1 0.9200520833333333 0.2791666666666667 0.06197916666666667 0.08796296296296297
1 0.41848958333333336 0.20555555555555555 0.043229166666666666 0.05925925925925926
1 0.17213541666666668 0.2652777777777778 0.04635416666666667 0.06759259259259259
1 0.1890625 0.34074074074074073 0.06041666666666667 0.05740740740740741
1 0.9807291666666667 0.2689814814814815 0.0375 0.08055555555555556
1 0.3723958333333333 0.24675925925925926 0.042708333333333334 0.06759259259259259
1 0.41953125 0.2902777777777778 0.05572916666666667 0.09166666666666666
1 0.38359375 0.27175925925925926 0.043229166666666666 0.07314814814814814
1 0.6919270833333333 0.17824074074074073 0.0359375 0.03425925925925926
1 0.4114583333333333 0.12685185185185185 0.030208333333333334 0.04259259259259259
1 0.590625 0.24675925925925926 0.04895833333333333 0.08055555555555556
1 0.5463541666666667 0.22407407407407406 0.04583333333333333 0.07407407407407407
1 0.18255208333333334 0.23657407407407408 0.0421875 0.062037037037037036
1 0.6903645833333333 0.20787037037037037 0.050520833333333334 0.058333333333333334
1 0.36015625 0.4583333333333333 0.08385416666666666 0.11666666666666667
1 0.9580729166666667 0.22361111111111112 0.05364583333333333 0.06018518518518518
1 0.74609375 0.18194444444444444 0.04010416666666667 0.05648148148148148
1 0.3268229166666667 0.36574074074074076 0.0671875 0.09074074074074075
1 0.37395833333333334 0.09814814814814815 0.030208333333333334 0.04259259259259259
1 0.65703125 0.19490740740740742 0.034895833333333334 0.041666666666666664
1 0.3828125 0.1625 0.03125 0.04351851851851852
1 0.22057291666666667 0.11388888888888889 0.033854166666666664 0.040740740740740744
1 0.3307291666666667 0.2 0.035416666666666666 0.053703703703703705
1 0.8778645833333333 0.22407407407407406 0.024479166666666666 0.06666666666666667
1 0.490625 0.10138888888888889 0.026041666666666668 0.032407407407407406
1 0.6161458333333333 0.1814814814814815 0.0375 0.03888888888888889
1 0.77578125 0.1398148148148148 0.025520833333333333 0.03518518518518519
1 0.7505208333333333 0.13425925925925927 0.028125 0.040740740740740744
1 0.3346354166666667 0.1175925925925926 0.0265625 0.04259259259259259
1 0.79765625 0.17685185185185184 0.0234375 0.03148148148148148
1 0.35572916666666665 0.21481481481481482 0.042708333333333334 0.07222222222222222
1 0.31484375 0.3162037037037037 0.05677083333333333 0.0824074074074074
1 0.8927083333333333 0.20046296296296295 0.035416666666666666 0.05277777777777778
1 0.2986979166666667 0.13842592592592592 0.03177083333333333 0.041666666666666664
1 0.5796875 0.12962962962962962 0.028125 0.03148148148148148
1 0.68046875 0.15 0.0328125 0.03888888888888889
1 0.33203125 0.16944444444444445 0.03802083333333333 0.04259259259259259
1 0.6953125 0.13564814814814816 0.030208333333333334 0.04722222222222222
1 0.5932291666666667 0.09907407407407408 0.028125 0.037037037037037035
1 0.6684895833333333 0.10694444444444444 0.03177083333333333 0.049074074074074076
1 0.55703125 0.08518518518518518 0.0234375 0.044444444444444446
1 0.6674479166666667 0.13564814814814816 0.027604166666666666 0.026851851851851852
1 0.5307291666666667 0.2074074074074074 0.04479166666666667 0.08148148148148149
1 0.69609375 0.10648148148148148 0.0296875 0.03518518518518519
1 0.9716145833333333 0.17592592592592593 0.05572916666666667 0.046296296296296294
1 0.5166666666666667 0.08888888888888889 0.025 0.03888888888888889
1 0.17734375 0.18888888888888888 0.0453125 0.040740740740740744
1 0.353125 0.13703703703703704 0.028125 0.03888888888888889
1 0.590625 0.1648148148148148 0.030208333333333334 0.03888888888888889
1 0.9197916666666667 0.21342592592592594 0.040625 0.05092592592592592
1 0.8466145833333333 0.2412037037037037 0.06302083333333333 0.09722222222222222
1 0.75859375 0.15694444444444444 0.0328125 0.04722222222222222
1 0.5671875 0.15648148148148147 0.026041666666666668 0.03148148148148148
1 0.28125 0.11574074074074074 0.034375 0.03518518518518519
1 0.35546875 0.0962962962962963 0.013020833333333334 0.03148148148148148
1 0.26614583333333336 0.10092592592592593 0.028125 0.04259259259259259
1 0.16953125 0.20879629629629629 0.0390625 0.06944444444444445
1 0.7872395833333333 0.22916666666666666 0.0671875 0.0787037037037037
1 0.40390625 0.10740740740740741 0.024479166666666666 0.025925925925925925
1 0.21848958333333332 0.08518518518518518 0.027604166666666666 0.02962962962962963
1 0.41067708333333336 0.1787037037037037 0.04114583333333333 0.06481481481481481
1 0.3453125 0.08148148148148149 0.019791666666666666 0.03148148148148148
1 0.65625 0.16944444444444445 0.0375 0.044444444444444446
1 0.4505208333333333 0.08518518518518518 0.022916666666666665 0.03148148148148148
1 0.6203125 0.15231481481481482 0.03333333333333333 0.05092592592592592
1 0.23203125 0.13148148148148148 0.025520833333333333 0.037037037037037035
1 0.2453125 0.16296296296296298 0.03958333333333333 0.05555555555555555
1 0.42630208333333336 0.08703703703703704 0.022395833333333334 0.025925925925925925
1 0.6229166666666667 0.12685185185185185 0.03333333333333333 0.044444444444444446
1 0.33645833333333336 0.1310185185185185 0.021875 0.03425925925925926
1 0.26510416666666664 0.18703703703703703 0.053125 0.053703703703703705
1 0.74609375 0.24675925925925926 0.05677083333333333 0.049074074074074076
1 0.26119791666666664 0.22592592592592592 0.05364583333333333 0.08518518518518518
1 0.17057291666666666 0.13564814814814816 0.04010416666666667 0.06018518518518518
1 0.31197916666666664 0.09722222222222222 0.027083333333333334 0.03888888888888889
1 0.2598958333333333 0.2037037037037037 0.05416666666666667 0.04259259259259259
1 0.31145833333333334 0.16574074074074074 0.028125 0.05555555555555555
1 0.859375 0.22407407407407406 0.06041666666666667 0.06666666666666667
1 0.98984375 0.324537037037037 0.019270833333333334 0.08796296296296297