1 0.48333333333333334 0.7393518518518518 0.13541666666666666 0.18425925925925926
1 0.44609375 0.6388888888888888 0.12239583333333333 0.16111111111111112
1 0.20807291666666666 0.5657407407407408 0.1109375 0.14629629629629629
1 0.19140625 0.4583333333333333 0.08697916666666666 0.11296296296296296
1 0.63984375 0.9458333333333333 0.17552083333333332 0.10648148148148148
1 0.6494791666666667 0.6185185185185185 0.11354166666666667 0.1648148148148148
1 0.36171875 0.47685185185185186 0.0859375 0.12222222222222222
1 0.9747395833333333 0.31203703703703706 0.049479166666666664 0.08148148148148149
1 0.5619791666666667 0.3388888888888889 0.06979166666666667 0.08888888888888889
1 0.7661458333333333 0.5087962962962963 0.09166666666666666 0.1287037037037037
1 0.8880208333333334 0.888425925925926 0.165625 0.2212962962962963
1 0.42604166666666665 0.3300925925925926 0.053125 0.08611111111111111
1 0.31692708333333336 0.34444444444444444 0.0640625 0.09074074074074075
1 0.659375 0.4027777777777778 0.08854166666666667 0.13703703703703704
1 0.5846354166666666 0.549537037037037 0.0984375 0.13240740740740742
1 0.8166666666666667 0.5546296296296296 0.11875 0.15555555555555556
1 0.7440104166666667 0.350462962962963 0.07760416666666667 0.11944444444444445
1 0.88125 0.46064814814814814 0.09375 0.12685185185185185
1 0.3536458333333333 0.39675925925925926 0.07083333333333333 0.10092592592592593
1 0.4739583333333333 0.36018518518518516 0.06979166666666667 0.1111111111111111
1 0.4984375 0.27175925925925926 0.05520833333333333 0.07314814814814814
1 0.6252604166666667 0.27685185185185185 0.0578125 0.08703703703703704
1 0.41119791666666666 0.2972222222222222 0.0515625 0.07962962962962963
1 0.2828125 0.26435185185185184 0.06145833333333333 0.10092592592592593
1 0.69296875 0.30787037037037035 0.0671875 0.09722222222222222
1 0.85859375 0.22037037037037038 0.0453125 0.06666666666666667
1 0.3841145833333333 0.2523148148148148 0.049479166666666664 0.08425925925925926
1 0.1875 0.31712962962962965 0.05625 0.08055555555555556
1 0.9140625 0.6685185185185185 0.13020833333333334 0.18888888888888888
1 0.39479166666666665 0.11527777777777778 0.034375 0.05462962962962963
1 0.23828125 0.14722222222222223 0.03177083333333333 0.04259259259259259
1 0.646875 0.19305555555555556 0.040625 0.03425925925925926
1 0.66953125 0.14953703703703702 0.034895833333333334 0.04722222222222222
1 0.17760416666666667 0.15092592592592594 0.042708333333333334 0.06111111111111111
1 0.4427083333333333 0.14953703703703702 0.035416666666666666 0.04722222222222222
1 0.35130208333333335 0.23564814814814813 0.03697916666666667 0.06018518518518518
1 0.37526041666666665 0.10787037037037037 0.016145833333333335 0.03611111111111111
1 0.6174479166666667 0.15324074074074073 0.03177083333333333 0.049074074074074076
1 0.8372395833333334 0.25 0.05364583333333333 0.07222222222222222
1 0.6427083333333333 0.11527777777777778 0.027083333333333334 0.03981481481481482
1 0.7763020833333333 0.22037037037037038 0.04635416666666667 0.07037037037037037
1 0.41015625 0.1884259259259259 0.0328125 0.049074074074074076
1 0.18645833333333334 0.27361111111111114 0.053125 0.06388888888888888
1 0.7572916666666667 0.18194444444444444 0.03229166666666667 0.05462962962962963
1 0.9627604166666667 0.25 0.0578125 0.07222222222222222
1 0.45703125 0.24305555555555555 0.049479166666666664 0.06388888888888888
1 0.5515625 0.4685185185185185 0.09479166666666666 0.15
1 0.43359375 0.13657407407407407 0.0328125 0.05277777777777778
1 0.4786458333333333 0.11064814814814815 0.026041666666666668 0.032407407407407406
1 0.28177083333333336 0.11388888888888889 0.040625 0.046296296296296294
1 0.6901041666666666 0.12962962962962962 0.029166666666666667 0.04259259259259259
1 0.9817708333333334 0.1962962962962963 0.035416666666666666 0.06111111111111111
1 0.39453125 0.17824074074074073 0.033854166666666664 0.058333333333333334
1 0.15859375 0.09074074074074075 0.0234375 0.03888888888888889
1 0.3734375 0.15833333333333333 0.03229166666666667 0.044444444444444446
1 0.6859375 0.18518518518518517 0.03229166666666667 0.06296296296296296
1 0.3484375 0.1337962962962963 0.029166666666666667 0.04722222222222222
1 0.5791666666666667 0.15925925925925927 0.028125 0.03888888888888889
1 0.32786458333333335 0.07268518518518519 0.0265625 0.025
1 0.6059895833333333 0.25324074074074077 0.05677083333333333 0.09722222222222222
1 0.6049479166666667 0.16944444444444445 0.0390625 0.046296296296296294
1 0.44192708333333336 0.20925925925925926 0.04635416666666667 0.07407407407407407
1 0.32890625 0.11574074074074074 0.027604166666666666 0.04259259259259259
1 0.6677083333333333 0.17731481481481481 0.022916666666666665 0.049074074074074076
1 0.17421875 0.24814814814814815 0.043229166666666666 0.07777777777777778
1 0.8020833333333334 0.1699074074074074 0.029166666666666667 0.04722222222222222
1 0.9174479166666667 0.19074074074074074 0.050520833333333334 0.07037037037037037
1 0.715625 0.12129629629629629 0.026041666666666668 0.03333333333333333
1 0.5557291666666667 0.14675925925925926 0.027083333333333334 0.030555555555555555
1 0.33125 0.19074074074074074 0.03333333333333333 0.06296296296296296
1 0.3497395833333333 0.20787037037037037 0.043229166666666666 0.0712962962962963
1 0.5794270833333334 0.10462962962962963 0.024479166666666666 0.03148148148148148
1 0.6575520833333334 0.10138888888888889 0.0234375 0.04351851851851852
1 0.3645833333333333 0.09259259259259259 0.019791666666666666 0.03333333333333333
1 0.7190104166666667 0.19166666666666668 0.05260416666666667 0.07777777777777778
1 0.17473958333333334 0.10185185185185185 0.025520833333333333 0.022222222222222223
1 0.49661458333333336 0.09861111111111111 0.024479166666666666 0.03796296296296296
1 0.5859375 0.13194444444444445 0.030208333333333334 0.026851851851851852
1 0.4609375 0.08796296296296297 0.022916666666666665 0.02962962962962963
1 0.21614583333333334 0.09212962962962963 0.028125 0.028703703703703703
1 0.3067708333333333 0.16018518518518518 0.034375 0.046296296296296294
1 0.3533854166666667 0.15138888888888888 0.0203125 0.03611111111111111
1 0.3234375 0.09490740740740741 0.03229166666666667 0.04351851851851852
1 0.5205729166666667 0.1310185185185185 0.0296875 0.032407407407407406
1 0.6203125 0.12962962962962962 0.036458333333333336 0.044444444444444446
1 0.8205729166666667 0.19675925925925927 0.0453125 0.06759259259259259
1 0.253125 0.17824074074074073 0.036458333333333336 0.06574074074074074
1 0.6986979166666667 0.10787037037037037 0.019270833333333334 0.017592592592592594
1 0.22994791666666667 0.12731481481481483 0.03177083333333333 0.03981481481481482
1 0.6283854166666667 0.08888888888888889 0.030729166666666665 0.03518518518518519
1 0.16380208333333332 0.1310185185185185 0.025520833333333333 0.03981481481481482
1 0.39869791666666665 0.07361111111111111 0.018229166666666668 0.025
1 0.7260416666666667 0.1449074074074074 0.03229166666666667 0.028703703703703703
1 0.8533854166666667 0.1763888888888889 0.033854166666666664 0.028703703703703703
1 0.8666666666666667 0.16064814814814815 0.04791666666666667 0.06759259259259259
1 0.2734375 0.22268518518518518 0.057291666666666664 0.07314814814814814
1 0.17421875 0.19953703703703704 0.04739583333333333 0.0712962962962963