2 0.8138020833333334 0.1310185185185185 0.0671875 0.14351851851851852
2 0.7200520833333334 0.10972222222222222 0.06822916666666666 0.11388888888888889
1 0.85703125 0.6023148148148149 0.11927083333333334 0.14537037037037037
1 0.265625 0.9523148148148148 0.178125 0.09351851851851851
1 0.9596354166666666 0.7166666666666667 0.0796875 0.18333333333333332
1 0.7869791666666667 0.7898148148148149 0.15104166666666666 0.20185185185185187
1 0.8236979166666667 0.42685185185185187 0.08489583333333334 0.11481481481481481
1 0.5231770833333333 0.8041666666666667 0.14635416666666667 0.19907407407407407
1 0.44947916666666665 0.6712962962962963 0.16041666666666668 0.23333333333333334
1 0.53671875 0.3189814814814815 0.05572916666666667 0.08981481481481482
1 0.3380208333333333 0.39444444444444443 0.07916666666666666 0.1
1 0.8684895833333334 0.30185185185185187 0.06614583333333333 0.06481481481481481
1 0.17265625 0.36944444444444446 0.06822916666666666 0.10555555555555556
1 0.7380208333333333 0.23935185185185184 0.05 0.049074074074074076
1 0.6083333333333333 0.37916666666666665 0.07708333333333334 0.10092592592592593
1 0.3546875 0.43796296296296294 0.07916666666666666 0.10740740740740741
1 0.47239583333333335 0.3819444444444444 0.07083333333333333 0.12129629629629629
1 0.42265625 0.3101851851851852 0.06822916666666666 0.10555555555555556
1 0.7059895833333333 0.45787037037037037 0.08697916666666666 0.11944444444444445
1 0.5822916666666667 0.1648148148148148 0.0375 0.040740740740740744
1 0.39010416666666664 0.26805555555555555 0.04895833333333333 0.0712962962962963
1 0.4973958333333333 0.42777777777777776 0.07395833333333333 0.11296296296296296
1 0.8307291666666666 0.24814814814814815 0.05625 0.06666666666666667
1 0.23932291666666666 0.7861111111111111 0.12447916666666667 0.19814814814814816
1 0.5158854166666667 0.19814814814814816 0.043229166666666666 0.06666666666666667
1 0.4953125 0.26805555555555555 0.057291666666666664 0.09166666666666666
1 0.48359375 0.18009259259259258 0.0328125 0.04722222222222222
1 0.1984375 0.2935185185185185 0.051041666666666666 0.07962962962962963
1 0.3828125 0.17083333333333334 0.03333333333333333 0.04537037037037037
1 0.6244791666666667 0.15925925925925927 0.036458333333333336 0.046296296296296294
1 0.7674479166666667 0.36435185185185187 0.0765625 0.11203703703703703
1 0.9346354166666667 0.3398148148148148 0.06614583333333333 0.1
1 0.7018229166666666 0.18888888888888888 0.043229166666666666 0.07222222222222222
1 0.5453125 0.4925925925925926 0.1125 0.17777777777777778
1 0.3658854166666667 0.2351851851851852 0.0453125 0.06851851851851852
1 0.46770833333333334 0.24166666666666667 0.042708333333333334 0.07222222222222222
1 0.4484375 0.15462962962962962 0.035416666666666666 0.053703703703703705
1 0.5747395833333333 0.3439814814814815 0.0671875 0.09907407407407408
1 0.29401041666666666 0.28379629629629627 0.050520833333333334 0.06944444444444445
1 0.9502604166666667 0.24583333333333332 0.0515625 0.06574074074074074
1 0.96953125 0.29953703703703705 0.059895833333333336 0.08425925925925926
1 0.3255208333333333 0.17731481481481481 0.035416666666666666 0.062037037037037036
1 0.44192708333333336 0.2175925925925926 0.04739583333333333 0.06666666666666667
1 0.20651041666666667 0.11990740740740741 0.0265625 0.03981481481481482
1 0.9020833333333333 0.26342592592592595 0.059375 0.06944444444444445
1 0.7901041666666667 0.22916666666666666 0.04791666666666667 0.06759259259259259
1 0.6815104166666667 0.1527777777777778 0.03697916666666667 0.05740740740740741
1 0.86015625 0.1597222222222222 0.0359375 0.058333333333333334
1 0.171875 0.17222222222222222 0.035416666666666666 0.046296296296296294
1 0.2825520833333333 0.2564814814814815 0.0484375 0.06666666666666667
1 0.36380208333333336 0.14629629629629629 0.030729166666666665 0.046296296296296294
1 0.4778645833333333 0.09814814814814815 0.024479166666666666 0.03148148148148148
1 0.57265625 0.10601851851851851 0.0328125 0.049074074074074076
1 0.2828125 0.12037037037037036 0.027083333333333334 0.046296296296296294
1 0.26276041666666666 0.21157407407407408 0.0484375 0.058333333333333334
1 0.46015625 0.08472222222222223 0.0265625 0.041666666666666664
1 0.3458333333333333 0.13055555555555556 0.030208333333333334 0.037037037037037035
1 0.23359375 0.1486111111111111 0.03697916666666667 0.062037037037037036
1 0.4234375 0.21064814814814814 0.025 0.05648148148148148
1 0.6546875 0.13703703703703704 0.03229166666666667 0.05555555555555555
1 0.34661458333333334 0.2050925925925926 0.04114583333333333 0.06944444444444445
1 0.4140625 0.1875 0.040625 0.06759259259259259
1 0.35104166666666664 0.0824074074074074 0.022916666666666665 0.02962962962962963
1 0.2526041666666667 0.175 0.0375 0.05185185185185185
1 0.5536458333333333 0.09768518518518518 0.01875 0.03796296296296296
1 0.590625 0.12731481481481483 0.029166666666666667 0.03611111111111111
1 0.62421875 0.1259259259259259 0.025520833333333333 0.027777777777777776
1 0.2986979166666667 0.1398148148148148 0.03177083333333333 0.053703703703703705
1 0.20625 0.6550925925925926 0.11666666666666667 0.21574074074074073
1 0.3104166666666667 0.16296296296296298 0.03229166666666667 0.05740740740740741
1 0.184375 0.24074074074074073 0.05 0.053703703703703705
1 0.8802083333333334 0.225 0.053125 0.07407407407407407
1 0.16692708333333334 0.09953703703703703 0.03177083333333333 0.03796296296296296
1 0.41692708333333334 0.06898148148148148 0.018229166666666668 0.026851851851851852
1 0.5223958333333333 0.11388888888888889 0.023958333333333335 0.04259259259259259
1 0.5747395833333333 0.07777777777777778 0.021354166666666667 0.014814814814814815
1 0.16979166666666667 0.13472222222222222 0.03229166666666667 0.03981481481481482
1 0.5348958333333333 0.11527777777777778 0.029166666666666667 0.03425925925925926
1 0.6575520833333334 0.09583333333333334 0.0234375 0.025
1 0.33307291666666666 0.1162037037037037 0.03697916666666667 0.041666666666666664
1 0.7815104166666667 0.19398148148148148 0.044270833333333336 0.06018518518518518
1 0.6072916666666667 0.10277777777777777 0.023958333333333335 0.02962962962962963
1 0.534375 0.1398148148148148 0.03125 0.03333333333333333
1 0.2721354166666667 0.2388888888888889 0.0421875 0.06481481481481481
1 0.41744791666666664 0.1310185185185185 0.033854166666666664 0.04351851851851852
1 0.43333333333333335 0.13703703703703704 0.030208333333333334 0.03888888888888889
1 0.19036458333333334 0.27037037037037037 0.04739583333333333 0.06666666666666667
1 0.6067708333333334 0.14305555555555555 0.026041666666666668 0.041666666666666664
1 0.434375 0.07361111111111111 0.022916666666666665 0.03611111111111111
1 0.7484375 0.12314814814814815 0.0125 0.05555555555555555
1 0.17552083333333332 0.22037037037037038 0.05 0.07222222222222222
1 0.71015625 0.674074074074074 0.11614583333333334 0.17222222222222222
1 0.9940104166666667 0.24814814814814815 0.0109375 0.05555555555555555
1 0.9895833333333334 0.36157407407407405 0.019791666666666666 0.04537037037037037