2 0.7638020833333333 0.1125 0.06510416666666667 0.12314814814814815
2 0.6822916666666666 0.09490740740740741 0.05416666666666667 0.10092592592592593
1 0.9598958333333333 0.5259259259259259 0.07916666666666666 0.1388888888888889
1 0.8315104166666667 0.5689814814814815 0.10885416666666667 0.15092592592592594
1 0.10546875 0.42916666666666664 0.0796875 0.12129629629629629
1 0.5768229166666666 0.8726851851851852 0.21302083333333333 0.25277777777777777
1 0.9213541666666667 0.8981481481481481 0.15625 0.20185185185185187
1 0.6932291666666667 0.45 0.09166666666666666 0.11666666666666667
1 0.5692708333333333 0.5101851851851852 0.10104166666666667 0.13333333333333333
1 0.2046875 0.33425925925925926 0.057291666666666664 0.08703703703703704
1 0.3651041666666667 0.4773148148148148 0.09791666666666667 0.12314814814814815
1 0.30703125 0.32175925925925924 0.05572916666666667 0.075
1 0.4125 0.3 0.05625 0.07962962962962963
1 0.67734375 0.20694444444444443 0.044270833333333336 0.04537037037037037
1 0.38619791666666664 0.5277777777777778 0.09947916666666666 0.13148148148148148
1 0.59453125 0.36342592592592593 0.06510416666666667 0.09907407407407408
1 0.4505208333333333 0.35648148148148145 0.08125 0.11851851851851852
1 0.46979166666666666 0.23981481481481481 0.052083333333333336 0.07222222222222222
1 0.5278645833333333 0.44722222222222224 0.0921875 0.14629629629629629
1 0.9856770833333334 0.20694444444444443 0.027604166666666666 0.05648148148148148
1 0.47421875 0.17083333333333334 0.04010416666666667 0.06018518518518518
1 0.6372395833333333 0.6162037037037037 0.1390625 0.2212962962962963
1 0.515625 0.20185185185185187 0.03854166666666667 0.05740740740740741
1 0.6372395833333333 0.40046296296296297 0.08072916666666667 0.11574074074074074
1 0.7325520833333333 0.20324074074074075 0.0421875 0.062037037037037036
1 0.3776041666666667 0.25972222222222224 0.053125 0.075
1 0.8841145833333334 0.43657407407407406 0.0953125 0.12685185185185185
1 0.55234375 0.22037037037037038 0.0484375 0.07222222222222222
1 0.8963541666666667 0.3106481481481482 0.06770833333333333 0.06388888888888888
1 0.9739583333333334 0.36157407407407405 0.051041666666666666 0.09907407407407408
1 0.50703125 0.2675925925925926 0.04739583333333333 0.07777777777777778
1 0.7838541666666666 0.2550925925925926 0.04791666666666667 0.05462962962962963
1 0.4 0.18518518518518517 0.03854166666666667 0.05
1 0.5848958333333333 0.1412037037037037 0.034375 0.041666666666666664
1 0.7315104166666667 0.1712962962962963 0.043229166666666666 0.05
1 0.20026041666666666 0.1259259259259259 0.028645833333333332 0.044444444444444446
1 0.95 0.29305555555555557 0.06041666666666667 0.07314814814814814
1 0.8666666666666667 0.2074074074074074 0.04791666666666667 0.037037037037037035
1 0.49947916666666664 0.12222222222222222 0.029166666666666667 0.03148148148148148
1 0.51640625 0.10925925925925926 0.025520833333333333 0.03888888888888889
1 0.5473958333333333 0.30324074074074076 0.06458333333333334 0.10277777777777777
1 0.9135416666666667 0.23564814814814813 0.04895833333333333 0.06388888888888888
1 0.3776041666666667 0.15648148148148147 0.034375 0.04814814814814815
1 0.91796875 0.20324074074074075 0.0484375 0.049074074074074076
1 0.3390625 0.19166666666666668 0.0375 0.06666666666666667
1 0.81640625 0.22175925925925927 0.0484375 0.049074074074074076
1 0.8705729166666667 0.2513888888888889 0.050520833333333334 0.06574074074074074
1 0.43515625 0.20555555555555555 0.043229166666666666 0.07037037037037037
1 0.28020833333333334 0.9652777777777778 0.13958333333333334 0.06759259259259259
1 0.22291666666666668 0.850462962962963 0.14895833333333333 0.27685185185185185
1 0.27708333333333335 0.26435185185185184 0.04479166666666667 0.06944444444444445
1 0.65625 0.16666666666666666 0.03958333333333333 0.06666666666666667
1 0.2565104166666667 0.19027777777777777 0.034895833333333334 0.05462962962962963
1 0.17057291666666666 0.18564814814814815 0.0359375 0.05277777777777778
1 0.4471354166666667 0.23055555555555557 0.0328125 0.06296296296296296
1 0.4546875 0.14953703703703702 0.035416666666666666 0.04351851851851852
1 0.9583333333333334 0.19444444444444445 0.03854166666666667 0.05555555555555555
1 0.3203125 0.1787037037037037 0.03229166666666667 0.05925925925925926
1 0.8158854166666667 0.14722222222222223 0.0390625 0.05740740740740741
1 0.3651041666666667 0.22361111111111112 0.04375 0.075
1 0.8078125 0.18935185185185185 0.03958333333333333 0.05277777777777778
1 0.24270833333333333 0.15833333333333333 0.042708333333333334 0.06666666666666667
1 0.16979166666666667 0.1388888888888889 0.03854166666666667 0.03333333333333333
1 0.29609375 0.28379629629629627 0.05260416666666667 0.07314814814814814
1 0.2682291666666667 0.2300925925925926 0.04375 0.06574074074074074
1 0.56875 0.12777777777777777 0.023958333333333335 0.040740740740740744
1 0.28932291666666665 0.12731481481481483 0.027604166666666666 0.04722222222222222
1 0.17578125 0.25787037037037036 0.04635416666666667 0.06759259259259259
1 0.30625 0.14166666666666666 0.0375 0.044444444444444446
1 0.43255208333333334 0.13472222222222222 0.0328125 0.058333333333333334
1 0.64609375 0.13564814814814816 0.03697916666666667 0.05277777777777778
1 0.35546875 0.14166666666666666 0.0328125 0.040740740740740744
1 0.44505208333333335 0.07777777777777778 0.024479166666666666 0.037037037037037035
1 0.5924479166666666 0.11435185185185186 0.0234375 0.030555555555555555
1 0.27057291666666666 0.10324074074074074 0.027604166666666666 0.03425925925925926
1 0.55234375 0.07824074074074074 0.022395833333333334 0.025
1 0.6169270833333333 0.12222222222222222 0.03177083333333333 0.053703703703703705
1 0.25234375 0.0763888888888889 0.021354166666666667 0.030555555555555555
1 0.28177083333333336 0.11944444444444445 0.022916666666666665 0.040740740740740744
1 0.5609375 0.11064814814814815 0.028125 0.03611111111111111
1 0.35911458333333335 0.08796296296296297 0.0234375 0.03333333333333333
1 0.44296875 0.14351851851851852 0.0296875 0.04814814814814815
1 0.5825520833333333 0.09490740740740741 0.021354166666666667 0.026851851851851852
1 0.32578125 0.10277777777777777 0.027604166666666666 0.037037037037037035
1 0.7166666666666667 0.11388888888888889 0.01875 0.05
1 0.5455729166666666 0.14212962962962963 0.033854166666666664 0.032407407407407406
1 0.19401041666666666 0.2912037037037037 0.05572916666666667 0.09722222222222222
1 0.19088541666666667 0.08101851851851852 0.018229166666666668 0.025
1 0.15807291666666667 0.1087962962962963 0.033854166666666664 0.049074074074074076
1 0.33125 0.07407407407407407 0.022916666666666665 0.022222222222222223
1 0.6322916666666667 0.09027777777777778 0.020833333333333332 0.030555555555555555
1 0.40338541666666666 0.06527777777777778 0.015104166666666667 0.021296296296296296
1 0.29765625 0.08287037037037037 0.025520833333333333 0.028703703703703703
1 0.6486979166666667 0.0962962962962963 0.019270833333333334 0.025925925925925925
1 0.16692708333333334 0.1587962962962963 0.03177083333333333 0.041666666666666664
1 0.2265625 0.11064814814814815 0.028125 0.03611111111111111
1 0.3455729166666667 0.11805555555555555 0.03802083333333333 0.03796296296296296
1 0.6971354166666667 0.986574074074074 0.1359375 0.025
1 0.8276041666666667 0.2777777777777778 0.053125 0.06666666666666667
1 0.28151041666666665 0.07314814814814814 0.019270833333333334 0.025925925925925925
1 0.16744791666666667 0.07685185185185185 0.030729166666666665 0.020370370370370372
1 0.17578125 0.22685185185185186 0.050520833333333334 0.05555555555555555
1 0.25052083333333336 0.13055555555555556 0.025 0.03518518518518519
1 0.7677083333333333 0.2199074074074074 0.04895833333333333 0.062037037037037036