2 0.8817708333333333 0.15462962962962962 0.08229166666666667 0.14444444444444443
2 0.6098958333333333 0.31805555555555554 0.09270833333333334 0.1824074074074074
1 0.6234375 0.5995370370370371 0.10520833333333333 0.14907407407407408
1 0.9151041666666667 0.662962962962963 0.13020833333333334 0.16666666666666666
1 0.20104166666666667 0.49027777777777776 0.08020833333333334 0.11018518518518519
1 0.83125 0.2810185185185185 0.06041666666666667 0.06759259259259259
1 0.3341145833333333 0.3648148148148148 0.06927083333333334 0.09444444444444444
1 0.6901041666666666 0.4263888888888889 0.096875 0.16018518518518518
1 0.5299479166666666 0.30324074074074076 0.058854166666666666 0.0787037037037037
1 0.45703125 0.35462962962962963 0.0671875 0.09444444444444444
1 0.48020833333333335 0.25462962962962965 0.04895833333333333 0.07037037037037037
1 0.86328125 0.25046296296296294 0.05572916666666667 0.06759259259259259
1 0.5830729166666667 0.5268518518518519 0.0921875 0.12407407407407407
1 0.95390625 0.937962962962963 0.09114583333333333 0.12222222222222222
1 0.9651041666666667 0.5342592592592592 0.06875 0.13518518518518519
1 0.4 0.5597222222222222 0.103125 0.16203703703703703
1 0.43515625 0.3199074074074074 0.05677083333333333 0.08611111111111111
1 0.9708333333333333 0.30416666666666664 0.057291666666666664 0.10648148148148148
1 0.31666666666666665 0.3236111111111111 0.075 0.1175925925925926
1 0.71953125 0.23425925925925925 0.05260416666666667 0.05
1 0.5684895833333333 0.2375 0.04739583333333333 0.06388888888888888
1 0.6557291666666667 0.1763888888888889 0.040625 0.05462962962962963
1 0.5518229166666667 0.33425925925925926 0.03697916666666667 0.08333333333333333
1 0.27057291666666666 0.25925925925925924 0.050520833333333334 0.06666666666666667
1 0.19192708333333333 0.4412037037037037 0.07864583333333333 0.09907407407407408
1 0.5338541666666666 0.21481481481481482 0.04479166666666667 0.07222222222222222
1 0.45234375 0.22824074074074074 0.049479166666666664 0.062037037037037036
1 0.5901041666666667 0.14444444444444443 0.034375 0.05
1 0.9140625 0.23287037037037037 0.051041666666666666 0.0824074074074074
1 0.2559895833333333 0.19166666666666668 0.0359375 0.05
1 0.6416666666666667 0.1638888888888889 0.036458333333333336 0.05555555555555555
1 0.18385416666666668 0.19444444444444445 0.03854166666666667 0.05185185185185185
1 0.37109375 0.5115740740740741 0.08177083333333333 0.12685185185185185
1 0.18723958333333332 0.23657407407407408 0.043229166666666666 0.0712962962962963
1 0.5184895833333333 0.1111111111111111 0.0328125 0.05
1 0.40130208333333334 0.17037037037037037 0.03802083333333333 0.05555555555555555
1 0.43255208333333334 0.07592592592592592 0.027604166666666666 0.03333333333333333
1 0.3697916666666667 0.25925925925925924 0.03229166666666667 0.06851851851851852
1 0.6244791666666667 0.1050925925925926 0.023958333333333335 0.023148148148148147
1 0.49895833333333334 0.10555555555555556 0.014583333333333334 0.037037037037037035
1 0.7924479166666667 0.7851851851851852 0.1515625 0.19814814814814816
1 0.6088541666666667 0.08518518518518518 0.03125 0.025925925925925925
1 0.17786458333333333 0.37592592592592594 0.06302083333333333 0.10740740740740741
1 0.37552083333333336 0.15138888888888888 0.035416666666666666 0.05092592592592592
1 0.21744791666666666 0.11388888888888889 0.03177083333333333 0.05185185185185185
1 0.38203125 0.10416666666666667 0.030729166666666665 0.041666666666666664
1 0.8184895833333333 0.1736111111111111 0.043229166666666666 0.06944444444444445
1 0.6213541666666667 0.15046296296296297 0.035416666666666666 0.062037037037037036
1 0.9296875 0.21574074074074073 0.052083333333333336 0.08518518518518518
1 0.25833333333333336 0.09259259259259259 0.023958333333333335 0.037037037037037035
1 0.55859375 0.1310185185185185 0.0265625 0.03611111111111111
1 0.22942708333333334 0.12962962962962962 0.028645833333333332 0.03888888888888889
1 0.4046875 0.2712962962962963 0.059375 0.09814814814814815
1 0.7729166666666667 0.1597222222222222 0.035416666666666666 0.058333333333333334
1 0.17578125 0.18425925925925926 0.033854166666666664 0.05
1 0.4609375 0.08333333333333333 0.019791666666666666 0.03518518518518519
1 0.72109375 0.1439814814814815 0.021354166666666667 0.04537037037037037
1 0.97734375 0.17824074074074073 0.043229166666666666 0.030555555555555555
1 0.975 0.20972222222222223 0.041666666666666664 0.049074074074074076
1 0.16744791666666667 0.08425925925925926 0.028645833333333332 0.02962962962962963
1 0.30364583333333334 0.1476851851851852 0.03125 0.05277777777777778
1 0.43255208333333334 0.19675925925925927 0.034895833333333334 0.03611111111111111
1 0.3203125 0.10648148148148148 0.034375 0.03333333333333333
1 0.47890625 0.0912037037037037 0.0234375 0.03981481481481482
1 0.190625 0.32314814814814813 0.05625 0.10555555555555556
1 0.5796875 0.11296296296296296 0.021875 0.04259259259259259
1 0.3611979166666667 0.08888888888888889 0.0234375 0.04259259259259259
1 0.6481770833333333 0.125 0.0328125 0.03888888888888889
1 0.40625 0.20324074074074075 0.040625 0.03981481481481482
1 0.16979166666666667 0.1597222222222222 0.04375 0.05462962962962963
1 0.2708333333333333 0.1050925925925926 0.030208333333333334 0.041666666666666664
1 0.2864583333333333 0.12731481481481483 0.03333333333333333 0.04722222222222222
1 0.9557291666666666 0.16898148148148148 0.036458333333333336 0.03796296296296296
1 0.31744791666666666 0.1625 0.043229166666666666 0.04537037037037037
1 0.37916666666666665 0.1675925925925926 0.023958333333333335 0.05185185185185185
1 0.6005208333333333 0.11064814814814815 0.025 0.03981481481481482
1 0.41328125 0.13055555555555556 0.044270833333333336 0.053703703703703705
1 0.6700520833333333 0.10787037037037037 0.025520833333333333 0.023148148148148147
1 0.4903645833333333 0.09861111111111111 0.025520833333333333 0.03796296296296296
1 0.3640625 0.2337962962962963 0.06041666666666667 0.06574074074074074
1 0.41171875 0.06851851851851852 0.022395833333333334 0.025925925925925925
1 0.5244791666666667 0.08009259259259259 0.028125 0.03425925925925926
1 0.25859375 0.16944444444444445 0.033854166666666664 0.037037037037037035
1 0.24114583333333334 0.15555555555555556 0.036458333333333336 0.04814814814814815
1 0.24817708333333333 0.17175925925925925 0.043229166666666666 0.04722222222222222
1 0.33619791666666665 0.20185185185185187 0.04635416666666667 0.07037037037037037
1 0.3453125 0.1300925925925926 0.042708333333333334 0.04722222222222222
1 0.7981770833333334 0.2300925925925926 0.049479166666666664 0.06388888888888888