3 0.21901041666666668 0.8287037037037037 0.14427083333333332 0.27037037037037037
2 0.76875 0.11481481481481481 0.06770833333333333 0.12777777777777777
2 0.68515625 0.09537037037037037 0.05260416666666667 0.10185185185185185
1 0.9520833333333333 0.5143518518518518 0.09479166666666666 0.1361111111111111
1 0.8169270833333333 0.5550925925925926 0.10572916666666667 0.14907407407407408
1 0.1140625 0.4236111111111111 0.07708333333333334 0.12129629629629629
1 0.68359375 0.4412037037037037 0.09010416666666667 0.11388888888888889
1 0.44765625 0.3509259259259259 0.0796875 0.11851851851851852
1 0.8981770833333333 0.8870370370370371 0.15989583333333332 0.21851851851851853
1 0.3815104166666667 0.5171296296296296 0.09427083333333333 0.1287037037037037
1 0.203125 0.3296296296296296 0.057291666666666664 0.08703703703703704
1 0.9817708333333334 0.7694444444444445 0.035416666666666666 0.1814814814814815
1 0.2734375 0.9490740740740741 0.17291666666666666 0.1
1 0.5614583333333333 0.5013888888888889 0.09895833333333333 0.13055555555555556
1 0.5596354166666667 0.8597222222222223 0.20572916666666666 0.27685185185185185
1 0.63046875 0.39305555555555555 0.08072916666666667 0.1175925925925926
1 0.30494791666666665 0.31805555555555554 0.05572916666666667 0.075
1 0.6270833333333333 0.6013888888888889 0.13645833333333332 0.21388888888888888
1 0.6817708333333333 0.2101851851851852 0.046875 0.046296296296296294
1 0.521875 0.4388888888888889 0.090625 0.14074074074074075
1 0.36041666666666666 0.4671296296296296 0.09270833333333334 0.11944444444444445
1 0.41015625 0.2962962962962963 0.0546875 0.07777777777777778
1 0.4708333333333333 0.16944444444444445 0.040625 0.05925925925925926
1 0.5872395833333334 0.3578703703703704 0.0640625 0.09907407407407408
1 0.67578125 0.9699074074074074 0.15572916666666667 0.058333333333333334
1 0.51171875 0.19953703703703704 0.03802083333333333 0.05648148148148148
1 0.7375 0.2050925925925926 0.042708333333333334 0.06018518518518518
1 0.37604166666666666 0.25555555555555554 0.053125 0.07592592592592592
1 0.39739583333333334 0.1837962962962963 0.0375 0.05277777777777778
1 0.7895833333333333 0.2550925925925926 0.05 0.05462962962962963
1 0.8346354166666666 0.28194444444444444 0.05572916666666667 0.06388888888888888
1 0.465625 0.23657407407407408 0.051041666666666666 0.0712962962962963
1 0.29453125 0.2796296296296296 0.05364583333333333 0.07222222222222222
1 0.8721354166666667 0.21851851851851853 0.0515625 0.05740740740740741
1 0.96171875 0.2967592592592593 0.06197916666666667 0.075
1 0.7356770833333334 0.1736111111111111 0.0421875 0.05277777777777778
1 0.9065104166666667 0.31527777777777777 0.06927083333333334 0.06388888888888888
1 0.87109375 0.42824074074074076 0.09322916666666667 0.1287037037037037
1 0.5411458333333333 0.2986111111111111 0.06354166666666666 0.10092592592592593
1 0.20052083333333334 0.125 0.029166666666666667 0.044444444444444446
1 0.503125 0.26481481481481484 0.04791666666666667 0.07592592592592592
1 0.5489583333333333 0.21666666666666667 0.046875 0.07407407407407407
1 0.5177083333333333 0.10972222222222222 0.026041666666666668 0.03981481481481482
1 0.9244791666666666 0.20601851851851852 0.04895833333333333 0.05277777777777778
1 0.5877604166666667 0.1425925925925926 0.033854166666666664 0.04259259259259259
1 0.6604166666666667 0.1685185185185185 0.040625 0.06481481481481481
1 0.5020833333333333 0.12407407407407407 0.028125 0.03333333333333333
1 0.7736979166666667 0.2212962962962963 0.0515625 0.06296296296296296
1 0.9802083333333333 0.36944444444444446 0.03854166666666667 0.10185185185185185
1 0.3768229166666667 0.15555555555555556 0.034895833333333334 0.04814814814814815
1 0.4317708333333333 0.2023148148148148 0.04479166666666667 0.0712962962962963
1 0.9221354166666667 0.24027777777777778 0.0484375 0.06944444444444445
1 0.24140625 0.15648148148148147 0.043229166666666666 0.06666666666666667
1 0.5713541666666667 0.12916666666666668 0.023958333333333335 0.03981481481481482
1 0.44479166666666664 0.22824074074074074 0.034375 0.06388888888888888
1 0.17005208333333333 0.18425925925925926 0.0359375 0.05
1 0.33697916666666666 0.18981481481481483 0.0375 0.06481481481481481
1 0.9645833333333333 0.19537037037037036 0.0375 0.053703703703703705
1 0.7166666666666667 0.11481481481481481 0.025 0.05185185185185185
1 0.1703125 0.1388888888888889 0.03854166666666667 0.03333333333333333
1 0.8192708333333333 0.1486111111111111 0.040625 0.058333333333333334
1 0.8130208333333333 0.19074074074074074 0.041666666666666664 0.05
1 0.8794270833333333 0.2537037037037037 0.0515625 0.06851851851851852
1 0.6471354166666666 0.13564814814814816 0.034895833333333334 0.05462962962962963
1 0.45026041666666666 0.1476851851851852 0.03697916666666667 0.04351851851851852
1 0.17578125 0.25462962962962965 0.0453125 0.06666666666666667
1 0.44583333333333336 0.07777777777777778 0.025 0.03888888888888889
1 0.2877604166666667 0.1259259259259259 0.0265625 0.046296296296296294
1 0.8231770833333333 0.22175925925925927 0.04739583333333333 0.04537037037037037
1 0.61953125 0.12361111111111112 0.03177083333333333 0.05092592592592592
1 0.36380208333333336 0.22175925925925927 0.044270833333333336 0.0787037037037037
1 0.3541666666666667 0.13935185185185187 0.03229166666666667 0.03796296296296296
1 0.2752604166666667 0.26157407407407407 0.043229166666666666 0.06759259259259259
1 0.28072916666666664 0.11944444444444445 0.023958333333333335 0.04259259259259259
1 0.259375 0.18935185185185185 0.040625 0.05462962962962963
1 0.17473958333333334 0.22314814814814815 0.0484375 0.05
1 0.3046875 0.14675925925925926 0.036458333333333336 0.05462962962962963
1 0.5544270833333333 0.07824074074074074 0.022395833333333334 0.026851851851851852
1 0.2520833333333333 0.0763888888888889 0.020833333333333332 0.030555555555555555
1 0.5940104166666667 0.11435185185185186 0.024479166666666666 0.028703703703703703
1 0.44036458333333334 0.14166666666666666 0.03177083333333333 0.044444444444444446
1 0.31875 0.175 0.03229166666666667 0.06296296296296296
1 0.5825520833333333 0.0962962962962963 0.021354166666666667 0.02962962962962963
1 0.42994791666666665 0.13333333333333333 0.03177083333333333 0.05740740740740741
1 0.6502604166666667 0.09675925925925925 0.019270833333333334 0.026851851851851852
1 0.22578125 0.1125 0.028645833333333332 0.041666666666666664
1 0.33046875 0.07222222222222222 0.0234375 0.022222222222222223
1 0.19375 0.2875 0.05416666666666667 0.09722222222222222
1 0.2682291666666667 0.22777777777777777 0.046875 0.06666666666666667
1 0.6348958333333333 0.08981481481481482 0.019791666666666666 0.027777777777777776
1 0.5625 0.1125 0.027083333333333334 0.03425925925925926
1 0.4041666666666667 0.06620370370370371 0.015625 0.025
1 0.19088541666666667 0.07962962962962963 0.016145833333333335 0.024074074074074074
1 0.34375 0.11898148148148148 0.03854166666666667 0.041666666666666664
1 0.28020833333333334 0.07268518518518519 0.01875 0.025
1 0.34869791666666666 0.0787037037037037 0.021354166666666667 0.03333333333333333
1 0.15807291666666667 0.10787037037037037 0.0328125 0.049074074074074076
1 0.16666666666666666 0.15787037037037038 0.03229166666666667 0.041666666666666664
1 0.5481770833333334 0.14583333333333334 0.033854166666666664 0.03611111111111111
1 0.359375 0.08611111111111111 0.023958333333333335 0.03333333333333333
1 0.9794270833333333 0.9657407407407408 0.04010416666666667 0.06666666666666667
1 0.1671875 0.07685185185185185 0.029166666666666667 0.020370370370370372
1 0.9885416666666667 0.20833333333333334 0.021875 0.05740740740740741