3 0.9778645833333334 0.29398148148148145 0.043229166666666666 0.11018518518518519
2 0.9510416666666667 0.1935185185185185 0.09375 0.18888888888888888
1 0.23802083333333332 0.8398148148148148 0.1625 0.21481481481481482
1 0.7669270833333334 0.7944444444444444 0.14322916666666666 0.19444444444444445
1 0.6122395833333333 0.9310185185185185 0.1859375 0.1361111111111111
1 0.4231770833333333 0.6509259259259259 0.12135416666666667 0.16111111111111112
1 0.9713541666666666 0.7189814814814814 0.05625 0.18055555555555555
1 0.6486979166666667 0.4212962962962963 0.08385416666666666 0.10925925925925926
1 0.9203125 0.9078703703703703 0.15833333333333333 0.1824074074074074
1 0.14322916666666666 0.38472222222222224 0.06666666666666667 0.09166666666666666
1 0.5609375 0.3287037037037037 0.065625 0.09074074074074075
1 0.5046875 0.2875 0.059375 0.07685185185185185
1 0.40078125 0.5152777777777777 0.0953125 0.13055555555555556
1 0.20442708333333334 0.625 0.11510416666666666 0.15185185185185185
1 0.34791666666666665 0.42962962962962964 0.07708333333333334 0.1111111111111111
1 0.4869791666666667 0.4060185185185185 0.07604166666666666 0.10462962962962963
1 0.4002604166666667 0.12129629629629629 0.021354166666666667 0.03888888888888889
1 0.80859375 0.5393518518518519 0.11510416666666666 0.18425925925925926
1 0.7322916666666667 0.3486111111111111 0.07291666666666667 0.11018518518518519
1 0.48333333333333334 0.175 0.03854166666666667 0.053703703703703705
1 0.1890625 0.3282407407407407 0.058333333333333334 0.0824074074074074
1 0.4552083333333333 0.36157407407407405 0.06666666666666667 0.09351851851851851
1 0.825 0.20324074074074075 0.046875 0.06018518518518518
1 0.9184895833333333 0.46435185185185185 0.10364583333333334 0.1527777777777778
1 0.3885416666666667 0.274537037037037 0.04375 0.06944444444444445
1 0.42239583333333336 0.2962962962962963 0.058333333333333334 0.09814814814814815
1 0.42526041666666664 0.13333333333333333 0.03802083333333333 0.05925925925925926
1 0.82578125 0.24444444444444444 0.050520833333333334 0.06666666666666667
1 0.54453125 0.45925925925925926 0.08802083333333334 0.1388888888888889
1 0.5791666666666667 0.1625 0.036458333333333336 0.03425925925925926
1 0.4427083333333333 0.21944444444444444 0.035416666666666666 0.05555555555555555
1 0.32135416666666666 0.18333333333333332 0.041666666666666664 0.05740740740740741
1 0.3028645833333333 0.3125 0.07135416666666666 0.1175925925925926
1 0.6765625 0.1814814814814815 0.03958333333333333 0.06111111111111111
1 0.8369791666666667 0.39675925925925926 0.090625 0.11944444444444445
1 0.89375 0.17222222222222222 0.03229166666666667 0.06296296296296296
1 0.36614583333333334 0.1486111111111111 0.03333333333333333 0.05092592592592592
1 0.7408854166666666 0.14583333333333334 0.025520833333333333 0.041666666666666664
1 0.3841145833333333 0.175 0.0328125 0.046296296296296294
1 0.4036458333333333 0.18564814814814815 0.0375 0.05462962962962963
1 0.7903645833333334 0.12175925925925926 0.0390625 0.030555555555555555
1 0.38229166666666664 0.10277777777777777 0.023958333333333335 0.03518518518518519
1 0.7268229166666667 0.2050925925925926 0.044270833333333336 0.06018518518518518
1 0.56484375 0.12638888888888888 0.028645833333333332 0.03796296296296296
1 0.7015625 0.6532407407407408 0.12916666666666668 0.2101851851851852
1 0.5770833333333333 0.11296296296296296 0.03125 0.040740740740740744
1 0.6825520833333333 0.1287037037037037 0.030729166666666665 0.04259259259259259
1 0.15677083333333333 0.09583333333333334 0.026041666666666668 0.04351851851851852
1 0.27239583333333334 0.16018518518518518 0.034375 0.06296296296296296
1 0.5080729166666667 0.12546296296296297 0.0265625 0.030555555555555555
1 0.68671875 0.14305555555555555 0.0328125 0.030555555555555555
1 0.7127604166666667 0.1625 0.03697916666666667 0.06018518518518518
1 0.48072916666666665 0.24259259259259258 0.058333333333333334 0.08518518518518518
1 0.16302083333333334 0.2574074074074074 0.042708333333333334 0.06481481481481481
1 0.6341145833333334 0.15833333333333333 0.0453125 0.06666666666666667
1 0.37473958333333335 0.24074074074074073 0.050520833333333334 0.07962962962962963
1 0.42994791666666665 0.20416666666666666 0.0390625 0.06574074074074074
1 0.24036458333333333 0.1638888888888889 0.03177083333333333 0.05
1 0.8119791666666667 0.16435185185185186 0.042708333333333334 0.062037037037037036
1 0.7057291666666666 0.3138888888888889 0.07083333333333333 0.11851851851851852
1 0.6044270833333333 0.14722222222222223 0.0265625 0.044444444444444446
1 0.26666666666666666 0.10694444444444444 0.027083333333333334 0.03796296296296296
1 0.4630208333333333 0.15648148148148147 0.034375 0.05185185185185185
1 0.17473958333333334 0.11435185185185186 0.0296875 0.032407407407407406
1 0.6361979166666667 0.10787037037037037 0.025520833333333333 0.032407407407407406
1 0.2890625 0.12962962962962962 0.034375 0.06111111111111111
1 0.4901041666666667 0.07962962962962963 0.025 0.037037037037037035
1 0.52734375 0.1337962962962963 0.0171875 0.030555555555555555
1 0.521875 0.08611111111111111 0.021875 0.022222222222222223
1 0.1703125 0.08472222222222223 0.023958333333333335 0.030555555555555555
1 0.3296875 0.06898148148148148 0.015625 0.019444444444444445
1 0.49296875 0.11481481481481481 0.022395833333333334 0.025925925925925925
1 0.4109375 0.06944444444444445 0.020833333333333332 0.025925925925925925
1 0.59921875 0.10092592592592593 0.025520833333333333 0.03333333333333333
1 0.4484375 0.09583333333333334 0.023958333333333335 0.026851851851851852
1 0.17838541666666666 0.22037037037037038 0.044270833333333336 0.040740740740740744
1 0.26536458333333335 0.2439814814814815 0.03697916666666667 0.06759259259259259
1 0.3541666666666667 0.21898148148148147 0.03854166666666667 0.07314814814814814
1 0.5015625 0.09490740740740741 0.021875 0.021296296296296296
1 0.6169270833333333 0.11666666666666667 0.025520833333333333 0.020370370370370372
1 0.6598958333333333 0.10601851851851851 0.020833333333333332 0.03425925925925926
1 0.43828125 0.07916666666666666 0.022395833333333334 0.030555555555555555
1 0.30182291666666666 0.2601851851851852 0.06510416666666667 0.07407407407407407
1 0.2565104166666667 0.2037037037037037 0.04114583333333333 0.07222222222222222
1 0.20625 0.16666666666666666 0.04375 0.06851851851851852
1 0.6223958333333334 0.08888888888888889 0.023958333333333335 0.03333333333333333
1 0.26979166666666665 0.20833333333333334 0.04479166666666667 0.05555555555555555
1 0.46796875 0.08564814814814815 0.022395833333333334 0.03611111111111111
1 0.21822916666666667 0.0875 0.03333333333333333 0.04537037037037037
1 0.34661458333333334 0.12777777777777777 0.03177083333333333 0.05185185185185185
1 0.17265625 0.16111111111111112 0.0328125 0.05185185185185185
1 0.6729166666666667 0.11018518518518519 0.027083333333333334 0.03518518518518519
1 0.1796875 0.28703703703703703 0.04895833333333333 0.09259259259259259
1 0.7700520833333333 0.18564814814814815 0.043229166666666666 0.06018518518518518
1 0.5536458333333333 0.1412037037037037 0.026041666666666668 0.03981481481481482