2 0.8838541666666667 0.15555555555555556 0.08541666666666667 0.14629629629629629
2 0.8088541666666667 0.09768518518518518 0.0625 0.09351851851851851
1 0.7822916666666667 0.775 0.14895833333333333 0.1962962962962963
1 0.9065104166666667 0.6546296296296297 0.12864583333333332 0.16296296296296298
1 0.2015625 0.487962962962963 0.08020833333333334 0.1111111111111111
1 0.61875 0.5930555555555556 0.10416666666666667 0.14537037037037037
1 0.6861979166666666 0.4212962962962963 0.09635416666666667 0.1574074074074074
1 0.9434895833333333 0.9356481481481481 0.11197916666666667 0.12685185185185185
1 0.8356770833333333 0.28425925925925927 0.059895833333333336 0.06851851851851852
1 0.5276041666666667 0.30277777777777776 0.059375 0.07962962962962963
1 0.9609375 0.5291666666666667 0.07708333333333334 0.13240740740740742
1 0.4549479166666667 0.35324074074074074 0.06510416666666667 0.09351851851851851
1 0.39765625 0.5546296296296296 0.10260416666666666 0.16111111111111112
1 0.7234375 0.23472222222222222 0.05416666666666667 0.04722222222222222
1 0.4783854166666667 0.25462962962962965 0.04739583333333333 0.07037037037037037
1 0.5783854166666667 0.5226851851851851 0.09114583333333333 0.12129629629629629
1 0.43125 0.31851851851851853 0.052083333333333336 0.08518518518518518
1 0.86875 0.25277777777777777 0.05520833333333333 0.06851851851851852
1 0.33359375 0.362962962962963 0.06927083333333334 0.09259259259259259
1 0.5322916666666667 0.21388888888888888 0.04479166666666667 0.07222222222222222
1 0.19270833333333334 0.4375 0.078125 0.09907407407407408
1 0.4513020833333333 0.2273148148148148 0.049479166666666664 0.062037037037037036
1 0.2703125 0.25833333333333336 0.051041666666666666 0.06666666666666667
1 0.36875 0.5069444444444444 0.08020833333333334 0.12685185185185185
1 0.6580729166666667 0.17777777777777778 0.0390625 0.053703703703703705
1 0.31588541666666664 0.32175925925925924 0.07447916666666667 0.11574074074074074
1 0.9734375 0.30787037037037035 0.052083333333333336 0.10462962962962963
1 0.54921875 0.3337962962962963 0.034895833333333334 0.08425925925925926
1 0.5669270833333333 0.23657407407407408 0.04739583333333333 0.06574074074074074
1 0.5919270833333333 0.14537037037037037 0.034895833333333334 0.05
1 0.6440104166666667 0.16527777777777777 0.0359375 0.05462962962962963
1 0.25625 0.1912037037037037 0.035416666666666666 0.05092592592592592
1 0.17864583333333334 0.3726851851851852 0.0625 0.10648148148148148
1 0.18463541666666666 0.1935185185185185 0.0390625 0.05185185185185185
1 0.18776041666666668 0.23472222222222222 0.043229166666666666 0.06944444444444445
1 0.5192708333333333 0.1125 0.03229166666666667 0.05092592592592592
1 0.3684895833333333 0.2587962962962963 0.030729166666666665 0.06944444444444445
1 0.37447916666666664 0.15046296296296297 0.034375 0.049074074074074076
1 0.4041666666666667 0.26851851851851855 0.059375 0.10185185185185185
1 0.38177083333333334 0.10462962962962963 0.03229166666666667 0.04259259259259259
1 0.9182291666666667 0.2351851851851852 0.052083333333333336 0.08333333333333333
1 0.4359375 0.0763888888888889 0.022916666666666665 0.03425925925925926
1 0.4005208333333333 0.16944444444444445 0.0375 0.05555555555555555
1 0.7908854166666667 0.21712962962962962 0.06927083333333334 0.08425925925925926
1 0.4796875 0.09212962962962963 0.023958333333333335 0.03981481481481482
1 0.5583333333333333 0.13287037037037036 0.029166666666666667 0.03796296296296296
1 0.6049479166666667 0.33935185185185185 0.0828125 0.1361111111111111
1 0.97890625 0.1787037037037037 0.04114583333333333 0.02962962962962963
1 0.37890625 0.16620370370370371 0.025520833333333333 0.05092592592592592
1 0.30364583333333334 0.1476851851851852 0.03125 0.05277777777777778
1 0.2171875 0.11481481481481481 0.030208333333333334 0.05
1 0.7244791666666667 0.14583333333333334 0.019791666666666666 0.04351851851851852
1 0.16822916666666668 0.0824074074074074 0.029166666666666667 0.027777777777777776
1 0.35052083333333334 0.1300925925925926 0.03333333333333333 0.04537037037037037
1 0.2578125 0.09259259259259259 0.021875 0.03518518518518519
1 0.49114583333333334 0.1 0.023958333333333335 0.03888888888888889
1 0.6229166666666667 0.1527777777777778 0.034375 0.06111111111111111
1 0.190625 0.3212962962962963 0.05625 0.1037037037037037
1 0.6263020833333334 0.10324074074074074 0.0234375 0.021296296296296296
1 0.2328125 0.1300925925925926 0.03229166666666667 0.03981481481481482
1 0.43072916666666666 0.1962962962962963 0.034375 0.03518518518518519
1 0.7755208333333333 0.16111111111111112 0.035416666666666666 0.06111111111111111
1 0.6098958333333333 0.08611111111111111 0.03125 0.027777777777777776
1 0.17604166666666668 0.18333333333333332 0.03333333333333333 0.05
1 0.9572916666666667 0.16527777777777777 0.03958333333333333 0.028703703703703703
1 0.9796875 0.20925925925925926 0.03958333333333333 0.05185185185185185
1 0.3611979166666667 0.0875 0.0234375 0.03981481481481482
1 0.32005208333333335 0.10694444444444444 0.0328125 0.032407407407407406
1 0.9364583333333333 0.21851851851851853 0.052083333333333336 0.08518518518518518
1 0.2869791666666667 0.12731481481481483 0.030208333333333334 0.04722222222222222
1 0.4041666666666667 0.19953703703703704 0.03958333333333333 0.03425925925925926
1 0.46119791666666665 0.08425925925925926 0.0203125 0.03518518518518519
1 0.31692708333333336 0.16203703703703703 0.043229166666666666 0.046296296296296294
1 0.16979166666666667 0.16527777777777777 0.042708333333333334 0.04722222222222222
1 0.27109375 0.10462962962962963 0.0296875 0.040740740740740744
1 0.6513020833333333 0.125 0.030729166666666665 0.03888888888888889
1 0.4114583333333333 0.06898148148148148 0.01875 0.026851851851851852
1 0.809375 0.19027777777777777 0.022916666666666665 0.030555555555555555
1 0.16875 0.1287037037037037 0.035416666666666666 0.037037037037037035
1 0.3625 0.2324074074074074 0.058333333333333334 0.06666666666666667
1 0.41302083333333334 0.13240740740740742 0.04375 0.05185185185185185
1 0.67109375 0.1087962962962963 0.025520833333333333 0.023148148148148147
1 0.24166666666666667 0.1550925925925926 0.036458333333333336 0.04722222222222222
1 0.2484375 0.17175925925925925 0.042708333333333334 0.04722222222222222
1 0.8052083333333333 0.2324074074074074 0.04375 0.06481481481481481
1 0.33619791666666665 0.20277777777777778 0.04635416666666667 0.07037037037037037