2 0.60859375 0.08564814814814815 0.09427083333333333 0.0824074074074074
1 0.4361979166666667 0.6574074074074074 0.11614583333333334 0.14814814814814814
1 0.24427083333333333 0.7416666666666667 0.13541666666666666 0.18703703703703703
1 0.4979166666666667 0.2810185185185185 0.058333333333333334 0.07314814814814814
1 0.8307291666666666 0.8861111111111111 0.2 0.22592592592592592
1 0.6380208333333334 0.5856481481481481 0.10729166666666666 0.14907407407407408
1 0.5359375 0.4583333333333333 0.08645833333333333 0.12777777777777777
1 0.38359375 0.5231481481481481 0.09322916666666667 0.12962962962962962
1 0.3302083333333333 0.37407407407407406 0.07083333333333333 0.09259259259259259
1 0.4875 0.41712962962962963 0.065625 0.10277777777777777
1 0.6666666666666666 0.41944444444444445 0.08854166666666667 0.11666666666666667
1 0.19947916666666668 0.42916666666666664 0.08333333333333333 0.11388888888888889
1 0.9799479166666667 0.3143518518518518 0.0390625 0.08611111111111111
1 0.6333333333333333 0.38796296296296295 0.06666666666666667 0.10555555555555556
1 0.45 0.23194444444444445 0.04791666666666667 0.06388888888888888
1 0.5638020833333334 0.3226851851851852 0.0703125 0.10648148148148148
1 0.1203125 0.39305555555555555 0.071875 0.11574074074074074
1 0.38645833333333335 0.275 0.04375 0.07222222222222222
1 0.9140625 0.6342592592592593 0.13125 0.2074074074074074
1 0.75 0.4828703703703704 0.09166666666666666 0.1361111111111111
1 0.2872395833333333 0.28564814814814815 0.050520833333333334 0.0787037037037037
1 0.6388020833333333 0.2791666666666667 0.059895833333333336 0.09722222222222222
1 0.3611979166666667 0.47129629629629627 0.08072916666666667 0.12222222222222222
1 0.42083333333333334 0.20879629629629629 0.04375 0.06018518518518518
1 0.73515625 0.23981481481481481 0.05364583333333333 0.04814814814814815
1 0.5111979166666667 0.12824074074074074 0.028645833333333332 0.03611111111111111
1 0.5513020833333333 0.22777777777777777 0.04635416666666667 0.07222222222222222
1 0.31588541666666664 0.3212962962962963 0.0578125 0.08333333333333333
1 0.72421875 0.35185185185185186 0.07239583333333334 0.0962962962962963
1 0.596875 0.25046296296296294 0.05416666666666667 0.0824074074074074
1 0.4231770833333333 0.29583333333333334 0.0578125 0.09351851851851851
1 0.7375 0.17731481481481481 0.040625 0.05462962962962963
1 0.171875 0.2708333333333333 0.046875 0.06574074074074074
1 0.41328125 0.12824074074074074 0.030729166666666665 0.041666666666666664
1 0.8296875 0.40555555555555556 0.08541666666666667 0.13148148148148148
1 0.9729166666666667 0.2625 0.053125 0.07685185185185185
1 0.9033854166666667 0.27175925925925926 0.058854166666666666 0.08611111111111111
1 0.6088541666666667 0.1763888888888889 0.036458333333333336 0.03796296296296296
1 0.5356770833333333 0.2101851851851852 0.049479166666666664 0.07962962962962963
1 0.38333333333333336 0.16435185185185186 0.03229166666666667 0.04351851851851852
1 0.37473958333333335 0.10092592592592593 0.030729166666666665 0.04814814814814815
1 0.6802083333333333 0.20601851851851852 0.051041666666666666 0.06018518518518518
1 0.6830729166666667 0.17314814814814813 0.0359375 0.03333333333333333
1 0.18645833333333334 0.3472222222222222 0.06666666666666667 0.06111111111111111
1 0.46588541666666666 0.36574074074074076 0.07760416666666667 0.11296296296296296
1 0.33125 0.20324074074074075 0.034375 0.05462962962962963
1 0.37526041666666665 0.25046296296296294 0.044270833333333336 0.06759259259259259
1 0.16822916666666668 0.2125 0.03958333333333333 0.0712962962962963
1 0.909375 0.20555555555555555 0.040625 0.04814814814814815
1 0.3572916666666667 0.21666666666666667 0.042708333333333334 0.07407407407407407
1 0.18151041666666667 0.23981481481481481 0.043229166666666666 0.06296296296296296
1 0.4869791666666667 0.09953703703703703 0.026041666666666668 0.032407407407407406
1 0.7682291666666666 0.1361111111111111 0.025 0.03518518518518519
1 0.94609375 0.21898148148148147 0.05260416666666667 0.062037037037037036
1 0.6471354166666666 0.1884259259259259 0.034895833333333334 0.041666666666666664
1 0.33307291666666666 0.1699074074074074 0.0390625 0.041666666666666664
1 0.5848958333333333 0.1625 0.03125 0.03425925925925926
1 0.29791666666666666 0.13935185185185187 0.03125 0.03796296296296296
1 0.33541666666666664 0.11666666666666667 0.027083333333333334 0.04259259259259259
1 0.6703125 0.1425925925925926 0.040625 0.03888888888888889
1 0.22083333333333333 0.11203703703703703 0.03229166666666667 0.044444444444444446
1 0.6177083333333333 0.12361111111111112 0.030208333333333334 0.04351851851851852
1 0.2638020833333333 0.22777777777777777 0.05572916666666667 0.08888888888888889
1 0.6885416666666667 0.13240740740740742 0.030208333333333334 0.044444444444444446
1 0.5611979166666666 0.15185185185185185 0.03177083333333333 0.03148148148148148
1 0.8809895833333333 0.19583333333333333 0.0328125 0.05462962962962963
1 0.35390625 0.13703703703703704 0.028645833333333332 0.03888888888888889
1 0.86328125 0.21805555555555556 0.0265625 0.06574074074074074
1 0.16953125 0.13703703703703704 0.04010416666666667 0.05925925925925926
1 0.5747395833333333 0.12546296296296297 0.028645833333333332 0.028703703703703703
1 0.5546875 0.08425925925925926 0.019791666666666666 0.04814814814814815
1 0.5877604166666667 0.1 0.027604166666666666 0.040740740740740744
1 0.5114583333333333 0.08472222222222223 0.022916666666666665 0.04351851851851852
1 0.6145833333333334 0.14814814814814814 0.03229166666666667 0.046296296296296294
1 0.18151041666666667 0.18888888888888888 0.03697916666666667 0.04259259259259259
1 0.6919270833333333 0.10787037037037037 0.028645833333333332 0.04537037037037037
1 0.5341145833333333 0.06388888888888888 0.021354166666666667 0.025925925925925925
1 0.40598958333333335 0.11712962962962963 0.027604166666666666 0.04537037037037037
1 0.79375 0.17314814814814813 0.013541666666666667 0.03148148148148148
1 0.35572916666666665 0.09537037037037037 0.013541666666666667 0.03148148148148148
1 0.33645833333333336 0.1310185185185185 0.021875 0.03425925925925926
1 0.346875 0.08148148148148149 0.019791666666666666 0.03148148148148148
1 0.6463541666666667 0.1685185185185185 0.036458333333333336 0.046296296296296294
1 0.31328125 0.16342592592592592 0.028645833333333332 0.06018518518518518
1 0.74296875 0.1310185185185185 0.0265625 0.03796296296296296
1 0.23229166666666667 0.13148148148148148 0.027083333333333334 0.03888888888888889
1 0.28098958333333335 0.1162037037037037 0.034895833333333334 0.03425925925925926
1 0.9596354166666666 0.1712962962962963 0.0546875 0.046296296296296294
1 0.4484375 0.08796296296296297 0.025 0.040740740740740744
1 0.265625 0.10138888888888889 0.027083333333333334 0.041666666666666664
1 0.31223958333333335 0.09861111111111111 0.0265625 0.03611111111111111
1 0.8328125 0.23287037037037037 0.0625 0.09722222222222222
1 0.7747395833333334 0.22268518518518518 0.06614583333333333 0.0787037037037037
1 0.75234375 0.1537037037037037 0.0359375 0.05185185185185185
1 0.24505208333333334 0.16018518518518518 0.0390625 0.053703703703703705
1 0.4119791666666667 0.18194444444444444 0.041666666666666664 0.06574074074074074
1 0.3768229166666667 0.1398148148148148 0.0296875 0.024074074074074074
1 0.26197916666666665 0.19398148148148148 0.06041666666666667 0.06018518518518518
1 0.9885416666666667 0.2125 0.021875 0.03425925925925926