1 0.540625 0.850462962962963 0.14895833333333333 0.19537037037037036
1 0.20494791666666667 0.5064814814814815 0.10260416666666666 0.13518518518518519
1 0.43385416666666665 0.6486111111111111 0.115625 0.15648148148148147
1 0.30234375 0.9449074074074074 0.1828125 0.10833333333333334
1 0.3489583333333333 0.43425925925925923 0.08541666666666667 0.10925925925925926
1 0.6041666666666666 0.549537037037037 0.10208333333333333 0.14907407407407408
1 0.41354166666666664 0.5666666666666667 0.11041666666666666 0.1425925925925926
1 0.7541666666666667 0.49722222222222223 0.10625 0.1388888888888889
1 0.18723958333333332 0.4199074074074074 0.0796875 0.10277777777777777
1 0.8169270833333333 0.4148148148148148 0.08489583333333334 0.11296296296296296
1 0.5450520833333333 0.4930555555555556 0.0890625 0.12129629629629629
1 0.7111979166666667 0.46111111111111114 0.0796875 0.11666666666666667
1 0.028645833333333332 0.462037037037037 0.057291666666666664 0.12962962962962962
1 0.5364583333333334 0.31527777777777777 0.06458333333333334 0.0824074074074074
1 0.30859375 0.32083333333333336 0.0578125 0.08425925925925926
1 0.41119791666666666 0.3087962962962963 0.0484375 0.08055555555555556
1 0.39765625 0.27824074074074073 0.049479166666666664 0.075
1 0.8434895833333333 0.5884259259259259 0.11197916666666667 0.16574074074074074
1 0.8872395833333333 0.2708333333333333 0.0609375 0.07685185185185185
1 0.44375 0.22962962962962963 0.046875 0.06481481481481481
1 0.62265625 0.36898148148148147 0.0796875 0.12314814814814815
1 0.48020833333333335 0.25555555555555554 0.052083333333333336 0.07037037037037037
1 0.5934895833333333 0.2569444444444444 0.05260416666666667 0.08055555555555556
1 0.76875 0.7546296296296297 0.13854166666666667 0.18888888888888888
1 0.43072916666666666 0.1398148148148148 0.03229166666666667 0.046296296296296294
1 0.6763020833333333 0.20879629629629629 0.044270833333333336 0.03981481481481482
1 0.70234375 0.3212962962962963 0.0703125 0.10925925925925926
1 0.453125 0.3337962962962963 0.065625 0.10462962962962963
1 0.3372395833333333 0.36527777777777776 0.06510416666666667 0.08796296296296297
1 0.8145833333333333 0.23657407407407408 0.05 0.075
1 0.7322916666666667 0.12546296296296297 0.023958333333333335 0.03611111111111111
1 0.9549479166666667 0.5 0.0890625 0.15925925925925927
1 0.38671875 0.1087962962962963 0.03177083333333333 0.05092592592592592
1 0.4005208333333333 0.17824074074074073 0.03229166666666667 0.04722222222222222
1 0.27734375 0.25 0.058854166666666666 0.0962962962962963
1 0.62890625 0.17916666666666667 0.043229166666666666 0.049074074074074076
1 0.36770833333333336 0.10277777777777777 0.014583333333333334 0.03518518518518519
1 0.9622395833333334 0.2 0.05364583333333333 0.07222222222222222
1 0.3020833333333333 0.15324074074074073 0.03229166666666667 0.041666666666666664
1 0.6018229166666667 0.1685185185185185 0.028645833333333332 0.03888888888888889
1 0.6908854166666667 0.15925925925925927 0.0359375 0.04814814814814815
1 0.48854166666666665 0.11481481481481481 0.027083333333333334 0.03333333333333333
1 0.5765625 0.23657407407407408 0.05416666666666667 0.08981481481481482
1 0.22734375 0.12268518518518519 0.030729166666666665 0.03796296296296296
1 0.43020833333333336 0.19814814814814816 0.04479166666666667 0.07037037037037037
1 0.6575520833333334 0.12268518518518519 0.028645833333333332 0.03981481481481482
1 0.7450520833333333 0.15416666666666667 0.0328125 0.028703703703703703
1 0.23645833333333333 0.1412037037037037 0.029166666666666667 0.03981481481481482
1 0.3729166666666667 0.23796296296296296 0.04791666666666667 0.08148148148148149
1 0.5135416666666667 0.4236111111111111 0.08645833333333333 0.13796296296296295
1 0.34270833333333334 0.22175925925925927 0.0375 0.06018518518518518
1 0.34322916666666664 0.18981481481481483 0.040625 0.05185185185185185
1 0.38723958333333336 0.1675925925925926 0.0328125 0.05740740740740741
1 0.6380208333333334 0.16342592592592592 0.03333333333333333 0.05277777777777778
1 0.71015625 0.13796296296296295 0.03177083333333333 0.046296296296296294
1 0.3651041666666667 0.15046296296296297 0.03125 0.041666666666666664
1 0.5723958333333333 0.15601851851851853 0.03229166666666667 0.03425925925925926
1 0.16171875 0.08472222222222223 0.024479166666666666 0.030555555555555555
1 0.8260416666666667 0.18333333333333332 0.03333333333333333 0.05925925925925926
1 0.6697916666666667 0.10462962962962963 0.026041666666666668 0.044444444444444446
1 0.2630208333333333 0.09351851851851851 0.027083333333333334 0.037037037037037035
1 0.8921875 0.23055555555555557 0.05520833333333333 0.06666666666666667
1 0.18307291666666667 0.25833333333333336 0.050520833333333334 0.05740740740740741
1 0.56640625 0.10138888888888889 0.021354166666666667 0.025
1 0.2752604166666667 0.10648148148148148 0.0328125 0.04259259259259259
1 0.42213541666666665 0.11666666666666667 0.027604166666666666 0.025925925925925925
1 0.5921875 0.10740740740740741 0.026041666666666668 0.02962962962962963
1 0.8533854166666667 0.19212962962962962 0.03177083333333333 0.05092592592592592
1 0.2864583333333333 0.12453703703703704 0.036458333333333336 0.03425925925925926
1 0.6390625 0.13425925925925927 0.03229166666666667 0.03888888888888889
1 0.32526041666666666 0.10601851851851851 0.030729166666666665 0.041666666666666664
1 0.18385416666666668 0.08009259259259259 0.021875 0.025
1 0.8763020833333334 0.21064814814814814 0.050520833333333334 0.07314814814814814
1 0.34479166666666666 0.12638888888888888 0.029166666666666667 0.04537037037037037
1 0.6286458333333333 0.12407407407407407 0.026041666666666668 0.02962962962962963
1 0.6559895833333333 0.2851851851851852 0.0609375 0.09074074074074075
1 0.46901041666666665 0.09074074074074075 0.0234375 0.03148148148148148
1 0.5072916666666667 0.10555555555555556 0.026041666666666668 0.04259259259259259
1 0.60625 0.14074074074074075 0.03229166666666667 0.02962962962962963
1 0.2559895833333333 0.17407407407407408 0.04114583333333333 0.05
1 0.7182291666666667 0.1962962962962963 0.0375 0.06851851851851852
1 0.34817708333333336 0.14212962962962963 0.0265625 0.03796296296296296
1 0.35885416666666664 0.08796296296296297 0.022916666666666665 0.03333333333333333
1 0.89765625 0.16944444444444445 0.049479166666666664 0.07222222222222222
1 0.5515625 0.11296296296296296 0.015625 0.024074074074074074
1 0.64296875 0.09305555555555556 0.028645833333333332 0.03611111111111111
1 0.5481770833333334 0.08564814814814815 0.0234375 0.023148148148148147
1 0.22135416666666666 0.10648148148148148 0.03229166666666667 0.03333333333333333
1 0.26875 0.2125 0.05520833333333333 0.06759259259259259
1 0.6973958333333333 0.19027777777777777 0.022916666666666665 0.05462962962962963
1 0.7986979166666667 0.19490740740740742 0.025520833333333333 0.05648148148148148
1 0.5846354166666666 0.1310185185185185 0.0296875 0.03981481481481482
1 0.43463541666666666 0.08009259259259259 0.0203125 0.03611111111111111
1 0.1828125 0.2972222222222222 0.05416666666666667 0.07777777777777778
1 0.5567708333333333 0.14305555555555555 0.026041666666666668 0.03611111111111111
1 0.32447916666666665 0.1824074074074074 0.03125 0.06296296296296296
1 0.52734375 0.13564814814814816 0.021354166666666667 0.026851851851851852
1 0.17421875 0.1388888888888889 0.0390625 0.05
1 0.421875 0.12916666666666668 0.029166666666666667 0.05092592592592592
1 0.7130208333333333 0.10972222222222222 0.020833333333333332 0.01574074074074074
1 0.17213541666666668 0.23425925925925925 0.0421875 0.08148148148148149
1 0.7510416666666667 0.2050925925925926 0.04375 0.0824074074074074
1 0.4947916666666667 0.07777777777777778 0.020833333333333332 0.03333333333333333
1 0.17578125 0.19675925925925927 0.049479166666666664 0.06759259259259259
1 0.9940104166666667 0.27824074074074073 0.0109375 0.06574074074074074