3 0.22161458333333334 0.8449074074074074 0.1484375 0.275
2 0.76484375 0.11435185185185186 0.0640625 0.12685185185185185
2 0.68359375 0.09444444444444444 0.05364583333333333 0.10185185185185185
1 0.9580729166666667 0.5226851851851851 0.0828125 0.13796296296296295
1 0.8276041666666667 0.5652777777777778 0.10729166666666666 0.15092592592592594
1 0.9182291666666667 0.8962962962962963 0.1625 0.20555555555555555
1 0.10755208333333334 0.42824074074074076 0.07864583333333333 0.12129629629629629
1 0.6911458333333333 0.4486111111111111 0.090625 0.11574074074074074
1 0.20442708333333334 0.33287037037037037 0.0578125 0.08796296296296297
1 0.5671875 0.5083333333333333 0.1 0.13333333333333333
1 0.5731770833333333 0.8689814814814815 0.21302083333333333 0.2601851851851852
1 0.45026041666666666 0.35462962962962963 0.08072916666666667 0.12037037037037036
1 0.3067708333333333 0.32037037037037036 0.05520833333333333 0.07592592592592592
1 0.36354166666666665 0.4740740740740741 0.09583333333333334 0.12222222222222222
1 0.38958333333333334 0.524537037037037 0.1 0.13240740740740742
1 0.5927083333333333 0.3625 0.065625 0.10092592592592593
1 0.41171875 0.29907407407407405 0.05572916666666667 0.07962962962962963
1 0.6348958333333333 0.6125 0.13854166666666667 0.2175925925925926
1 0.5265625 0.44351851851851853 0.09166666666666666 0.15185185185185185
1 0.46875 0.2388888888888889 0.053125 0.07037037037037037
1 0.6776041666666667 0.20925925925925926 0.046875 0.04814814814814815
1 0.9864583333333333 0.20694444444444443 0.026041666666666668 0.058333333333333334
1 0.47369791666666666 0.17083333333333334 0.04114583333333333 0.06018518518518518
1 0.6356770833333333 0.4 0.08072916666666667 0.11666666666666667
1 0.5520833333333334 0.21944444444444444 0.046875 0.07407407407407407
1 0.5140625 0.2013888888888889 0.03958333333333333 0.058333333333333334
1 0.37838541666666664 0.2587962962962963 0.05364583333333333 0.075
1 0.88046875 0.4351851851851852 0.09427083333333333 0.12962962962962962
1 0.50546875 0.26666666666666666 0.04739583333333333 0.07777777777777778
1 0.78515625 0.25416666666666665 0.04635416666666667 0.05462962962962963
1 0.9005208333333333 0.31203703703703706 0.06458333333333334 0.06666666666666667
1 0.5458333333333333 0.30092592592592593 0.06458333333333334 0.1037037037037037
1 0.7341145833333333 0.20324074074074075 0.04114583333333333 0.062037037037037036
1 0.7328125 0.17222222222222222 0.04375 0.05185185185185185
1 0.27760416666666665 0.9606481481481481 0.14791666666666667 0.07685185185185185
1 0.39947916666666666 0.1837962962962963 0.03854166666666667 0.049074074074074076
1 0.8677083333333333 0.21574074074074073 0.04895833333333333 0.053703703703703705
1 0.2947916666666667 0.2828703703703704 0.051041666666666666 0.07314814814814814
1 0.20026041666666666 0.1259259259259259 0.027604166666666666 0.044444444444444446
1 0.9533854166666667 0.29398148148148145 0.059895833333333336 0.0712962962962963
1 0.96015625 0.19490740740740742 0.03697916666666667 0.05462962962962963
1 0.9752604166666666 0.3638888888888889 0.0484375 0.10185185185185185
1 0.37786458333333334 0.15648148148148147 0.034895833333333334 0.04814814814814815
1 0.8286458333333333 0.2800925925925926 0.05520833333333333 0.06574074074074074
1 0.915625 0.23657407407407408 0.04895833333333333 0.062037037037037036
1 0.4440104166666667 0.2300925925925926 0.028645833333333332 0.062037037037037036
1 0.51640625 0.1087962962962963 0.025520833333333333 0.03796296296296296
1 0.58515625 0.1412037037037037 0.033854166666666664 0.041666666666666664
1 0.87265625 0.2523148148148148 0.050520833333333334 0.06759259259259259
1 0.2559895833333333 0.19166666666666668 0.0328125 0.053703703703703705
1 0.8169270833333333 0.1476851851851852 0.04010416666666667 0.058333333333333334
1 0.43411458333333336 0.20462962962962963 0.0421875 0.07037037037037037
1 0.27630208333333334 0.2638888888888889 0.043229166666666666 0.06851851851851852
1 0.9205729166666666 0.2064814814814815 0.0453125 0.05555555555555555
1 0.65703125 0.16712962962962963 0.04010416666666667 0.06759259259259259
1 0.3385416666666667 0.19074074074074074 0.0375 0.06481481481481481
1 0.7174479166666666 0.11388888888888889 0.019270833333333334 0.05185185185185185
1 0.31979166666666664 0.17685185185185184 0.03229166666666667 0.06111111111111111
1 0.17005208333333333 0.18564814814814815 0.0359375 0.05092592592592592
1 0.5002604166666667 0.12222222222222222 0.028645833333333332 0.03148148148148148
1 0.24192708333333332 0.15787037037037038 0.044270833333333336 0.06759259259259259
1 0.8083333333333333 0.1912037037037037 0.040625 0.05648148148148148
1 0.8190104166666666 0.2222222222222222 0.04635416666666667 0.05
1 0.3653645833333333 0.22314814814814815 0.044270833333333336 0.07592592592592592
1 0.17552083333333332 0.2574074074074074 0.046875 0.06666666666666667
1 0.35520833333333335 0.14027777777777778 0.03229166666666667 0.03981481481481482
1 0.56953125 0.12731481481481483 0.0234375 0.03981481481481482
1 0.3059895833333333 0.14305555555555555 0.03697916666666667 0.04722222222222222
1 0.6171875 0.12222222222222222 0.03229166666666667 0.053703703703703705
1 0.64453125 0.13472222222222222 0.033854166666666664 0.05277777777777778
1 0.1703125 0.13935185185185187 0.03958333333333333 0.03425925925925926
1 0.44557291666666665 0.07731481481481481 0.024479166666666666 0.03611111111111111
1 0.553125 0.07731481481481481 0.022916666666666665 0.025
1 0.6919270833333333 0.9819444444444444 0.14114583333333333 0.03425925925925926
1 0.19375 0.29074074074074074 0.05520833333333333 0.0962962962962963
1 0.5815104166666667 0.09490740740740741 0.0203125 0.026851851851851852
1 0.43125 0.13472222222222222 0.03229166666666667 0.058333333333333334
1 0.2890625 0.12638888888888888 0.027083333333333334 0.04722222222222222
1 0.44192708333333336 0.14305555555555555 0.0296875 0.04722222222222222
1 0.7684895833333333 0.22083333333333333 0.049479166666666664 0.062037037037037036
1 0.46380208333333334 0.08657407407407407 0.022395833333333334 0.030555555555555555
1 0.27057291666666666 0.22916666666666666 0.0484375 0.06574074074074074
1 0.41692708333333334 0.0712962962962963 0.0203125 0.024074074074074074
1 0.26119791666666664 0.0912037037037037 0.027604166666666666 0.03425925925925926
1 0.25234375 0.0763888888888889 0.021354166666666667 0.030555555555555555
1 0.5924479166666666 0.11481481481481481 0.024479166666666666 0.03148148148148148
1 0.54609375 0.14212962962962963 0.033854166666666664 0.032407407407407406
1 0.1578125 0.10740740740740741 0.03333333333333333 0.04814814814814815
1 0.28125 0.07314814814814814 0.01875 0.024074074074074074
1 0.22630208333333332 0.1125 0.028645833333333332 0.03981481481481482
1 0.3307291666666667 0.07407407407407407 0.023958333333333335 0.022222222222222223
1 0.56171875 0.11157407407407408 0.027604166666666666 0.03611111111111111
1 0.17526041666666667 0.22546296296296298 0.050520833333333334 0.05277777777777778
1 0.6330729166666667 0.08935185185185185 0.0203125 0.028703703703703703
1 0.6096354166666667 0.09444444444444444 0.0203125 0.024074074074074074
1 0.64921875 0.09675925925925925 0.019270833333333334 0.026851851851851852
1 0.29791666666666666 0.08333333333333333 0.023958333333333335 0.025925925925925925
1 0.19088541666666667 0.08055555555555556 0.0171875 0.024074074074074074
1 0.28151041666666665 0.11944444444444445 0.0234375 0.04259259259259259
1 0.16614583333333333 0.15833333333333333 0.03125 0.040740740740740744
1 0.34427083333333336 0.11851851851851852 0.040625 0.03888888888888889
1 0.1671875 0.0763888888888889 0.03125 0.021296296296296296
1 0.35859375 0.08888888888888889 0.0234375 0.03148148148148148
1 0.9908854166666666 0.8023148148148148 0.0171875 0.14537037037037037