2 0.609375 0.3194444444444444 0.08854166666666667 0.18333333333333332
2 0.8796875 0.15231481481481482 0.08229166666666667 0.1398148148148148
2 0.8049479166666667 0.0912037037037037 0.06197916666666667 0.09722222222222222
1 0.628125 0.6069444444444444 0.10625 0.15092592592592594
1 0.925 0.6703703703703704 0.13125 0.16666666666666666
1 0.33541666666666664 0.36712962962962964 0.06979166666666667 0.09351851851851851
1 0.53203125 0.30462962962962964 0.059895833333333336 0.07962962962962963
1 0.20104166666666667 0.4949074074074074 0.08125 0.11018518518518519
1 0.5875 0.5319444444444444 0.09270833333333334 0.12314814814814815
1 0.40182291666666664 0.5652777777777778 0.10364583333333334 0.16574074074074074
1 0.9690104166666667 0.5412037037037037 0.0609375 0.13796296296296295
1 0.9682291666666667 0.30324074074074076 0.0625 0.10462962962962963
1 0.7161458333333334 0.2337962962962963 0.052083333333333336 0.05092592592592592
1 0.459375 0.35694444444444445 0.06875 0.09537037037037037
1 0.43723958333333335 0.32175925925925924 0.0578125 0.08611111111111111
1 0.8583333333333333 0.2490740740740741 0.05625 0.06666666666666667
1 0.48098958333333336 0.2564814814814815 0.04739583333333333 0.07037037037037037
1 0.9645833333333333 0.9541666666666667 0.06979166666666667 0.08981481481481482
1 0.2708333333333333 0.2601851851851852 0.052083333333333336 0.06666666666666667
1 0.19140625 0.4439814814814815 0.08072916666666667 0.09907407407407408
1 0.8026041666666667 0.7976851851851852 0.15416666666666667 0.20092592592592592
1 0.55390625 0.33611111111111114 0.034895833333333334 0.08518518518518518
1 0.653125 0.1736111111111111 0.03958333333333333 0.05462962962962963
1 0.3731770833333333 0.5143518518518518 0.08385416666666666 0.12685185185185185
1 0.56953125 0.23796296296296296 0.04739583333333333 0.06481481481481481
1 0.45416666666666666 0.22962962962962963 0.04791666666666667 0.06111111111111111
1 0.25677083333333334 0.19305555555555556 0.036458333333333336 0.049074074074074076
1 0.18723958333333332 0.23935185185185184 0.043229166666666666 0.06574074074074074
1 0.6934895833333333 0.42916666666666664 0.09739583333333333 0.16203703703703703
1 0.58828125 0.1439814814814815 0.0359375 0.05092592592592592
1 0.31875 0.324537037037037 0.07708333333333334 0.11944444444444445
1 0.33671875 0.21435185185185185 0.0453125 0.04722222222222222
1 0.6390625 0.16296296296296298 0.036458333333333336 0.053703703703703705
1 0.17760416666666667 0.37824074074074077 0.0625 0.10648148148148148
1 0.40182291666666664 0.17222222222222222 0.03802083333333333 0.05925925925925926
1 0.37578125 0.15185185185185185 0.034895833333333334 0.05185185185185185
1 0.8268229166666666 0.27824074074074073 0.058854166666666666 0.06759259259259259
1 0.6234375 0.10138888888888889 0.023958333333333335 0.019444444444444445
1 0.18411458333333333 0.19583333333333333 0.0390625 0.05092592592592592
1 0.7192708333333333 0.1425925925925926 0.020833333333333332 0.046296296296296294
1 0.5177083333333333 0.11064814814814815 0.034375 0.049074074074074076
1 0.784375 0.21435185185185185 0.06979166666666667 0.08055555555555556
1 0.3328125 0.12083333333333333 0.01875 0.032407407407407406
1 0.953125 0.16805555555555557 0.036458333333333336 0.03611111111111111
1 0.7705729166666667 0.15833333333333333 0.0359375 0.06111111111111111
1 0.25833333333333336 0.09305555555555556 0.022916666666666665 0.03796296296296296
1 0.8015625 0.18888888888888888 0.027083333333333334 0.03148148148148148
1 0.5354166666666667 0.21574074074074073 0.046875 0.07037037037037037
1 0.3807291666666667 0.1037037037037037 0.030208333333333334 0.044444444444444446
1 0.40572916666666664 0.2722222222222222 0.059375 0.1
1 0.271875 0.10462962962962963 0.03125 0.040740740740740744
1 0.6471354166666666 0.12361111111111112 0.030729166666666665 0.03796296296296296
1 0.61953125 0.15092592592592594 0.034895833333333334 0.06111111111111111
1 0.3609375 0.08888888888888889 0.022916666666666665 0.040740740740740744
1 0.43411458333333336 0.07592592592592592 0.022395833333333334 0.03333333333333333
1 0.8166666666666667 0.17222222222222222 0.041666666666666664 0.06851851851851852
1 0.43333333333333335 0.1962962962962963 0.035416666666666666 0.037037037037037035
1 0.5572916666666666 0.1300925925925926 0.026041666666666668 0.03796296296296296
1 0.9239583333333333 0.21435185185185185 0.053125 0.08425925925925926
1 0.4140625 0.13240740740740742 0.04375 0.053703703703703705
1 0.36380208333333336 0.23472222222222222 0.058854166666666666 0.06388888888888888
1 0.35078125 0.1300925925925926 0.0328125 0.049074074074074076
1 0.23046875 0.12962962962962962 0.028645833333333332 0.03888888888888889
1 0.37057291666666664 0.2601851851851852 0.033854166666666664 0.07037037037037037
1 0.2484375 0.17222222222222222 0.042708333333333334 0.046296296296296294
1 0.46015625 0.08425925925925926 0.0203125 0.03518518518518519
1 0.3796875 0.1685185185185185 0.025 0.05185185185185185
1 0.6091145833333333 0.08425925925925926 0.027604166666666666 0.027777777777777776
1 0.66796875 0.10694444444444444 0.024479166666666666 0.023148148148148147
1 0.9096354166666667 0.23194444444444445 0.0515625 0.08055555555555556
1 0.28671875 0.1259259259259259 0.0328125 0.044444444444444446
1 0.30442708333333335 0.15 0.030729166666666665 0.05555555555555555
1 0.4080729166666667 0.20324074074074075 0.04010416666666667 0.03796296296296296
1 0.4127604166666667 0.06944444444444445 0.025520833333333333 0.02962962962962963
1 0.31979166666666664 0.10694444444444444 0.030208333333333334 0.032407407407407406
1 0.16979166666666667 0.16064814814814815 0.04375 0.05648148148148148
1 0.37552083333333336 0.06574074074074074 0.019791666666666666 0.018518518518518517
1 0.16692708333333334 0.1287037037037037 0.034895833333333334 0.03888888888888889
1 0.3177083333333333 0.16342592592592592 0.042708333333333334 0.04722222222222222
1 0.17526041666666667 0.1875 0.033854166666666664 0.04722222222222222
1 0.9739583333333334 0.19583333333333333 0.046875 0.06759259259259259
1 0.1828125 0.32592592592592595 0.07395833333333333 0.10925925925925926