2 0.96875 0.2064814814814815 0.06145833333333333 0.1962962962962963
1 0.22057291666666667 0.7462962962962963 0.14635416666666667 0.1925925925925926
1 0.6234375 0.3972222222222222 0.08020833333333334 0.1037037037037037
1 0.4015625 0.5944444444444444 0.11145833333333334 0.14814814814814814
1 0.8208333333333333 0.8310185185185185 0.16979166666666667 0.2212962962962963
1 0.703125 0.7101851851851851 0.128125 0.17222222222222222
1 0.19791666666666666 0.5708333333333333 0.10729166666666666 0.1361111111111111
1 0.55 0.8648148148148148 0.16354166666666667 0.21481481481481482
1 0.7598958333333333 0.4962962962962963 0.10729166666666666 0.16666666666666666
1 0.9294270833333333 0.6486111111111111 0.12760416666666666 0.1638888888888889
1 0.490625 0.27546296296296297 0.05625 0.07314814814814814
1 0.8588541666666667 0.26064814814814813 0.053125 0.06944444444444445
1 0.971875 0.7291666666666666 0.05520833333333333 0.19722222222222222
1 0.67265625 0.9611111111111111 0.17447916666666666 0.07592592592592592
1 0.5432291666666667 0.31296296296296294 0.06354166666666666 0.08518518518518518
1 0.79296875 0.3685185185185185 0.08489583333333334 0.1111111111111111
1 0.33828125 0.40370370370370373 0.07239583333333334 0.10185185185185185
1 0.8609375 0.43148148148148147 0.09479166666666666 0.14444444444444443
1 0.4708333333333333 0.38472222222222224 0.07083333333333333 0.10092592592592593
1 0.7513020833333334 0.2162037037037037 0.04635416666666667 0.06388888888888888
1 0.38567708333333334 0.47962962962962963 0.08802083333333334 0.12037037037037036
1 0.6994791666666667 0.32685185185185184 0.06770833333333333 0.1
1 0.16171875 0.36342592592592593 0.06302083333333333 0.08981481481481482
1 0.52109375 0.42824074074074076 0.0828125 0.1361111111111111
1 0.39427083333333335 0.11898148148148148 0.020833333333333332 0.03796296296296296
1 0.4421875 0.34305555555555556 0.06041666666666667 0.08981481481481482
1 0.47239583333333335 0.16805555555555557 0.035416666666666666 0.05092592592592592
1 0.5950520833333334 0.1712962962962963 0.03802083333333333 0.037037037037037035
1 0.8559895833333333 0.21574074074074073 0.049479166666666664 0.06666666666666667
1 0.29739583333333336 0.29953703703703705 0.06666666666666667 0.11203703703703703
1 0.46901041666666665 0.23287037037037037 0.0546875 0.0824074074074074
1 0.31796875 0.17592592592592593 0.04114583333333333 0.05555555555555555
1 0.18697916666666667 0.3143518518518518 0.058333333333333334 0.08055555555555556
1 0.43463541666666666 0.21064814814814814 0.034895833333333334 0.05277777777777778
1 0.69921875 0.19074074074074074 0.0421875 0.06481481481481481
1 0.5776041666666667 0.13333333333333333 0.029166666666666667 0.03888888888888889
1 0.4171875 0.12962962962962962 0.036458333333333336 0.05740740740740741
1 0.9192708333333334 0.18055555555555555 0.041666666666666664 0.06481481481481481
1 0.36875 0.23194444444444445 0.04895833333333333 0.07685185185185185
1 0.67578125 0.2962962962962963 0.0671875 0.1111111111111111
1 0.3958333333333333 0.17777777777777778 0.035416666666666666 0.05
1 0.6921875 0.1375 0.03125 0.04722222222222222
1 0.359375 0.14444444444444443 0.03125 0.05
1 0.3776041666666667 0.2638888888888889 0.040625 0.06666666666666667
1 0.5875 0.11666666666666667 0.03229166666666667 0.04259259259259259
1 0.27630208333333334 0.1574074074074074 0.034895833333333334 0.05185185185185185
1 0.8348958333333333 0.17175925925925925 0.04583333333333333 0.06388888888888888
1 0.3768229166666667 0.16898148148148148 0.030729166666666665 0.04351851851851852
1 0.4122395833333333 0.2833333333333333 0.05572916666666667 0.09444444444444444
1 0.19427083333333334 0.16296296296296298 0.042708333333333334 0.06481481481481481
1 0.6502604166666667 0.11342592592592593 0.027604166666666666 0.03425925925925926
1 0.37838541666666664 0.10092592592592593 0.0234375 0.03518518518518519
1 0.7369791666666666 0.17083333333333334 0.0375 0.06018518518518518
1 0.45546875 0.1527777777777778 0.0328125 0.05555555555555555
1 0.6520833333333333 0.5930555555555556 0.11666666666666667 0.18981481481481483
1 0.33984375 0.12407407407407407 0.030729166666666665 0.053703703703703705
1 0.34791666666666665 0.21342592592592594 0.035416666666666666 0.06759259259259259
1 0.51953125 0.13287037037037036 0.0265625 0.032407407407407406
1 0.2872395833333333 0.11574074074074074 0.030729166666666665 0.03888888888888889
1 0.6096354166666667 0.10277777777777777 0.024479166666666666 0.03333333333333333
1 0.4205729166666667 0.19768518518518519 0.03697916666666667 0.062037037037037036
1 0.6307291666666667 0.12314814814814815 0.027083333333333334 0.027777777777777776
1 0.5635416666666667 0.1486111111111111 0.036458333333333336 0.041666666666666664
1 0.70546875 0.1537037037037037 0.033854166666666664 0.03518518518518519
1 0.26588541666666665 0.10555555555555556 0.0234375 0.03888888888888889
1 0.45651041666666664 0.10277777777777777 0.0234375 0.03333333333333333
1 0.5088541666666667 0.1 0.020833333333333332 0.022222222222222223
1 0.25755208333333335 0.23657407407407408 0.027604166666666666 0.06388888888888888
1 0.16458333333333333 0.24861111111111112 0.042708333333333334 0.062037037037037036
1 0.15703125 0.09490740740740741 0.025520833333333333 0.041666666666666664
1 0.8083333333333333 0.13564814814814816 0.042708333333333334 0.04537037037037037
1 0.16354166666666667 0.13935185185185187 0.026041666666666668 0.041666666666666664
1 0.21588541666666666 0.08888888888888889 0.0296875 0.04259259259259259
1 0.6697916666666667 0.10648148148148148 0.019791666666666666 0.02962962962962963
1 0.23463541666666668 0.13703703703703704 0.033854166666666664 0.04259259259259259
1 0.3424479166666667 0.07777777777777778 0.019270833333333334 0.03148148148148148
1 0.6205729166666667 0.15555555555555556 0.024479166666666666 0.046296296296296294
1 0.6309895833333333 0.09166666666666666 0.022395833333333334 0.03518518518518519
1 0.2947916666666667 0.07962962962962963 0.022916666666666665 0.03518518518518519
1 0.16770833333333332 0.20046296296296295 0.034375 0.03611111111111111
1 0.5416666666666666 0.13935185185185187 0.023958333333333335 0.032407407407407406
1 0.25364583333333335 0.19768518518518519 0.040625 0.075
1 0.26875 0.19953703703703704 0.04479166666666667 0.05092592592592592
1 0.48776041666666664 0.11388888888888889 0.0203125 0.025925925925925925
1 0.79921875 0.19768518518518519 0.0234375 0.05462962962962963
1 0.17916666666666667 0.25555555555555554 0.04895833333333333 0.053703703703703705
1 0.1796875 0.21296296296296297 0.042708333333333334 0.03888888888888889
1 0.4979166666666667 0.08194444444444444 0.023958333333333335 0.03796296296296296
1 0.4747395833333333 0.08981481481481482 0.0234375 0.03518518518518519
1 0.6526041666666667 0.1675925925925926 0.04583333333333333 0.06851851851851852
1 0.98828125 0.5666666666666667 0.022395833333333334 0.10740740740740741
1 0.6838541666666667 0.11342592592592593 0.027083333333333334 0.03425925925925926
1 0.7578125 0.15555555555555556 0.026041666666666668 0.04814814814814815
1 0.23802083333333332 0.16018518518518518 0.028125 0.04814814814814815