2 0.8458333333333333 0.13564814814814816 0.07291666666666667 0.1175925925925926
2 0.7763020833333333 0.08935185185185185 0.0578125 0.08981481481481482
1 0.746875 0.7699074074074074 0.13645833333333332 0.19537037037037036
1 0.5783854166666667 0.3416666666666667 0.0671875 0.08703703703703704
1 0.20729166666666668 0.5671296296296297 0.09375 0.125
1 0.6651041666666667 0.20601851851851852 0.04791666666666667 0.04351851851851852
1 0.4588541666666667 0.6907407407407408 0.12916666666666668 0.2074074074074074
1 0.5986979166666667 0.2638888888888889 0.05260416666666667 0.06851851851851852
1 0.5096354166666667 0.2847222222222222 0.05364583333333333 0.075
1 0.28072916666666664 0.2875 0.05625 0.07314814814814814
1 0.7747395833333334 0.5046296296296297 0.11510416666666666 0.18703703703703703
1 0.3572916666666667 0.4185185185185185 0.07916666666666666 0.10555555555555556
1 0.6015625 0.3837962962962963 0.0375 0.09537037037037037
1 0.19036458333333334 0.25787037037037036 0.04739583333333333 0.075
1 0.19140625 0.5074074074074074 0.09322916666666667 0.1111111111111111
1 0.47760416666666666 0.2518518518518518 0.053125 0.06481481481481481
1 0.5658854166666667 0.2388888888888889 0.0546875 0.07962962962962963
1 0.34036458333333336 0.3662037037037037 0.08697916666666666 0.13055555555555556
1 0.8950520833333333 0.27037037037037037 0.06197916666666667 0.09814814814814815
1 0.4895833333333333 0.40555555555555556 0.07291666666666667 0.10925925925925926
1 0.8450520833333334 0.21157407407407408 0.0484375 0.07685185185185185
1 0.6221354166666667 0.16111111111111112 0.03697916666666667 0.05185185185185185
1 0.41119791666666666 0.6157407407407407 0.0984375 0.1537037037037037
1 0.47604166666666664 0.3662037037037037 0.06458333333333334 0.09722222222222222
1 0.4236979166666667 0.30324074074074076 0.06510416666666667 0.11018518518518519
1 0.9291666666666667 0.18611111111111112 0.041666666666666664 0.06666666666666667
1 0.6817708333333333 0.6476851851851851 0.11770833333333333 0.14907407407407408
1 0.2640625 0.20925925925925926 0.03854166666666667 0.05185185185185185
1 0.69140625 0.13287037037037036 0.0203125 0.041666666666666664
1 0.44296875 0.2263888888888889 0.0484375 0.05648148148148148
1 0.7309895833333333 0.1388888888888889 0.0328125 0.03888888888888889
1 0.6057291666666667 0.15 0.03333333333333333 0.05
1 0.18177083333333333 0.42685185185185187 0.07083333333333333 0.1111111111111111
1 0.2625 0.09861111111111111 0.023958333333333335 0.03981481481481482
1 0.38645833333333335 0.16435185185185186 0.034375 0.05462962962962963
1 0.18723958333333332 0.20787037037037037 0.0390625 0.04537037037037037
1 0.35182291666666665 0.2212962962962963 0.050520833333333334 0.07592592592592592
1 0.7421875 0.2101851851851852 0.04583333333333333 0.06296296296296296
1 0.66484375 0.13935185185185187 0.0390625 0.062037037037037036
1 0.48463541666666665 0.09814814814814815 0.022395833333333334 0.037037037037037035
1 0.7966145833333333 0.22407407407407406 0.027604166666666666 0.06111111111111111
1 0.5671875 0.1337962962962963 0.03229166666666667 0.04722222222222222
1 0.5065104166666666 0.1050925925925926 0.030729166666666665 0.04722222222222222
1 0.3151041666666667 0.1587962962962963 0.03333333333333333 0.05648148148148148
1 0.3263020833333333 0.11342592592592593 0.034895833333333334 0.03425925925925926
1 0.33307291666666666 0.19907407407407407 0.030729166666666665 0.05185185185185185
1 0.42135416666666664 0.18981481481481483 0.040625 0.06666666666666667
1 0.37057291666666664 0.09722222222222222 0.025520833333333333 0.044444444444444446
1 0.528125 0.12222222222222222 0.015625 0.03518518518518519
1 0.39739583333333334 0.1824074074074074 0.03125 0.05740740740740741
1 0.9088541666666666 0.1736111111111111 0.03958333333333333 0.06759259259259259
1 0.24635416666666668 0.16574074074074074 0.03854166666666667 0.05
1 0.38645833333333335 0.2875 0.026041666666666668 0.075
1 0.421875 0.07083333333333333 0.021875 0.028703703703703703
1 0.3541666666666667 0.14074074074074075 0.04375 0.05185185185185185
1 0.29244791666666664 0.13518518518518519 0.0328125 0.05
1 0.6450520833333333 0.13148148148148148 0.018229166666666668 0.044444444444444446
1 0.36276041666666664 0.2574074074074074 0.03177083333333333 0.06666666666666667
1 0.7760416666666666 0.15648148148148147 0.03854166666666667 0.053703703703703705
1 0.39348958333333334 0.11203703703703703 0.033854166666666664 0.04814814814814815
1 0.96640625 0.19212962962962962 0.0515625 0.07685185185185185
1 0.72265625 0.19305555555555556 0.04114583333333333 0.07314814814814814
1 0.16536458333333334 0.11388888888888889 0.025520833333333333 0.03518518518518519
1 0.7455729166666667 0.14675925925925926 0.028645833333333332 0.028703703703703703
1 0.8239583333333333 0.18935185185185185 0.04583333333333333 0.06759259259259259
1 0.16953125 0.08148148148148149 0.025520833333333333 0.022222222222222223
1 0.55 0.06712962962962964 0.027083333333333334 0.03425925925925926
1 0.22682291666666668 0.12824074074074074 0.0390625 0.041666666666666664
1 0.5950520833333334 0.1398148148148148 0.0328125 0.05925925925925926
1 0.2596354166666667 0.18796296296296297 0.049479166666666664 0.044444444444444446
1 0.6046875 0.09537037037037037 0.022916666666666665 0.018518518518518517
1 0.33177083333333335 0.17592592592592593 0.034375 0.046296296296296294
1 0.5932291666666667 0.08287037037037037 0.028125 0.028703703703703703
1 0.2760416666666667 0.10972222222222222 0.029166666666666667 0.04351851851851852
1 0.4171875 0.13055555555555556 0.027083333333333334 0.037037037037037035
1 0.6466145833333333 0.10092592592592593 0.0234375 0.022222222222222223
1 0.3815104166666667 0.2564814814814815 0.06822916666666666 0.07037037037037037
1 0.16666666666666666 0.1726851851851852 0.03229166666666667 0.05648148148148148
1 0.7546875 0.17546296296296296 0.025 0.03611111111111111
1 0.44817708333333334 0.07685185185185185 0.0203125 0.037037037037037035
1 0.3229166666666667 0.0699074074074074 0.023958333333333335 0.019444444444444445
1 0.18645833333333334 0.3685185185185185 0.07916666666666666 0.12037037037037036
1 0.4625 0.08842592592592592 0.015625 0.03425925925925926
1 0.16770833333333332 0.1398148148148148 0.03333333333333333 0.04259259259259259
1 0.6236979166666666 0.1175925925925926 0.030729166666666665 0.03888888888888889
1 0.9934895833333334 0.24351851851851852 0.011979166666666667 0.07407407407407407
1 0.23697916666666666 0.14027777777777778 0.034375 0.03981481481481482
1 0.428125 0.14583333333333334 0.046875 0.05277777777777778
1 0.76015625 0.2462962962962963 0.0453125 0.05925925925925926