2 0.6736979166666667 0.09583333333333334 0.05260416666666667 0.10648148148148148
2 0.7497395833333333 0.11296296296296296 0.0640625 0.12962962962962962
1 0.7309895833333333 0.4791666666666667 0.09739583333333333 0.125
1 0.07291666666666667 0.4532407407407407 0.084375 0.13055555555555556
1 0.8859375 0.6162037037037037 0.11770833333333333 0.16574074074074074
1 0.3703125 0.5078703703703704 0.1 0.1287037037037037
1 0.4627604166666667 0.3763888888888889 0.08489583333333334 0.125
1 0.4002604166666667 0.5666666666666667 0.1109375 0.1388888888888889
1 0.59609375 0.5467592592592593 0.10677083333333333 0.14166666666666666
1 0.20833333333333334 0.34953703703703703 0.06041666666666667 0.09166666666666666
1 0.6197916666666666 0.38055555555555554 0.07604166666666666 0.10555555555555556
1 0.3140625 0.33611111111111114 0.057291666666666664 0.07962962962962963
1 0.6770833333333334 0.674537037037037 0.15104166666666666 0.23796296296296296
1 0.42109375 0.31342592592592594 0.058854166666666666 0.0824074074074074
1 0.6583333333333333 0.19907407407407407 0.041666666666666664 0.044444444444444446
1 0.5502604166666667 0.4740740740740741 0.09739583333333333 0.15
1 0.48046875 0.25 0.05364583333333333 0.07592592592592592
1 0.98515625 0.31342592592592594 0.028645833333333332 0.075
1 0.6463541666666667 0.9152777777777777 0.23645833333333333 0.1675925925925926
1 0.5692708333333333 0.3148148148148148 0.06770833333333333 0.1111111111111111
1 0.66171875 0.4263888888888889 0.08489583333333334 0.12314814814814815
1 0.5270833333333333 0.2111111111111111 0.04375 0.06111111111111111
1 0.23723958333333334 0.8925925925925926 0.16302083333333334 0.21296296296296297
1 0.9307291666666667 0.4671296296296296 0.09791666666666667 0.14166666666666666
1 0.9713541666666666 0.2 0.04583333333333333 0.05555555555555555
1 0.5200520833333333 0.2791666666666667 0.05260416666666667 0.08055555555555556
1 0.40703125 0.19074074074074074 0.03802083333333333 0.05
1 0.48411458333333335 0.17731481481481481 0.04114583333333333 0.06388888888888888
1 0.3015625 0.2953703703703704 0.05625 0.07592592592592592
1 0.38255208333333335 0.16157407407407406 0.0359375 0.049074074074074076
1 0.7182291666666667 0.16296296296296298 0.040625 0.04259259259259259
1 0.9473958333333333 0.3416666666666667 0.07395833333333333 0.0962962962962963
1 0.5682291666666667 0.22824074074074074 0.04791666666666667 0.07685185185185185
1 0.7981770833333334 0.26435185185185184 0.05364583333333333 0.06388888888888888
1 0.9755208333333333 0.9555555555555556 0.04791666666666667 0.08703703703703704
1 0.9122395833333333 0.27685185185185185 0.05677083333333333 0.07037037037037037
1 0.9330729166666667 0.19027777777777777 0.0421875 0.05277777777777778
1 0.3848958333333333 0.2689814814814815 0.057291666666666664 0.0787037037037037
1 0.5734375 0.13657407407407407 0.03333333333333333 0.03981481481481482
1 0.28046875 0.2726851851851852 0.0453125 0.075
1 0.35833333333333334 0.1449074074074074 0.034375 0.041666666666666664
1 0.71484375 0.19537037037037036 0.04114583333333333 0.05925925925925926
1 0.36223958333333334 0.09027777777777778 0.0234375 0.030555555555555555
1 0.45625 0.23935185185185184 0.035416666666666666 0.06388888888888888
1 0.74921875 0.2125 0.04739583333333333 0.06018518518518518
1 0.6421875 0.1625 0.03854166666666667 0.06388888888888888
1 0.34296875 0.1986111111111111 0.03802083333333333 0.06759259259259259
1 0.8627604166666667 0.2962962962962963 0.0578125 0.06296296296296296
1 0.840625 0.24027777777777778 0.051041666666666666 0.06388888888888888
1 0.4627604166666667 0.15648148148148147 0.033854166666666664 0.046296296296296294
1 0.3692708333333333 0.23055555555555557 0.04479166666666667 0.07777777777777778
1 0.8841145833333334 0.2273148148148148 0.0453125 0.062037037037037036
1 0.8453125 0.20092592592592592 0.04791666666666667 0.037037037037037035
1 0.17135416666666667 0.19027777777777777 0.036458333333333336 0.05277777777777778
1 0.309375 0.1527777777777778 0.0375 0.05925925925925926
1 0.17760416666666667 0.2662037037037037 0.052083333333333336 0.06944444444444445
1 0.19921875 0.12916666666666668 0.027604166666666666 0.04537037037037037
1 0.7046875 0.1111111111111111 0.029166666666666667 0.05
1 0.4901041666666667 0.11666666666666667 0.028125 0.02962962962962963
1 0.5104166666666666 0.10648148148148148 0.025 0.03888888888888889
1 0.7578125 0.24305555555555555 0.04479166666666667 0.049074074074074076
1 0.44244791666666666 0.21296296296296297 0.044270833333333336 0.07222222222222222
1 0.8921875 0.2023148148148148 0.042708333333333334 0.06388888888888888
1 0.32421875 0.18287037037037038 0.0328125 0.06388888888888888
1 0.6333333333333333 0.1300925925925926 0.03333333333333333 0.05277777777777778
1 0.43645833333333334 0.14027777777777778 0.03333333333333333 0.06018518518518518
1 0.3533854166666667 0.0824074074074074 0.021354166666666667 0.03148148148148148
1 0.17526041666666667 0.23472222222222222 0.05364583333333333 0.05462962962962963
1 0.5825520833333333 0.11851851851851852 0.022395833333333334 0.044444444444444446
1 0.44140625 0.07407407407407407 0.025520833333333333 0.03518518518518519
1 0.19166666666666668 0.3050925925925926 0.058333333333333334 0.10092592592592593
1 0.54453125 0.09351851851851851 0.03177083333333333 0.046296296296296294
1 0.8041666666666667 0.14351851851851852 0.036458333333333336 0.05925925925925926
1 0.5747395833333333 0.09212962962962963 0.021354166666666667 0.028703703703703703
1 0.56015625 0.12407407407407407 0.025520833333333333 0.037037037037037035
1 0.41354166666666664 0.06851851851851852 0.020833333333333332 0.027777777777777776
1 0.2916666666666667 0.13148148148148148 0.030208333333333334 0.05
1 0.3026041666666667 0.08981481481481482 0.019791666666666666 0.02962962962962963
1 0.44869791666666664 0.1486111111111111 0.0296875 0.049074074074074076
1 0.5255208333333333 0.08703703703703704 0.019791666666666666 0.03888888888888889
1 0.5372395833333333 0.1388888888888889 0.0296875 0.037037037037037035
1 0.7966145833333333 0.17824074074074073 0.022395833333333334 0.03981481481481482
1 0.63984375 0.09398148148148149 0.0203125 0.028703703703703703
1 0.4825520833333333 0.09259259259259259 0.03177083333333333 0.03888888888888889
1 0.22864583333333333 0.11203703703703703 0.028125 0.037037037037037035
1 0.24401041666666667 0.1625 0.044270833333333336 0.06759259259259259
1 0.6005208333333333 0.09212962962962963 0.019791666666666666 0.023148148148148147
1 0.6221354166666667 0.08611111111111111 0.021354166666666667 0.027777777777777776
1 0.80078125 0.20925925925925926 0.027604166666666666 0.046296296296296294
1 0.2635416666666667 0.19722222222222222 0.04479166666666667 0.05555555555555555
1 0.16848958333333333 0.1550925925925926 0.04010416666666667 0.058333333333333334
1 0.3104166666666667 0.10185185185185185 0.01875 0.03518518518518519
1 0.6052083333333333 0.11805555555555555 0.03125 0.05277777777777778
1 0.3302083333333333 0.10694444444444444 0.029166666666666667 0.03796296296296296
1 0.25234375 0.07916666666666666 0.0203125 0.032407407407407406
1 0.49296875 0.0712962962962963 0.0203125 0.022222222222222223
1 0.3984375 0.06527777777777778 0.014583333333333334 0.023148148148148147
1 0.2838541666666667 0.12268518518518519 0.023958333333333335 0.04351851851851852
1 0.33255208333333336 0.0763888888888889 0.024479166666666666 0.023148148148148147
1 0.25286458333333334 0.13425925925925927 0.025520833333333333 0.037037037037037035
1 0.27447916666666666 0.2375 0.051041666666666666 0.06759259259259259
1 0.35 0.12129629629629629 0.03854166666666667 0.03888888888888889
1 0.9911458333333333 0.5782407407407407 0.016666666666666666 0.12685185185185185