2 0.68984375 0.09583333333333334 0.05260416666666667 0.10833333333333334
2 0.6330729166666667 0.08888888888888889 0.049479166666666664 0.08888888888888889
1 0.29739583333333336 0.8412037037037037 0.15833333333333333 0.20462962962962963
1 0.55234375 0.5120370370370371 0.11197916666666667 0.1685185185185185
1 0.35442708333333334 0.43194444444444446 0.07864583333333333 0.10092592592592593
1 0.8322916666666667 0.8439814814814814 0.16770833333333332 0.21944444444444444
1 0.7809895833333333 0.5092592592592593 0.1046875 0.1388888888888889
1 0.8666666666666667 0.6018518518518519 0.121875 0.17222222222222222
1 0.20572916666666666 0.46064814814814814 0.0875 0.1175925925925926
1 0.5611979166666666 0.8930555555555556 0.1671875 0.21203703703703702
1 0.71875 0.6856481481481481 0.13958333333333334 0.2175925925925926
1 0.96640625 0.7152777777777778 0.06614583333333333 0.1824074074074074
1 0.4869791666666667 0.3972222222222222 0.07395833333333333 0.10185185185185185
1 0.54453125 0.30694444444444446 0.06510416666666667 0.08611111111111111
1 0.6497395833333334 0.28703703703703703 0.058854166666666666 0.09259259259259259
1 0.6799479166666667 0.4097222222222222 0.08489583333333334 0.1361111111111111
1 0.446875 0.2263888888888889 0.042708333333333334 0.062037037037037036
1 0.33645833333333336 0.36712962962962964 0.06875 0.09166666666666666
1 0.11822916666666666 0.3976851851851852 0.07916666666666666 0.1287037037037037
1 0.4361979166666667 0.33194444444444443 0.06302083333333333 0.09166666666666666
1 0.5791666666666667 0.16296296296296298 0.036458333333333336 0.03888888888888889
1 0.41041666666666665 0.1884259259259259 0.040625 0.05277777777777778
1 0.17942708333333332 0.3226851851851852 0.0640625 0.0824074074074074
1 0.38203125 0.16898148148148148 0.03697916666666667 0.04722222222222222
1 0.5877604166666667 0.3490740740740741 0.06614583333333333 0.1
1 0.3098958333333333 0.33796296296296297 0.057291666666666664 0.08703703703703704
1 0.48463541666666665 0.2518518518518518 0.0515625 0.08333333333333333
1 0.8796875 0.225 0.05 0.05925925925925926
1 0.2640625 0.23055555555555557 0.0375 0.06296296296296296
1 0.871875 0.17037037037037037 0.03958333333333333 0.05
1 0.8455729166666667 0.16064814814814815 0.0328125 0.049074074074074076
1 0.9403645833333333 0.3537037037037037 0.07864583333333333 0.0962962962962963
1 0.8377604166666667 0.2800925925925926 0.0796875 0.07685185185185185
1 0.9221354166666667 0.24444444444444444 0.05364583333333333 0.07962962962962963
1 0.5182291666666666 0.2902777777777778 0.04895833333333333 0.07685185185185185
1 0.17213541666666668 0.22175925925925927 0.04010416666666667 0.058333333333333334
1 0.509375 0.19490740740740742 0.040625 0.06388888888888888
1 0.37578125 0.23333333333333334 0.04635416666666667 0.07777777777777778
1 0.6377604166666667 0.16620370370370371 0.0359375 0.05462962962962963
1 0.65078125 0.1361111111111111 0.03177083333333333 0.03518518518518519
1 0.68046875 0.20972222222222223 0.04010416666666667 0.049074074074074076
1 0.7450520833333333 0.17777777777777778 0.0359375 0.05555555555555555
1 0.71796875 0.2361111111111111 0.0453125 0.05555555555555555
1 0.6536458333333334 0.19398148148148148 0.036458333333333336 0.03796296296296296
1 0.8174479166666667 0.2310185185185185 0.0453125 0.04351851851851852
1 0.33671875 0.11805555555555555 0.0234375 0.03981481481481482
1 0.41510416666666666 0.31203703703703706 0.046875 0.07777777777777778
1 0.484375 0.17731481481481481 0.034375 0.06018518518518518
1 0.75 0.12824074074074074 0.035416666666666666 0.05462962962962963
1 0.7807291666666667 0.24953703703703703 0.05520833333333333 0.049074074074074076
1 0.5822916666666667 0.13564814814814816 0.035416666666666666 0.05462962962962963
1 0.47239583333333335 0.16296296296296298 0.03958333333333333 0.06111111111111111
1 0.52578125 0.11527777777777778 0.0203125 0.03425925925925926
1 0.39765625 0.27824074074074073 0.05364583333333333 0.08981481481481482
1 0.30494791666666665 0.15138888888888888 0.0328125 0.05462962962962963
1 0.18229166666666666 0.14675925925925926 0.03854166666666667 0.049074074074074076
1 0.3796875 0.10416666666666667 0.026041666666666668 0.03611111111111111
1 0.25390625 0.1884259259259259 0.04635416666666667 0.075
1 0.45625 0.10092592592592593 0.026041666666666668 0.02962962962962963
1 0.790625 0.15648148148148147 0.03229166666666667 0.03148148148148148
1 0.48072916666666665 0.09537037037037037 0.026041666666666668 0.03518518518518519
1 0.17708333333333334 0.27824074074074073 0.059375 0.06574074074074074
1 0.35625 0.1375 0.028125 0.04351851851851852
1 0.16067708333333333 0.11944444444444445 0.03802083333333333 0.05185185185185185
1 0.5390625 0.21481481481481482 0.04791666666666667 0.07407407407407407
1 0.6674479166666667 0.16898148148148148 0.033854166666666664 0.03425925925925926
1 0.17890625 0.2 0.0390625 0.053703703703703705
1 0.34765625 0.0824074074074074 0.028645833333333332 0.03518518518518519
1 0.28463541666666664 0.12129629629629629 0.024479166666666666 0.03888888888888889
1 0.9809895833333333 0.3125 0.03697916666666667 0.09537037037037037
1 0.5598958333333334 0.10324074074074074 0.028125 0.04722222222222222
1 0.3302083333333333 0.18888888888888888 0.036458333333333336 0.04259259259259259
1 0.1921875 0.10416666666666667 0.021875 0.030555555555555555
1 0.371875 0.09166666666666666 0.023958333333333335 0.025925925925925925
1 0.3145833333333333 0.10092592592592593 0.021875 0.03333333333333333
1 0.3494791666666667 0.22083333333333333 0.036458333333333336 0.06018518518518518
1 0.23385416666666667 0.1375 0.034375 0.049074074074074076
1 0.7247395833333333 0.11481481481481481 0.027604166666666666 0.04259259259259259
1 0.5880208333333333 0.10555555555555556 0.027083333333333334 0.03333333333333333
1 0.6981770833333333 0.1486111111111111 0.033854166666666664 0.03796296296296296
1 0.17005208333333333 0.17731481481481481 0.04010416666666667 0.06574074074074074
1 0.6552083333333333 0.10601851851851851 0.020833333333333332 0.026851851851851852
1 0.4942708333333333 0.1162037037037037 0.028125 0.032407407407407406
1 0.6002604166666666 0.09444444444444444 0.021354166666666667 0.046296296296296294
1 0.51328125 0.10324074074074074 0.025520833333333333 0.04351851851851852
1 0.6979166666666666 0.18009259259259258 0.036458333333333336 0.05277777777777778
1 0.7598958333333333 0.17916666666666667 0.023958333333333335 0.03425925925925926
1 0.8033854166666666 0.1962962962962963 0.034895833333333334 0.053703703703703705
1 0.284375 0.25092592592592594 0.04791666666666667 0.06851851851851852
1 0.596875 0.2587962962962963 0.053125 0.07314814814814814
1 0.2296875 0.11944444444444445 0.034375 0.03333333333333333
1 0.3458333333333333 0.2050925925925926 0.040625 0.058333333333333334
1 0.9466145833333334 0.2814814814814815 0.059895833333333336 0.05740740740740741
1 0.403125 0.0712962962962963 0.026041666666666668 0.03148148148148148
1 0.4661458333333333 0.06296296296296296 0.01875 0.016666666666666666
1 0.29244791666666664 0.2847222222222222 0.0546875 0.0787037037037037
1 0.7572916666666667 0.21944444444444444 0.03229166666666667 0.06481481481481481