2 0.8153645833333333 0.13194444444444445 0.06614583333333333 0.14537037037037037
2 0.72109375 0.11064814814814815 0.06822916666666666 0.11574074074074074
1 0.8536458333333333 0.5986111111111111 0.11875 0.14537037037037037
1 0.9575520833333333 0.7125 0.08385416666666666 0.18055555555555555
1 0.2638020833333333 0.9490740740740741 0.1765625 0.1
1 0.8208333333333333 0.42453703703703705 0.084375 0.11388888888888889
1 0.7067708333333333 0.6689814814814815 0.11458333333333333 0.1712962962962963
1 0.3377604166666667 0.3925925925925926 0.07864583333333333 0.1
1 0.5356770833333333 0.31805555555555554 0.05572916666666667 0.08981481481481482
1 0.6072916666666667 0.3773148148148148 0.07708333333333334 0.09907407407407408
1 0.8708333333333333 0.30185185185185187 0.06770833333333333 0.06481481481481481
1 0.4471354166666667 0.6662037037037037 0.1578125 0.23055555555555557
1 0.35390625 0.43657407407407406 0.07864583333333333 0.10648148148148148
1 0.70390625 0.45601851851851855 0.08697916666666666 0.11944444444444445
1 0.17317708333333334 0.3685185185185185 0.06822916666666666 0.1037037037037037
1 0.42239583333333336 0.30972222222222223 0.06875 0.10648148148148148
1 0.49661458333333336 0.425462962962963 0.07447916666666667 0.11203703703703703
1 0.4713541666666667 0.3814814814814815 0.06979166666666667 0.12222222222222222
1 0.83203125 0.24861111111111112 0.05572916666666667 0.06759259259259259
1 0.571875 0.34305555555555556 0.06354166666666666 0.09907407407407408
1 0.38958333333333334 0.2671296296296296 0.04895833333333333 0.0712962962962963
1 0.5153645833333333 0.19768518518518519 0.0421875 0.06759259259259259
1 0.4940104166666667 0.2671296296296296 0.05677083333333333 0.09166666666666666
1 0.93671875 0.34074074074074073 0.06822916666666666 0.09444444444444444
1 0.5828125 0.16620370370370371 0.0375 0.03981481481481482
1 0.4828125 0.17962962962962964 0.03333333333333333 0.04814814814814815
1 0.7390625 0.2412037037037037 0.051041666666666666 0.05092592592592592
1 0.1984375 0.29305555555555557 0.05 0.0787037037037037
1 0.625 0.1597222222222222 0.0375 0.04537037037037037
1 0.38255208333333335 0.16944444444444445 0.033854166666666664 0.044444444444444446
1 0.7653645833333333 0.36203703703703705 0.07552083333333333 0.1111111111111111
1 0.703125 0.18888888888888888 0.04375 0.07222222222222222
1 0.54375 0.49027777777777776 0.11145833333333334 0.175
1 0.4473958333333333 0.15324074074074073 0.035416666666666666 0.05277777777777778
1 0.29348958333333336 0.2828703703703704 0.050520833333333334 0.06944444444444445
1 0.44166666666666665 0.21712962962962962 0.04791666666666667 0.06574074074074074
1 0.3651041666666667 0.23472222222222222 0.04479166666666667 0.06944444444444445
1 0.23671875 0.7814814814814814 0.11822916666666666 0.2
1 0.4671875 0.24166666666666667 0.042708333333333334 0.07222222222222222
1 0.9520833333333333 0.24675925925925926 0.053125 0.06574074074074074
1 0.2828125 0.25555555555555554 0.04895833333333333 0.06666666666666667
1 0.9708333333333333 0.30092592592592593 0.057291666666666664 0.08703703703703704
1 0.20651041666666667 0.11944444444444445 0.0265625 0.040740740740740744
1 0.41302083333333334 0.18703703703703703 0.03958333333333333 0.06666666666666667
1 0.7919270833333333 0.22916666666666666 0.04739583333333333 0.06759259259259259
1 0.78203125 0.7851851851851852 0.15052083333333333 0.2037037037037037
1 0.17161458333333332 0.17222222222222222 0.034895833333333334 0.044444444444444446
1 0.2830729166666667 0.12037037037037036 0.025520833333333333 0.044444444444444446
1 0.7830729166666667 0.18101851851851852 0.044270833333333336 0.032407407407407406
1 0.36328125 0.14629629629629629 0.0296875 0.044444444444444446
1 0.86171875 0.16018518518518518 0.0359375 0.05925925925925926
1 0.3104166666666667 0.16342592592592592 0.03229166666666667 0.05648148148148148
1 0.3260416666666667 0.17731481481481481 0.036458333333333336 0.062037037037037036
1 0.9046875 0.26435185185185184 0.057291666666666664 0.0712962962962963
1 0.6822916666666666 0.1527777777777778 0.035416666666666666 0.05740740740740741
1 0.23359375 0.14814814814814814 0.03697916666666667 0.06296296296296296
1 0.5729166666666666 0.10601851851851851 0.03229166666666667 0.049074074074074076
1 0.17057291666666666 0.1259259259259259 0.030729166666666665 0.024074074074074074
1 0.43333333333333335 0.1361111111111111 0.030208333333333334 0.040740740740740744
1 0.45989583333333334 0.08425925925925926 0.026041666666666668 0.040740740740740744
1 0.42291666666666666 0.20972222222222223 0.025 0.05648148148148148
1 0.42630208333333336 0.07314814814814814 0.034895833333333334 0.037037037037037035
1 0.5200520833333333 0.799074074074074 0.1453125 0.19814814814814816
1 0.6557291666666667 0.13842592592592592 0.03229166666666667 0.05648148148148148
1 0.3453125 0.13055555555555556 0.030208333333333334 0.037037037037037035
1 0.3458333333333333 0.20416666666666666 0.040625 0.06944444444444445
1 0.2986979166666667 0.13842592592592592 0.0328125 0.05462962962962963
1 0.5354166666666667 0.1412037037037037 0.03125 0.032407407407407406
1 0.4140625 0.1310185185185185 0.029166666666666667 0.04351851851851852
1 0.4786458333333333 0.09583333333333334 0.023958333333333335 0.032407407407407406
1 0.18463541666666666 0.24074074074074073 0.049479166666666664 0.05185185185185185
1 0.5359375 0.11574074074074074 0.029166666666666667 0.037037037037037035
1 0.8828125 0.22546296296296298 0.053125 0.075
1 0.16979166666666667 0.14675925925925926 0.030208333333333334 0.032407407407407406
1 0.16614583333333333 0.10324074074074074 0.03125 0.04351851851851852
1 0.575 0.07685185185185185 0.020833333333333332 0.014814814814814815
1 0.3341145833333333 0.11574074074074074 0.0390625 0.04259259259259259
1 0.2526041666666667 0.175 0.03854166666666667 0.05
1 0.5541666666666667 0.09814814814814815 0.019791666666666666 0.03888888888888889
1 0.6075520833333333 0.10324074074074074 0.0234375 0.030555555555555555
1 0.20677083333333332 0.6509259259259259 0.11666666666666667 0.21666666666666667
1 0.2713541666666667 0.23796296296296296 0.040625 0.06481481481481481
1 0.32473958333333336 0.0712962962962963 0.021354166666666667 0.024074074074074074
1 0.5221354166666666 0.11388888888888889 0.022395833333333334 0.04259259259259259
1 0.26119791666666664 0.2111111111111111 0.0453125 0.05925925925925926
1 0.6794270833333333 0.10694444444444444 0.0171875 0.030555555555555555
1 0.4158854166666667 0.10740740740740741 0.030729166666666665 0.024074074074074074
1 0.6244791666666667 0.1259259259259259 0.027083333333333334 0.02962962962962963
1 0.35078125 0.0824074074074074 0.022395833333333334 0.02962962962962963
1 0.74921875 0.12314814814814815 0.011979166666666667 0.05740740740740741
1 0.175 0.21944444444444444 0.04895833333333333 0.07222222222222222
1 0.5908854166666667 0.1287037037037037 0.030729166666666665 0.03888888888888889
1 0.18385416666666668 0.08009259259259259 0.011458333333333333 0.023148148148148147
1 0.19010416666666666 0.26990740740740743 0.046875 0.06574074074074074