2 0.915625 0.16527777777777777 0.09166666666666666 0.1527777777777778
2 0.5796875 0.29212962962962963 0.08645833333333333 0.16944444444444445
1 0.69296875 0.6648148148148149 0.1328125 0.1685185185185185
1 0.8872395833333333 0.30648148148148147 0.06510416666666667 0.06481481481481481
1 0.815625 0.5722222222222222 0.1125 0.14444444444444443
1 0.46953125 0.9476851851851852 0.19427083333333334 0.10277777777777777
1 0.9317708333333333 0.27361111111111114 0.06041666666666667 0.07314814814814814
1 0.8895833333333333 0.4703703703703704 0.1 0.12407407407407407
1 0.5713541666666667 0.5277777777777778 0.09270833333333334 0.12962962962962962
1 0.19947916666666668 0.45092592592592595 0.075 0.1
1 0.5325520833333334 0.47314814814814815 0.0859375 0.10925925925925926
1 0.43776041666666665 0.3296296296296296 0.06302083333333333 0.08703703703703704
1 0.3216145833333333 0.3388888888888889 0.06510416666666667 0.08518518518518518
1 0.46510416666666665 0.24074074074074073 0.04375 0.06666666666666667
1 0.6450520833333333 0.387037037037037 0.08802083333333334 0.14444444444444443
1 0.19375 0.4050925925925926 0.07395833333333333 0.09166666666666666
1 0.37838541666666664 0.49675925925925923 0.09114583333333333 0.14722222222222223
1 0.8145833333333333 0.8393518518518519 0.1625 0.26944444444444443
1 0.7677083333333333 0.2523148148148148 0.058333333333333334 0.04722222222222222
1 0.6815104166666667 0.18888888888888888 0.04114583333333333 0.05555555555555555
1 0.8450520833333334 0.2513888888888889 0.05364583333333333 0.07314814814814814
1 0.5239583333333333 0.3111111111111111 0.035416666666666666 0.07962962962962963
1 0.3502604166666667 0.462037037037037 0.0703125 0.11481481481481481
1 0.5049479166666667 0.2847222222222222 0.05260416666666667 0.0712962962962963
1 0.41041666666666665 0.29814814814814816 0.05 0.08148148148148149
1 0.5744791666666667 0.14166666666666666 0.03229166666666667 0.03888888888888889
1 0.26901041666666664 0.24351851851851852 0.04739583333333333 0.06481481481481481
1 0.2526041666666667 0.1837962962962963 0.035416666666666666 0.049074074074074076
1 0.515625 0.2023148148148148 0.04375 0.06944444444444445
1 0.5434895833333333 0.22453703703703703 0.0390625 0.06388888888888888
1 0.30442708333333335 0.3013888888888889 0.0671875 0.10833333333333334
1 0.61015625 0.1527777777777778 0.033854166666666664 0.05
1 0.35494791666666664 0.2462962962962963 0.0296875 0.06666666666666667
1 0.3294270833333333 0.2050925925925926 0.043229166666666666 0.04537037037037037
1 0.39036458333333335 0.2537037037037037 0.05677083333333333 0.0962962962962963
1 0.19088541666666667 0.14583333333333334 0.0265625 0.03981481481481482
1 0.175 0.3453703703703704 0.058333333333333334 0.09444444444444444
1 0.4375 0.21712962962962962 0.04375 0.06018518518518518
1 0.9658854166666667 0.25046296296296294 0.05364583333333333 0.08611111111111111
1 0.3458333333333333 0.12731481481481483 0.03125 0.04722222222222222
1 0.3921875 0.15694444444444444 0.035416666666666666 0.04351851851851852
1 0.24348958333333334 0.16805555555555557 0.04114583333333333 0.04351851851851852
1 0.215625 0.11018518518518519 0.030208333333333334 0.04814814814814815
1 0.6666666666666666 0.17453703703703705 0.0375 0.05462962962962963
1 0.64140625 0.16064814814814815 0.03697916666666667 0.06388888888888888
1 0.5111979166666667 0.11064814814814815 0.0171875 0.03796296296296296
1 0.3109375 0.15833333333333333 0.03958333333333333 0.046296296296296294
1 0.18645833333333334 0.23564814814814813 0.040625 0.03981481481481482
1 0.25625 0.09074074074074075 0.020833333333333332 0.03518518518518519
1 0.37526041666666665 0.09814814814814815 0.0328125 0.04259259259259259
1 0.28359375 0.12453703703703704 0.030729166666666665 0.04722222222222222
1 0.415625 0.18935185185185185 0.0375 0.03796296296296296
1 0.396875 0.11342592592592593 0.023958333333333335 0.032407407407407406
1 0.32760416666666664 0.11851851851851852 0.020833333333333332 0.03333333333333333
1 0.184375 0.1865740740740741 0.0375 0.04722222222222222
1 0.7458333333333333 0.15416666666666667 0.015625 0.041666666666666664
1 0.23046875 0.12731481481481483 0.03177083333333333 0.03796296296296296
1 0.26979166666666665 0.10185185185185185 0.029166666666666667 0.040740740740740744
1 0.36875 0.14629629629629629 0.034375 0.05
1 0.8044270833333333 0.1675925925925926 0.034895833333333334 0.06111111111111111
1 0.35651041666666666 0.0837962962962963 0.0234375 0.03611111111111111
1 0.81484375 0.1736111111111111 0.0328125 0.041666666666666664
1 0.31796875 0.10462962962962963 0.033854166666666664 0.03333333333333333
1 0.2986979166666667 0.14305555555555555 0.030729166666666665 0.05092592592592592
1 0.16536458333333334 0.12777777777777777 0.0265625 0.03518518518518519
1 0.46901041666666665 0.08657407407407407 0.021354166666666667 0.03796296296296296
1 0.4440104166666667 0.07916666666666666 0.0234375 0.032407407407407406
1 0.3841145833333333 0.19212962962962962 0.0390625 0.030555555555555555
1 0.66796875 0.13055555555555556 0.0359375 0.03888888888888889
1 0.9809895833333333 0.18333333333333332 0.03697916666666667 0.05
1 0.35598958333333336 0.22314814814814815 0.05260416666666667 0.06481481481481481
1 0.41328125 0.12546296296296297 0.025520833333333333 0.04722222222222222
1 0.18723958333333332 0.30092592592592593 0.0515625 0.09814814814814815
1 0.6877604166666667 0.11527777777777778 0.027604166666666666 0.026851851851851852
1 0.846875 0.2023148148148148 0.026041666666666668 0.030555555555555555
1 0.8518229166666667 0.17777777777777778 0.04739583333333333 0.06296296296296296
1 0.2390625 0.1398148148148148 0.036458333333333336 0.025925925925925925
1 0.98984375 0.22592592592592592 0.019270833333333334 0.07777777777777778