2 0.7385416666666667 0.10925925925925926 0.057291666666666664 0.1259259259259259
2 0.665625 0.09444444444444444 0.051041666666666666 0.1037037037037037
1 0.76640625 0.5087962962962963 0.10364583333333334 0.13240740740740742
1 0.6244791666666667 0.5824074074074074 0.115625 0.15185185185185185
1 0.4088541666666667 0.6060185185185185 0.11145833333333334 0.14907407407407408
1 0.42994791666666665 0.32546296296296295 0.0609375 0.08425925925925926
1 0.9403645833333333 0.6712962962962963 0.11822916666666666 0.17777777777777778
1 0.47552083333333334 0.39444444444444443 0.08854166666666667 0.13148148148148148
1 0.04088541666666667 0.4777777777777778 0.08177083333333333 0.13333333333333333
1 0.36796875 0.5476851851851852 0.10677083333333333 0.13796296296296295
1 0.20833333333333334 0.3648148148148148 0.06145833333333333 0.09444444444444444
1 0.25859375 0.9324074074074075 0.17864583333333334 0.13333333333333333
1 0.5734375 0.5023148148148148 0.103125 0.15833333333333333
1 0.6395833333333333 0.399537037037037 0.07604166666666666 0.11018518518518519
1 0.32083333333333336 0.350462962962963 0.06041666666666667 0.08055555555555556
1 0.7190104166666667 0.9685185185185186 0.18697916666666667 0.06111111111111111
1 0.7234375 0.7375 0.165625 0.2601851851851852
1 0.6875 0.44907407407407407 0.090625 0.12777777777777777
1 0.4903645833333333 0.2574074074074074 0.05572916666666667 0.07592592592592592
1 0.4140625 0.19814814814814816 0.03854166666666667 0.05555555555555555
1 0.9140625 0.18518518518518517 0.040625 0.053703703703703705
1 0.5388020833333333 0.21851851851851853 0.043229166666666666 0.06296296296296296
1 0.9125 0.31296296296296294 0.06666666666666667 0.07037037037037037
1 0.30546875 0.30648148148148147 0.05677083333333333 0.07777777777777778
1 0.5294270833333333 0.2898148148148148 0.05364583333333333 0.08333333333333333
1 0.95078125 0.19490740740740742 0.044270833333333336 0.05462962962962963
1 0.9604166666666667 0.29768518518518516 0.058333333333333334 0.07314814814814814
1 0.38723958333333336 0.16620370370370371 0.034895833333333334 0.049074074074074076
1 0.96484375 0.500462962962963 0.06927083333333334 0.15092592592592594
1 0.49192708333333335 0.18287037037037038 0.04114583333333333 0.062037037037037036
1 0.58984375 0.33055555555555555 0.0703125 0.1111111111111111
1 0.64296875 0.19166666666666668 0.04114583333333333 0.044444444444444446
1 0.5635416666666667 0.13194444444444445 0.03333333333333333 0.041666666666666664
1 0.6979166666666666 0.18981481481481483 0.040625 0.05925925925925926
1 0.5809895833333333 0.23935185185185184 0.049479166666666664 0.0824074074074074
1 0.5044270833333333 0.10277777777777777 0.024479166666666666 0.037037037037037035
1 0.39296875 0.2791666666666667 0.05677083333333333 0.0787037037037037
1 0.7723958333333333 0.2518518518518518 0.052083333333333336 0.05925925925925926
1 0.25859375 0.2023148148148148 0.033854166666666664 0.05648148148148148
1 0.825 0.19444444444444445 0.04375 0.03888888888888889
1 0.8325520833333333 0.2800925925925926 0.05572916666666667 0.05648148148148148
1 0.8700520833333333 0.19490740740740742 0.04114583333333333 0.06018518518518518
1 0.32734375 0.1884259259259259 0.0328125 0.062037037037037036
1 0.73203125 0.2050925925925926 0.0453125 0.06018518518518518
1 0.19791666666666666 0.13287037037037036 0.027083333333333334 0.04722222222222222
1 0.17213541666666668 0.19675925925925927 0.03697916666666667 0.05277777777777778
1 0.6294270833333333 0.15787037037037038 0.03802083333333333 0.062037037037037036
1 0.7375 0.2351851851851852 0.042708333333333334 0.05555555555555555
1 0.9768229166666667 0.3662037037037037 0.0453125 0.10833333333333334
1 0.18828125 0.31805555555555554 0.0609375 0.10462962962962963
1 0.5229166666666667 0.13148148148148148 0.026041666666666668 0.02962962962962963
1 0.44895833333333335 0.21851851851851853 0.04479166666666667 0.07592592592592592
1 0.4830729166666667 0.11296296296296296 0.025520833333333333 0.027777777777777776
1 0.28411458333333334 0.2824074074074074 0.04739583333333333 0.07777777777777778
1 0.3338541666666667 0.07314814814814814 0.028125 0.02962962962962963
1 0.29401041666666666 0.1337962962962963 0.0296875 0.05092592592592592
1 0.3614583333333333 0.1486111111111111 0.03229166666666667 0.03981481481481482
1 0.7072916666666667 0.15601851851851853 0.035416666666666666 0.03981481481481482
1 0.22864583333333333 0.12037037037037036 0.03125 0.04814814814814815
1 0.46901041666666665 0.24722222222222223 0.044270833333333336 0.06666666666666667
1 0.41015625 0.06759259259259259 0.021354166666666667 0.024074074074074074
1 0.4544270833333333 0.1537037037037037 0.027604166666666666 0.05
1 0.34739583333333335 0.20324074074074075 0.03958333333333333 0.06944444444444445
1 0.4703125 0.16296296296296298 0.034375 0.04814814814814815
1 0.27630208333333334 0.24537037037037038 0.049479166666666664 0.06851851851851852
1 0.44166666666666665 0.1425925925925926 0.035416666666666666 0.05925925925925926
1 0.79296875 0.14074074074074075 0.03697916666666667 0.05740740740740741
1 0.15494791666666666 0.09861111111111111 0.0328125 0.023148148148148147
1 0.5966145833333333 0.11527777777777778 0.03177083333333333 0.05092592592592592
1 0.37161458333333336 0.23842592592592593 0.0453125 0.0787037037037037
1 0.6127604166666667 0.08564814814814815 0.021354166666666667 0.030555555555555555
1 0.43802083333333336 0.07083333333333333 0.022916666666666665 0.030555555555555555
1 0.24921875 0.1787037037037037 0.0484375 0.046296296296296294
1 0.5388020833333333 0.09259259259259259 0.033854166666666664 0.044444444444444446
1 0.8174479166666667 0.2337962962962963 0.0484375 0.06759259259259259
1 0.35494791666666664 0.0837962962962963 0.022395833333333334 0.030555555555555555
1 0.62421875 0.12407407407407407 0.0328125 0.044444444444444446
1 0.3640625 0.09398148148148149 0.023958333333333335 0.03425925925925926
1 0.7606770833333333 0.17314814814814813 0.021354166666666667 0.044444444444444446
1 0.5182291666666666 0.062037037037037036 0.03125 0.024074074074074074
1 0.8815104166666666 0.2652777777777778 0.0515625 0.06944444444444445
1 0.24296875 0.14629629629629629 0.044270833333333336 0.03148148148148148
1 0.253125 0.08055555555555556 0.021875 0.03333333333333333
1 0.17526041666666667 0.2388888888888889 0.0546875 0.053703703703703705
1 0.48802083333333335 0.0712962962962963 0.020833333333333332 0.024074074074074074
1 0.8604166666666667 0.2199074074074074 0.04479166666666667 0.06388888888888888
1 0.31171875 0.10462962962962963 0.018229166666666668 0.03333333333333333
1 0.16744791666666667 0.08101851851851852 0.033854166666666664 0.028703703703703703
1 0.5736979166666667 0.11064814814814815 0.0203125 0.032407407407407406
1 0.16848958333333333 0.16666666666666666 0.034895833333333334 0.040740740740740744
1 0.31171875 0.15694444444444444 0.03697916666666667 0.05648148148148148
1 0.5200520833333333 0.08472222222222223 0.018229166666666668 0.03611111111111111
1 0.178125 0.27314814814814814 0.05625 0.07407407407407407
1 0.6330729166666667 0.09398148148148149 0.019270833333333334 0.026851851851851852
1 0.19479166666666667 0.0824074074074074 0.022916666666666665 0.025925925925925925
1 0.15546875 0.11296296296296296 0.0328125 0.05
1 0.16848958333333333 0.14675925925925926 0.04010416666666667 0.03796296296296296
1 0.37838541666666664 0.26481481481481484 0.0359375 0.06851851851851852
1 0.4783854166666667 0.09027777777777778 0.03177083333333333 0.03796296296296296
1 0.33203125 0.11018518518518519 0.030729166666666665 0.040740740740740744
1 0.27369791666666665 0.21064814814814814 0.04114583333333333 0.04537037037037037
1 0.9934895833333334 0.28055555555555556 0.011979166666666667 0.06481481481481481
1 0.771875 0.12407407407407407 0.017708333333333333 0.040740740740740744