2 0.7104166666666667 0.10092592592592593 0.05520833333333333 0.11851851851851852
2 0.6484375 0.09074074074074075 0.05 0.09444444444444444
1 0.32057291666666665 0.6768518518518518 0.1296875 0.16666666666666666
1 0.46328125 0.737037037037037 0.13802083333333334 0.17777777777777778
1 0.8760416666666667 0.6037037037037037 0.12291666666666666 0.15555555555555556
1 0.7151041666666667 0.7023148148148148 0.13958333333333334 0.1824074074074074
1 0.5119791666666667 0.4513888888888889 0.1 0.15092592592592594
1 0.6416666666666667 0.5884259259259259 0.11979166666666667 0.18425925925925926
1 0.33984375 0.39166666666666666 0.06927083333333334 0.08888888888888889
1 0.7734375 0.5231481481481481 0.10520833333333333 0.15
1 0.20729166666666668 0.412962962962963 0.06979166666666667 0.10740740740740741
1 0.7088541666666667 0.45555555555555555 0.09375 0.12222222222222222
1 0.9005208333333333 0.8893518518518518 0.19791666666666666 0.21944444444444444
1 0.45807291666666666 0.36157407407407405 0.0671875 0.09351851851851851
1 0.978125 0.2675925925925926 0.042708333333333334 0.08703703703703704
1 0.5166666666666667 0.2833333333333333 0.06041666666666667 0.08148148148148149
1 0.6393229166666666 0.36944444444444446 0.07760416666666667 0.12407407407407407
1 0.55546875 0.3189814814814815 0.059895833333333336 0.09166666666666666
1 0.61484375 0.26342592592592595 0.0546875 0.08796296296296297
1 0.5697916666666667 0.23935185185185184 0.046875 0.06759259259259259
1 0.4934895833333333 0.2689814814814815 0.043229166666666666 0.0712962962962963
1 0.90546875 0.18101851851851852 0.04114583333333333 0.05277777777777778
1 0.6067708333333334 0.17453703703703705 0.036458333333333336 0.03981481481481482
1 0.41510416666666666 0.30648148148148147 0.058333333333333334 0.08518518518518518
1 0.4002604166666667 0.17731481481481481 0.03802083333333333 0.04722222222222222
1 0.2984375 0.31296296296296294 0.053125 0.07962962962962963
1 0.87734375 0.26342592592592595 0.05260416666666667 0.06574074074074074
1 0.8744791666666667 0.1712962962962963 0.034375 0.05
1 0.26458333333333334 0.21666666666666667 0.040625 0.05925925925925926
1 0.6625 0.1763888888888889 0.03854166666666667 0.05648148148148148
1 0.825 0.18055555555555555 0.0375 0.05555555555555555
1 0.6760416666666667 0.1439814814814815 0.03333333333333333 0.03796296296296296
1 0.36276041666666664 0.21944444444444444 0.044270833333333336 0.07407407407407407
1 0.71640625 0.23194444444444445 0.04739583333333333 0.06018518518518518
1 0.9364583333333333 0.24537037037037038 0.05520833333333333 0.06296296296296296
1 0.19348958333333333 0.14027777777777778 0.025520833333333333 0.04722222222222222
1 0.4895833333333333 0.18333333333333332 0.03958333333333333 0.06296296296296296
1 0.1734375 0.20925925925925926 0.03854166666666667 0.053703703703703705
1 0.4661458333333333 0.23564814814814813 0.04895833333333333 0.08055555555555556
1 0.46770833333333334 0.16620370370370371 0.03229166666666667 0.05277777777777778
1 0.16197916666666667 0.35509259259259257 0.06875 0.11203703703703703
1 0.38567708333333334 0.2587962962962963 0.050520833333333334 0.08611111111111111
1 0.9197916666666667 0.3162037037037037 0.07708333333333334 0.08981481481481482
1 0.8338541666666667 0.2773148148148148 0.06041666666666667 0.06018518518518518
1 0.7286458333333333 0.15925925925925927 0.035416666666666666 0.04259259259259259
1 0.43359375 0.21342592592592594 0.04010416666666667 0.06018518518518518
1 0.6872395833333333 0.21064814814814814 0.0390625 0.04351851851851852
1 0.2994791666666667 0.14351851851851852 0.03229166666666667 0.05185185185185185
1 0.6971354166666667 0.1824074074074074 0.0421875 0.040740740740740744
1 0.4671875 0.10787037037037037 0.027083333333333334 0.030555555555555555
1 0.4903645833333333 0.09907407407407408 0.0234375 0.03518518518518519
1 0.7674479166666667 0.13333333333333333 0.03697916666666667 0.05555555555555555
1 0.24947916666666667 0.1787037037037037 0.042708333333333334 0.07222222222222222
1 0.34140625 0.07731481481481481 0.027604166666666666 0.03611111111111111
1 0.60078125 0.14444444444444443 0.0359375 0.05925925925925926
1 0.33932291666666664 0.11574074074074074 0.03697916666666667 0.040740740740740744
1 0.8119791666666667 0.2388888888888889 0.04895833333333333 0.07037037037037037
1 0.28489583333333335 0.2652777777777778 0.053125 0.07314814814814814
1 0.45625 0.15324074074074073 0.0375 0.06018518518518518
1 0.7674479166666667 0.2518518518518518 0.0484375 0.05185185185185185
1 0.3971354166666667 0.2884259259259259 0.043229166666666666 0.07314814814814814
1 0.8078125 0.1962962962962963 0.040625 0.03333333333333333
1 0.8786458333333333 0.29907407407407405 0.03854166666666667 0.05185185185185185
1 0.7315104166666667 0.2 0.03802083333333333 0.06111111111111111
1 0.17447916666666666 0.29814814814814816 0.06145833333333333 0.07407407407407407
1 0.31875 0.16111111111111112 0.042708333333333334 0.046296296296296294
1 0.5546875 0.11481481481481481 0.019791666666666666 0.053703703703703705
1 0.5158854166666667 0.2 0.0453125 0.06851851851851852
1 0.3380208333333333 0.20555555555555555 0.034375 0.05925925925925926
1 0.16953125 0.16944444444444445 0.04114583333333333 0.06111111111111111
1 0.6705729166666666 0.11481481481481481 0.027604166666666666 0.03888888888888889
1 0.3072916666666667 0.09675925925925925 0.022916666666666665 0.03425925925925926
1 0.25546875 0.08518518518518518 0.024479166666666666 0.03518518518518519
1 0.5083333333333333 0.12314814814814815 0.028125 0.03333333333333333
1 0.29296875 0.13287037037037036 0.027604166666666666 0.05092592592592592
1 0.37161458333333336 0.10185185185185185 0.025520833333333333 0.03333333333333333
1 0.7466145833333333 0.11944444444444445 0.021354166666666667 0.044444444444444446
1 0.4747395833333333 0.06296296296296296 0.018229166666666668 0.018518518518518517
1 0.60546875 0.10925925925925926 0.0265625 0.02962962962962963
1 0.7791666666666667 0.19027777777777777 0.03958333333333333 0.058333333333333334
1 0.57578125 0.11064814814814815 0.03177083333333333 0.04722222222222222
1 0.5927083333333333 0.0787037037037037 0.019791666666666666 0.024074074074074074
1 0.27734375 0.22870370370370371 0.04010416666666667 0.04814814814814815
1 0.3182291666666667 0.1087962962962963 0.017708333333333333 0.030555555555555555
1 0.17604166666666668 0.18981481481481483 0.03854166666666667 0.05185185185185185
1 0.2760416666666667 0.11481481481481481 0.03125 0.03888888888888889
1 0.32109375 0.337037037037037 0.06197916666666667 0.08518518518518518
1 0.18020833333333333 0.2569444444444444 0.04791666666666667 0.05462962962962963
1 0.37213541666666666 0.1597222222222222 0.03697916666666667 0.04351851851851852