2 0.6091145833333333 0.08564814814814815 0.09427083333333333 0.0824074074074074
1 0.4354166666666667 0.6546296296296297 0.11666666666666667 0.15
1 0.24348958333333334 0.736574074074074 0.13489583333333333 0.18611111111111112
1 0.82578125 0.8833333333333333 0.1984375 0.23148148148148148
1 0.49713541666666666 0.2800925925925926 0.0578125 0.0712962962962963
1 0.38333333333333336 0.5212962962962963 0.09270833333333334 0.12777777777777777
1 0.53515625 0.4564814814814815 0.0859375 0.1259259259259259
1 0.3294270833333333 0.3731481481481482 0.06927083333333334 0.09259259259259259
1 0.6645833333333333 0.41805555555555557 0.0875 0.11574074074074074
1 0.12291666666666666 0.39166666666666666 0.071875 0.11481481481481481
1 0.4869791666666667 0.4148148148148148 0.065625 0.10185185185185185
1 0.6361979166666667 0.5833333333333334 0.10677083333333333 0.14814814814814814
1 0.63203125 0.387037037037037 0.0671875 0.10555555555555556
1 0.5627604166666667 0.3212962962962963 0.06927083333333334 0.10740740740740741
1 0.6377604166666667 0.27870370370370373 0.059895833333333336 0.0962962962962963
1 0.2859375 0.2847222222222222 0.04895833333333333 0.07685185185185185
1 0.74765625 0.48194444444444445 0.09114583333333333 0.13425925925925927
1 0.38619791666666664 0.274537037037037 0.043229166666666666 0.07314814814814814
1 0.1984375 0.4273148148148148 0.08333333333333333 0.11203703703703703
1 0.9815104166666667 0.3162037037037037 0.0359375 0.08796296296296297
1 0.9104166666666667 0.6300925925925925 0.13125 0.20833333333333334
1 0.51171875 0.1287037037037037 0.0296875 0.03333333333333333
1 0.3606770833333333 0.4675925925925926 0.08072916666666667 0.12037037037037036
1 0.4203125 0.20879629629629629 0.042708333333333334 0.06018518518518518
1 0.55078125 0.2273148148148148 0.0453125 0.0712962962962963
1 0.7375 0.24166666666666667 0.053125 0.05
1 0.7223958333333333 0.3509259259259259 0.071875 0.0962962962962963
1 0.596875 0.25 0.052083333333333336 0.08148148148148149
1 0.42213541666666665 0.29583333333333334 0.058854166666666666 0.09351851851851851
1 0.8653645833333333 0.21851851851851853 0.0265625 0.06666666666666667
1 0.31536458333333334 0.32037037037037036 0.0578125 0.08333333333333333
1 0.8276041666666667 0.40370370370370373 0.084375 0.13148148148148148
1 0.7395833333333334 0.17777777777777778 0.040625 0.053703703703703705
1 0.9739583333333334 0.2638888888888889 0.051041666666666666 0.07777777777777778
1 0.18723958333333332 0.34675925925925927 0.06510416666666667 0.06018518518518518
1 0.684375 0.1726851851851852 0.035416666666666666 0.030555555555555555
1 0.90625 0.2726851851851852 0.058333333333333334 0.08611111111111111
1 0.44947916666666665 0.23148148148148148 0.04791666666666667 0.06481481481481481
1 0.4640625 0.36527777777777776 0.075 0.11388888888888889
1 0.53515625 0.20972222222222223 0.0484375 0.08055555555555556
1 0.384375 0.16342592592592592 0.030208333333333334 0.04351851851851852
1 0.68203125 0.20694444444444443 0.050520833333333334 0.062037037037037036
1 0.33046875 0.2023148148148148 0.0328125 0.05462962962962963
1 0.9106770833333333 0.2064814814814815 0.0390625 0.04814814814814815
1 0.6893229166666667 0.13333333333333333 0.03177083333333333 0.044444444444444446
1 0.4875 0.09907407407407408 0.026041666666666668 0.03333333333333333
1 0.22109375 0.11296296296296296 0.0328125 0.044444444444444446
1 0.6098958333333333 0.17731481481481481 0.036458333333333336 0.03796296296296296
1 0.7442708333333333 0.13194444444444445 0.027083333333333334 0.03981481481481482
1 0.2981770833333333 0.13703703703703704 0.03177083333333333 0.040740740740740744
1 0.37421875 0.09722222222222222 0.030729166666666665 0.04259259259259259
1 0.5760416666666667 0.12638888888888888 0.027083333333333334 0.028703703703703703
1 0.3567708333333333 0.2152777777777778 0.04375 0.07685185185185185
1 0.17213541666666668 0.26944444444444443 0.04739583333333333 0.06481481481481481
1 0.33541666666666664 0.11712962962962963 0.027083333333333334 0.041666666666666664
1 0.6497395833333334 0.18981481481481483 0.0328125 0.040740740740740744
1 0.6484375 0.16805555555555557 0.036458333333333336 0.04537037037037037
1 0.884375 0.19537037037037036 0.03229166666666667 0.053703703703703705
1 0.94765625 0.22037037037037038 0.05260416666666667 0.06296296296296296
1 0.33255208333333336 0.17037037037037037 0.03802083333333333 0.04259259259259259
1 0.76953125 0.13518518518518519 0.025520833333333333 0.03148148148148148
1 0.18203125 0.23935185185185184 0.043229166666666666 0.062037037037037036
1 0.2625 0.22824074074074074 0.05520833333333333 0.08981481481481482
1 0.7942708333333334 0.17314814814814813 0.015625 0.02962962962962963
1 0.5885416666666666 0.1 0.028125 0.04259259259259259
1 0.6151041666666667 0.1486111111111111 0.03229166666666667 0.049074074074074076
1 0.4122395833333333 0.1814814814814815 0.0421875 0.06481481481481481
1 0.16875 0.2125 0.03958333333333333 0.07314814814814814
1 0.35390625 0.1361111111111111 0.027604166666666666 0.03888888888888889
1 0.5856770833333333 0.16296296296296298 0.030729166666666665 0.03518518518518519
1 0.5552083333333333 0.08518518518518518 0.020833333333333332 0.046296296296296294
1 0.5130208333333334 0.08472222222222223 0.025 0.041666666666666664
1 0.375 0.24953703703703703 0.04479166666666667 0.06759259259259259
1 0.6924479166666667 0.10740740740740741 0.0296875 0.04259259259259259
1 0.3765625 0.15046296296296297 0.03125 0.04722222222222222
1 0.7536458333333333 0.15601851851851853 0.035416666666666666 0.05277777777777778
1 0.5338541666666666 0.06435185185185185 0.020833333333333332 0.026851851851851852
1 0.33697916666666666 0.13148148148148148 0.019791666666666666 0.03333333333333333
1 0.40598958333333335 0.11666666666666667 0.028645833333333332 0.044444444444444446
1 0.56328125 0.1527777777777778 0.027604166666666666 0.02962962962962963
1 0.5239583333333333 0.10972222222222222 0.022916666666666665 0.041666666666666664
1 0.41302083333333334 0.12731481481481483 0.030208333333333334 0.041666666666666664
1 0.61953125 0.12546296296296297 0.0296875 0.04537037037037037
1 0.26614583333333336 0.10138888888888889 0.029166666666666667 0.041666666666666664
1 0.18125 0.18981481481481483 0.0375 0.040740740740740744
1 0.675 0.1449074074074074 0.03229166666666667 0.03611111111111111
1 0.7765625 0.22453703703703703 0.06458333333333334 0.07685185185185185
1 0.31328125 0.09814814814814815 0.027604166666666666 0.037037037037037035
1 0.21822916666666667 0.08518518518518518 0.027083333333333334 0.02962962962962963
1 0.28177083333333336 0.1175925925925926 0.035416666666666666 0.03518518518518519
1 0.346875 0.08148148148148149 0.019791666666666666 0.03148148148148148
1 0.96171875 0.1712962962962963 0.0546875 0.046296296296296294
1 0.24505208333333334 0.16064814814814815 0.0390625 0.05462962962962963
1 0.44895833333333335 0.08703703703703704 0.026041666666666668 0.040740740740740744
1 0.834375 0.23425925925925925 0.0625 0.0962962962962963
1 0.31302083333333336 0.1638888888888889 0.029166666666666667 0.05925925925925926
1 0.23828125 0.13564814814814816 0.03802083333333333 0.03425925925925926
1 0.26197916666666665 0.19212962962962962 0.06041666666666667 0.058333333333333334
1 0.1703125 0.13796296296296295 0.03958333333333333 0.06111111111111111
1 0.9908854166666666 0.21296296296296297 0.0171875 0.03148148148148148