2 0.7302083333333333 0.10324074074074074 0.058333333333333334 0.11574074074074074
2 0.6611979166666667 0.09305555555555556 0.049479166666666664 0.10092592592592593
1 0.79140625 0.5314814814814814 0.1078125 0.1388888888888889
1 0.3609375 0.5726851851851852 0.11145833333333334 0.1398148148148148
1 0.48333333333333334 0.4078703703703704 0.09166666666666666 0.13425925925925927
1 0.9596354166666666 0.7083333333333334 0.0796875 0.18888888888888888
1 0.41848958333333336 0.6351851851851852 0.11510416666666666 0.15555555555555556
1 0.6567708333333333 0.41064814814814815 0.08541666666666667 0.11203703703703703
1 0.6442708333333333 0.6083333333333333 0.12083333333333333 0.15925925925925927
1 0.5890625 0.5222222222222223 0.10625 0.16296296296296298
1 0.27265625 0.9606481481481481 0.15364583333333334 0.07685185185185185
1 0.20807291666666666 0.37592592592592594 0.06302083333333333 0.09814814814814815
1 0.43697916666666664 0.3337962962962963 0.0625 0.08611111111111111
1 0.32473958333333336 0.3597222222222222 0.06197916666666667 0.08425925925925926
1 0.028385416666666666 0.4962962962962963 0.05677083333333333 0.13518518518518519
1 0.49661458333333336 0.2638888888888889 0.0578125 0.07777777777777778
1 0.7067708333333333 0.46620370370370373 0.09375 0.13240740740740742
1 0.49713541666666666 0.1875 0.043229166666666666 0.06574074074074074
1 0.41875 0.2013888888888889 0.03854166666666667 0.05648148148148148
1 0.30885416666666665 0.3143518518518518 0.058333333333333334 0.0787037037037037
1 0.7580729166666667 0.7819444444444444 0.1765625 0.27685185185185185
1 0.9390625 0.19212962962962962 0.04375 0.05277777777777778
1 0.6028645833333334 0.34074074074074073 0.07135416666666666 0.11481481481481481
1 0.9817708333333334 0.525 0.035416666666666666 0.1537037037037037
1 0.39088541666666665 0.1699074074074074 0.03697916666666667 0.049074074074074076
1 0.5893229166666667 0.2449074074074074 0.0515625 0.0824074074074074
1 0.8916666666666667 0.30462962962962964 0.06354166666666666 0.06666666666666667
1 0.5359375 0.29814814814814816 0.05520833333333333 0.08518518518518518
1 0.6341145833333334 0.18888888888888888 0.03802083333333333 0.046296296296296294
1 0.54765625 0.22314814814814815 0.044270833333333336 0.06481481481481481
1 0.9033854166666667 0.1814814814814815 0.0390625 0.05185185185185185
1 0.9375 0.28935185185185186 0.05625 0.07314814814814814
1 0.18463541666666666 0.3282407407407407 0.06197916666666667 0.10833333333333334
1 0.39869791666666665 0.2861111111111111 0.05677083333333333 0.08148148148148149
1 0.9830729166666666 0.2675925925925926 0.0328125 0.06851851851851852
1 0.7255208333333333 0.23333333333333334 0.041666666666666664 0.05925925925925926
1 0.17291666666666666 0.19953703703703704 0.0375 0.05277777777777778
1 0.5010416666666667 0.10277777777777777 0.025 0.037037037037037035
1 0.7859375 0.1398148148148148 0.0375 0.05740740740740741
1 0.2877604166666667 0.2898148148148148 0.049479166666666664 0.07592592592592592
1 0.3299479166666667 0.1912037037037037 0.033854166666666664 0.06574074074074074
1 0.8591145833333333 0.19212962962962962 0.0390625 0.058333333333333334
1 0.19557291666666668 0.13472222222222222 0.028645833333333332 0.04537037037037037
1 0.4544270833333333 0.2212962962962963 0.04739583333333333 0.07592592592592592
1 0.5591145833333333 0.1300925925925926 0.028645833333333332 0.03981481481481482
1 0.81640625 0.275 0.05260416666666667 0.05555555555555555
1 0.6994791666666667 0.15416666666666667 0.035416666666666666 0.041666666666666664
1 0.37421875 0.24351851851851852 0.04739583333333333 0.08148148148148149
1 0.33567708333333335 0.075 0.027604166666666666 0.03148148148148148
1 0.621875 0.15462962962962962 0.0375 0.06111111111111111
1 0.46875 0.25277777777777777 0.03229166666666667 0.06666666666666667
1 0.31354166666666666 0.16018518518518518 0.03854166666666667 0.06111111111111111
1 0.3502604166666667 0.20833333333333334 0.04010416666666667 0.07037037037037037
1 0.26171875 0.20601851851851852 0.0390625 0.05648148148148148
1 0.4588541666666667 0.15648148148148147 0.03125 0.05185185185185185
1 0.36432291666666666 0.15231481481481482 0.034895833333333334 0.03981481481481482
1 0.81640625 0.18703703703703703 0.03802083333333333 0.02962962962962963
1 0.36276041666666664 0.09259259259259259 0.03177083333333333 0.040740740740740744
1 0.8473958333333333 0.21388888888888888 0.04375 0.06111111111111111
1 0.5216145833333333 0.13194444444444445 0.027604166666666666 0.032407407407407406
1 0.75703125 0.24537037037037038 0.049479166666666664 0.05555555555555555
1 0.6888020833333334 0.18611111111111112 0.04010416666666667 0.05740740740740741
1 0.4747395833333333 0.16574074074074074 0.0359375 0.04814814814814815
1 0.2296875 0.12453703703703704 0.03229166666666667 0.04722222222222222
1 0.24921875 0.18194444444444444 0.04739583333333333 0.049074074074074076
1 0.7557291666666667 0.1675925925925926 0.03125 0.03888888888888889
1 0.40963541666666664 0.06712962962962964 0.019270833333333334 0.021296296296296296
1 0.9565104166666667 0.33101851851851855 0.044270833333333336 0.058333333333333334
1 0.9783854166666667 0.3592592592592593 0.0421875 0.11666666666666667
1 0.7229166666666667 0.20092592592592592 0.04583333333333333 0.05555555555555555
1 0.30520833333333336 0.09212962962962963 0.021875 0.032407407407407406
1 0.38203125 0.2722222222222222 0.0359375 0.06666666666666667
1 0.44557291666666665 0.14537037037037037 0.033854166666666664 0.05925925925925926
1 0.47942708333333334 0.11064814814814815 0.024479166666666666 0.026851851851851852
1 0.5341145833333333 0.09212962962962963 0.03177083333333333 0.04537037037037037
1 0.43333333333333335 0.07222222222222222 0.029166666666666667 0.037037037037037035
1 0.17447916666666666 0.24444444444444444 0.05520833333333333 0.05555555555555555
1 0.5661458333333333 0.09027777777777778 0.023958333333333335 0.030555555555555555
1 0.15416666666666667 0.09953703703703703 0.03333333333333333 0.021296296296296296
1 0.2755208333333333 0.10972222222222222 0.026041666666666668 0.03611111111111111
1 0.590625 0.11574074074074074 0.03229166666666667 0.05185185185185185
1 0.8067708333333333 0.23425925925925925 0.04895833333333333 0.07592592592592592
1 0.6075520833333333 0.08472222222222223 0.021354166666666667 0.030555555555555555
1 0.3346354166666667 0.10972222222222222 0.0328125 0.03981481481481482
1 0.2947916666666667 0.13657407407407407 0.030208333333333334 0.05092592592592592
1 0.7580729166666667 0.19814814814814816 0.027604166666666666 0.040740740740740744
1 0.24322916666666666 0.14907407407407408 0.041666666666666664 0.03148148148148148
1 0.19713541666666667 0.08333333333333333 0.024479166666666666 0.025925925925925925
1 0.5682291666666667 0.11018518518518519 0.020833333333333332 0.03518518518518519
1 0.16875 0.16111111111111112 0.041666666666666664 0.05925925925925926
1 0.6911458333333333 0.10462962962962963 0.026041666666666668 0.044444444444444446
1 0.17786458333333333 0.2800925925925926 0.05677083333333333 0.075
1 0.253125 0.08194444444444444 0.022916666666666665 0.03425925925925926
1 0.278125 0.25046296296296294 0.05 0.0712962962962963
1 0.27369791666666665 0.2074074074074074 0.0359375 0.03148148148148148
1 0.61953125 0.12222222222222222 0.03177083333333333 0.044444444444444446
1 0.8622395833333333 0.2564814814814815 0.05260416666666667 0.06851851851851852