3 0.9052083333333333 0.26064814814814813 0.06666666666666667 0.09907407407407408
2 0.88359375 0.17546296296296296 0.08489583333333334 0.17314814814814813
2 0.9169270833333333 0.13657407407407407 0.07760416666666667 0.15648148148148147
1 0.5015625 0.8060185185185185 0.15104166666666666 0.20092592592592592
1 0.43802083333333336 0.6092592592592593 0.1125 0.1537037037037037
1 0.08177083333333333 0.43472222222222223 0.07708333333333334 0.10277777777777777
1 0.60234375 0.3680555555555556 0.0734375 0.10092592592592593
1 0.18828125 0.36712962962962964 0.06614583333333333 0.09351851851851851
1 0.9372395833333333 0.9523148148148148 0.12447916666666667 0.09351851851851851
1 0.37473958333333335 0.4949074074074074 0.0890625 0.12685185185185185
1 0.9807291666666667 0.20462962962962963 0.0375 0.06111111111111111
1 0.6841145833333333 0.18611111111111112 0.04114583333333333 0.05555555555555555
1 0.5291666666666667 0.4648148148148148 0.08645833333333333 0.12037037037037036
1 0.61015625 0.5361111111111111 0.10364583333333334 0.1648148148148148
1 0.5372395833333333 0.31805555555555554 0.06510416666666667 0.0824074074074074
1 0.5080729166666667 0.1925925925925926 0.0421875 0.05740740740740741
1 0.4153645833333333 0.13055555555555556 0.0234375 0.040740740740740744
1 0.7177083333333333 0.4828703703703704 0.09791666666666667 0.12314814814814815
1 0.8138020833333334 0.40046296296296297 0.08489583333333334 0.125
1 0.46197916666666666 0.23935185185185184 0.040625 0.06574074074074074
1 0.4908854166666667 0.4060185185185185 0.07552083333333333 0.10462962962962963
1 0.9489583333333333 0.47685185185185186 0.10104166666666667 0.15925925925925927
1 0.93828125 0.6550925925925926 0.12239583333333333 0.21203703703703702
1 0.30416666666666664 0.9833333333333333 0.14375 0.03148148148148148
1 0.4822916666666667 0.17175925925925925 0.0375 0.05462962962962963
1 0.4125 0.30092592592592593 0.04791666666666667 0.07592592592592592
1 0.17604166666666668 0.17824074074074073 0.041666666666666664 0.05648148148148148
1 0.3796875 0.15833333333333333 0.034375 0.053703703703703705
1 0.3333333333333333 0.19814814814814816 0.04583333333333333 0.05925925925925926
1 0.396875 0.18703703703703703 0.034375 0.046296296296296294
1 0.4440104166666667 0.3263888888888889 0.06302083333333333 0.10648148148148148
1 0.3880208333333333 0.2625 0.052083333333333336 0.08611111111111111
1 0.7674479166666667 0.22037037037037038 0.04635416666666667 0.06111111111111111
1 0.44140625 0.1449074074074074 0.04010416666666667 0.06388888888888888
1 0.7114583333333333 0.13703703703703704 0.03125 0.04259259259259259
1 0.31536458333333334 0.3439814814814815 0.0796875 0.13055555555555556
1 0.4239583333333333 0.2 0.03958333333333333 0.05925925925925926
1 0.6393229166666666 0.1638888888888889 0.03697916666666667 0.05740740740740741
1 0.446875 0.2212962962962963 0.040625 0.06851851851851852
1 0.7559895833333333 0.11296296296296296 0.0359375 0.03148148148148148
1 0.39427083333333335 0.11018518518518519 0.027083333333333334 0.037037037037037035
1 0.6760416666666667 0.14722222222222223 0.036458333333333336 0.053703703703703705
1 0.5536458333333333 0.14907407407407408 0.027083333333333334 0.03148148148148148
1 0.15520833333333334 0.09953703703703703 0.025 0.041666666666666664
1 0.36822916666666666 0.2388888888888889 0.03854166666666667 0.07592592592592592
1 0.16588541666666667 0.2796296296296296 0.050520833333333334 0.07037037037037037
1 0.5596354166666667 0.10601851851851851 0.028645833333333332 0.03796296296296296
1 0.2682291666666667 0.16712962962962963 0.0375 0.03981481481481482
1 0.2630208333333333 0.2212962962962963 0.04479166666666667 0.07962962962962963
1 0.603125 0.14444444444444443 0.03958333333333333 0.06296296296296296
1 0.5497395833333333 0.11574074074074074 0.011979166666666667 0.02962962962962963
1 0.4354166666666667 0.09074074074074075 0.021875 0.02962962962962963
1 0.7739583333333333 0.18425925925925926 0.04375 0.06111111111111111
1 0.7713541666666667 0.15 0.03854166666666667 0.05185185185185185
1 0.2981770833333333 0.14074074074074075 0.033854166666666664 0.06851851851851852
1 0.8453125 0.8236111111111111 0.16770833333333332 0.262037037037037
1 0.5205729166666667 0.12916666666666668 0.030729166666666665 0.03611111111111111
1 0.228125 0.17824074074074073 0.046875 0.0712962962962963
1 0.15598958333333332 0.24259259259259258 0.0421875 0.07407407407407407
1 0.7739583333333333 0.35833333333333334 0.08125 0.13148148148148148
1 0.2760416666666667 0.22777777777777777 0.04791666666666667 0.06666666666666667
1 0.22916666666666666 0.7722222222222223 0.13958333333333334 0.18518518518518517
1 0.5799479166666667 0.09537037037037037 0.0234375 0.03148148148148148
1 0.23723958333333334 0.13194444444444445 0.03177083333333333 0.03611111111111111
1 0.6104166666666667 0.10462962962962963 0.025 0.03888888888888889
1 0.6502604166666667 0.13194444444444445 0.030729166666666665 0.028703703703703703
1 0.3216145833333333 0.11527777777777778 0.0140625 0.032407407407407406
1 0.5135416666666667 0.2675925925925926 0.05520833333333333 0.09074074074074075
1 0.23020833333333332 0.11527777777777778 0.030208333333333334 0.05092592592592592
1 0.36171875 0.13796296296296295 0.0359375 0.05740740740740741
1 0.57421875 0.13703703703703704 0.016145833333333335 0.046296296296296294
1 0.3140625 0.2810185185185185 0.06458333333333334 0.07314814814814814
1 0.40390625 0.06759259259259259 0.018229166666666668 0.022222222222222223
1 0.33098958333333334 0.17037037037037037 0.030729166666666665 0.024074074074074074
1 0.18411458333333333 0.30833333333333335 0.059895833333333336 0.09259259259259259
1 0.7348958333333333 0.17407407407407408 0.040625 0.053703703703703705
1 0.50703125 0.07962962962962963 0.019270833333333334 0.018518518518518517
1 0.17630208333333333 0.12222222222222222 0.030729166666666665 0.03518518518518519
1 0.4552083333333333 0.08333333333333333 0.020833333333333332 0.037037037037037035
1 0.21848958333333332 0.09398148148148149 0.027604166666666666 0.03981481481481482
1 0.60703125 0.07685185185185185 0.021354166666666667 0.020370370370370372
1 0.490625 0.11435185185185186 0.022916666666666665 0.028703703703703703
1 0.48541666666666666 0.25787037037037036 0.025 0.075
1 0.17395833333333333 0.2351851851851852 0.04895833333333333 0.03888888888888889
1 0.290625 0.2773148148148148 0.051041666666666666 0.09537037037037037
1 0.171875 0.15138888888888888 0.0375 0.03981481481481482