2 0.7872395833333333 0.125 0.06927083333333334 0.1388888888888889
2 0.69921875 0.10277777777777777 0.05572916666666667 0.10925925925925926
1 0.9375 0.6837962962962963 0.12395833333333334 0.1638888888888889
1 0.5966145833333333 0.9078703703703703 0.1734375 0.1824074074074074
1 0.6453125 0.40925925925925927 0.08333333333333333 0.10555555555555556
1 0.8895833333333333 0.4685185185185185 0.09375 0.12407407407407407
1 0.90546875 0.9004629629629629 0.1765625 0.19722222222222222
1 0.7606770833333333 0.5055555555555555 0.09635416666666667 0.13518518518518519
1 0.14739583333333334 0.3958333333333333 0.07291666666666667 0.11388888888888889
1 0.49895833333333334 0.7662037037037037 0.18229166666666666 0.2657407407407407
1 0.79765625 0.7777777777777778 0.13802083333333334 0.19814814814814816
1 0.34765625 0.4305555555555556 0.08489583333333334 0.10925925925925926
1 0.43671875 0.3300925925925926 0.07447916666666667 0.11203703703703703
1 0.37135416666666665 0.47824074074074074 0.08645833333333333 0.11944444444444445
1 0.29973958333333334 0.30092592592592593 0.05260416666666667 0.07222222222222222
1 0.8765625 0.3023148148148148 0.06041666666666667 0.06944444444444445
1 0.5622395833333333 0.3398148148148148 0.059895833333333336 0.09814814814814815
1 0.49661458333333336 0.41064814814814815 0.0796875 0.13055555555555556
1 0.53203125 0.4648148148148148 0.0921875 0.12222222222222222
1 0.8197916666666667 0.39490740740740743 0.08229166666666667 0.12129629629629629
1 0.19921875 0.31342592592592594 0.05364583333333333 0.0824074074074074
1 0.40078125 0.2828703703703704 0.05260416666666667 0.075
1 0.28802083333333334 0.26851851851851855 0.04895833333333333 0.06851851851851852
1 0.6002604166666666 0.36944444444444446 0.08177083333333333 0.10740740740740741
1 0.5885416666666666 0.5458333333333333 0.12291666666666666 0.19537037037037036
1 0.2484375 0.8935185185185185 0.14583333333333334 0.2111111111111111
1 0.6791666666666667 0.17777777777777778 0.041666666666666664 0.06851851851851852
1 0.4591145833333333 0.16111111111111112 0.04114583333333333 0.05740740740740741
1 0.70625 0.22916666666666666 0.05 0.062037037037037036
1 0.3697916666666667 0.2449074074074074 0.051041666666666666 0.0712962962962963
1 0.38984375 0.17685185185185184 0.034895833333333334 0.046296296296296294
1 0.5325520833333334 0.20833333333333334 0.0453125 0.07037037037037037
1 0.9622395833333334 0.21851851851851853 0.0546875 0.05925925925925926
1 0.9549479166666667 0.35462962962962963 0.0734375 0.09444444444444444
1 0.6046875 0.1486111111111111 0.036458333333333336 0.04351851851851852
1 0.4979166666666667 0.18981481481481483 0.035416666666666666 0.053703703703703705
1 0.5645833333333333 0.1537037037037037 0.03333333333333333 0.037037037037037035
1 0.20286458333333332 0.12407407407407407 0.027604166666666666 0.044444444444444446
1 0.7565104166666666 0.21481481481481482 0.0328125 0.06481481481481481
1 0.753125 0.1837962962962963 0.03854166666666667 0.05648148148148148
1 0.2375 0.1527777777777778 0.03854166666666667 0.06481481481481481
1 0.1703125 0.17824074074074073 0.035416666666666666 0.049074074074074076
1 0.9640625 0.2569444444444444 0.05 0.075
1 0.31484375 0.16944444444444445 0.03177083333333333 0.05925925925925926
1 0.21171875 0.7402777777777778 0.13072916666666667 0.24166666666666667
1 0.82265625 0.2763888888888889 0.059895833333333336 0.062037037037037036
1 0.37161458333333336 0.15185185185185185 0.033854166666666664 0.046296296296296294
1 0.33177083333333335 0.18425925925925926 0.036458333333333336 0.06296296296296296
1 0.9174479166666667 0.27314814814814814 0.059895833333333336 0.07222222222222222
1 0.3567708333333333 0.21388888888888888 0.041666666666666664 0.07222222222222222
1 0.4234375 0.19537037037037036 0.041666666666666664 0.06851851851851852
1 0.4239583333333333 0.12916666666666668 0.03333333333333333 0.05648148148148148
1 0.51640625 0.1300925925925926 0.030729166666666665 0.03425925925925926
1 0.45286458333333335 0.07962962962962963 0.025520833333333333 0.037037037037037035
1 0.8372395833333334 0.15324074074074073 0.04114583333333333 0.06018518518518518
1 0.5861979166666667 0.13472222222222222 0.024479166666666666 0.041666666666666664
1 0.2669270833333333 0.2199074074074074 0.049479166666666664 0.06388888888888888
1 0.6619791666666667 0.14351851851851852 0.034375 0.053703703703703705
1 0.28541666666666665 0.12361111111111112 0.027083333333333334 0.049074074074074076
1 0.84296875 0.20555555555555555 0.0421875 0.05740740740740741
1 0.34791666666666665 0.13518518518518519 0.036458333333333336 0.03888888888888889
1 0.2734375 0.25 0.04375 0.06666666666666667
1 0.4713541666666667 0.08981481481481482 0.023958333333333335 0.02962962962962963
1 0.35546875 0.08518518518518518 0.0234375 0.03148148148148148
1 0.3026041666666667 0.14166666666666666 0.035416666666666666 0.05185185185185185
1 0.521875 0.1125 0.030208333333333334 0.03981481481481482
1 0.5604166666666667 0.10092592592592593 0.03125 0.05
1 0.16848958333333333 0.1361111111111111 0.033854166666666664 0.03518518518518519
1 0.8583333333333333 0.2412037037037037 0.05416666666666667 0.06574074074074074
1 0.17526041666666667 0.22870370370370371 0.049479166666666664 0.07777777777777778
1 0.25625 0.18101851851851852 0.03854166666666667 0.05648148148148148
1 0.453125 0.22685185185185186 0.04791666666666667 0.06851851851851852
1 0.5177083333333333 0.2833333333333333 0.06145833333333333 0.09444444444444444
1 0.41041666666666665 0.06666666666666667 0.016666666666666666 0.022222222222222223
1 0.5346354166666667 0.06574074074074074 0.027604166666666666 0.027777777777777776
1 0.9065104166666667 0.23287037037037037 0.050520833333333334 0.06388888888888888
1 0.5640625 0.07453703703703704 0.021875 0.01574074074074074
1 0.5744791666666667 0.11851851851851852 0.028125 0.03518518518518519
1 0.48932291666666666 0.09814814814814815 0.018229166666666668 0.03888888888888889
1 0.6354166666666666 0.12638888888888888 0.03125 0.05277777777777778
1 0.6075520833333333 0.11805555555555555 0.024479166666666666 0.025
1 0.18802083333333333 0.07962962962962963 0.013541666666666667 0.024074074074074074
1 0.43203125 0.2199074074074074 0.024479166666666666 0.058333333333333334
1 0.5932291666666667 0.09814814814814815 0.022916666666666665 0.02962962962962963
1 0.44192708333333336 0.1412037037037037 0.0328125 0.04351851851851852
1 0.278125 0.07175925925925926 0.015625 0.023148148148148147
1 0.4859375 0.25324074074074077 0.04479166666666667 0.07314814814814814
1 0.5067708333333333 0.07453703703703704 0.020833333333333332 0.021296296296296296
1 0.73203125 0.11851851851851852 0.0171875 0.053703703703703705
1 0.4239583333333333 0.0763888888888889 0.021875 0.021296296296296296
1 0.19244791666666666 0.275 0.049479166666666664 0.09074074074074075
1 0.7997395833333333 0.23333333333333334 0.05260416666666667 0.06666666666666667
1 0.99140625 0.3287037037037037 0.016145833333333335 0.08888888888888889
1 0.98984375 0.20324074074074075 0.019270833333333334 0.05092592592592592