2 0.7817708333333333 0.12175925925925926 0.06979166666666667 0.13796296296296295
2 0.6934895833333333 0.09027777777777778 0.0546875 0.08611111111111111
1 0.9505208333333334 0.7097222222222223 0.09791666666666667 0.16944444444444445
1 0.7776041666666667 0.5226851851851851 0.09791666666666667 0.13796296296296295
1 0.91015625 0.4824074074074074 0.09635416666666667 0.12962962962962962
1 0.6223958333333334 0.9259259259259259 0.18020833333333333 0.14629629629629629
1 0.6565104166666667 0.4203703703703704 0.08697916666666666 0.10925925925925926
1 0.6 0.5638888888888889 0.128125 0.19814814814814816
1 0.30130208333333336 0.3055555555555556 0.05364583333333333 0.07407407407407407
1 0.2552083333333333 0.912962962962963 0.153125 0.17222222222222222
1 0.6119791666666666 0.37777777777777777 0.07708333333333334 0.10925925925925926
1 0.92734375 0.9189814814814815 0.14427083333333332 0.16018518518518518
1 0.35130208333333335 0.4412037037037037 0.08802083333333334 0.11203703703703703
1 0.5166666666666667 0.7916666666666666 0.18854166666666666 0.29074074074074074
1 0.4401041666666667 0.337037037037037 0.07395833333333333 0.11481481481481481
1 0.4036458333333333 0.2875 0.05416666666666667 0.07685185185185185
1 0.56953125 0.34675925925925927 0.0609375 0.09907407407407408
1 0.37135416666666665 0.48935185185185187 0.090625 0.11944444444444445
1 0.2 0.31851851851851853 0.05520833333333333 0.08518518518518518
1 0.37135416666666665 0.2490740740740741 0.052083333333333336 0.07407407407407407
1 0.93828125 0.34444444444444444 0.07239583333333334 0.09074074074074075
1 0.5049479166666667 0.41898148148148145 0.0828125 0.13425925925925927
1 0.525 0.28935185185185186 0.06145833333333333 0.09537037037037037
1 0.3919270833333333 0.1787037037037037 0.03802083333333333 0.04814814814814815
1 0.5028645833333333 0.1925925925925926 0.03697916666666667 0.053703703703703705
1 0.8354166666666667 0.4050925925925926 0.08541666666666667 0.12314814814814815
1 0.5411458333333333 0.475462962962963 0.09375 0.12314814814814815
1 0.4635416666666667 0.16342592592592592 0.03958333333333333 0.05648148148148148
1 0.67265625 0.175 0.04114583333333333 0.06666666666666667
1 0.81328125 0.2708333333333333 0.05260416666666667 0.06018518518518518
1 0.45755208333333336 0.23148148148148148 0.0515625 0.07037037037037037
1 0.9484375 0.21296296296296297 0.05416666666666667 0.053703703703703705
1 0.4921875 0.2569444444444444 0.046875 0.07314814814814814
1 0.5380208333333333 0.2111111111111111 0.04583333333333333 0.07037037037037037
1 0.6984375 0.22962962962962963 0.04895833333333333 0.06851851851851852
1 0.9815104166666667 0.31805555555555554 0.0359375 0.08611111111111111
1 0.7479166666666667 0.18055555555555555 0.041666666666666664 0.05555555555555555
1 0.20182291666666666 0.12407407407407407 0.027604166666666666 0.044444444444444446
1 0.8625 0.29583333333333334 0.058333333333333334 0.06944444444444445
1 0.37265625 0.15231481481481482 0.033854166666666664 0.04722222222222222
1 0.16979166666666667 0.17962962962962964 0.035416666666666666 0.04814814814814815
1 0.27395833333333336 0.2537037037037037 0.042708333333333334 0.06666666666666667
1 0.4278645833333333 0.19768518518518519 0.044270833333333336 0.06944444444444445
1 0.8263020833333333 0.8106481481481481 0.14322916666666666 0.20092592592592592
1 0.43645833333333334 0.22268518518518518 0.029166666666666667 0.06018518518518518
1 0.9065104166666667 0.2662037037037037 0.05364583333333333 0.06944444444444445
1 0.9502604166666667 0.25092592592592594 0.0484375 0.07407407407407407
1 0.31640625 0.17314814814814813 0.030729166666666665 0.05555555555555555
1 0.25755208333333335 0.18425925925925926 0.03802083333333333 0.05185185185185185
1 0.359375 0.21666666666666667 0.04375 0.07407407407407407
1 0.2921875 0.2726851851851852 0.05416666666666667 0.06944444444444445
1 0.4505208333333333 0.07916666666666666 0.026041666666666668 0.03981481481481482
1 0.6567708333333333 0.14027777777777778 0.035416666666666666 0.05648148148148148
1 0.2390625 0.15324074074074073 0.041666666666666664 0.06574074074074074
1 0.5114583333333333 0.12638888888888888 0.029166666666666667 0.030555555555555555
1 0.5986979166666667 0.14722222222222223 0.034895833333333334 0.04259259259259259
1 0.33359375 0.18518518518518517 0.03697916666666667 0.06296296296296296
1 0.35625 0.08564814814814815 0.023958333333333335 0.032407407407407406
1 0.44427083333333334 0.14212962962962963 0.036458333333333336 0.04351851851851852
1 0.9838541666666667 0.20277777777777778 0.03125 0.05555555555555555
1 0.13776041666666666 0.4050925925925926 0.07447916666666667 0.11574074074074074
1 0.7903645833333334 0.22777777777777777 0.05260416666666667 0.06666666666666667
1 0.75234375 0.21203703703703702 0.04010416666666667 0.06481481481481481
1 0.3484375 0.1361111111111111 0.036458333333333336 0.03888888888888889
1 0.26510416666666664 0.22268518518518518 0.04375 0.06388888888888888
1 0.7278645833333334 0.11712962962962963 0.0171875 0.05092592592592592
1 0.2864583333333333 0.12361111111111112 0.027083333333333334 0.049074074074074076
1 0.89375 0.22546296296296298 0.052083333333333336 0.05648148148148148
1 0.3028645833333333 0.13703703703703704 0.0359375 0.04259259259259259
1 0.6299479166666667 0.12546296296296297 0.03177083333333333 0.05462962962962963
1 0.8309895833333333 0.20046296296296295 0.04635416666666667 0.05462962962962963
1 0.159375 0.10740740740740741 0.03229166666666667 0.05
1 0.83046875 0.15092592592592594 0.04010416666666667 0.05925925925925926
1 0.8479166666666667 0.23796296296296296 0.053125 0.06296296296296296
1 0.3106770833333333 0.15555555555555556 0.04114583333333333 0.037037037037037035
1 0.18880208333333334 0.07962962962962963 0.015104166666666667 0.024074074074074074
1 0.5572916666666666 0.15231481481481482 0.036458333333333336 0.03611111111111111
1 0.5583333333333333 0.09675925925925925 0.028125 0.049074074074074076
1 0.5708333333333333 0.11712962962962963 0.029166666666666667 0.03611111111111111
1 0.22473958333333333 0.10462962962962963 0.027604166666666666 0.03148148148148148
1 0.17447916666666666 0.23055555555555557 0.05 0.07592592592592592
1 0.16770833333333332 0.1537037037037037 0.03333333333333333 0.037037037037037035
1 0.5809895833333333 0.13194444444444445 0.024479166666666666 0.03981481481481482
1 0.4278645833333333 0.13796296296296295 0.0296875 0.04259259259259259
1 0.34010416666666665 0.11666666666666667 0.036458333333333336 0.037037037037037035
1 0.421875 0.07037037037037037 0.020833333333333332 0.03148148148148148
1 0.2140625 0.7648148148148148 0.13541666666666666 0.24814814814814815
1 0.25104166666666666 0.0763888888888889 0.019791666666666666 0.028703703703703703
1 0.40729166666666666 0.06805555555555555 0.015625 0.025
1 0.16979166666666667 0.13564814814814816 0.03854166666666667 0.032407407407407406
1 0.703125 0.13287037037037036 0.034375 0.05092592592592592
1 0.19375 0.2916666666666667 0.052083333333333336 0.07037037037037037
1 0.46979166666666666 0.08611111111111111 0.026041666666666668 0.03518518518518519
1 0.65859375 0.09768518518518518 0.0171875 0.026851851851851852
1 0.19427083333333334 0.2564814814814815 0.051041666666666666 0.05185185185185185
1 0.521875 0.11157407407407408 0.028125 0.03796296296296296