2 0.72109375 0.10462962962962963 0.0578125 0.12222222222222222
2 0.6557291666666667 0.09259259259259259 0.05 0.09814814814814815
1 0.34348958333333335 0.6166666666666667 0.11927083333333334 0.15555555555555556
1 0.82734375 0.5615740740740741 0.1140625 0.14537037037037037
1 0.6723958333333333 0.6476851851851851 0.13229166666666667 0.1675925925925926
1 0.43645833333333334 0.6791666666666667 0.12916666666666668 0.16574074074074074
1 0.49609375 0.4263888888888889 0.0953125 0.14166666666666666
1 0.6796875 0.4305555555555556 0.0875 0.11851851851851852
1 0.44583333333333336 0.3453703703703704 0.06458333333333334 0.08888888888888889
1 0.815625 0.8490740740740741 0.19583333333333333 0.29814814814814816
1 0.33255208333333336 0.3731481481481482 0.06614583333333333 0.08703703703703704
1 0.20703125 0.3925925925925926 0.06614583333333333 0.10185185185185185
1 0.7354166666666667 0.48935185185185187 0.09895833333333333 0.1398148148148148
1 0.6119791666666666 0.5513888888888889 0.11145833333333334 0.17314814814814813
1 0.5059895833333333 0.2726851851851852 0.058854166666666666 0.0787037037037037
1 0.42630208333333336 0.2074074074074074 0.0390625 0.05740740740740741
1 0.6005208333333333 0.25277777777777777 0.052083333333333336 0.08703703703703704
1 0.3145833333333333 0.32407407407407407 0.06041666666666667 0.08333333333333333
1 0.5442708333333334 0.3074074074074074 0.058333333333333334 0.08888888888888889
1 0.9229166666666667 0.18796296296296297 0.042708333333333334 0.05185185185185185
1 0.6763020833333333 0.18194444444444444 0.04010416666666667 0.05648148148148148
1 0.40598958333333335 0.2949074074074074 0.05677083333333333 0.0824074074074074
1 0.6208333333333333 0.1814814814814815 0.0375 0.04259259259259259
1 0.39557291666666666 0.17407407407407408 0.03802083333333333 0.05185185185185185
1 0.50625 0.1925925925925926 0.04375 0.06666666666666667
1 0.6197916666666666 0.3537037037037037 0.075 0.11666666666666667
1 0.8643229166666667 0.2953703703703704 0.059895833333333336 0.07037037037037037
1 0.55703125 0.22962962962962963 0.0453125 0.06481481481481481
1 0.88984375 0.17824074074074073 0.03697916666666667 0.05092592592592592
1 0.45989583333333334 0.22962962962962963 0.051041666666666666 0.07777777777777778
1 0.8416666666666667 0.18703703703703703 0.041666666666666664 0.05740740740740741
1 0.7927083333333333 0.2638888888888889 0.051041666666666666 0.053703703703703705
1 0.29270833333333335 0.29953703703703705 0.051041666666666666 0.0787037037037037
1 0.2630208333333333 0.2111111111111111 0.040625 0.05740740740740741
1 0.0109375 0.5296296296296297 0.021875 0.11666666666666667
1 0.35625 0.21388888888888888 0.040625 0.07037037037037037
1 0.9088541666666666 0.2791666666666667 0.05416666666666667 0.07314814814814814
1 0.96796875 0.2574074074074074 0.058854166666666666 0.06481481481481481
1 0.7372395833333333 0.23564814814814813 0.0484375 0.05277777777777778
1 0.8307291666666666 0.19814814814814816 0.040625 0.03888888888888889
1 0.19583333333333333 0.13657407407407407 0.026041666666666668 0.04537037037037037
1 0.5161458333333333 0.12962962962962962 0.030208333333333334 0.03333333333333333
1 0.17708333333333334 0.3402777777777778 0.06458333333333334 0.11018518518518519
1 0.7778645833333333 0.1375 0.03697916666666667 0.05648148148148148
1 0.4518229166666667 0.14907407407407408 0.0359375 0.05925925925925926
1 0.8013020833333333 0.17962962962962964 0.0296875 0.025925925925925925
1 0.6885416666666667 0.15138888888888888 0.034375 0.04351851851851852
1 0.7072916666666667 0.21851851851851853 0.03854166666666667 0.046296296296296294
1 0.4822916666666667 0.1726851851851852 0.036458333333333336 0.05277777777777778
1 0.4822916666666667 0.25972222222222224 0.041666666666666664 0.0712962962962963
1 0.36875 0.15601851851851853 0.036458333333333336 0.04351851851851852
1 0.49635416666666665 0.10046296296296296 0.025 0.03425925925925926
1 0.7088541666666667 0.19212962962962962 0.04375 0.049074074074074076
1 0.9604166666666667 0.3453703703703704 0.078125 0.11481481481481481
1 0.3385416666666667 0.07592592592592592 0.027083333333333334 0.03333333333333333
1 0.17421875 0.2518518518518518 0.05677083333333333 0.05740740740740741
1 0.246875 0.17407407407407408 0.04583333333333333 0.07222222222222222
1 0.9171875 0.31574074074074077 0.03958333333333333 0.053703703703703705
1 0.37890625 0.25092592592592594 0.0484375 0.08333333333333333
1 0.29635416666666664 0.13796296296296295 0.03229166666666667 0.05
1 0.39036458333333335 0.27824074074074073 0.0421875 0.0712962962962963
1 0.31692708333333336 0.16342592592592592 0.0390625 0.06018518518518518
1 0.25390625 0.0837962962962963 0.024479166666666666 0.03425925925925926
1 0.7471354166666667 0.2013888888888889 0.04114583333333333 0.06759259259259259
1 0.36796875 0.0962962962962963 0.025520833333333333 0.03333333333333333
1 0.7427083333333333 0.16064814814814815 0.036458333333333336 0.032407407407407406
1 0.1734375 0.20462962962962963 0.03854166666666667 0.05555555555555555
1 0.23072916666666668 0.12638888888888888 0.03229166666666667 0.04722222222222222
1 0.5838541666666667 0.11388888888888889 0.03229166666666667 0.05185185185185185
1 0.27630208333333334 0.1111111111111111 0.027604166666666666 0.03888888888888889
1 0.4088541666666667 0.06759259259259259 0.019791666666666666 0.022222222222222223
1 0.5611979166666666 0.1087962962962963 0.021354166666666667 0.032407407407407406
1 0.3375 0.11203703703703703 0.036458333333333336 0.03888888888888889
1 0.6122395833333333 0.15185185185185185 0.0359375 0.05740740740740741
1 0.4625 0.16157407407407406 0.029166666666666667 0.05462962962962963
1 0.17682291666666666 0.2814814814814815 0.0578125 0.05925925925925926
1 0.47317708333333336 0.10925925925925926 0.025520833333333333 0.025925925925925925
1 0.2825520833333333 0.25601851851851853 0.0546875 0.07314814814814814
1 0.45286458333333335 0.07962962962962963 0.0234375 0.03333333333333333
1 0.43463541666666666 0.07083333333333333 0.019270833333333334 0.030555555555555555
1 0.55546875 0.12685185185185185 0.021354166666666667 0.037037037037037035
1 0.2 0.0837962962962963 0.022916666666666665 0.026851851851851852
1 0.3338541666666667 0.18888888888888888 0.034375 0.05555555555555555
1 0.16875 0.1638888888888889 0.041666666666666664 0.06111111111111111
1 0.80546875 0.21851851851851853 0.0390625 0.05740740740740741
1 0.8395833333333333 0.25092592592592594 0.05 0.07222222222222222
1 0.99140625 0.7722222222222223 0.016145833333333335 0.1685185185185185
1 0.3575520833333333 0.13055555555555556 0.043229166666666666 0.040740740740740744
1 0.27760416666666665 0.22361111111111112 0.04479166666666667 0.04722222222222222