2 0.92734375 0.16018518518518518 0.08385416666666666 0.1685185185185185
2 0.7921875 0.13148148148148148 0.06666666666666667 0.12962962962962962
2 0.7830729166666667 0.46111111111111114 0.1359375 0.26296296296296295
1 0.17578125 0.6370370370370371 0.11197916666666667 0.13333333333333333
1 0.22473958333333333 0.725925925925926 0.11927083333333334 0.16296296296296298
1 0.646875 0.9259259259259259 0.190625 0.14629629629629629
1 0.92265625 0.9212962962962963 0.15364583333333334 0.15555555555555556
1 0.6596354166666667 0.4115740740740741 0.08177083333333333 0.10277777777777777
1 0.5630208333333333 0.5055555555555555 0.09895833333333333 0.13148148148148148
1 0.64765625 0.3143518518518518 0.06197916666666667 0.08611111111111111
1 0.39296875 0.5180555555555556 0.0953125 0.13055555555555556
1 0.30546875 0.3337962962962963 0.06302083333333333 0.08425925925925926
1 0.5190104166666667 0.2912037037037037 0.059895833333333336 0.08055555555555556
1 0.52578125 0.8527777777777777 0.15052083333333333 0.2111111111111111
1 0.56875 0.3351851851851852 0.0625 0.08703703703703704
1 0.6984375 0.47453703703703703 0.046875 0.12129629629629629
1 0.9276041666666667 0.2861111111111111 0.06041666666666667 0.08333333333333333
1 0.9627604166666667 0.33425925925925926 0.0734375 0.09444444444444444
1 0.3640625 0.2949074074074074 0.051041666666666666 0.0787037037037037
1 0.19348958333333333 0.2962962962962963 0.0546875 0.07777777777777778
1 0.5395833333333333 0.4462962962962963 0.078125 0.11666666666666667
1 0.8046875 0.23194444444444445 0.051041666666666666 0.08425925925925926
1 0.44479166666666664 0.3574074074074074 0.078125 0.12962962962962962
1 0.5807291666666666 0.14166666666666666 0.03333333333333333 0.046296296296296294
1 0.26953125 0.2337962962962963 0.043229166666666666 0.058333333333333334
1 0.6716145833333333 0.20694444444444443 0.0421875 0.04537037037037037
1 0.7080729166666667 0.19537037037037036 0.04010416666666667 0.05555555555555555
1 0.45755208333333336 0.1625 0.03802083333333333 0.05648148148148148
1 0.36328125 0.449537037037037 0.09947916666666666 0.15833333333333333
1 0.6169270833333333 0.2763888888888889 0.0609375 0.08425925925925926
1 0.9341145833333333 0.6712962962962963 0.13072916666666667 0.24814814814814815
1 0.18958333333333333 0.42314814814814816 0.08229166666666667 0.09814814814814815
1 0.19609375 0.5212962962962963 0.09010416666666667 0.13518518518518519
1 0.47213541666666664 0.25601851851851853 0.044270833333333336 0.075
1 0.35078125 0.22037037037037038 0.0359375 0.05925925925925926
1 0.37604166666666666 0.2337962962962963 0.05520833333333333 0.05648148148148148
1 0.6239583333333333 0.12407407407407407 0.036458333333333336 0.05740740740740741
1 0.4049479166666667 0.18194444444444444 0.0421875 0.06018518518518518
1 0.40963541666666664 0.30092592592592593 0.0546875 0.0962962962962963
1 0.4934895833333333 0.26805555555555555 0.04739583333333333 0.0824074074074074
1 0.25286458333333334 0.18055555555555555 0.0421875 0.053703703703703705
1 0.43828125 0.15 0.0265625 0.044444444444444446
1 0.5080729166666667 0.11018518518518519 0.025520833333333333 0.03333333333333333
1 0.18880208333333334 0.24259259259259258 0.044270833333333336 0.06851851851851852
1 0.4200520833333333 0.20185185185185187 0.0359375 0.06111111111111111
1 0.41354166666666664 0.12824074074074074 0.03229166666666667 0.04351851851851852
1 0.4609375 0.08842592592592592 0.026041666666666668 0.03611111111111111
1 0.32578125 0.175 0.034895833333333334 0.06111111111111111
1 0.4453125 0.2162037037037037 0.04479166666666667 0.07685185185185185
1 0.40911458333333334 0.06759259259259259 0.022395833333333334 0.025925925925925925
1 0.8739583333333333 0.16805555555555557 0.03229166666666667 0.06018518518518518
1 0.26796875 0.10601851851851851 0.025520833333333333 0.04351851851851852
1 0.23802083333333332 0.15231481481481482 0.028125 0.04351851851851852
1 0.23046875 0.13055555555555556 0.034895833333333334 0.05740740740740741
1 0.3421875 0.12453703703703704 0.028125 0.03611111111111111
1 0.21067708333333332 0.10694444444444444 0.022395833333333334 0.04351851851851852
1 0.3 0.14722222222222223 0.03333333333333333 0.06111111111111111
1 0.771875 0.18425925925925926 0.051041666666666666 0.07037037037037037
1 0.6049479166666667 0.175 0.04114583333333333 0.040740740740740744
1 0.37005208333333334 0.15694444444444444 0.0390625 0.05462962962962963
1 0.38645833333333335 0.10555555555555556 0.027083333333333334 0.04814814814814815
1 0.8578125 0.1574074074074074 0.035416666666666666 0.06296296296296296
1 0.44505208333333335 0.07685185185185185 0.021354166666666667 0.03333333333333333
1 0.6864583333333333 0.12222222222222222 0.028125 0.02962962962962963
1 0.6942708333333333 0.15324074074074073 0.029166666666666667 0.032407407407407406
1 0.7364583333333333 0.1648148148148148 0.03854166666666667 0.06296296296296296
1 0.16666666666666666 0.08981481481481482 0.027083333333333334 0.03333333333333333
1 0.17890625 0.22592592592592592 0.04114583333333333 0.05740740740740741
1 0.6466145833333333 0.11805555555555555 0.0171875 0.041666666666666664
1 0.6627604166666666 0.16898148148148148 0.03697916666666667 0.06759259259259259
1 0.5919270833333333 0.11296296296296296 0.030729166666666665 0.05
1 0.32786458333333335 0.11712962962962963 0.022395833333333334 0.032407407407407406
1 0.33098958333333334 0.07268518518518519 0.022395833333333334 0.025
1 0.6151041666666667 0.09722222222222222 0.021875 0.03148148148148148
1 0.41744791666666664 0.32916666666666666 0.05364583333333333 0.08981481481481482
1 0.9671875 0.1912037037037037 0.011458333333333333 0.06574074074074074
1 0.4859375 0.09490740740740741 0.03125 0.04537037037037037
1 0.5645833333333333 0.13240740740740742 0.030208333333333334 0.046296296296296294
1 0.32135416666666666 0.10324074074074074 0.030208333333333334 0.03796296296296296
1 0.26510416666666664 0.20694444444444443 0.042708333333333334 0.04722222222222222
1 0.9830729166666666 0.30787037037037035 0.0328125 0.05462962962962963
1 0.5708333333333333 0.0712962962962963 0.026041666666666668 0.020370370370370372
1 0.659375 0.11851851851851852 0.0125 0.03333333333333333
1 0.16901041666666666 0.15092592592592594 0.033854166666666664 0.040740740740740744
1 0.17734375 0.19768518518518519 0.0453125 0.04722222222222222
1 0.69921875 0.12916666666666668 0.021354166666666667 0.023148148148148147
1 0.40182291666666664 0.12129629629629629 0.0296875 0.04814814814814815
1 0.7239583333333334 0.13796296296296295 0.034375 0.053703703703703705
1 0.3450520833333333 0.19814814814814816 0.03802083333333333 0.05925925925925926
1 0.6778645833333333 0.1736111111111111 0.034895833333333334 0.03425925925925926
1 0.9125 0.2388888888888889 0.05520833333333333 0.07037037037037037